0 1
0 2
0 3
0 4
0 5
0 6
0 7
0 8
0 9
0 10
0 11
0 12
0 13
0 14
0 15
0 16
0 17
0 18
0 19
0 36
0 28
1 2
1 3
1 4
1 5
1 6
1 7
1 8
1 9
1 10
1 11
1 12
1 13
1 14
1 15
1 16
1 17
1 18
1 19
1 27
2 3
2 4
2 5
2 6
2 7
2 8
2 9
2 10
2 11
2 12
2 13
2 14
2 15
2 16
2 17
2 18
2 19
2 32
2 26
3 4
3 5
3 6
3 7
3 8
3 9
3 10
3 11
3 12
3 13
3 14
3 15
3 16
3 17
3 18
3 19
4 5
4 6
4 7
4 8
4 9
4 10
4 11
4 12
4 13
4 14
4 15
4 16
4 17
4 18
4 19
4 29
4 20
5 6
5 7
5 8
5 9
5 10
5 11
5 12
5 13
5 14
5 15
5 16
5 17
5 18
5 19
6 7
6 8
6 9
6 10
6 11
6 12
6 13
6 14
6 15
6 16
6 17
6 18
6 19
6 25
6 27
7 8
7 9
7 10
7 11
7 12
7 13
7 14
7 15
7 16
7 17
7 18
7 19
7 26
7 34
8 9
8 10
8 11
8 12
8 13
8 14
8 15
8 16
8 17
8 18
8 19
8 30
8 23
9 10
9 11
9 12
9 13
9 14
9 15
9 16
9 17
9 18
9 19
9 30
10 11
10 12
10 13
10 14
10 15
10 16
10 17
10 18
10 19
11 12
11 13
11 14
11 15
11 16
11 17
11 18
11 19
11 22
12 13
12 14
12 15
12 16
12 17
12 18
12 19
13 14
13 15
13 16
13 17
13 18
13 19
13 20
14 15
14 16
14 17
14 18
14 19
14 22
14 30
15 16
15 17
15 18
15 19
15 22
16 17
16 18
16 19
17 18
17 19
18 19
20 21
20 22
20 23
20 24
20 25
20 26
20 27
20 28
20 29
20 30
20 31
20 32
20 33
20 34
20 35
20 36
20 37
20 38
20 39
21 22
21 23
21 24
21 25
21 26
21 27
21 28
21 29
21 30
21 31
21 32
21 33
21 34
21 35
21 36
21 37
21 38
21 39
22 23
22 24
22 25
22 26
22 27
22 28
22 29
22 30
22 31
22 32
22 33
22 34
22 35
22 36
22 37
22 38
22 39
22 42
22 45
23 24
23 25
23 26
23 27
23 28
23 29
23 30
23 31
23 32
23 33
23 34
23 35
23 36
23 37
23 38
23 39
24 25
24 26
24 27
24 28
24 29
24 30
24 31
24 32
24 33
24 34
24 35
24 36
24 37
24 38
24 39
24 47
24 58
25 26
25 27
25 28
25 29
25 30
25 31
25 32
25 33
25 34
25 35
25 36
25 37
25 38
25 39
25 49
25 53
26 27
26 28
26 29
26 30
26 31
26 32
26 33
26 34
26 35
26 36
26 37
26 38
26 39
26 59
27 28
27 29
27 30
27 31
27 32
27 33
27 34
27 35
27 36
27 37
27 38
27 39
27 41
28 29
28 30
28 31
28 32
28 33
28 34
28 35
28 36
28 37
28 38
28 39
29 30
29 31
29 32
29 33
29 34
29 35
29 36
29 37
29 38
29 39
29 41
29 50
30 31
30 32
30 33
30 34
30 35
30 36
30 37
30 38
30 39
30 42
30 57
30 40
30 45
31 32
31 33
31 34
31 35
31 36
31 37
31 38
31 39
31 59
32 33
32 34
32 35
32 36
32 37
32 38
32 39
33 34
33 35
33 36
33 37
33 38
33 39
34 35
34 36
34 37
34 38
34 39
35 36
35 37
35 38
35 39
36 37
36 38
36 39
36 51
36 56
37 38
37 39
38 39
39 46
39 58
39 57
40 41
40 42
40 43
40 44
40 45
40 46
40 47
40 48
40 49
40 50
40 51
40 52
40 53
40 54
40 55
40 56
40 57
40 58
40 59
41 42
41 43
41 44
41 45
41 46
41 47
41 48
41 49
41 50
41 51
41 52
41 53
41 54
41 55
41 56
41 57
41 58
41 59
41 78
42 43
42 44
42 45
42 46
42 47
42 48
42 49
42 50
42 51
42 52
42 53
42 54
42 55
42 56
42 57
42 58
42 59
42 60
43 44
43 45
43 46
43 47
43 48
43 49
43 50
43 51
43 52
43 53
43 54
43 55
43 56
43 57
43 58
43 59
43 76
44 45
44 46
44 47
44 48
44 49
44 50
44 51
44 52
44 53
44 54
44 55
44 56
44 57
44 58
44 59
45 46
45 47
45 48
45 49
45 50
45 51
45 52
45 53
45 54
45 55
45 56
45 57
45 58
45 59
46 47
46 48
46 49
46 50
46 51
46 52
46 53
46 54
46 55
46 56
46 57
46 58
46 59
46 67
46 76
47 48
47 49
47 50
47 51
47 52
47 53
47 54
47 55
47 56
47 57
47 58
47 59
48 49
48 50
48 51
48 52
48 53
48 54
48 55
48 56
48 57
48 58
48 59
48 73
48 63
48 76
49 50
49 51
49 52
49 53
49 54
49 55
49 56
49 57
49 58
49 59
49 77
49 61
50 51
50 52
50 53
50 54
50 55
50 56
50 57
50 58
50 59
51 52
51 53
51 54
51 55
51 56
51 57
51 58
51 59
51 76
51 64
52 53
52 54
52 55
52 56
52 57
52 58
52 59
52 69
52 60
52 73
53 54
53 55
53 56
53 57
53 58
53 59
54 55
54 56
54 57
54 58
54 59
54 74
55 56
55 57
55 58
55 59
55 67
55 73
56 57
56 58
56 59
57 58
57 59
57 64
58 59
59 68
60 61
60 62
60 63
60 64
60 65
60 66
60 67
60 68
60 69
60 70
60 71
60 72
60 73
60 74
60 75
60 76
60 77
60 78
60 79
60 96
61 62
61 63
61 64
61 65
61 66
61 67
61 68
61 69
61 70
61 71
61 72
61 73
61 74
61 75
61 76
61 77
61 78
61 79
61 97
62 63
62 64
62 65
62 66
62 67
62 68
62 69
62 70
62 71
62 72
62 73
62 74
62 75
62 76
62 77
62 78
62 79
62 90
63 64
63 65
63 66
63 67
63 68
63 69
63 70
63 71
63 72
63 73
63 74
63 75
63 76
63 77
63 78
63 79
63 89
64 65
64 66
64 67
64 68
64 69
64 70
64 71
64 72
64 73
64 74
64 75
64 76
64 77
64 78
64 79
64 81
65 66
65 67
65 68
65 69
65 70
65 71
65 72
65 73
65 74
65 75
65 76
65 77
65 78
65 79
66 67
66 68
66 69
66 70
66 71
66 72
66 73
66 74
66 75
66 76
66 77
66 78
66 79
66 98
67 68
67 69
67 70
67 71
67 72
67 73
67 74
67 75
67 76
67 77
67 78
67 79
67 89
67 90
68 69
68 70
68 71
68 72
68 73
68 74
68 75
68 76
68 77
68 78
68 79
68 98
69 70
69 71
69 72
69 73
69 74
69 75
69 76
69 77
69 78
69 79
70 71
70 72
70 73
70 74
70 75
70 76
70 77
70 78
70 79
70 80
70 91
70 82
71 72
71 73
71 74
71 75
71 76
71 77
71 78
71 79
71 95
72 73
72 74
72 75
72 76
72 77
72 78
72 79
72 87
73 74
73 75
73 76
73 77
73 78
73 79
73 81
74 75
74 76
74 77
74 78
74 79
75 76
75 77
75 78
75 79
76 77
76 78
76 79
76 85
77 78
77 79
77 94
77 89
78 79
79 80
80 81
80 82
80 83
80 84
80 85
80 86
80 87
80 88
80 89
80 90
80 91
80 92
80 93
80 94
80 95
80 96
80 97
80 98
80 99
81 82
81 83
81 84
81 85
81 86
81 87
81 88
81 89
81 90
81 91
81 92
81 93
81 94
81 95
81 96
81 97
81 98
81 99
82 83
82 84
82 85
82 86
82 87
82 88
82 89
82 90
82 91
82 92
82 93
82 94
82 95
82 96
82 97
82 98
82 99
83 84
83 85
83 86
83 87
83 88
83 89
83 90
83 91
83 92
83 93
83 94
83 95
83 96
83 97
83 98
83 99
83 114
83 108
84 85
84 86
84 87
84 88
84 89
84 90
84 91
84 92
84 93
84 94
84 95
84 96
84 97
84 98
84 99
85 86
85 87
85 88
85 89
85 90
85 91
85 92
85 93
85 94
85 95
85 96
85 97
85 98
85 99
85 111
85 119
85 114
86 87
86 88
86 89
86 90
86 91
86 92
86 93
86 94
86 95
86 96
86 97
86 98
86 99
87 88
87 89
87 90
87 91
87 92
87 93
87 94
87 95
87 96
87 97
87 98
87 99
87 111
88 89
88 90
88 91
88 92
88 93
88 94
88 95
88 96
88 97
88 98
88 99
89 90
89 91
89 92
89 93
89 94
89 95
89 96
89 97
89 98
89 99
90 91
90 92
90 93
90 94
90 95
90 96
90 97
90 98
90 99
90 114
90 108
90 113
91 92
91 93
91 94
91 95
91 96
91 97
91 98
91 99
91 115
91 101
92 93
92 94
92 95
92 96
92 97
92 98
92 99
92 114
93 94
93 95
93 96
93 97
93 98
93 99
93 117
94 95
94 96
94 97
94 98
94 99
94 110
95 96
95 97
95 98
95 99
96 97
96 98
96 99
96 100
96 102
97 98
97 99
98 99
98 117
99 109
100 101
100 102
100 103
100 104
100 105
100 106
100 107
100 108
100 109
100 110
100 111
100 112
100 113
100 114
100 115
100 116
100 117
100 118
100 119
101 102
101 103
101 104
101 105
101 106
101 107
101 108
101 109
101 110
101 111
101 112
101 113
101 114
101 115
101 116
101 117
101 118
101 119
101 130
101 122
101 132
102 103
102 104
102 105
102 106
102 107
102 108
102 109
102 110
102 111
102 112
102 113
102 114
102 115
102 116
102 117
102 118
102 119
102 121
103 104
103 105
103 106
103 107
103 108
103 109
103 110
103 111
103 112
103 113
103 114
103 115
103 116
103 117
103 118
103 119
103 134
104 105
104 106
104 107
104 108
104 109
104 110
104 111
104 112
104 113
104 114
104 115
104 116
104 117
104 118
104 119
104 137
105 106
105 107
105 108
105 109
105 110
105 111
105 112
105 113
105 114
105 115
105 116
105 117
105 118
105 119
106 107
106 108
106 109
106 110
106 111
106 112
106 113
106 114
106 115
106 116
106 117
106 118
106 119
106 128
106 135
106 121
107 108
107 109
107 110
107 111
107 112
107 113
107 114
107 115
107 116
107 117
107 118
107 119
107 131
108 109
108 110
108 111
108 112
108 113
108 114
108 115
108 116
108 117
108 118
108 119
108 136
109 110
109 111
109 112
109 113
109 114
109 115
109 116
109 117
109 118
109 119
109 128
109 124
110 111
110 112
110 113
110 114
110 115
110 116
110 117
110 118
110 119
111 112
111 113
111 114
111 115
111 116
111 117
111 118
111 119
112 113
112 114
112 115
112 116
112 117
112 118
112 119
112 127
113 114
113 115
113 116
113 117
113 118
113 119
113 135
113 124
114 115
114 116
114 117
114 118
114 119
114 121
115 116
115 117
115 118
115 119
115 124
116 117
116 118
116 119
117 118
117 119
117 126
118 119
120 121
120 122
120 123
120 124
120 125
120 126
120 127
120 128
120 129
120 130
120 131
120 132
120 133
120 134
120 135
120 136
120 137
120 138
120 139
121 122
121 123
121 124
121 125
121 126
121 127
121 128
121 129
121 130
121 131
121 132
121 133
121 134
121 135
121 136
121 137
121 138
121 139
121 146
121 153
122 123
122 124
122 125
122 126
122 127
122 128
122 129
122 130
122 131
122 132
122 133
122 134
122 135
122 136
122 137
122 138
122 139
122 153
123 124
123 125
123 126
123 127
123 128
123 129
123 130
123 131
123 132
123 133
123 134
123 135
123 136
123 137
123 138
123 139
123 144
124 125
124 126
124 127
124 128
124 129
124 130
124 131
124 132
124 133
124 134
124 135
124 136
124 137
124 138
124 139
125 126
125 127
125 128
125 129
125 130
125 131
125 132
125 133
125 134
125 135
125 136
125 137
125 138
125 139
126 127
126 128
126 129
126 130
126 131
126 132
126 133
126 134
126 135
126 136
126 137
126 138
126 139
126 141
127 128
127 129
127 130
127 131
127 132
127 133
127 134
127 135
127 136
127 137
127 138
127 139
127 140
127 144
128 129
128 130
128 131
128 132
128 133
128 134
128 135
128 136
128 137
128 138
128 139
128 158
129 130
129 131
129 132
129 133
129 134
129 135
129 136
129 137
129 138
129 139
130 131
130 132
130 133
130 134
130 135
130 136
130 137
130 138
130 139
130 142
130 154
131 132
131 133
131 134
131 135
131 136
131 137
131 138
131 139
132 133
132 134
132 135
132 136
132 137
132 138
132 139
132 149
133 134
133 135
133 136
133 137
133 138
133 139
133 156
133 142
134 135
134 136
134 137
134 138
134 139
134 159
135 136
135 137
135 138
135 139
136 137
136 138
136 139
136 153
137 138
137 139
137 144
137 142
138 139
138 146
139 146
140 141
140 142
140 143
140 144
140 145
140 146
140 147
140 148
140 149
140 150
140 151
140 152
140 153
140 154
140 155
140 156
140 157
140 158
140 159
140 171
140 172
141 142
141 143
141 144
141 145
141 146
141 147
141 148
141 149
141 150
141 151
141 152
141 153
141 154
141 155
141 156
141 157
141 158
141 159
141 173
141 163
142 143
142 144
142 145
142 146
142 147
142 148
142 149
142 150
142 151
142 152
142 153
142 154
142 155
142 156
142 157
142 158
142 159
143 144
143 145
143 146
143 147
143 148
143 149
143 150
143 151
143 152
143 153
143 154
143 155
143 156
143 157
143 158
143 159
143 168
144 145
144 146
144 147
144 148
144 149
144 150
144 151
144 152
144 153
144 154
144 155
144 156
144 157
144 158
144 159
144 179
145 146
145 147
145 148
145 149
145 150
145 151
145 152
145 153
145 154
145 155
145 156
145 157
145 158
145 159
145 165
146 147
146 148
146 149
146 150
146 151
146 152
146 153
146 154
146 155
146 156
146 157
146 158
146 159
146 170
147 148
147 149
147 150
147 151
147 152
147 153
147 154
147 155
147 156
147 157
147 158
147 159
147 177
148 149
148 150
148 151
148 152
148 153
148 154
148 155
148 156
148 157
148 158
148 159
149 150
149 151
149 152
149 153
149 154
149 155
149 156
149 157
149 158
149 159
149 178
150 151
150 152
150 153
150 154
150 155
150 156
150 157
150 158
150 159
150 171
151 152
151 153
151 154
151 155
151 156
151 157
151 158
151 159
152 153
152 154
152 155
152 156
152 157
152 158
152 159
152 168
153 154
153 155
153 156
153 157
153 158
153 159
153 171
154 155
154 156
154 157
154 158
154 159
155 156
155 157
155 158
155 159
155 163
155 170
156 157
156 158
156 159
157 158
157 159
157 172
158 159
158 177
159 160
159 173
160 161
160 162
160 163
160 164
160 165
160 166
160 167
160 168
160 169
160 170
160 171
160 172
160 173
160 174
160 175
160 176
160 177
160 178
160 179
160 187
161 162
161 163
161 164
161 165
161 166
161 167
161 168
161 169
161 170
161 171
161 172
161 173
161 174
161 175
161 176
161 177
161 178
161 179
161 186
162 163
162 164
162 165
162 166
162 167
162 168
162 169
162 170
162 171
162 172
162 173
162 174
162 175
162 176
162 177
162 178
162 179
162 194
163 164
163 165
163 166
163 167
163 168
163 169
163 170
163 171
163 172
163 173
163 174
163 175
163 176
163 177
163 178
163 179
163 194
163 195
164 165
164 166
164 167
164 168
164 169
164 170
164 171
164 172
164 173
164 174
164 175
164 176
164 177
164 178
164 179
164 191
165 166
165 167
165 168
165 169
165 170
165 171
165 172
165 173
165 174
165 175
165 176
165 177
165 178
165 179
165 198
166 167
166 168
166 169
166 170
166 171
166 172
166 173
166 174
166 175
166 176
166 177
166 178
166 179
166 189
167 168
167 169
167 170
167 171
167 172
167 173
167 174
167 175
167 176
167 177
167 178
167 179
167 187
168 169
168 170
168 171
168 172
168 173
168 174
168 175
168 176
168 177
168 178
168 179
168 184
169 170
169 171
169 172
169 173
169 174
169 175
169 176
169 177
169 178
169 179
170 171
170 172
170 173
170 174
170 175
170 176
170 177
170 178
170 179
171 172
171 173
171 174
171 175
171 176
171 177
171 178
171 179
171 183
171 198
172 173
172 174
172 175
172 176
172 177
172 178
172 179
173 174
173 175
173 176
173 177
173 178
173 179
174 175
174 176
174 177
174 178
174 179
174 197
175 176
175 177
175 178
175 179
176 177
176 178
176 179
177 178
177 179
177 197
177 191
178 179
178 198
179 189
179 199
179 193
180 181
180 182
180 183
180 184
180 185
180 186
180 187
180 188
180 189
180 190
180 191
180 192
180 193
180 194
180 195
180 196
180 197
180 198
180 199
180 217
181 182
181 183
181 184
181 185
181 186
181 187
181 188
181 189
181 190
181 191
181 192
181 193
181 194
181 195
181 196
181 197
181 198
181 199
182 183
182 184
182 185
182 186
182 187
182 188
182 189
182 190
182 191
182 192
182 193
182 194
182 195
182 196
182 197
182 198
182 199
182 203
182 208
183 184
183 185
183 186
183 187
183 188
183 189
183 190
183 191
183 192
183 193
183 194
183 195
183 196
183 197
183 198
183 199
184 185
184 186
184 187
184 188
184 189
184 190
184 191
184 192
184 193
184 194
184 195
184 196
184 197
184 198
184 199
185 186
185 187
185 188
185 189
185 190
185 191
185 192
185 193
185 194
185 195
185 196
185 197
185 198
185 199
185 210
186 187
186 188
186 189
186 190
186 191
186 192
186 193
186 194
186 195
186 196
186 197
186 198
186 199
186 200
187 188
187 189
187 190
187 191
187 192
187 193
187 194
187 195
187 196
187 197
187 198
187 199
187 209
188 189
188 190
188 191
188 192
188 193
188 194
188 195
188 196
188 197
188 198
188 199
188 204
188 211
188 213
189 190
189 191
189 192
189 193
189 194
189 195
189 196
189 197
189 198
189 199
189 218
190 191
190 192
190 193
190 194
190 195
190 196
190 197
190 198
190 199
190 200
191 192
191 193
191 194
191 195
191 196
191 197
191 198
191 199
192 193
192 194
192 195
192 196
192 197
192 198
192 199
192 216
193 194
193 195
193 196
193 197
193 198
193 199
193 212
193 201
194 195
194 196
194 197
194 198
194 199
194 200
194 204
194 212
195 196
195 197
195 198
195 199
196 197
196 198
196 199
197 198
197 199
198 199
200 201
200 202
200 203
200 204
200 205
200 206
200 207
200 208
200 209
200 210
200 211
200 212
200 213
200 214
200 215
200 216
200 217
200 218
200 219
200 234
200 237
201 202
201 203
201 204
201 205
201 206
201 207
201 208
201 209
201 210
201 211
201 212
201 213
201 214
201 215
201 216
201 217
201 218
201 219
201 229
201 235
202 203
202 204
202 205
202 206
202 207
202 208
202 209
202 210
202 211
202 212
202 213
202 214
202 215
202 216
202 217
202 218
202 219
203 204
203 205
203 206
203 207
203 208
203 209
203 210
203 211
203 212
203 213
203 214
203 215
203 216
203 217
203 218
203 219
203 223
203 237
204 205
204 206
204 207
204 208
204 209
204 210
204 211
204 212
204 213
204 214
204 215
204 216
204 217
204 218
204 219
204 235
205 206
205 207
205 208
205 209
205 210
205 211
205 212
205 213
205 214
205 215
205 216
205 217
205 218
205 219
206 207
206 208
206 209
206 210
206 211
206 212
206 213
206 214
206 215
206 216
206 217
206 218
206 219
206 232
207 208
207 209
207 210
207 211
207 212
207 213
207 214
207 215
207 216
207 217
207 218
207 219
207 235
207 226
208 209
208 210
208 211
208 212
208 213
208 214
208 215
208 216
208 217
208 218
208 219
208 233
209 210
209 211
209 212
209 213
209 214
209 215
209 216
209 217
209 218
209 219
209 239
209 237
210 211
210 212
210 213
210 214
210 215
210 216
210 217
210 218
210 219
211 212
211 213
211 214
211 215
211 216
211 217
211 218
211 219
212 213
212 214
212 215
212 216
212 217
212 218
212 219
213 214
213 215
213 216
213 217
213 218
213 219
213 226
213 224
214 215
214 216
214 217
214 218
214 219
215 216
215 217
215 218
215 219
215 237
215 229
215 228
216 217
216 218
216 219
216 220
217 218
217 219
218 219
219 225
220 221
220 222
220 223
220 224
220 225
220 226
220 227
220 228
220 229
220 230
220 231
220 232
220 233
220 234
220 235
220 236
220 237
220 238
220 239
220 249
220 250
220 259
220 240
221 222
221 223
221 224
221 225
221 226
221 227
221 228
221 229
221 230
221 231
221 232
221 233
221 234
221 235
221 236
221 237
221 238
221 239
222 223
222 224
222 225
222 226
222 227
222 228
222 229
222 230
222 231
222 232
222 233
222 234
222 235
222 236
222 237
222 238
222 239
222 250
222 251
222 246
223 224
223 225
223 226
223 227
223 228
223 229
223 230
223 231
223 232
223 233
223 234
223 235
223 236
223 237
223 238
223 239
224 225
224 226
224 227
224 228
224 229
224 230
224 231
224 232
224 233
224 234
224 235
224 236
224 237
224 238
224 239
225 226
225 227
225 228
225 229
225 230
225 231
225 232
225 233
225 234
225 235
225 236
225 237
225 238
225 239
225 248
226 227
226 228
226 229
226 230
226 231
226 232
226 233
226 234
226 235
226 236
226 237
226 238
226 239
226 244
226 253
227 228
227 229
227 230
227 231
227 232
227 233
227 234
227 235
227 236
227 237
227 238
227 239
227 257
228 229
228 230
228 231
228 232
228 233
228 234
228 235
228 236
228 237
228 238
228 239
228 256
229 230
229 231
229 232
229 233
229 234
229 235
229 236
229 237
229 238
229 239
229 244
230 231
230 232
230 233
230 234
230 235
230 236
230 237
230 238
230 239
230 243
231 232
231 233
231 234
231 235
231 236
231 237
231 238
231 239
231 255
231 250
232 233
232 234
232 235
232 236
232 237
232 238
232 239
233 234
233 235
233 236
233 237
233 238
233 239
233 255
234 235
234 236
234 237
234 238
234 239
235 236
235 237
235 238
235 239
236 237
236 238
236 239
236 259
236 258
237 238
237 239
238 239
240 241
240 242
240 243
240 244
240 245
240 246
240 247
240 248
240 249
240 250
240 251
240 252
240 253
240 254
240 255
240 256
240 257
240 258
240 259
240 266
241 242
241 243
241 244
241 245
241 246
241 247
241 248
241 249
241 250
241 251
241 252
241 253
241 254
241 255
241 256
241 257
241 258
241 259
242 243
242 244
242 245
242 246
242 247
242 248
242 249
242 250
242 251
242 252
242 253
242 254
242 255
242 256
242 257
242 258
242 259
242 261
243 244
243 245
243 246
243 247
243 248
243 249
243 250
243 251
243 252
243 253
243 254
243 255
243 256
243 257
243 258
243 259
244 245
244 246
244 247
244 248
244 249
244 250
244 251
244 252
244 253
244 254
244 255
244 256
244 257
244 258
244 259
244 279
245 246
245 247
245 248
245 249
245 250
245 251
245 252
245 253
245 254
245 255
245 256
245 257
245 258
245 259
245 261
246 247
246 248
246 249
246 250
246 251
246 252
246 253
246 254
246 255
246 256
246 257
246 258
246 259
247 248
247 249
247 250
247 251
247 252
247 253
247 254
247 255
247 256
247 257
247 258
247 259
247 270
247 264
247 266
248 249
248 250
248 251
248 252
248 253
248 254
248 255
248 256
248 257
248 258
248 259
248 273
248 263
249 250
249 251
249 252
249 253
249 254
249 255
249 256
249 257
249 258
249 259
249 276
250 251
250 252
250 253
250 254
250 255
250 256
250 257
250 258
250 259
250 279
251 252
251 253
251 254
251 255
251 256
251 257
251 258
251 259
251 270
252 253
252 254
252 255
252 256
252 257
252 258
252 259
253 254
253 255
253 256
253 257
253 258
253 259
253 263
253 266
253 264
254 255
254 256
254 257
254 258
254 259
254 270
255 256
255 257
255 258
255 259
255 260
255 267
256 257
256 258
256 259
256 267
257 258
257 259
258 259
258 262
260 261
260 262
260 263
260 264
260 265
260 266
260 267
260 268
260 269
260 270
260 271
260 272
260 273
260 274
260 275
260 276
260 277
260 278
260 279
260 299
261 262
261 263
261 264
261 265
261 266
261 267
261 268
261 269
261 270
261 271
261 272
261 273
261 274
261 275
261 276
261 277
261 278
261 279
262 263
262 264
262 265
262 266
262 267
262 268
262 269
262 270
262 271
262 272
262 273
262 274
262 275
262 276
262 277
262 278
262 279
263 264
263 265
263 266
263 267
263 268
263 269
263 270
263 271
263 272
263 273
263 274
263 275
263 276
263 277
263 278
263 279
263 282
264 265
264 266
264 267
264 268
264 269
264 270
264 271
264 272
264 273
264 274
264 275
264 276
264 277
264 278
264 279
264 286
265 266
265 267
265 268
265 269
265 270
265 271
265 272
265 273
265 274
265 275
265 276
265 277
265 278
265 279
266 267
266 268
266 269
266 270
266 271
266 272
266 273
266 274
266 275
266 276
266 277
266 278
266 279
266 282
267 268
267 269
267 270
267 271
267 272
267 273
267 274
267 275
267 276
267 277
267 278
267 279
267 285
268 269
268 270
268 271
268 272
268 273
268 274
268 275
268 276
268 277
268 278
268 279
268 282
268 288
269 270
269 271
269 272
269 273
269 274
269 275
269 276
269 277
269 278
269 279
270 271
270 272
270 273
270 274
270 275
270 276
270 277
270 278
270 279
271 272
271 273
271 274
271 275
271 276
271 277
271 278
271 279
271 296
272 273
272 274
272 275
272 276
272 277
272 278
272 279
272 295
272 280
273 274
273 275
273 276
273 277
273 278
273 279
273 292
273 286
274 275
274 276
274 277
274 278
274 279
275 276
275 277
275 278
275 279
276 277
276 278
276 279
277 278
277 279
278 279
278 285
278 299
278 298
279 291
279 288
279 294
279 283
279 280
280 281
280 282
280 283
280 284
280 285
280 286
280 287
280 288
280 289
280 290
280 291
280 292
280 293
280 294
280 295
280 296
280 297
280 298
280 299
280 303
280 302
281 282
281 283
281 284
281 285
281 286
281 287
281 288
281 289
281 290
281 291
281 292
281 293
281 294
281 295
281 296
281 297
281 298
281 299
281 305
281 316
281 314
282 283
282 284
282 285
282 286
282 287
282 288
282 289
282 290
282 291
282 292
282 293
282 294
282 295
282 296
282 297
282 298
282 299
283 284
283 285
283 286
283 287
283 288
283 289
283 290
283 291
283 292
283 293
283 294
283 295
283 296
283 297
283 298
283 299
284 285
284 286
284 287
284 288
284 289
284 290
284 291
284 292
284 293
284 294
284 295
284 296
284 297
284 298
284 299
284 304
285 286
285 287
285 288
285 289
285 290
285 291
285 292
285 293
285 294
285 295
285 296
285 297
285 298
285 299
286 287
286 288
286 289
286 290
286 291
286 292
286 293
286 294
286 295
286 296
286 297
286 298
286 299
287 288
287 289
287 290
287 291
287 292
287 293
287 294
287 295
287 296
287 297
287 298
287 299
288 289
288 290
288 291
288 292
288 293
288 294
288 295
288 296
288 297
288 298
288 299
288 308
289 290
289 291
289 292
289 293
289 294
289 295
289 296
289 297
289 298
289 299
290 291
290 292
290 293
290 294
290 295
290 296
290 297
290 298
290 299
290 313
291 292
291 293
291 294
291 295
291 296
291 297
291 298
291 299
292 293
292 294
292 295
292 296
292 297
292 298
292 299
292 319
292 312
293 294
293 295
293 296
293 297
293 298
293 299
294 295
294 296
294 297
294 298
294 299
294 315
294 304
295 296
295 297
295 298
295 299
295 304
295 318
296 297
296 298
296 299
296 317
296 315
297 298
297 299
297 302
298 299
298 309
299 304
299 306
300 301
300 302
300 303
300 304
300 305
300 306
300 307
300 308
300 309
300 310
300 311
300 312
300 313
300 314
300 315
300 316
300 317
300 318
300 319
300 326
301 302
301 303
301 304
301 305
301 306
301 307
301 308
301 309
301 310
301 311
301 312
301 313
301 314
301 315
301 316
301 317
301 318
301 319
302 303
302 304
302 305
302 306
302 307
302 308
302 309
302 310
302 311
302 312
302 313
302 314
302 315
302 316
302 317
302 318
302 319
302 325
302 335
302 327
302 328
303 304
303 305
303 306
303 307
303 308
303 309
303 310
303 311
303 312
303 313
303 314
303 315
303 316
303 317
303 318
303 319
303 332
303 336
303 337
304 305
304 306
304 307
304 308
304 309
304 310
304 311
304 312
304 313
304 314
304 315
304 316
304 317
304 318
304 319
304 328
304 331
305 306
305 307
305 308
305 309
305 310
305 311
305 312
305 313
305 314
305 315
305 316
305 317
305 318
305 319
305 326
306 307
306 308
306 309
306 310
306 311
306 312
306 313
306 314
306 315
306 316
306 317
306 318
306 319
306 326
307 308
307 309
307 310
307 311
307 312
307 313
307 314
307 315
307 316
307 317
307 318
307 319
308 309
308 310
308 311
308 312
308 313
308 314
308 315
308 316
308 317
308 318
308 319
309 310
309 311
309 312
309 313
309 314
309 315
309 316
309 317
309 318
309 319
309 320
310 311
310 312
310 313
310 314
310 315
310 316
310 317
310 318
310 319
310 334
311 312
311 313
311 314
311 315
311 316
311 317
311 318
311 319
312 313
312 314
312 315
312 316
312 317
312 318
312 319
312 332
313 314
313 315
313 316
313 317
313 318
313 319
314 315
314 316
314 317
314 318
314 319
314 330
315 316
315 317
315 318
315 319
316 317
316 318
316 319
316 332
317 318
317 319
317 334
318 319
319 327
320 321
320 322
320 323
320 324
320 325
320 326
320 327
320 328
320 329
320 330
320 331
320 332
320 333
320 334
320 335
320 336
320 337
320 338
320 339
320 347
320 356
321 322
321 323
321 324
321 325
321 326
321 327
321 328
321 329
321 330
321 331
321 332
321 333
321 334
321 335
321 336
321 337
321 338
321 339
321 348
321 349
321 347
321 344
321 346
322 323
322 324
322 325
322 326
322 327
322 328
322 329
322 330
322 331
322 332
322 333
322 334
322 335
322 336
322 337
322 338
322 339
323 324
323 325
323 326
323 327
323 328
323 329
323 330
323 331
323 332
323 333
323 334
323 335
323 336
323 337
323 338
323 339
324 325
324 326
324 327
324 328
324 329
324 330
324 331
324 332
324 333
324 334
324 335
324 336
324 337
324 338
324 339
324 355
325 326
325 327
325 328
325 329
325 330
325 331
325 332
325 333
325 334
325 335
325 336
325 337
325 338
325 339
325 340
326 327
326 328
326 329
326 330
326 331
326 332
326 333
326 334
326 335
326 336
326 337
326 338
326 339
326 347
327 328
327 329
327 330
327 331
327 332
327 333
327 334
327 335
327 336
327 337
327 338
327 339
327 350
328 329
328 330
328 331
328 332
328 333
328 334
328 335
328 336
328 337
328 338
328 339
328 354
329 330
329 331
329 332
329 333
329 334
329 335
329 336
329 337
329 338
329 339
329 345
330 331
330 332
330 333
330 334
330 335
330 336
330 337
330 338
330 339
331 332
331 333
331 334
331 335
331 336
331 337
331 338
331 339
331 351
332 333
332 334
332 335
332 336
332 337
332 338
332 339
332 353
332 359
333 334
333 335
333 336
333 337
333 338
333 339
334 335
334 336
334 337
334 338
334 339
334 344
335 336
335 337
335 338
335 339
336 337
336 338
336 339
336 358
336 355
337 338
337 339
338 339
339 356
340 341
340 342
340 343
340 344
340 345
340 346
340 347
340 348
340 349
340 350
340 351
340 352
340 353
340 354
340 355
340 356
340 357
340 358
340 359
340 361
341 342
341 343
341 344
341 345
341 346
341 347
341 348
341 349
341 350
341 351
341 352
341 353
341 354
341 355
341 356
341 357
341 358
341 359
342 343
342 344
342 345
342 346
342 347
342 348
342 349
342 350
342 351
342 352
342 353
342 354
342 355
342 356
342 357
342 358
342 359
343 344
343 345
343 346
343 347
343 348
343 349
343 350
343 351
343 352
343 353
343 354
343 355
343 356
343 357
343 358
343 359
344 345
344 346
344 347
344 348
344 349
344 350
344 351
344 352
344 353
344 354
344 355
344 356
344 357
344 358
344 359
344 368
345 346
345 347
345 348
345 349
345 350
345 351
345 352
345 353
345 354
345 355
345 356
345 357
345 358
345 359
345 365
345 368
346 347
346 348
346 349
346 350
346 351
346 352
346 353
346 354
346 355
346 356
346 357
346 358
346 359
347 348
347 349
347 350
347 351
347 352
347 353
347 354
347 355
347 356
347 357
347 358
347 359
348 349
348 350
348 351
348 352
348 353
348 354
348 355
348 356
348 357
348 358
348 359
349 350
349 351
349 352
349 353
349 354
349 355
349 356
349 357
349 358
349 359
349 377
350 351
350 352
350 353
350 354
350 355
350 356
350 357
350 358
350 359
350 365
350 367
350 364
351 352
351 353
351 354
351 355
351 356
351 357
351 358
351 359
351 369
351 366
352 353
352 354
352 355
352 356
352 357
352 358
352 359
352 368
352 364
353 354
353 355
353 356
353 357
353 358
353 359
353 372
353 368
354 355
354 356
354 357
354 358
354 359
354 373
355 356
355 357
355 358
355 359
355 370
356 357
356 358
356 359
356 364
357 358
357 359
357 372
357 363
357 378
358 359
360 361
360 362
360 363
360 364
360 365
360 366
360 367
360 368
360 369
360 370
360 371
360 372
360 373
360 374
360 375
360 376
360 377
360 378
360 379
361 362
361 363
361 364
361 365
361 366
361 367
361 368
361 369
361 370
361 371
361 372
361 373
361 374
361 375
361 376
361 377
361 378
361 379
361 395
362 363
362 364
362 365
362 366
362 367
362 368
362 369
362 370
362 371
362 372
362 373
362 374
362 375
362 376
362 377
362 378
362 379
362 392
362 388
362 383
363 364
363 365
363 366
363 367
363 368
363 369
363 370
363 371
363 372
363 373
363 374
363 375
363 376
363 377
363 378
363 379
363 386
364 365
364 366
364 367
364 368
364 369
364 370
364 371
364 372
364 373
364 374
364 375
364 376
364 377
364 378
364 379
365 366
365 367
365 368
365 369
365 370
365 371
365 372
365 373
365 374
365 375
365 376
365 377
365 378
365 379
365 385
366 367
366 368
366 369
366 370
366 371
366 372
366 373
366 374
366 375
366 376
366 377
366 378
366 379
366 390
366 398
366 395
367 368
367 369
367 370
367 371
367 372
367 373
367 374
367 375
367 376
367 377
367 378
367 379
367 388
367 391
367 387
368 369
368 370
368 371
368 372
368 373
368 374
368 375
368 376
368 377
368 378
368 379
369 370
369 371
369 372
369 373
369 374
369 375
369 376
369 377
369 378
369 379
370 371
370 372
370 373
370 374
370 375
370 376
370 377
370 378
370 379
371 372
371 373
371 374
371 375
371 376
371 377
371 378
371 379
372 373
372 374
372 375
372 376
372 377
372 378
372 379
372 386
373 374
373 375
373 376
373 377
373 378
373 379
374 375
374 376
374 377
374 378
374 379
375 376
375 377
375 378
375 379
375 398
376 377
376 378
376 379
376 390
376 386
377 378
377 379
378 379
379 384
379 397
379 399
380 381
380 382
380 383
380 384
380 385
380 386
380 387
380 388
380 389
380 390
380 391
380 392
380 393
380 394
380 395
380 396
380 397
380 398
380 399
380 400
380 419
381 382
381 383
381 384
381 385
381 386
381 387
381 388
381 389
381 390
381 391
381 392
381 393
381 394
381 395
381 396
381 397
381 398
381 399
381 411
382 383
382 384
382 385
382 386
382 387
382 388
382 389
382 390
382 391
382 392
382 393
382 394
382 395
382 396
382 397
382 398
382 399
383 384
383 385
383 386
383 387
383 388
383 389
383 390
383 391
383 392
383 393
383 394
383 395
383 396
383 397
383 398
383 399
384 385
384 386
384 387
384 388
384 389
384 390
384 391
384 392
384 393
384 394
384 395
384 396
384 397
384 398
384 399
385 386
385 387
385 388
385 389
385 390
385 391
385 392
385 393
385 394
385 395
385 396
385 397
385 398
385 399
385 408
386 387
386 388
386 389
386 390
386 391
386 392
386 393
386 394
386 395
386 396
386 397
386 398
386 399
386 410
386 405
387 388
387 389
387 390
387 391
387 392
387 393
387 394
387 395
387 396
387 397
387 398
387 399
387 413
388 389
388 390
388 391
388 392
388 393
388 394
388 395
388 396
388 397
388 398
388 399
389 390
389 391
389 392
389 393
389 394
389 395
389 396
389 397
389 398
389 399
389 400
389 409
390 391
390 392
390 393
390 394
390 395
390 396
390 397
390 398
390 399
390 406
391 392
391 393
391 394
391 395
391 396
391 397
391 398
391 399
391 405
392 393
392 394
392 395
392 396
392 397
392 398
392 399
393 394
393 395
393 396
393 397
393 398
393 399
394 395
394 396
394 397
394 398
394 399
394 403
395 396
395 397
395 398
395 399
395 408
396 397
396 398
396 399
396 418
396 401
396 400
397 398
397 399
398 399
398 405
398 402
399 402
399 407
400 401
400 402
400 403
400 404
400 405
400 406
400 407
400 408
400 409
400 410
400 411
400 412
400 413
400 414
400 415
400 416
400 417
400 418
400 419
400 431
401 402
401 403
401 404
401 405
401 406
401 407
401 408
401 409
401 410
401 411
401 412
401 413
401 414
401 415
401 416
401 417
401 418
401 419
401 424
402 403
402 404
402 405
402 406
402 407
402 408
402 409
402 410
402 411
402 412
402 413
402 414
402 415
402 416
402 417
402 418
402 419
403 404
403 405
403 406
403 407
403 408
403 409
403 410
403 411
403 412
403 413
403 414
403 415
403 416
403 417
403 418
403 419
403 423
404 405
404 406
404 407
404 408
404 409
404 410
404 411
404 412
404 413
404 414
404 415
404 416
404 417
404 418
404 419
404 430
405 406
405 407
405 408
405 409
405 410
405 411
405 412
405 413
405 414
405 415
405 416
405 417
405 418
405 419
405 425
406 407
406 408
406 409
406 410
406 411
406 412
406 413
406 414
406 415
406 416
406 417
406 418
406 419
406 430
407 408
407 409
407 410
407 411
407 412
407 413
407 414
407 415
407 416
407 417
407 418
407 419
407 435
408 409
408 410
408 411
408 412
408 413
408 414
408 415
408 416
408 417
408 418
408 419
409 410
409 411
409 412
409 413
409 414
409 415
409 416
409 417
409 418
409 419
409 430
409 434
410 411
410 412
410 413
410 414
410 415
410 416
410 417
410 418
410 419
411 412
411 413
411 414
411 415
411 416
411 417
411 418
411 419
411 426
411 428
412 413
412 414
412 415
412 416
412 417
412 418
412 419
412 429
413 414
413 415
413 416
413 417
413 418
413 419
413 425
413 431
414 415
414 416
414 417
414 418
414 419
414 434
414 424
415 416
415 417
415 418
415 419
415 439
415 429
416 417
416 418
416 419
416 433
417 418
417 419
417 427
418 419
420 421
420 422
420 423
420 424
420 425
420 426
420 427
420 428
420 429
420 430
420 431
420 432
420 433
420 434
420 435
420 436
420 437
420 438
420 439
420 440
420 448
421 422
421 423
421 424
421 425
421 426
421 427
421 428
421 429
421 430
421 431
421 432
421 433
421 434
421 435
421 436
421 437
421 438
421 439
421 443
422 423
422 424
422 425
422 426
422 427
422 428
422 429
422 430
422 431
422 432
422 433
422 434
422 435
422 436
422 437
422 438
422 439
423 424
423 425
423 426
423 427
423 428
423 429
423 430
423 431
423 432
423 433
423 434
423 435
423 436
423 437
423 438
423 439
423 457
423 449
424 425
424 426
424 427
424 428
424 429
424 430
424 431
424 432
424 433
424 434
424 435
424 436
424 437
424 438
424 439
425 426
425 427
425 428
425 429
425 430
425 431
425 432
425 433
425 434
425 435
425 436
425 437
425 438
425 439
426 427
426 428
426 429
426 430
426 431
426 432
426 433
426 434
426 435
426 436
426 437
426 438
426 439
427 428
427 429
427 430
427 431
427 432
427 433
427 434
427 435
427 436
427 437
427 438
427 439
427 458
427 448
428 429
428 430
428 431
428 432
428 433
428 434
428 435
428 436
428 437
428 438
428 439
429 430
429 431
429 432
429 433
429 434
429 435
429 436
429 437
429 438
429 439
429 443
430 431
430 432
430 433
430 434
430 435
430 436
430 437
430 438
430 439
430 450
431 432
431 433
431 434
431 435
431 436
431 437
431 438
431 439
431 444
432 433
432 434
432 435
432 436
432 437
432 438
432 439
432 450
432 448
433 434
433 435
433 436
433 437
433 438
433 439
434 435
434 436
434 437
434 438
434 439
435 436
435 437
435 438
435 439
435 440
436 437
436 438
436 439
437 438
437 439
437 455
437 442
437 443
437 456
437 454
438 439
438 457
440 441
440 442
440 443
440 444
440 445
440 446
440 447
440 448
440 449
440 450
440 451
440 452
440 453
440 454
440 455
440 456
440 457
440 458
440 459
440 463
441 442
441 443
441 444
441 445
441 446
441 447
441 448
441 449
441 450
441 451
441 452
441 453
441 454
441 455
441 456
441 457
441 458
441 459
441 462
441 465
441 477
442 443
442 444
442 445
442 446
442 447
442 448
442 449
442 450
442 451
442 452
442 453
442 454
442 455
442 456
442 457
442 458
442 459
442 472
442 460
442 466
443 444
443 445
443 446
443 447
443 448
443 449
443 450
443 451
443 452
443 453
443 454
443 455
443 456
443 457
443 458
443 459
443 472
444 445
444 446
444 447
444 448
444 449
444 450
444 451
444 452
444 453
444 454
444 455
444 456
444 457
444 458
444 459
444 465
445 446
445 447
445 448
445 449
445 450
445 451
445 452
445 453
445 454
445 455
445 456
445 457
445 458
445 459
445 478
446 447
446 448
446 449
446 450
446 451
446 452
446 453
446 454
446 455
446 456
446 457
446 458
446 459
446 471
446 465
447 448
447 449
447 450
447 451
447 452
447 453
447 454
447 455
447 456
447 457
447 458
447 459
448 449
448 450
448 451
448 452
448 453
448 454
448 455
448 456
448 457
448 458
448 459
448 476
449 450
449 451
449 452
449 453
449 454
449 455
449 456
449 457
449 458
449 459
450 451
450 452
450 453
450 454
450 455
450 456
450 457
450 458
450 459
450 474
451 452
451 453
451 454
451 455
451 456
451 457
451 458
451 459
452 453
452 454
452 455
452 456
452 457
452 458
452 459
452 475
452 467
453 454
453 455
453 456
453 457
453 458
453 459
453 477
454 455
454 456
454 457
454 458
454 459
454 471
455 456
455 457
455 458
455 459
456 457
456 458
456 459
457 458
457 459
458 459
459 467
460 461
460 462
460 463
460 464
460 465
460 466
460 467
460 468
460 469
460 470
460 471
460 472
460 473
460 474
460 475
460 476
460 477
460 478
460 479
460 492
461 462
461 463
461 464
461 465
461 466
461 467
461 468
461 469
461 470
461 471
461 472
461 473
461 474
461 475
461 476
461 477
461 478
461 479
461 486
462 463
462 464
462 465
462 466
462 467
462 468
462 469
462 470
462 471
462 472
462 473
462 474
462 475
462 476
462 477
462 478
462 479
462 492
462 487
463 464
463 465
463 466
463 467
463 468
463 469
463 470
463 471
463 472
463 473
463 474
463 475
463 476
463 477
463 478
463 479
464 465
464 466
464 467
464 468
464 469
464 470
464 471
464 472
464 473
464 474
464 475
464 476
464 477
464 478
464 479
465 466
465 467
465 468
465 469
465 470
465 471
465 472
465 473
465 474
465 475
465 476
465 477
465 478
465 479
466 467
466 468
466 469
466 470
466 471
466 472
466 473
466 474
466 475
466 476
466 477
466 478
466 479
467 468
467 469
467 470
467 471
467 472
467 473
467 474
467 475
467 476
467 477
467 478
467 479
467 489
468 469
468 470
468 471
468 472
468 473
468 474
468 475
468 476
468 477
468 478
468 479
468 490
469 470
469 471
469 472
469 473
469 474
469 475
469 476
469 477
469 478
469 479
469 490
469 480
469 488
470 471
470 472
470 473
470 474
470 475
470 476
470 477
470 478
470 479
471 472
471 473
471 474
471 475
471 476
471 477
471 478
471 479
471 482
472 473
472 474
472 475
472 476
472 477
472 478
472 479
472 490
472 498
473 474
473 475
473 476
473 477
473 478
473 479
474 475
474 476
474 477
474 478
474 479
474 493
475 476
475 477
475 478
475 479
476 477
476 478
476 479
476 488
477 478
477 479
477 482
477 494
478 479
478 492
479 494
479 480
479 497
480 481
480 482
480 483
480 484
480 485
480 486
480 487
480 488
480 489
480 490
480 491
480 492
480 493
480 494
480 495
480 496
480 497
480 498
480 499
480 510
481 482
481 483
481 484
481 485
481 486
481 487
481 488
481 489
481 490
481 491
481 492
481 493
481 494
481 495
481 496
481 497
481 498
481 499
481 504
482 483
482 484
482 485
482 486
482 487
482 488
482 489
482 490
482 491
482 492
482 493
482 494
482 495
482 496
482 497
482 498
482 499
482 509
483 484
483 485
483 486
483 487
483 488
483 489
483 490
483 491
483 492
483 493
483 494
483 495
483 496
483 497
483 498
483 499
483 509
484 485
484 486
484 487
484 488
484 489
484 490
484 491
484 492
484 493
484 494
484 495
484 496
484 497
484 498
484 499
485 486
485 487
485 488
485 489
485 490
485 491
485 492
485 493
485 494
485 495
485 496
485 497
485 498
485 499
485 516
486 487
486 488
486 489
486 490
486 491
486 492
486 493
486 494
486 495
486 496
486 497
486 498
486 499
486 512
486 515
487 488
487 489
487 490
487 491
487 492
487 493
487 494
487 495
487 496
487 497
487 498
487 499
488 489
488 490
488 491
488 492
488 493
488 494
488 495
488 496
488 497
488 498
488 499
488 502
488 509
488 510
489 490
489 491
489 492
489 493
489 494
489 495
489 496
489 497
489 498
489 499
489 507
490 491
490 492
490 493
490 494
490 495
490 496
490 497
490 498
490 499
490 506
491 492
491 493
491 494
491 495
491 496
491 497
491 498
491 499
492 493
492 494
492 495
492 496
492 497
492 498
492 499
492 505
492 512
493 494
493 495
493 496
493 497
493 498
493 499
493 511
494 495
494 496
494 497
494 498
494 499
495 496
495 497
495 498
495 499
495 514
495 507
496 497
496 498
496 499
497 498
497 499
497 512
498 499
498 513
500 501
500 502
500 503
500 504
500 505
500 506
500 507
500 508
500 509
500 510
500 511
500 512
500 513
500 514
500 515
500 516
500 517
500 518
500 519
500 536
501 502
501 503
501 504
501 505
501 506
501 507
501 508
501 509
501 510
501 511
501 512
501 513
501 514
501 515
501 516
501 517
501 518
501 519
502 503
502 504
502 505
502 506
502 507
502 508
502 509
502 510
502 511
502 512
502 513
502 514
502 515
502 516
502 517
502 518
502 519
503 504
503 505
503 506
503 507
503 508
503 509
503 510
503 511
503 512
503 513
503 514
503 515
503 516
503 517
503 518
503 519
503 520
504 505
504 506
504 507
504 508
504 509
504 510
504 511
504 512
504 513
504 514
504 515
504 516
504 517
504 518
504 519
504 526
505 506
505 507
505 508
505 509
505 510
505 511
505 512
505 513
505 514
505 515
505 516
505 517
505 518
505 519
505 530
505 535
506 507
506 508
506 509
506 510
506 511
506 512
506 513
506 514
506 515
506 516
506 517
506 518
506 519
507 508
507 509
507 510
507 511
507 512
507 513
507 514
507 515
507 516
507 517
507 518
507 519
507 537
508 509
508 510
508 511
508 512
508 513
508 514
508 515
508 516
508 517
508 518
508 519
509 510
509 511
509 512
509 513
509 514
509 515
509 516
509 517
509 518
509 519
509 531
509 520
510 511
510 512
510 513
510 514
510 515
510 516
510 517
510 518
510 519
511 512
511 513
511 514
511 515
511 516
511 517
511 518
511 519
511 534
511 523
511 538
511 533
512 513
512 514
512 515
512 516
512 517
512 518
512 519
512 525
512 533
513 514
513 515
513 516
513 517
513 518
513 519
514 515
514 516
514 517
514 518
514 519
514 531
515 516
515 517
515 518
515 519
515 523
516 517
516 518
516 519
516 522
516 526
517 518
517 519
518 519
519 521
520 521
520 522
520 523
520 524
520 525
520 526
520 527
520 528
520 529
520 530
520 531
520 532
520 533
520 534
520 535
520 536
520 537
520 538
520 539
520 552
521 522
521 523
521 524
521 525
521 526
521 527
521 528
521 529
521 530
521 531
521 532
521 533
521 534
521 535
521 536
521 537
521 538
521 539
521 557
522 523
522 524
522 525
522 526
522 527
522 528
522 529
522 530
522 531
522 532
522 533
522 534
522 535
522 536
522 537
522 538
522 539
522 540
523 524
523 525
523 526
523 527
523 528
523 529
523 530
523 531
523 532
523 533
523 534
523 535
523 536
523 537
523 538
523 539
524 525
524 526
524 527
524 528
524 529
524 530
524 531
524 532
524 533
524 534
524 535
524 536
524 537
524 538
524 539
524 547
524 543
524 544
525 526
525 527
525 528
525 529
525 530
525 531
525 532
525 533
525 534
525 535
525 536
525 537
525 538
525 539
525 554
526 527
526 528
526 529
526 530
526 531
526 532
526 533
526 534
526 535
526 536
526 537
526 538
526 539
526 547
527 528
527 529
527 530
527 531
527 532
527 533
527 534
527 535
527 536
527 537
527 538
527 539
528 529
528 530
528 531
528 532
528 533
528 534
528 535
528 536
528 537
528 538
528 539
528 541
529 530
529 531
529 532
529 533
529 534
529 535
529 536
529 537
529 538
529 539
529 540
529 551
530 531
530 532
530 533
530 534
530 535
530 536
530 537
530 538
530 539
531 532
531 533
531 534
531 535
531 536
531 537
531 538
531 539
531 553
531 547
532 533
532 534
532 535
532 536
532 537
532 538
532 539
532 551
532 546
532 543
533 534
533 535
533 536
533 537
533 538
533 539
534 535
534 536
534 537
534 538
534 539
535 536
535 537
535 538
535 539
536 537
536 538
536 539
536 557
537 538
537 539
537 540
538 539
539 549
540 541
540 542
540 543
540 544
540 545
540 546
540 547
540 548
540 549
540 550
540 551
540 552
540 553
540 554
540 555
540 556
540 557
540 558
540 559
541 542
541 543
541 544
541 545
541 546
541 547
541 548
541 549
541 550
541 551
541 552
541 553
541 554
541 555
541 556
541 557
541 558
541 559
541 574
541 563
542 543
542 544
542 545
542 546
542 547
542 548
542 549
542 550
542 551
542 552
542 553
542 554
542 555
542 556
542 557
542 558
542 559
542 567
543 544
543 545
543 546
543 547
543 548
543 549
543 550
543 551
543 552
543 553
543 554
543 555
543 556
543 557
543 558
543 559
543 562
544 545
544 546
544 547
544 548
544 549
544 550
544 551
544 552
544 553
544 554
544 555
544 556
544 557
544 558
544 559
544 560
545 546
545 547
545 548
545 549
545 550
545 551
545 552
545 553
545 554
545 555
545 556
545 557
545 558
545 559
546 547
546 548
546 549
546 550
546 551
546 552
546 553
546 554
546 555
546 556
546 557
546 558
546 559
547 548
547 549
547 550
547 551
547 552
547 553
547 554
547 555
547 556
547 557
547 558
547 559
547 568
548 549
548 550
548 551
548 552
548 553
548 554
548 555
548 556
548 557
548 558
548 559
548 574
548 564
549 550
549 551
549 552
549 553
549 554
549 555
549 556
549 557
549 558
549 559
550 551
550 552
550 553
550 554
550 555
550 556
550 557
550 558
550 559
550 576
551 552
551 553
551 554
551 555
551 556
551 557
551 558
551 559
551 574
551 575
552 553
552 554
552 555
552 556
552 557
552 558
552 559
552 566
552 579
553 554
553 555
553 556
553 557
553 558
553 559
554 555
554 556
554 557
554 558
554 559
554 560
555 556
555 557
555 558
555 559
555 579
555 564
556 557
556 558
556 559
556 567
557 558
557 559
557 577
558 559
558 575
559 569
560 561
560 562
560 563
560 564
560 565
560 566
560 567
560 568
560 569
560 570
560 571
560 572
560 573
560 574
560 575
560 576
560 577
560 578
560 579
560 589
560 598
561 562
561 563
561 564
561 565
561 566
561 567
561 568
561 569
561 570
561 571
561 572
561 573
561 574
561 575
561 576
561 577
561 578
561 579
562 563
562 564
562 565
562 566
562 567
562 568
562 569
562 570
562 571
562 572
562 573
562 574
562 575
562 576
562 577
562 578
562 579
563 564
563 565
563 566
563 567
563 568
563 569
563 570
563 571
563 572
563 573
563 574
563 575
563 576
563 577
563 578
563 579
564 565
564 566
564 567
564 568
564 569
564 570
564 571
564 572
564 573
564 574
564 575
564 576
564 577
564 578
564 579
564 582
564 587
564 596
564 594
565 566
565 567
565 568
565 569
565 570
565 571
565 572
565 573
565 574
565 575
565 576
565 577
565 578
565 579
565 596
566 567
566 568
566 569
566 570
566 571
566 572
566 573
566 574
566 575
566 576
566 577
566 578
566 579
566 580
566 599
566 585
567 568
567 569
567 570
567 571
567 572
567 573
567 574
567 575
567 576
567 577
567 578
567 579
567 580
567 581
568 569
568 570
568 571
568 572
568 573
568 574
568 575
568 576
568 577
568 578
568 579
568 581
569 570
569 571
569 572
569 573
569 574
569 575
569 576
569 577
569 578
569 579
570 571
570 572
570 573
570 574
570 575
570 576
570 577
570 578
570 579
571 572
571 573
571 574
571 575
571 576
571 577
571 578
571 579
571 594
572 573
572 574
572 575
572 576
572 577
572 578
572 579
572 584
573 574
573 575
573 576
573 577
573 578
573 579
573 580
574 575
574 576
574 577
574 578
574 579
575 576
575 577
575 578
575 579
575 583
576 577
576 578
576 579
576 584
576 599
577 578
577 579
578 579
578 592
580 581
580 582
580 583
580 584
580 585
580 586
580 587
580 588
580 589
580 590
580 591
580 592
580 593
580 594
580 595
580 596
580 597
580 598
580 599
581 582
581 583
581 584
581 585
581 586
581 587
581 588
581 589
581 590
581 591
581 592
581 593
581 594
581 595
581 596
581 597
581 598
581 599
581 613
582 583
582 584
582 585
582 586
582 587
582 588
582 589
582 590
582 591
582 592
582 593
582 594
582 595
582 596
582 597
582 598
582 599
582 616
582 618
583 584
583 585
583 586
583 587
583 588
583 589
583 590
583 591
583 592
583 593
583 594
583 595
583 596
583 597
583 598
583 599
584 585
584 586
584 587
584 588
584 589
584 590
584 591
584 592
584 593
584 594
584 595
584 596
584 597
584 598
584 599
584 613
585 586
585 587
585 588
585 589
585 590
585 591
585 592
585 593
585 594
585 595
585 596
585 597
585 598
585 599
585 616
586 587
586 588
586 589
586 590
586 591
586 592
586 593
586 594
586 595
586 596
586 597
586 598
586 599
587 588
587 589
587 590
587 591
587 592
587 593
587 594
587 595
587 596
587 597
587 598
587 599
587 608
588 589
588 590
588 591
588 592
588 593
588 594
588 595
588 596
588 597
588 598
588 599
588 604
588 614
588 616
589 590
589 591
589 592
589 593
589 594
589 595
589 596
589 597
589 598
589 599
589 604
590 591
590 592
590 593
590 594
590 595
590 596
590 597
590 598
590 599
590 605
591 592
591 593
591 594
591 595
591 596
591 597
591 598
591 599
591 602
592 593
592 594
592 595
592 596
592 597
592 598
592 599
593 594
593 595
593 596
593 597
593 598
593 599
593 607
593 613
593 619
594 595
594 596
594 597
594 598
594 599
594 604
595 596
595 597
595 598
595 599
596 597
596 598
596 599
596 607
597 598
597 599
598 599
598 619
599 603
600 601
600 602
600 603
600 604
600 605
600 606
600 607
600 608
600 609
600 610
600 611
600 612
600 613
600 614
600 615
600 616
600 617
600 618
600 619
600 627
600 636
600 621
601 602
601 603
601 604
601 605
601 606
601 607
601 608
601 609
601 610
601 611
601 612
601 613
601 614
601 615
601 616
601 617
601 618
601 619
602 603
602 604
602 605
602 606
602 607
602 608
602 609
602 610
602 611
602 612
602 613
602 614
602 615
602 616
602 617
602 618
602 619
602 628
602 638
603 604
603 605
603 606
603 607
603 608
603 609
603 610
603 611
603 612
603 613
603 614
603 615
603 616
603 617
603 618
603 619
603 623
604 605
604 606
604 607
604 608
604 609
604 610
604 611
604 612
604 613
604 614
604 615
604 616
604 617
604 618
604 619
604 634
605 606
605 607
605 608
605 609
605 610
605 611
605 612
605 613
605 614
605 615
605 616
605 617
605 618
605 619
606 607
606 608
606 609
606 610
606 611
606 612
606 613
606 614
606 615
606 616
606 617
606 618
606 619
606 635
607 608
607 609
607 610
607 611
607 612
607 613
607 614
607 615
607 616
607 617
607 618
607 619
608 609
608 610
608 611
608 612
608 613
608 614
608 615
608 616
608 617
608 618
608 619
608 622
608 639
609 610
609 611
609 612
609 613
609 614
609 615
609 616
609 617
609 618
609 619
610 611
610 612
610 613
610 614
610 615
610 616
610 617
610 618
610 619
611 612
611 613
611 614
611 615
611 616
611 617
611 618
611 619
611 626
612 613
612 614
612 615
612 616
612 617
612 618
612 619
612 620
613 614
613 615
613 616
613 617
613 618
613 619
613 631
614 615
614 616
614 617
614 618
614 619
614 620
615 616
615 617
615 618
615 619
615 625
616 617
616 618
616 619
616 627
617 618
617 619
617 630
618 619
618 625
619 622
620 621
620 622
620 623
620 624
620 625
620 626
620 627
620 628
620 629
620 630
620 631
620 632
620 633
620 634
620 635
620 636
620 637
620 638
620 639
620 642
621 622
621 623
621 624
621 625
621 626
621 627
621 628
621 629
621 630
621 631
621 632
621 633
621 634
621 635
621 636
621 637
621 638
621 639
621 644
622 623
622 624
622 625
622 626
622 627
622 628
622 629
622 630
622 631
622 632
622 633
622 634
622 635
622 636
622 637
622 638
622 639
623 624
623 625
623 626
623 627
623 628
623 629
623 630
623 631
623 632
623 633
623 634
623 635
623 636
623 637
623 638
623 639
624 625
624 626
624 627
624 628
624 629
624 630
624 631
624 632
624 633
624 634
624 635
624 636
624 637
624 638
624 639
624 654
624 653
625 626
625 627
625 628
625 629
625 630
625 631
625 632
625 633
625 634
625 635
625 636
625 637
625 638
625 639
626 627
626 628
626 629
626 630
626 631
626 632
626 633
626 634
626 635
626 636
626 637
626 638
626 639
626 647
627 628
627 629
627 630
627 631
627 632
627 633
627 634
627 635
627 636
627 637
627 638
627 639
627 646
627 644
628 629
628 630
628 631
628 632
628 633
628 634
628 635
628 636
628 637
628 638
628 639
629 630
629 631
629 632
629 633
629 634
629 635
629 636
629 637
629 638
629 639
629 658
629 642
629 645
630 631
630 632
630 633
630 634
630 635
630 636
630 637
630 638
630 639
630 640
630 642
630 658
631 632
631 633
631 634
631 635
631 636
631 637
631 638
631 639
631 649
632 633
632 634
632 635
632 636
632 637
632 638
632 639
632 650
633 634
633 635
633 636
633 637
633 638
633 639
633 647
634 635
634 636
634 637
634 638
634 639
635 636
635 637
635 638
635 639
636 637
636 638
636 639
637 638
637 639
638 639
638 643
638 644
639 658
639 647
640 641
640 642
640 643
640 644
640 645
640 646
640 647
640 648
640 649
640 650
640 651
640 652
640 653
640 654
640 655
640 656
640 657
640 658
640 659
640 670
640 669
641 642
641 643
641 644
641 645
641 646
641 647
641 648
641 649
641 650
641 651
641 652
641 653
641 654
641 655
641 656
641 657
641 658
641 659
642 643
642 644
642 645
642 646
642 647
642 648
642 649
642 650
642 651
642 652
642 653
642 654
642 655
642 656
642 657
642 658
642 659
642 675
643 644
643 645
643 646
643 647
643 648
643 649
643 650
643 651
643 652
643 653
643 654
643 655
643 656
643 657
643 658
643 659
643 665
644 645
644 646
644 647
644 648
644 649
644 650
644 651
644 652
644 653
644 654
644 655
644 656
644 657
644 658
644 659
644 678
645 646
645 647
645 648
645 649
645 650
645 651
645 652
645 653
645 654
645 655
645 656
645 657
645 658
645 659
645 669
645 668
646 647
646 648
646 649
646 650
646 651
646 652
646 653
646 654
646 655
646 656
646 657
646 658
646 659
646 674
647 648
647 649
647 650
647 651
647 652
647 653
647 654
647 655
647 656
647 657
647 658
647 659
647 665
648 649
648 650
648 651
648 652
648 653
648 654
648 655
648 656
648 657
648 658
648 659
648 661
649 650
649 651
649 652
649 653
649 654
649 655
649 656
649 657
649 658
649 659
650 651
650 652
650 653
650 654
650 655
650 656
650 657
650 658
650 659
650 667
650 679
651 652
651 653
651 654
651 655
651 656
651 657
651 658
651 659
651 663
652 653
652 654
652 655
652 656
652 657
652 658
652 659
653 654
653 655
653 656
653 657
653 658
653 659
654 655
654 656
654 657
654 658
654 659
655 656
655 657
655 658
655 659
655 673
656 657
656 658
656 659
656 671
657 658
657 659
657 677
658 659
658 661
659 661
660 661
660 662
660 663
660 664
660 665
660 666
660 667
660 668
660 669
660 670
660 671
660 672
660 673
660 674
660 675
660 676
660 677
660 678
660 679
661 662
661 663
661 664
661 665
661 666
661 667
661 668
661 669
661 670
661 671
661 672
661 673
661 674
661 675
661 676
661 677
661 678
661 679
661 690
662 663
662 664
662 665
662 666
662 667
662 668
662 669
662 670
662 671
662 672
662 673
662 674
662 675
662 676
662 677
662 678
662 679
662 695
663 664
663 665
663 666
663 667
663 668
663 669
663 670
663 671
663 672
663 673
663 674
663 675
663 676
663 677
663 678
663 679
663 697
664 665
664 666
664 667
664 668
664 669
664 670
664 671
664 672
664 673
664 674
664 675
664 676
664 677
664 678
664 679
665 666
665 667
665 668
665 669
665 670
665 671
665 672
665 673
665 674
665 675
665 676
665 677
665 678
665 679
666 667
666 668
666 669
666 670
666 671
666 672
666 673
666 674
666 675
666 676
666 677
666 678
666 679
667 668
667 669
667 670
667 671
667 672
667 673
667 674
667 675
667 676
667 677
667 678
667 679
667 695
668 669
668 670
668 671
668 672
668 673
668 674
668 675
668 676
668 677
668 678
668 679
668 691
669 670
669 671
669 672
669 673
669 674
669 675
669 676
669 677
669 678
669 679
670 671
670 672
670 673
670 674
670 675
670 676
670 677
670 678
670 679
670 690
671 672
671 673
671 674
671 675
671 676
671 677
671 678
671 679
671 680
671 689
672 673
672 674
672 675
672 676
672 677
672 678
672 679
673 674
673 675
673 676
673 677
673 678
673 679
674 675
674 676
674 677
674 678
674 679
674 687
675 676
675 677
675 678
675 679
675 688
675 692
675 687
676 677
676 678
676 679
676 681
676 690
676 698
676 683
677 678
677 679
677 684
677 698
678 679
679 683
679 682
680 681
680 682
680 683
680 684
680 685
680 686
680 687
680 688
680 689
680 690
680 691
680 692
680 693
680 694
680 695
680 696
680 697
680 698
680 699
680 712
680 708
681 682
681 683
681 684
681 685
681 686
681 687
681 688
681 689
681 690
681 691
681 692
681 693
681 694
681 695
681 696
681 697
681 698
681 699
681 700
682 683
682 684
682 685
682 686
682 687
682 688
682 689
682 690
682 691
682 692
682 693
682 694
682 695
682 696
682 697
682 698
682 699
682 710
683 684
683 685
683 686
683 687
683 688
683 689
683 690
683 691
683 692
683 693
683 694
683 695
683 696
683 697
683 698
683 699
684 685
684 686
684 687
684 688
684 689
684 690
684 691
684 692
684 693
684 694
684 695
684 696
684 697
684 698
684 699
684 705
685 686
685 687
685 688
685 689
685 690
685 691
685 692
685 693
685 694
685 695
685 696
685 697
685 698
685 699
685 705
686 687
686 688
686 689
686 690
686 691
686 692
686 693
686 694
686 695
686 696
686 697
686 698
686 699
686 712
687 688
687 689
687 690
687 691
687 692
687 693
687 694
687 695
687 696
687 697
687 698
687 699
687 719
688 689
688 690
688 691
688 692
688 693
688 694
688 695
688 696
688 697
688 698
688 699
688 706
689 690
689 691
689 692
689 693
689 694
689 695
689 696
689 697
689 698
689 699
689 711
690 691
690 692
690 693
690 694
690 695
690 696
690 697
690 698
690 699
691 692
691 693
691 694
691 695
691 696
691 697
691 698
691 699
691 719
691 709
692 693
692 694
692 695
692 696
692 697
692 698
692 699
693 694
693 695
693 696
693 697
693 698
693 699
693 706
694 695
694 696
694 697
694 698
694 699
695 696
695 697
695 698
695 699
695 714
695 708
695 700
696 697
696 698
696 699
696 704
697 698
697 699
698 699
698 716
698 704
699 718
700 701
700 702
700 703
700 704
700 705
700 706
700 707
700 708
700 709
700 710
700 711
700 712
700 713
700 714
700 715
700 716
700 717
700 718
700 719
700 725
700 729
701 702
701 703
701 704
701 705
701 706
701 707
701 708
701 709
701 710
701 711
701 712
701 713
701 714
701 715
701 716
701 717
701 718
701 719
702 703
702 704
702 705
702 706
702 707
702 708
702 709
702 710
702 711
702 712
702 713
702 714
702 715
702 716
702 717
702 718
702 719
702 726
703 704
703 705
703 706
703 707
703 708
703 709
703 710
703 711
703 712
703 713
703 714
703 715
703 716
703 717
703 718
703 719
704 705
704 706
704 707
704 708
704 709
704 710
704 711
704 712
704 713
704 714
704 715
704 716
704 717
704 718
704 719
704 732
705 706
705 707
705 708
705 709
705 710
705 711
705 712
705 713
705 714
705 715
705 716
705 717
705 718
705 719
705 734
705 732
706 707
706 708
706 709
706 710
706 711
706 712
706 713
706 714
706 715
706 716
706 717
706 718
706 719
706 728
707 708
707 709
707 710
707 711
707 712
707 713
707 714
707 715
707 716
707 717
707 718
707 719
707 739
708 709
708 710
708 711
708 712
708 713
708 714
708 715
708 716
708 717
708 718
708 719
708 728
709 710
709 711
709 712
709 713
709 714
709 715
709 716
709 717
709 718
709 719
710 711
710 712
710 713
710 714
710 715
710 716
710 717
710 718
710 719
710 733
710 737
711 712
711 713
711 714
711 715
711 716
711 717
711 718
711 719
711 736
712 713
712 714
712 715
712 716
712 717
712 718
712 719
712 723
712 724
712 731
713 714
713 715
713 716
713 717
713 718
713 719
713 732
714 715
714 716
714 717
714 718
714 719
715 716
715 717
715 718
715 719
715 727
716 717
716 718
716 719
716 733
716 722
717 718
717 719
718 719
718 737
720 721
720 722
720 723
720 724
720 725
720 726
720 727
720 728
720 729
720 730
720 731
720 732
720 733
720 734
720 735
720 736
720 737
720 738
720 739
721 722
721 723
721 724
721 725
721 726
721 727
721 728
721 729
721 730
721 731
721 732
721 733
721 734
721 735
721 736
721 737
721 738
721 739
721 748
722 723
722 724
722 725
722 726
722 727
722 728
722 729
722 730
722 731
722 732
722 733
722 734
722 735
722 736
722 737
722 738
722 739
722 759
723 724
723 725
723 726
723 727
723 728
723 729
723 730
723 731
723 732
723 733
723 734
723 735
723 736
723 737
723 738
723 739
723 747
724 725
724 726
724 727
724 728
724 729
724 730
724 731
724 732
724 733
724 734
724 735
724 736
724 737
724 738
724 739
724 741
725 726
725 727
725 728
725 729
725 730
725 731
725 732
725 733
725 734
725 735
725 736
725 737
725 738
725 739
726 727
726 728
726 729
726 730
726 731
726 732
726 733
726 734
726 735
726 736
726 737
726 738
726 739
726 748
727 728
727 729
727 730
727 731
727 732
727 733
727 734
727 735
727 736
727 737
727 738
727 739
728 729
728 730
728 731
728 732
728 733
728 734
728 735
728 736
728 737
728 738
728 739
729 730
729 731
729 732
729 733
729 734
729 735
729 736
729 737
729 738
729 739
729 746
729 756
729 744
730 731
730 732
730 733
730 734
730 735
730 736
730 737
730 738
730 739
730 758
731 732
731 733
731 734
731 735
731 736
731 737
731 738
731 739
731 754
731 743
732 733
732 734
732 735
732 736
732 737
732 738
732 739
732 754
732 740
732 755
733 734
733 735
733 736
733 737
733 738
733 739
733 750
734 735
734 736
734 737
734 738
734 739
734 756
735 736
735 737
735 738
735 739
736 737
736 738
736 739
736 744
737 738
737 739
737 744
738 739
739 754
740 741
740 742
740 743
740 744
740 745
740 746
740 747
740 748
740 749
740 750
740 751
740 752
740 753
740 754
740 755
740 756
740 757
740 758
740 759
740 777
740 760
741 742
741 743
741 744
741 745
741 746
741 747
741 748
741 749
741 750
741 751
741 752
741 753
741 754
741 755
741 756
741 757
741 758
741 759
741 775
742 743
742 744
742 745
742 746
742 747
742 748
742 749
742 750
742 751
742 752
742 753
742 754
742 755
742 756
742 757
742 758
742 759
742 770
743 744
743 745
743 746
743 747
743 748
743 749
743 750
743 751
743 752
743 753
743 754
743 755
743 756
743 757
743 758
743 759
743 769
744 745
744 746
744 747
744 748
744 749
744 750
744 751
744 752
744 753
744 754
744 755
744 756
744 757
744 758
744 759
744 769
744 775
745 746
745 747
745 748
745 749
745 750
745 751
745 752
745 753
745 754
745 755
745 756
745 757
745 758
745 759
746 747
746 748
746 749
746 750
746 751
746 752
746 753
746 754
746 755
746 756
746 757
746 758
746 759
746 762
746 769
747 748
747 749
747 750
747 751
747 752
747 753
747 754
747 755
747 756
747 757
747 758
747 759
748 749
748 750
748 751
748 752
748 753
748 754
748 755
748 756
748 757
748 758
748 759
748 773
748 767
749 750
749 751
749 752
749 753
749 754
749 755
749 756
749 757
749 758
749 759
749 763
750 751
750 752
750 753
750 754
750 755
750 756
750 757
750 758
750 759
751 752
751 753
751 754
751 755
751 756
751 757
751 758
751 759
751 773
751 769
752 753
752 754
752 755
752 756
752 757
752 758
752 759
752 770
753 754
753 755
753 756
753 757
753 758
753 759
753 774
753 765
754 755
754 756
754 757
754 758
754 759
755 756
755 757
755 758
755 759
756 757
756 758
756 759
756 761
757 758
757 759
757 769
758 759
758 768
760 761
760 762
760 763
760 764
760 765
760 766
760 767
760 768
760 769
760 770
760 771
760 772
760 773
760 774
760 775
760 776
760 777
760 778
760 779
761 762
761 763
761 764
761 765
761 766
761 767
761 768
761 769
761 770
761 771
761 772
761 773
761 774
761 775
761 776
761 777
761 778
761 779
762 763
762 764
762 765
762 766
762 767
762 768
762 769
762 770
762 771
762 772
762 773
762 774
762 775
762 776
762 777
762 778
762 779
762 781
762 780
763 764
763 765
763 766
763 767
763 768
763 769
763 770
763 771
763 772
763 773
763 774
763 775
763 776
763 777
763 778
763 779
763 784
763 782
764 765
764 766
764 767
764 768
764 769
764 770
764 771
764 772
764 773
764 774
764 775
764 776
764 777
764 778
764 779
764 789
764 793
764 786
765 766
765 767
765 768
765 769
765 770
765 771
765 772
765 773
765 774
765 775
765 776
765 777
765 778
765 779
766 767
766 768
766 769
766 770
766 771
766 772
766 773
766 774
766 775
766 776
766 777
766 778
766 779
767 768
767 769
767 770
767 771
767 772
767 773
767 774
767 775
767 776
767 777
767 778
767 779
767 794
767 783
768 769
768 770
768 771
768 772
768 773
768 774
768 775
768 776
768 777
768 778
768 779
768 784
768 787
769 770
769 771
769 772
769 773
769 774
769 775
769 776
769 777
769 778
769 779
769 790
769 798
770 771
770 772
770 773
770 774
770 775
770 776
770 777
770 778
770 779
770 786
771 772
771 773
771 774
771 775
771 776
771 777
771 778
771 779
772 773
772 774
772 775
772 776
772 777
772 778
772 779
772 797
773 774
773 775
773 776
773 777
773 778
773 779
774 775
774 776
774 777
774 778
774 779
775 776
775 777
775 778
775 779
776 777
776 778
776 779
776 796
777 778
777 779
777 794
777 783
778 779
778 784
780 781
780 782
780 783
780 784
780 785
780 786
780 787
780 788
780 789
780 790
780 791
780 792
780 793
780 794
780 795
780 796
780 797
780 798
780 799
780 816
780 805
781 782
781 783
781 784
781 785
781 786
781 787
781 788
781 789
781 790
781 791
781 792
781 793
781 794
781 795
781 796
781 797
781 798
781 799
782 783
782 784
782 785
782 786
782 787
782 788
782 789
782 790
782 791
782 792
782 793
782 794
782 795
782 796
782 797
782 798
782 799
783 784
783 785
783 786
783 787
783 788
783 789
783 790
783 791
783 792
783 793
783 794
783 795
783 796
783 797
783 798
783 799
783 817
784 785
784 786
784 787
784 788
784 789
784 790
784 791
784 792
784 793
784 794
784 795
784 796
784 797
784 798
784 799
785 786
785 787
785 788
785 789
785 790
785 791
785 792
785 793
785 794
785 795
785 796
785 797
785 798
785 799
786 787
786 788
786 789
786 790
786 791
786 792
786 793
786 794
786 795
786 796
786 797
786 798
786 799
787 788
787 789
787 790
787 791
787 792
787 793
787 794
787 795
787 796
787 797
787 798
787 799
787 804
788 789
788 790
788 791
788 792
788 793
788 794
788 795
788 796
788 797
788 798
788 799
788 801
788 810
789 790
789 791
789 792
789 793
789 794
789 795
789 796
789 797
789 798
789 799
789 805
790 791
790 792
790 793
790 794
790 795
790 796
790 797
790 798
790 799
790 811
791 792
791 793
791 794
791 795
791 796
791 797
791 798
791 799
791 801
791 807
792 793
792 794
792 795
792 796
792 797
792 798
792 799
793 794
793 795
793 796
793 797
793 798
793 799
793 802
793 813
793 815
794 795
794 796
794 797
794 798
794 799
794 814
794 818
795 796
795 797
795 798
795 799
795 819
795 811
796 797
796 798
796 799
797 798
797 799
798 799
798 807
798 805
799 817
800 801
800 802
800 803
800 804
800 805
800 806
800 807
800 808
800 809
800 810
800 811
800 812
800 813
800 814
800 815
800 816
800 817
800 818
800 819
800 839
801 802
801 803
801 804
801 805
801 806
801 807
801 808
801 809
801 810
801 811
801 812
801 813
801 814
801 815
801 816
801 817
801 818
801 819
801 834
802 803
802 804
802 805
802 806
802 807
802 808
802 809
802 810
802 811
802 812
802 813
802 814
802 815
802 816
802 817
802 818
802 819
802 836
803 804
803 805
803 806
803 807
803 808
803 809
803 810
803 811
803 812
803 813
803 814
803 815
803 816
803 817
803 818
803 819
804 805
804 806
804 807
804 808
804 809
804 810
804 811
804 812
804 813
804 814
804 815
804 816
804 817
804 818
804 819
804 839
804 820
804 831
804 827
805 806
805 807
805 808
805 809
805 810
805 811
805 812
805 813
805 814
805 815
805 816
805 817
805 818
805 819
805 825
805 829
806 807
806 808
806 809
806 810
806 811
806 812
806 813
806 814
806 815
806 816
806 817
806 818
806 819
807 808
807 809
807 810
807 811
807 812
807 813
807 814
807 815
807 816
807 817
807 818
807 819
807 833
808 809
808 810
808 811
808 812
808 813
808 814
808 815
808 816
808 817
808 818
808 819
808 839
809 810
809 811
809 812
809 813
809 814
809 815
809 816
809 817
809 818
809 819
809 821
810 811
810 812
810 813
810 814
810 815
810 816
810 817
810 818
810 819
810 829
811 812
811 813
811 814
811 815
811 816
811 817
811 818
811 819
811 834
812 813
812 814
812 815
812 816
812 817
812 818
812 819
813 814
813 815
813 816
813 817
813 818
813 819
813 826
814 815
814 816
814 817
814 818
814 819
814 836
815 816
815 817
815 818
815 819
815 836
816 817
816 818
816 819
816 825
816 836
817 818
817 819
818 819
819 830
820 821
820 822
820 823
820 824
820 825
820 826
820 827
820 828
820 829
820 830
820 831
820 832
820 833
820 834
820 835
820 836
820 837
820 838
820 839
821 822
821 823
821 824
821 825
821 826
821 827
821 828
821 829
821 830
821 831
821 832
821 833
821 834
821 835
821 836
821 837
821 838
821 839
821 850
822 823
822 824
822 825
822 826
822 827
822 828
822 829
822 830
822 831
822 832
822 833
822 834
822 835
822 836
822 837
822 838
822 839
822 844
822 858
823 824
823 825
823 826
823 827
823 828
823 829
823 830
823 831
823 832
823 833
823 834
823 835
823 836
823 837
823 838
823 839
824 825
824 826
824 827
824 828
824 829
824 830
824 831
824 832
824 833
824 834
824 835
824 836
824 837
824 838
824 839
825 826
825 827
825 828
825 829
825 830
825 831
825 832
825 833
825 834
825 835
825 836
825 837
825 838
825 839
826 827
826 828
826 829
826 830
826 831
826 832
826 833
826 834
826 835
826 836
826 837
826 838
826 839
827 828
827 829
827 830
827 831
827 832
827 833
827 834
827 835
827 836
827 837
827 838
827 839
827 856
828 829
828 830
828 831
828 832
828 833
828 834
828 835
828 836
828 837
828 838
828 839
828 846
828 849
829 830
829 831
829 832
829 833
829 834
829 835
829 836
829 837
829 838
829 839
829 852
830 831
830 832
830 833
830 834
830 835
830 836
830 837
830 838
830 839
830 840
831 832
831 833
831 834
831 835
831 836
831 837
831 838
831 839
832 833
832 834
832 835
832 836
832 837
832 838
832 839
833 834
833 835
833 836
833 837
833 838
833 839
833 857
834 835
834 836
834 837
834 838
834 839
834 844
835 836
835 837
835 838
835 839
835 840
835 856
835 844
836 837
836 838
836 839
836 848
837 838
837 839
837 846
838 839
838 849
838 852
838 842
839 847
840 841
840 842
840 843
840 844
840 845
840 846
840 847
840 848
840 849
840 850
840 851
840 852
840 853
840 854
840 855
840 856
840 857
840 858
840 859
840 874
840 871
840 877
841 842
841 843
841 844
841 845
841 846
841 847
841 848
841 849
841 850
841 851
841 852
841 853
841 854
841 855
841 856
841 857
841 858
841 859
841 861
842 843
842 844
842 845
842 846
842 847
842 848
842 849
842 850
842 851
842 852
842 853
842 854
842 855
842 856
842 857
842 858
842 859
842 872
843 844
843 845
843 846
843 847
843 848
843 849
843 850
843 851
843 852
843 853
843 854
843 855
843 856
843 857
843 858
843 859
844 845
844 846
844 847
844 848
844 849
844 850
844 851
844 852
844 853
844 854
844 855
844 856
844 857
844 858
844 859
844 875
845 846
845 847
845 848
845 849
845 850
845 851
845 852
845 853
845 854
845 855
845 856
845 857
845 858
845 859
846 847
846 848
846 849
846 850
846 851
846 852
846 853
846 854
846 855
846 856
846 857
846 858
846 859
846 867
846 866
846 865
846 870
847 848
847 849
847 850
847 851
847 852
847 853
847 854
847 855
847 856
847 857
847 858
847 859
848 849
848 850
848 851
848 852
848 853
848 854
848 855
848 856
848 857
848 858
848 859
849 850
849 851
849 852
849 853
849 854
849 855
849 856
849 857
849 858
849 859
849 861
849 865
850 851
850 852
850 853
850 854
850 855
850 856
850 857
850 858
850 859
851 852
851 853
851 854
851 855
851 856
851 857
851 858
851 859
851 863
852 853
852 854
852 855
852 856
852 857
852 858
852 859
853 854
853 855
853 856
853 857
853 858
853 859
853 868
854 855
854 856
854 857
854 858
854 859
855 856
855 857
855 858
855 859
855 874
856 857
856 858
856 859
856 863
857 858
857 859
858 859
858 876
858 868
859 862
860 861
860 862
860 863
860 864
860 865
860 866
860 867
860 868
860 869
860 870
860 871
860 872
860 873
860 874
860 875
860 876
860 877
860 878
860 879
860 889
860 882
861 862
861 863
861 864
861 865
861 866
861 867
861 868
861 869
861 870
861 871
861 872
861 873
861 874
861 875
861 876
861 877
861 878
861 879
861 897
862 863
862 864
862 865
862 866
862 867
862 868
862 869
862 870
862 871
862 872
862 873
862 874
862 875
862 876
862 877
862 878
862 879
863 864
863 865
863 866
863 867
863 868
863 869
863 870
863 871
863 872
863 873
863 874
863 875
863 876
863 877
863 878
863 879
863 887
864 865
864 866
864 867
864 868
864 869
864 870
864 871
864 872
864 873
864 874
864 875
864 876
864 877
864 878
864 879
864 893
864 887
864 899
865 866
865 867
865 868
865 869
865 870
865 871
865 872
865 873
865 874
865 875
865 876
865 877
865 878
865 879
866 867
866 868
866 869
866 870
866 871
866 872
866 873
866 874
866 875
866 876
866 877
866 878
866 879
866 887
866 894
866 892
867 868
867 869
867 870
867 871
867 872
867 873
867 874
867 875
867 876
867 877
867 878
867 879
867 880
868 869
868 870
868 871
868 872
868 873
868 874
868 875
868 876
868 877
868 878
868 879
868 894
869 870
869 871
869 872
869 873
869 874
869 875
869 876
869 877
869 878
869 879
870 871
870 872
870 873
870 874
870 875
870 876
870 877
870 878
870 879
870 888
870 882
871 872
871 873
871 874
871 875
871 876
871 877
871 878
871 879
871 895
872 873
872 874
872 875
872 876
872 877
872 878
872 879
872 895
872 884
873 874
873 875
873 876
873 877
873 878
873 879
874 875
874 876
874 877
874 878
874 879
875 876
875 877
875 878
875 879
876 877
876 878
876 879
876 886
877 878
877 879
877 885
878 879
879 882
880 881
880 882
880 883
880 884
880 885
880 886
880 887
880 888
880 889
880 890
880 891
880 892
880 893
880 894
880 895
880 896
880 897
880 898
880 899
880 907
881 882
881 883
881 884
881 885
881 886
881 887
881 888
881 889
881 890
881 891
881 892
881 893
881 894
881 895
881 896
881 897
881 898
881 899
882 883
882 884
882 885
882 886
882 887
882 888
882 889
882 890
882 891
882 892
882 893
882 894
882 895
882 896
882 897
882 898
882 899
882 910
882 909
883 884
883 885
883 886
883 887
883 888
883 889
883 890
883 891
883 892
883 893
883 894
883 895
883 896
883 897
883 898
883 899
883 915
884 885
884 886
884 887
884 888
884 889
884 890
884 891
884 892
884 893
884 894
884 895
884 896
884 897
884 898
884 899
884 900
885 886
885 887
885 888
885 889
885 890
885 891
885 892
885 893
885 894
885 895
885 896
885 897
885 898
885 899
886 887
886 888
886 889
886 890
886 891
886 892
886 893
886 894
886 895
886 896
886 897
886 898
886 899
887 888
887 889
887 890
887 891
887 892
887 893
887 894
887 895
887 896
887 897
887 898
887 899
887 917
888 889
888 890
888 891
888 892
888 893
888 894
888 895
888 896
888 897
888 898
888 899
888 908
889 890
889 891
889 892
889 893
889 894
889 895
889 896
889 897
889 898
889 899
889 913
890 891
890 892
890 893
890 894
890 895
890 896
890 897
890 898
890 899
890 907
890 910
891 892
891 893
891 894
891 895
891 896
891 897
891 898
891 899
891 919
891 917
892 893
892 894
892 895
892 896
892 897
892 898
892 899
893 894
893 895
893 896
893 897
893 898
893 899
893 903
893 918
894 895
894 896
894 897
894 898
894 899
895 896
895 897
895 898
895 899
895 912
896 897
896 898
896 899
896 907
897 898
897 899
897 902
897 907
898 899
899 901
899 919
900 901
900 902
900 903
900 904
900 905
900 906
900 907
900 908
900 909
900 910
900 911
900 912
900 913
900 914
900 915
900 916
900 917
900 918
900 919
901 902
901 903
901 904
901 905
901 906
901 907
901 908
901 909
901 910
901 911
901 912
901 913
901 914
901 915
901 916
901 917
901 918
901 919
901 922
901 923
902 903
902 904
902 905
902 906
902 907
902 908
902 909
902 910
902 911
902 912
902 913
902 914
902 915
902 916
902 917
902 918
902 919
902 936
903 904
903 905
903 906
903 907
903 908
903 909
903 910
903 911
903 912
903 913
903 914
903 915
903 916
903 917
903 918
903 919
903 921
904 905
904 906
904 907
904 908
904 909
904 910
904 911
904 912
904 913
904 914
904 915
904 916
904 917
904 918
904 919
904 938
904 925
905 906
905 907
905 908
905 909
905 910
905 911
905 912
905 913
905 914
905 915
905 916
905 917
905 918
905 919
905 928
906 907
906 908
906 909
906 910
906 911
906 912
906 913
906 914
906 915
906 916
906 917
906 918
906 919
906 922
906 930
907 908
907 909
907 910
907 911
907 912
907 913
907 914
907 915
907 916
907 917
907 918
907 919
908 909
908 910
908 911
908 912
908 913
908 914
908 915
908 916
908 917
908 918
908 919
908 931
908 936
909 910
909 911
909 912
909 913
909 914
909 915
909 916
909 917
909 918
909 919
910 911
910 912
910 913
910 914
910 915
910 916
910 917
910 918
910 919
910 938
911 912
911 913
911 914
911 915
911 916
911 917
911 918
911 919
911 921
912 913
912 914
912 915
912 916
912 917
912 918
912 919
912 939
912 925
913 914
913 915
913 916
913 917
913 918
913 919
914 915
914 916
914 917
914 918
914 919
914 935
914 929
914 927
915 916
915 917
915 918
915 919
916 917
916 918
916 919
917 918
917 919
917 929
917 932
918 919
920 921
920 922
920 923
920 924
920 925
920 926
920 927
920 928
920 929
920 930
920 931
920 932
920 933
920 934
920 935
920 936
920 937
920 938
920 939
920 949
920 959
921 922
921 923
921 924
921 925
921 926
921 927
921 928
921 929
921 930
921 931
921 932
921 933
921 934
921 935
921 936
921 937
921 938
921 939
922 923
922 924
922 925
922 926
922 927
922 928
922 929
922 930
922 931
922 932
922 933
922 934
922 935
922 936
922 937
922 938
922 939
922 956
923 924
923 925
923 926
923 927
923 928
923 929
923 930
923 931
923 932
923 933
923 934
923 935
923 936
923 937
923 938
923 939
923 950
923 951
924 925
924 926
924 927
924 928
924 929
924 930
924 931
924 932
924 933
924 934
924 935
924 936
924 937
924 938
924 939
924 953
925 926
925 927
925 928
925 929
925 930
925 931
925 932
925 933
925 934
925 935
925 936
925 937
925 938
925 939
926 927
926 928
926 929
926 930
926 931
926 932
926 933
926 934
926 935
926 936
926 937
926 938
926 939
927 928
927 929
927 930
927 931
927 932
927 933
927 934
927 935
927 936
927 937
927 938
927 939
927 954
927 947
927 951
928 929
928 930
928 931
928 932
928 933
928 934
928 935
928 936
928 937
928 938
928 939
929 930
929 931
929 932
929 933
929 934
929 935
929 936
929 937
929 938
929 939
929 957
929 955
930 931
930 932
930 933
930 934
930 935
930 936
930 937
930 938
930 939
930 941
931 932
931 933
931 934
931 935
931 936
931 937
931 938
931 939
931 944
931 957
932 933
932 934
932 935
932 936
932 937
932 938
932 939
932 947
933 934
933 935
933 936
933 937
933 938
933 939
934 935
934 936
934 937
934 938
934 939
935 936
935 937
935 938
935 939
935 950
936 937
936 938
936 939
937 938
937 939
937 943
938 939
938 941
938 940
939 953
940 941
940 942
940 943
940 944
940 945
940 946
940 947
940 948
940 949
940 950
940 951
940 952
940 953
940 954
940 955
940 956
940 957
940 958
940 959
940 968
941 942
941 943
941 944
941 945
941 946
941 947
941 948
941 949
941 950
941 951
941 952
941 953
941 954
941 955
941 956
941 957
941 958
941 959
942 943
942 944
942 945
942 946
942 947
942 948
942 949
942 950
942 951
942 952
942 953
942 954
942 955
942 956
942 957
942 958
942 959
942 973
942 972
943 944
943 945
943 946
943 947
943 948
943 949
943 950
943 951
943 952
943 953
943 954
943 955
943 956
943 957
943 958
943 959
943 969
943 962
944 945
944 946
944 947
944 948
944 949
944 950
944 951
944 952
944 953
944 954
944 955
944 956
944 957
944 958
944 959
945 946
945 947
945 948
945 949
945 950
945 951
945 952
945 953
945 954
945 955
945 956
945 957
945 958
945 959
945 976
945 977
946 947
946 948
946 949
946 950
946 951
946 952
946 953
946 954
946 955
946 956
946 957
946 958
946 959
946 963
946 978
946 968
947 948
947 949
947 950
947 951
947 952
947 953
947 954
947 955
947 956
947 957
947 958
947 959
947 969
947 974
948 949
948 950
948 951
948 952
948 953
948 954
948 955
948 956
948 957
948 958
948 959
948 972
949 950
949 951
949 952
949 953
949 954
949 955
949 956
949 957
949 958
949 959
950 951
950 952
950 953
950 954
950 955
950 956
950 957
950 958
950 959
950 961
951 952
951 953
951 954
951 955
951 956
951 957
951 958
951 959
952 953
952 954
952 955
952 956
952 957
952 958
952 959
953 954
953 955
953 956
953 957
953 958
953 959
954 955
954 956
954 957
954 958
954 959
954 975
954 963
954 965
955 956
955 957
955 958
955 959
956 957
956 958
956 959
957 958
957 959
958 959
958 960
959 965
959 966
960 961
960 962
960 963
960 964
960 965
960 966
960 967
960 968
960 969
960 970
960 971
960 972
960 973
960 974
960 975
960 976
960 977
960 978
960 979
960 993
960 995
961 962
961 963
961 964
961 965
961 966
961 967
961 968
961 969
961 970
961 971
961 972
961 973
961 974
961 975
961 976
961 977
961 978
961 979
961 996
962 963
962 964
962 965
962 966
962 967
962 968
962 969
962 970
962 971
962 972
962 973
962 974
962 975
962 976
962 977
962 978
962 979
962 985
962 992
962 999
963 964
963 965
963 966
963 967
963 968
963 969
963 970
963 971
963 972
963 973
963 974
963 975
963 976
963 977
963 978
963 979
964 965
964 966
964 967
964 968
964 969
964 970
964 971
964 972
964 973
964 974
964 975
964 976
964 977
964 978
964 979
964 998
964 989
965 966
965 967
965 968
965 969
965 970
965 971
965 972
965 973
965 974
965 975
965 976
965 977
965 978
965 979
965 986
965 999
966 967
966 968
966 969
966 970
966 971
966 972
966 973
966 974
966 975
966 976
966 977
966 978
966 979
966 983
967 968
967 969
967 970
967 971
967 972
967 973
967 974
967 975
967 976
967 977
967 978
967 979
967 991
968 969
968 970
968 971
968 972
968 973
968 974
968 975
968 976
968 977
968 978
968 979
968 996
969 970
969 971
969 972
969 973
969 974
969 975
969 976
969 977
969 978
969 979
969 993
970 971
970 972
970 973
970 974
970 975
970 976
970 977
970 978
970 979
971 972
971 973
971 974
971 975
971 976
971 977
971 978
971 979
972 973
972 974
972 975
972 976
972 977
972 978
972 979
973 974
973 975
973 976
973 977
973 978
973 979
974 975
974 976
974 977
974 978
974 979
974 986
974 988
975 976
975 977
975 978
975 979
976 977
976 978
976 979
976 984
977 978
977 979
978 979
978 981
978 993
979 995
980 981
980 982
980 983
980 984
980 985
980 986
980 987
980 988
980 989
980 990
980 991
980 992
980 993
980 994
980 995
980 996
980 997
980 998
980 999
981 982
981 983
981 984
981 985
981 986
981 987
981 988
981 989
981 990
981 991
981 992
981 993
981 994
981 995
981 996
981 997
981 998
981 999
982 983
982 984
982 985
982 986
982 987
982 988
982 989
982 990
982 991
982 992
982 993
982 994
982 995
982 996
982 997
982 998
982 999
983 984
983 985
983 986
983 987
983 988
983 989
983 990
983 991
983 992
983 993
983 994
983 995
983 996
983 997
983 998
983 999
984 985
984 986
984 987
984 988
984 989
984 990
984 991
984 992
984 993
984 994
984 995
984 996
984 997
984 998
984 999
985 986
985 987
985 988
985 989
985 990
985 991
985 992
985 993
985 994
985 995
985 996
985 997
985 998
985 999
986 987
986 988
986 989
986 990
986 991
986 992
986 993
986 994
986 995
986 996
986 997
986 998
986 999
987 988
987 989
987 990
987 991
987 992
987 993
987 994
987 995
987 996
987 997
987 998
987 999
988 989
988 990
988 991
988 992
988 993
988 994
988 995
988 996
988 997
988 998
988 999
989 990
989 991
989 992
989 993
989 994
989 995
989 996
989 997
989 998
989 999
990 991
990 992
990 993
990 994
990 995
990 996
990 997
990 998
990 999
991 992
991 993
991 994
991 995
991 996
991 997
991 998
991 999
992 993
992 994
992 995
992 996
992 997
992 998
992 999
993 994
993 995
993 996
993 997
993 998
993 999
994 995
994 996
994 997
994 998
994 999
995 996
995 997
995 998
995 999
996 997
996 998
996 999
997 998
997 999
998 999
