0 1
0 24
0 26
0 106
0 14
0 74
0 20
0 186
0 151
0 189
0 108
0 18
0 21
0 69
0 6
0 129
0 183
0 25
0 160
0 227
0 70
0 19
0 7
0 2
0 114
0 206
0 49
0 13
0 59
0 223
0 29
0 94
0 120
0 125
0 54
0 112
1 69
1 13
1 89
1 21
1 120
1 104
1 181
1 23
1 67
1 208
1 96
1 9
1 62
1 61
1 59
1 130
1 145
1 107
1 235
1 153
1 26
1 3
1 54
1 32
1 70
1 90
1 253
1 14
1 27
1 29
1 43
1 51
1 106
1 161
1 35
1 19
1 55
1 217
1 189
1 2
1 184
1 6
2 3
2 29
2 96
2 51
2 54
2 207
2 112
2 94
2 68
2 18
2 146
2 55
2 114
2 106
2 31
2 90
2 50
2 235
2 19
2 35
2 27
2 20
2 145
2 138
2 137
2 74
2 188
2 107
2 115
2 120
2 181
2 189
2 7
2 13
2 14
2 15
2 153
2 21
2 32
2 61
2 121
2 135
2 58
2 246
2 43
2 6
2 26
2 70
2 104
2 62
2 8
2 184
2 151
2 49
2 179
2 9
2 136
2 109
2 59
2 196
3 42
3 109
3 122
3 144
3 43
3 138
3 54
3 6
3 233
3 13
3 55
3 32
3 51
3 251
3 50
3 49
3 56
3 96
3 21
3 106
3 253
3 303
3 39
3 62
3 189
3 107
3 152
3 187
3 22
3 7
3 9
3 104
3 120
3 14
3 35
3 121
3 115
3 180
3 59
3 29
3 184
3 19
3 27
3 15
4 5
4 100
4 30
4 133
4 134
4 177
4 47
4 162
4 166
4 230
4 37
4 124
4 219
4 53
4 80
5 30
5 125
5 162
5 21
5 126
5 37
5 124
5 12
5 47
5 142
5 187
5 219
5 40
5 123
5 134
5 10
5 177
5 36
5 100
5 133
5 53
5 80
5 230
5 173
5 166
6 7
6 74
6 16
6 14
6 43
6 152
6 62
6 55
6 115
6 160
6 109
6 107
6 25
6 250
6 130
6 70
6 42
6 28
6 15
6 106
6 50
6 120
6 184
6 67
6 90
6 143
6 18
6 29
6 164
6 19
6 94
6 217
6 21
6 32
6 59
6 135
6 54
6 23
6 8
6 275
6 56
6 27
6 22
6 151
6 61
6 93
6 104
6 9
6 114
6 49
6 121
6 129
6 60
6 20
6 51
6 205
6 206
6 119
6 265
6 105
6 52
6 223
6 153
6 92
6 167
6 163
6 35
6 57
7 23
7 160
7 87
7 177
7 61
7 98
7 167
7 29
7 70
7 154
7 88
7 28
7 32
7 43
7 135
7 9
7 21
7 20
7 114
7 107
7 104
7 186
7 183
7 91
7 138
7 55
7 94
7 19
7 203
7 63
7 35
7 59
7 27
7 164
7 54
7 60
7 89
7 184
7 15
7 136
7 62
7 14
7 22
7 139
7 194
7 24
7 129
7 144
7 137
7 49
8 9
8 32
8 143
8 90
8 119
8 120
8 27
8 50
8 19
8 265
8 43
9 90
9 108
9 14
9 107
9 29
9 51
9 185
9 203
9 19
9 18
9 38
9 70
9 89
9 59
9 160
9 21
9 35
9 106
9 91
9 151
9 143
9 23
9 20
9 135
9 54
9 50
9 188
9 136
9 43
9 114
9 32
9 121
9 266
9 184
9 250
9 109
9 163
9 74
9 63
9 120
9 11
9 49
9 62
9 265
9 183
9 152
9 94
9 31
9 25
9 105
10 11
10 52
10 123
10 29
10 12
10 46
10 69
10 120
10 186
10 30
10 26
10 298
10 13
10 62
11 154
11 105
11 15
11 126
11 237
11 50
11 21
11 218
11 73
11 102
11 256
11 160
11 164
11 12
11 49
11 29
11 176
11 101
11 88
11 296
11 142
11 28
11 208
11 146
11 20
11 163
11 38
12 13
12 187
12 207
12 124
12 162
12 80
12 30
12 37
12 177
12 166
12 53
12 173
12 219
12 133
12 36
12 230
12 100
12 62
13 53
13 177
13 139
13 169
13 164
13 49
13 105
13 231
13 208
13 144
13 96
13 21
13 154
13 240
13 30
13 114
13 90
13 59
13 62
13 135
13 88
13 160
13 207
13 15
13 138
13 38
13 29
13 133
13 27
13 80
13 35
13 189
14 15
14 91
14 105
14 19
14 112
14 200
14 27
14 163
14 35
14 104
14 63
14 255
14 184
14 50
14 135
14 61
14 257
14 54
14 129
14 28
14 17
14 20
14 120
14 42
14 130
14 145
14 29
14 59
14 16
14 93
14 90
14 49
14 23
14 151
14 56
14 167
14 154
14 250
14 55
14 62
14 88
14 136
14 21
14 137
14 67
14 60
14 43
14 153
14 96
14 106
14 74
14 70
14 115
14 181
14 121
14 92
14 32
15 107
15 112
15 129
15 153
15 55
15 164
15 99
15 120
15 50
15 59
15 105
15 20
15 98
15 35
15 217
15 70
15 62
15 154
15 30
15 114
15 251
15 54
15 305
15 176
15 74
15 32
15 38
15 51
15 104
15 180
15 19
15 28
15 106
15 52
15 256
16 17
16 74
16 38
16 22
16 92
16 107
16 217
16 98
16 60
16 35
16 24
16 265
16 129
16 50
16 206
16 32
16 23
16 130
16 115
16 227
16 28
16 205
16 56
16 145
16 55
16 61
16 59
16 176
16 257
16 161
16 223
17 206
17 115
17 107
17 139
17 60
17 151
17 120
17 71
17 129
18 19
18 120
18 27
18 26
18 55
18 54
18 29
18 114
18 35
18 109
18 94
18 25
18 24
19 62
19 35
19 151
19 63
19 31
19 91
19 104
19 186
19 70
19 98
19 23
19 56
19 60
19 93
19 107
19 163
19 88
19 109
19 112
19 90
19 183
19 184
19 27
19 135
19 74
19 153
19 43
19 61
19 49
19 181
19 59
19 50
19 164
19 275
19 54
19 145
19 266
19 55
19 250
19 20
19 94
19 105
19 32
19 25
19 29
19 26
19 28
19 114
19 152
19 129
19 167
19 67
19 136
19 120
19 106
19 51
20 21
20 125
20 105
20 31
20 94
20 55
20 43
20 227
20 38
20 119
20 186
20 164
20 151
20 50
20 59
20 152
20 108
20 49
20 120
20 308
20 106
20 27
20 54
20 70
20 62
20 29
20 109
20 25
20 51
20 39
20 74
20 137
20 178
21 127
21 107
21 70
21 108
21 72
21 35
21 105
21 22
21 59
21 73
21 151
21 186
21 152
21 55
21 62
21 163
21 265
21 142
21 120
21 164
21 196
21 40
21 203
21 188
21 185
21 27
21 250
21 43
21 126
21 208
21 94
21 143
22 23
22 61
22 27
22 55
22 107
22 217
22 60
22 28
22 35
22 90
22 129
22 121
22 161
22 92
22 115
22 42
22 257
22 49
22 67
22 130
22 56
22 205
22 32
22 93
23 161
23 164
23 93
23 60
23 167
23 115
23 50
23 206
23 55
23 107
23 56
23 49
23 92
23 54
23 94
23 61
23 27
23 28
23 35
23 90
23 67
23 184
23 63
23 120
23 105
23 154
23 135
23 26
23 29
23 59
23 109
23 121
23 275
23 38
23 163
23 48
23 52
23 129
24 114
24 199
24 170
24 120
24 77
24 93
24 56
24 137
25 26
25 43
25 240
25 164
25 125
25 94
25 49
25 109
25 320
25 114
25 29
26 27
26 54
26 135
26 51
26 35
26 59
26 106
26 29
26 32
26 67
26 94
26 89
26 223
26 55
26 115
26 114
26 240
27 28
27 58
27 92
27 94
27 67
27 70
27 35
27 60
27 266
27 167
27 278
27 51
27 61
27 107
27 56
27 109
27 130
27 29
27 43
27 50
27 181
27 104
27 93
27 59
27 74
27 115
27 233
27 129
27 120
27 145
27 136
27 184
27 164
27 62
27 200
27 54
27 32
27 163
27 153
27 38
27 189
27 55
27 106
28 121
28 88
28 109
28 94
28 55
28 56
28 217
28 62
28 92
28 129
28 127
28 67
28 61
28 257
28 167
28 60
28 115
28 184
28 38
28 163
28 42
28 93
28 176
28 90
28 107
28 35
28 164
28 275
28 130
28 205
29 30
29 86
29 120
29 153
29 119
29 106
29 52
29 107
29 235
29 138
29 35
29 90
29 233
29 125
29 135
29 113
29 143
29 51
29 89
29 152
29 60
29 189
29 151
29 144
29 49
29 160
29 104
29 253
29 69
29 88
29 70
29 98
29 208
29 186
29 203
29 139
29 80
29 255
29 71
29 59
29 96
29 32
29 114
29 231
29 269
29 43
29 109
29 62
29 99
29 164
29 121
29 54
29 74
30 47
30 125
30 52
30 187
30 124
30 269
30 166
30 36
30 112
30 80
30 298
30 102
30 97
30 173
30 219
30 177
30 230
30 100
30 122
30 49
30 37
30 69
30 162
31 32
31 116
31 143
31 182
31 54
31 120
31 163
31 106
31 43
31 51
31 59
31 68
32 35
32 67
32 68
32 106
32 50
32 119
32 54
32 70
32 255
32 43
32 49
32 283
32 90
32 181
32 121
32 205
32 107
32 269
32 62
32 56
32 152
32 143
32 55
32 203
32 59
32 120
32 51
32 89
32 91
33 34
33 168
33 197
33 202
33 242
33 271
33 220
33 44
33 272
33 229
33 62
33 263
33 221
33 262
33 222
33 239
34 229
34 168
34 242
35 59
35 63
35 104
35 153
35 69
35 94
35 93
35 152
35 90
35 70
35 151
35 92
35 160
35 42
35 252
35 130
35 181
35 109
35 135
35 203
35 217
35 136
35 119
35 86
35 50
35 74
35 253
35 121
35 138
35 107
35 163
35 43
35 91
35 275
35 233
35 167
35 89
35 161
35 56
35 62
35 38
35 106
35 49
35 164
35 60
35 54
35 105
35 189
35 51
35 61
35 57
35 120
35 129
35 67
35 55
35 115
35 184
36 37
36 100
36 134
36 219
36 177
36 173
36 124
36 166
36 47
36 80
36 230
36 187
36 162
37 80
37 47
37 187
37 162
37 133
37 125
37 166
37 100
37 219
37 230
37 177
37 124
37 134
38 39
38 49
38 208
38 109
38 120
38 164
38 257
38 256
38 105
38 305
39 305
39 99
40 41
40 73
40 146
40 66
40 127
40 142
40 70
40 196
40 72
40 179
40 103
40 172
40 126
41 66
41 172
41 196
41 73
41 126
41 179
41 146
41 142
42 71
42 51
42 74
42 152
42 138
42 55
42 120
42 139
42 54
43 50
43 68
43 54
43 129
43 153
43 49
43 51
43 120
43 59
43 143
43 226
43 251
43 105
43 151
43 160
43 121
43 188
43 185
43 89
43 62
43 250
43 91
43 70
43 203
43 119
43 106
43 114
43 67
43 184
43 152
44 45
44 77
44 174
44 239
44 243
44 117
44 214
44 293
44 304
44 220
44 316
44 199
44 170
44 297
44 283
45 157
45 128
45 132
45 79
45 131
45 81
45 147
45 118
45 150
45 245
45 117
45 149
45 78
45 201
45 195
46 47
46 113
46 125
46 69
46 217
46 52
46 160
46 120
47 219
47 52
47 124
47 134
47 125
47 230
47 162
47 177
47 133
47 173
47 123
47 80
47 100
48 49
48 120
49 96
49 125
49 189
49 133
49 98
49 152
49 177
49 186
49 105
49 231
49 56
49 124
49 144
49 107
49 51
49 55
49 90
49 227
49 74
49 207
49 100
49 164
49 154
49 252
49 67
49 108
49 138
49 71
49 62
49 59
49 106
49 114
49 70
49 139
50 51
50 71
50 52
50 104
50 155
50 121
50 102
50 178
50 223
50 152
50 56
50 265
50 184
50 111
50 59
50 120
50 165
50 251
50 237
50 70
50 154
50 90
50 110
50 61
50 112
50 252
50 129
50 280
50 125
50 232
50 218
50 217
50 101
50 224
50 301
50 107
50 55
50 62
50 151
50 259
50 250
50 108
50 122
50 115
50 54
51 120
51 106
51 143
51 112
51 94
51 240
51 119
51 54
51 259
51 59
51 151
51 89
51 88
51 203
51 185
51 68
51 70
51 62
51 180
51 104
52 53
52 142
52 133
52 113
52 160
52 69
52 102
52 125
52 107
52 230
52 173
52 100
53 80
53 162
53 177
53 100
53 133
53 62
53 126
53 72
53 142
54 55
54 145
54 104
54 62
54 181
54 164
54 178
54 160
54 109
54 114
54 203
54 107
54 163
54 60
54 59
54 153
54 235
54 137
54 151
54 61
54 112
54 184
54 120
54 67
54 226
54 152
54 154
54 250
54 91
54 68
54 106
54 180
54 70
55 70
55 93
55 67
55 217
55 265
55 61
55 107
55 153
55 145
55 184
55 129
55 121
55 115
55 56
55 90
55 130
55 62
55 94
55 120
55 60
55 185
55 105
55 59
55 104
55 92
56 57
56 93
56 122
56 70
56 102
56 107
56 161
56 90
56 233
56 115
56 129
56 121
56 71
56 60
56 184
56 206
56 59
56 61
56 178
56 67
56 92
57 115
57 121
58 152
58 167
58 186
58 153
58 59
58 171
59 94
59 96
59 167
59 121
59 183
59 106
59 187
59 181
59 235
59 151
59 104
59 153
59 138
59 107
59 145
59 119
59 203
59 112
59 93
59 188
59 184
59 114
59 61
59 136
59 63
59 90
59 129
59 62
59 163
59 70
59 250
59 120
59 189
59 115
59 152
59 180
59 98
59 67
59 74
59 88
59 154
59 91
59 60
59 135
59 137
59 164
60 61
60 104
60 63
60 115
60 116
60 129
60 135
60 154
60 205
60 217
60 257
60 161
60 121
60 107
60 62
60 176
60 93
60 92
60 130
61 104
61 115
61 153
61 70
61 135
61 161
61 129
61 93
61 62
61 130
61 171
61 107
61 184
61 205
61 67
61 164
61 98
61 121
61 120
61 92
62 88
62 137
62 112
62 178
62 129
62 108
62 135
62 154
62 280
62 106
62 70
62 181
62 274
62 291
62 91
62 127
62 120
62 121
62 74
62 105
62 71
62 251
62 314
62 252
62 184
62 164
62 171
62 180
62 104
62 119
62 153
62 87
62 107
62 63
63 70
63 252
63 136
63 106
63 107
63 92
63 184
63 91
63 112
64 65
64 107
64 120
65 120
66 179
66 172
66 142
66 146
66 73
66 72
66 126
66 196
67 107
67 115
67 70
67 129
67 93
67 121
67 144
67 90
68 70
68 89
68 240
68 152
68 203
68 164
68 143
69 70
69 113
69 208
69 303
69 125
69 256
69 133
69 189
69 120
69 312
69 80
70 167
70 181
70 136
70 107
70 74
70 146
70 151
70 126
70 72
70 246
70 135
70 121
70 91
70 106
70 108
70 88
70 109
70 112
70 138
70 227
70 179
70 104
70 196
70 226
70 153
70 178
70 96
70 73
70 164
70 127
70 129
70 137
70 120
70 145
71 87
71 99
71 138
71 169
71 135
71 137
71 274
71 91
71 144
71 215
71 231
71 98
71 265
71 122
71 264
71 269
71 139
71 105
71 194
72 73
72 146
72 196
72 179
72 142
72 126
72 127
73 103
73 179
73 142
73 146
73 196
73 172
73 127
73 126
74 138
74 152
74 164
74 120
74 186
74 180
74 112
74 91
74 256
74 223
74 165
74 105
74 153
74 226
74 207
74 106
74 104
74 90
74 184
74 227
75 76
75 204
75 216
75 211
75 95
75 212
75 228
75 264
75 288
76 95
76 216
76 204
76 212
76 211
76 288
76 228
77 120
77 137
77 199
77 170
78 79
78 158
78 117
78 150
78 286
78 118
78 132
78 157
78 147
78 245
78 128
79 148
79 210
79 128
79 132
79 202
79 156
79 150
79 276
79 157
79 279
79 118
79 307
79 277
79 82
79 131
79 195
79 147
79 149
79 81
79 201
79 286
79 245
79 117
80 162
80 173
80 166
80 177
80 230
80 98
80 133
80 219
80 252
80 100
80 124
80 134
81 82
81 132
81 148
81 202
81 245
81 156
81 147
81 157
81 150
81 268
81 85
81 131
81 174
81 149
82 85
82 128
82 157
82 195
82 279
82 150
82 118
82 245
82 156
82 201
82 132
82 149
83 84
83 174
83 164
84 174
85 195
85 128
85 149
85 118
85 201
87 137
87 194
87 215
87 139
87 274
87 105
87 98
88 135
88 137
88 106
88 144
88 107
88 200
88 139
88 231
88 138
88 274
88 91
88 136
89 107
90 218
90 153
90 93
90 112
90 91
90 107
91 184
91 145
91 252
91 164
91 226
91 106
91 107
91 301
91 280
91 223
91 136
92 93
92 121
92 161
92 129
92 107
92 154
92 130
92 115
92 256
93 164
93 171
93 107
93 275
93 217
93 121
93 129
93 115
93 112
94 114
94 163
94 186
94 99
94 185
94 178
94 105
94 120
94 164
95 204
95 216
95 228
95 212
95 211
95 288
96 127
96 106
96 208
96 115
96 189
96 235
97 98
97 252
97 164
97 219
97 122
98 164
98 106
98 120
98 109
98 104
98 252
98 274
98 105
98 184
98 112
98 207
98 233
99 208
99 112
99 139
100 166
100 124
100 177
100 134
100 173
100 219
100 162
100 230
101 102
101 154
102 125
103 127
103 142
103 196
103 126
103 179
103 146
104 217
104 189
104 154
104 265
104 106
104 107
104 301
104 153
104 266
104 137
104 206
104 280
104 129
104 151
105 180
105 120
105 114
105 163
105 137
105 185
105 139
105 251
105 233
105 215
105 231
105 109
105 184
105 112
106 135
106 136
106 180
106 184
106 137
106 153
106 189
106 235
106 151
106 164
106 145
106 107
107 120
107 130
107 135
107 181
107 151
107 217
107 200
107 205
107 115
107 121
107 153
107 280
107 184
107 257
107 164
107 154
108 186
108 183
108 265
108 120
108 178
109 114
109 120
109 167
109 164
109 275
109 163
110 111
110 155
110 218
110 232
110 259
111 154
111 232
111 259
111 155
111 218
112 171
113 269
113 125
114 115
114 240
114 164
114 265
114 120
114 160
114 154
115 176
115 184
115 205
115 129
115 223
115 145
115 130
115 151
115 206
115 121
115 181
115 265
116 120
116 182
117 118
117 132
117 157
117 149
117 286
117 131
117 245
117 150
117 128
117 147
118 149
118 128
118 150
118 157
118 195
118 245
118 132
119 120
119 152
119 121
120 124
120 186
120 153
120 265
120 183
120 163
120 151
120 184
120 152
120 312
120 199
120 164
120 178
120 250
120 137
120 170
120 217
120 253
120 144
121 130
121 145
121 206
121 184
121 129
121 226
122 280
122 138
122 265
123 124
123 133
123 142
124 173
124 133
124 142
124 162
124 230
124 219
124 134
124 177
124 166
125 162
126 127
126 146
126 142
126 196
126 172
126 179
127 146
127 196
127 142
128 149
128 132
128 201
128 150
128 195
128 157
129 265
129 130
130 255
130 205
131 132
131 158
131 147
131 245
131 156
131 202
131 148
131 150
132 149
132 147
132 201
132 150
132 245
132 148
132 157
132 195
132 156
133 134
133 173
133 142
133 219
133 166
133 230
133 162
133 177
133 225
134 177
134 219
134 162
134 230
134 207
134 166
135 231
135 185
135 178
135 206
136 184
137 170
137 199
137 200
137 215
137 139
138 139
138 165
138 188
138 231
138 154
138 291
138 144
139 144
139 215
139 274
139 169
139 194
139 231
140 141
141 209
141 313
142 172
142 196
142 179
142 146
143 188
143 185
143 203
144 231
144 169
145 153
145 223
145 181
146 179
146 196
146 172
147 148
147 150
147 245
148 150
148 238
148 156
148 268
148 245
148 158
148 244
148 159
148 210
148 258
149 150
149 156
149 195
149 201
149 279
149 202
149 245
149 157
150 195
150 202
150 157
150 276
150 245
150 277
150 209
151 152
151 154
152 181
152 274
152 250
152 265
153 189
153 184
153 223
153 235
153 266
153 181
153 167
154 217
154 254
154 274
154 218
154 169
155 249
155 218
155 232
155 236
156 198
156 258
156 158
156 279
156 245
156 244
157 286
157 245
157 158
158 159
158 286
158 244
158 238
158 245
158 258
158 210
159 238
159 258
159 244
160 189
160 208
160 217
161 304
162 230
162 187
162 173
162 166
162 177
162 219
163 164
163 226
163 184
163 275
163 167
163 252
164 275
164 305
164 257
164 167
164 252
164 186
164 185
164 184
166 177
166 173
166 187
166 219
166 230
167 266
167 275
168 229
168 263
168 242
168 262
168 220
168 273
168 239
170 199
171 252
172 196
172 179
173 177
173 187
173 219
174 175
174 245
174 282
174 315
176 217
176 257
177 187
177 230
177 219
177 224
178 227
178 186
178 226
178 183
179 196
183 227
184 252
184 280
184 265
184 226
184 227
185 186
185 266
185 188
185 203
186 266
187 230
188 266
188 207
188 246
189 235
189 253
189 252
189 208
190 191
191 237
192 193
192 284
192 202
193 202
194 215
194 274
197 220
197 272
197 222
197 239
197 221
200 257
202 284
202 302
202 268
202 294
202 239
202 248
202 245
204 216
204 212
204 211
204 288
204 228
206 280
206 240
207 246
207 230
207 231
207 317
208 300
209 318
209 321
210 245
210 285
210 238
210 258
211 212
211 228
211 288
211 216
212 264
212 216
212 228
212 288
213 214
213 234
213 241
213 261
213 267
213 260
213 281
214 241
214 234
216 228
216 288
217 280
218 259
218 224
218 232
219 230
220 221
220 273
220 272
220 222
220 262
220 229
220 239
220 242
221 222
221 239
221 272
222 239
224 225
224 259
225 322
225 295
225 296
226 227
227 300
228 288
229 242
229 272
229 239
229 273
229 262
229 263
231 274
232 259
234 267
234 260
234 241
234 281
234 261
235 253
235 252
236 237
236 249
237 259
238 244
238 258
239 262
239 242
239 272
239 273
239 263
240 293
241 281
241 261
241 260
241 267
242 273
242 272
242 262
242 323
242 271
243 281
244 258
244 245
245 286
245 258
245 279
247 248
247 299
247 294
247 306
247 290
248 294
248 289
248 290
248 306
248 299
254 319
256 257
257 292
260 261
262 263
262 272
262 273
264 288
265 280
265 301
269 270
269 300
276 277
282 311
283 287
287 297
289 290
289 294
290 294
290 299
291 292
293 301
294 306
294 299
295 296
295 310
299 306
305 314
306 309
311 315
