436 428
436 465
436 373
436 511
436 507
436 376
436 423
436 400
436 566
436 523
436 387
436 496
436 402
436 392
436 556
436 475
436 559
436 484
436 366
436 370
436 478
436 497
436 412
436 434
436 553
436 524
436 506
436 363
436 414
436 394
436 488
436 378
436 395
436 492
436 542
436 385
436 561
436 525
436 461
436 438
436 527
436 517
436 513
436 483
436 563
436 431
428 451
428 559
428 553
428 444
428 427
428 353
428 366
428 391
428 515
428 544
428 506
428 456
428 523
428 558
428 526
428 479
428 387
428 405
428 415
428 567
428 395
428 542
428 514
428 408
428 570
428 34
428 404
428 414
428 438
428 412
428 434
428 500
428 520
428 370
428 497
428 376
428 461
428 508
428 430
428 525
428 511
428 463
428 475
428 432
428 561
428 507
428 373
428 473
428 419
428 492
428 460
428 378
428 482
428 563
428 517
428 545
428 402
428 549
428 417
428 465
428 425
428 452
428 524
428 512
428 423
428 484
428 513
428 400
428 431
428 392
428 360
450 531
450 361
450 547
450 497
450 500
450 390
450 373
450 548
450 557
450 474
450 452
450 481
450 539
450 463
450 475
450 489
450 396
450 388
450 354
450 519
450 376
531 444
531 372
531 405
531 539
531 442
531 500
531 361
531 466
531 376
531 504
531 397
531 529
531 350
531 481
531 519
531 455
531 557
531 470
531 359
531 522
531 429
531 396
531 489
531 547
531 570
531 426
531 555
531 543
531 563
531 474
531 355
531 475
531 452
531 463
531 546
531 568
531 382
531 354
538 404
538 514
538 375
538 456
538 483
538 493
538 439
538 542
538 517
538 352
538 462
538 511
538 479
538 398
538 394
538 419
538 503
538 500
538 376
538 560
538 440
538 395
538 408
538 353
538 559
538 412
538 484
538 368
538 561
538 536
538 417
538 566
538 527
538 525
538 465
538 497
538 487
538 400
538 363
538 366
538 512
538 444
538 545
538 494
538 392
538 409
538 431
538 423
538 537
538 492
538 526
404 536
404 392
404 388
404 352
404 560
404 493
404 503
404 537
404 483
404 408
404 431
404 400
404 445
404 479
404 452
404 462
404 353
404 409
404 512
404 440
404 487
404 506
404 484
404 398
404 526
404 465
404 415
404 511
404 419
404 421
404 545
404 375
404 515
404 559
404 566
404 482
404 456
404 542
404 500
404 561
404 494
404 496
404 366
404 395
404 525
404 556
404 368
404 444
565 412
565 500
565 496
565 373
565 355
565 482
565 419
565 363
565 524
565 553
565 374
565 507
565 360
565 455
565 497
565 561
565 370
565 560
565 475
412 398
412 492
412 482
412 524
412 416
412 388
412 561
412 355
412 418
412 520
412 558
412 363
412 496
412 515
412 559
412 423
412 368
412 513
412 542
412 378
412 353
412 434
412 362
412 544
412 438
412 512
412 460
412 555
412 387
412 376
412 395
412 374
412 548
412 527
412 373
412 370
412 483
412 414
412 529
412 430
412 537
412 352
412 392
412 367
412 506
412 494
412 488
412 560
412 567
412 360
412 493
412 408
412 422
412 517
412 500
412 487
412 569
412 481
412 366
412 523
412 461
412 526
412 549
412 417
412 504
412 431
412 455
412 442
412 533
412 391
412 484
412 402
412 525
412 432
412 452
412 400
412 507
412 409
412 473
412 547
412 566
412 503
412 456
412 528
471 461
471 566
471 426
471 569
471 395
471 515
471 451
471 431
471 475
471 419
471 439
471 567
471 507
471 420
471 373
471 559
471 561
471 430
471 353
471 376
471 524
471 513
471 465
471 514
471 537
471 563
471 432
471 378
471 370
471 553
461 423
461 370
461 417
461 373
461 465
461 524
461 439
461 483
461 548
461 525
461 544
461 542
461 492
461 385
461 376
461 395
461 363
461 523
461 497
461 475
461 567
461 559
461 520
461 378
461 527
461 463
461 387
461 414
461 374
461 513
461 413
461 400
461 553
461 438
461 517
461 506
461 360
461 507
461 408
461 561
461 460
544 414
544 483
544 387
544 419
544 504
544 563
544 363
544 521
544 559
544 566
544 508
544 561
544 523
544 400
544 366
544 426
544 439
544 524
544 517
544 376
544 553
544 525
544 507
544 444
544 520
544 395
544 545
544 495
544 378
544 374
544 484
544 570
544 370
544 373
544 353
544 418
544 397
544 497
544 514
544 442
544 557
544 432
544 402
544 388
544 475
544 394
544 451
544 460
544 360
544 556
544 465
544 506
544 417
544 391
544 452
544 513
544 492
414 431
414 373
414 394
414 553
414 500
414 395
414 563
414 423
414 556
414 542
414 438
414 514
414 370
414 524
414 34
414 561
414 173
414 363
414 559
414 496
414 480
414 566
414 506
414 422
414 376
414 492
414 558
414 374
414 567
414 391
414 465
414 427
414 400
414 513
414 378
414 483
414 434
414 475
414 515
465 484
465 503
465 473
465 525
465 370
465 413
465 378
465 537
465 556
465 475
465 507
465 456
465 376
465 421
465 402
465 517
465 439
465 374
465 445
465 395
465 566
465 513
465 569
465 511
465 430
465 524
465 418
465 451
465 557
465 542
465 570
465 392
465 483
465 561
465 515
465 417
465 500
465 416
465 373
465 408
465 438
465 388
465 493
465 387
465 526
465 400
465 415
465 567
465 432
465 420
465 391
465 506
465 431
465 559
465 452
465 487
465 423
465 460
465 535
465 558
465 495
546 547
546 376
546 426
546 455
546 500
546 557
546 474
546 475
546 422
546 350
546 355
546 438
546 397
546 563
546 543
546 555
546 359
546 396
546 403
546 522
546 452
546 432
546 519
546 504
546 497
546 489
546 373
546 367
547 548
547 519
547 463
547 372
547 396
547 418
547 504
547 481
547 359
547 460
547 376
547 500
547 361
547 489
547 410
547 355
547 555
547 354
547 452
547 470
547 382
547 474
547 422
547 557
547 475
547 403
547 367
475 446
475 507
475 513
475 418
475 483
475 378
475 417
475 400
475 542
475 444
475 490
475 423
475 525
475 353
475 366
475 555
475 394
475 367
475 481
475 403
475 497
475 553
475 482
475 391
475 402
475 566
475 388
475 410
475 363
475 463
475 390
475 374
475 442
475 527
475 491
475 419
475 559
475 524
475 361
475 458
475 396
475 561
475 439
475 517
475 373
475 370
475 359
475 500
475 519
475 376
475 487
475 567
475 488
475 548
475 514
475 452
475 502
475 460
475 545
475 431
475 355
475 392
475 438
475 492
475 474
475 484
475 496
475 434
475 489
475 563
475 515
475 506
475 523
475 556
475 557
475 432
475 521
446 515
446 376
446 548
446 487
446 491
446 490
446 492
446 483
446 539
446 482
446 366
446 373
446 517
446 353
446 391
446 438
536 398
536 431
536 512
536 419
536 561
536 494
536 525
536 484
536 368
536 462
536 352
536 493
536 408
536 409
536 395
536 479
536 511
536 545
536 517
398 559
398 431
398 527
398 526
398 517
398 462
398 511
398 456
398 479
398 488
398 395
398 430
398 497
398 525
398 408
398 394
398 561
398 445
398 375
398 545
398 352
398 494
398 368
398 512
398 409
398 484
398 493
398 503
367 452
367 403
367 483
367 555
367 396
367 489
367 376
367 525
367 422
367 455
367 378
367 548
367 474
367 373
367 553
367 491
367 481
367 416
367 355
367 363
367 391
367 566
367 359
367 504
367 519
367 502
367 490
452 359
452 382
452 566
452 510
452 419
452 497
452 388
452 463
452 403
452 378
452 370
452 506
452 438
452 376
452 355
452 553
452 470
452 513
452 489
452 432
452 521
452 507
452 557
452 460
452 559
452 500
452 395
452 519
452 354
452 555
560 493
560 542
560 473
560 423
560 537
560 497
560 561
560 500
560 503
560 553
560 395
560 392
560 353
560 492
560 445
560 483
560 460
560 484
560 362
560 512
560 540
560 463
560 408
560 539
560 417
493 561
493 375
493 500
493 388
493 497
493 402
493 545
493 494
493 483
493 517
493 514
493 537
493 392
493 391
493 416
493 487
493 556
493 539
493 431
493 409
493 479
493 408
493 526
493 368
493 417
493 353
493 445
493 566
493 462
493 363
493 484
493 525
493 511
493 430
493 438
493 440
493 503
493 456
493 557
493 421
493 419
493 352
493 559
493 400
493 366
493 507
493 451
493 512
361 557
361 359
361 463
361 489
361 568
361 481
361 355
361 396
361 474
361 500
361 530
361 470
361 519
361 562
361 376
361 555
361 405
361 354
359 491
359 396
359 422
359 355
359 557
359 455
359 403
359 376
359 530
359 405
359 391
359 489
359 470
359 354
359 562
359 481
359 474
359 555
402 520
402 413
402 517
402 458
402 370
402 438
402 395
402 545
402 374
402 444
402 507
402 366
402 495
402 451
402 559
402 417
402 376
402 425
402 432
402 513
402 553
402 497
402 523
402 415
402 506
402 514
402 542
402 463
402 515
402 421
402 397
402 460
402 387
402 543
402 566
402 524
402 558
402 561
402 422
402 482
402 567
402 360
402 363
402 355
402 563
402 373
402 500
402 570
402 508
520 365
520 353
520 563
520 408
520 567
520 387
520 366
520 460
520 422
520 514
520 506
520 373
520 394
520 507
520 524
520 561
520 445
520 527
520 456
520 497
520 425
520 542
520 553
520 360
520 439
520 479
520 417
520 484
520 495
520 370
520 483
520 545
520 395
520 513
520 376
520 500
520 508
520 570
520 517
520 438
520 444
520 415
520 374
520 523
567 542
567 566
567 537
567 527
567 373
567 439
567 525
567 460
567 492
567 513
567 395
567 400
567 503
567 391
567 387
567 553
567 376
567 559
567 423
567 416
567 484
567 561
567 419
567 420
567 353
567 370
567 524
567 388
567 472
567 360
567 497
567 374
567 483
567 451
567 563
567 456
567 392
567 417
542 360
542 373
542 513
542 525
542 561
542 415
542 497
542 473
542 460
542 353
542 363
542 400
542 394
542 553
542 395
542 492
542 392
542 500
542 371
542 527
542 556
542 495
542 439
542 352
542 417
542 483
542 559
542 524
542 413
542 376
542 503
542 463
542 445
542 409
542 362
542 479
542 370
542 366
542 508
542 378
510 521
510 533
510 555
510 455
510 432
510 507
510 396
510 360
510 426
510 504
510 528
510 397
510 418
510 553
510 374
510 563
510 355
510 458
510 497
510 433
510 403
510 354
510 513
510 407
521 368
521 438
521 506
521 460
521 374
521 500
521 504
521 363
521 409
521 432
559 540
559 488
559 460
559 487
559 408
559 483
559 430
559 556
559 456
559 506
559 515
559 388
559 373
559 423
559 366
559 394
559 492
559 370
559 561
559 524
559 353
559 484
559 387
559 545
559 497
559 417
559 517
559 537
559 391
559 511
559 494
559 566
559 376
559 444
559 479
559 526
559 392
559 503
559 514
559 374
559 553
559 507
559 378
559 363
559 525
559 434
559 527
559 368
559 419
559 513
559 438
559 432
559 431
559 395
559 400
557 503
557 500
557 497
557 489
557 570
557 519
557 474
557 397
557 376
557 416
557 354
557 555
557 388
557 432
557 515
557 418
557 506
557 507
557 483
557 455
557 355
557 463
557 396
557 513
557 410
376 555
376 419
376 373
376 423
376 523
376 456
376 491
376 566
376 487
376 390
376 488
376 514
376 388
376 497
376 397
376 400
376 413
376 366
376 438
376 395
376 394
376 353
376 482
376 420
376 360
376 507
376 432
376 481
376 473
376 374
376 525
376 492
376 570
376 489
376 500
376 545
376 396
376 556
376 526
376 405
376 561
376 378
376 517
376 490
376 410
376 515
376 363
376 444
376 483
376 442
376 524
376 519
376 463
376 563
376 434
376 417
376 355
376 506
376 354
376 496
376 387
376 458
376 511
376 391
376 548
376 460
376 513
376 553
376 370
376 426
376 502
376 431
376 439
376 527
555 548
555 504
555 403
555 354
555 370
555 470
555 396
555 553
555 360
555 382
555 355
555 435
555 432
555 418
555 515
555 519
555 497
555 500
555 410
555 481
555 422
555 463
555 458
555 489
555 366
500 396
500 556
500 506
500 537
500 373
500 507
500 409
500 492
500 388
500 483
500 382
500 423
500 378
500 463
500 455
500 553
500 445
500 439
500 519
500 417
500 421
500 497
500 391
500 355
500 525
500 514
500 527
500 410
500 563
500 484
500 416
500 363
500 431
500 444
500 517
500 487
500 513
500 566
500 438
500 354
500 408
500 548
500 400
500 374
500 524
500 474
500 503
500 392
500 353
500 368
469 516
469 370
469 505
469 563
469 369
469 551
469 457
469 486
469 424
469 497
469 554
469 553
469 397
469 419
469 540
469 458
469 430
469 389
469 381
469 357
469 518
516 381
516 357
516 419
516 509
516 551
516 389
516 459
516 477
516 380
516 397
516 563
516 457
516 369
516 486
516 518
516 505
516 424
516 554
378 482
378 496
378 527
378 563
378 488
378 553
378 492
378 423
378 506
378 497
378 513
378 487
378 524
378 373
378 561
378 417
378 370
378 363
378 434
378 515
378 400
378 502
378 514
378 369
378 431
378 374
378 394
378 456
378 566
378 483
378 517
378 495
378 368
378 426
378 366
378 391
378 484
482 517
482 353
482 506
482 391
482 483
482 362
482 484
482 556
482 548
482 507
482 497
482 553
482 525
482 366
482 431
482 392
482 400
482 374
482 460
482 458
482 496
482 515
482 432
482 363
418 506
418 497
418 568
418 514
418 432
418 374
418 463
418 523
418 553
418 481
418 397
418 504
418 355
418 405
506 370
506 563
506 451
506 374
506 391
506 397
506 561
506 434
506 483
506 545
506 504
506 363
506 431
506 387
506 537
506 444
506 360
506 395
506 524
506 496
506 417
506 400
506 438
506 525
506 484
506 513
506 517
506 566
506 455
506 420
506 392
506 507
506 497
506 423
506 514
506 519
506 492
506 460
506 508
506 456
506 527
506 439
506 432
506 523
506 373
506 553
514 400
514 504
514 366
514 360
514 387
514 561
514 451
514 527
514 548
514 460
514 513
514 483
514 495
514 569
514 395
514 373
514 370
514 492
514 420
514 397
514 430
514 391
514 431
514 363
514 537
514 374
514 496
514 570
514 458
514 566
514 392
514 432
514 484
514 408
514 507
514 541
514 503
514 439
514 525
514 524
514 438
514 517
514 353
514 417
545 525
545 479
545 563
545 458
545 408
545 558
545 570
545 460
545 512
545 372
545 422
545 507
545 537
545 566
545 395
545 523
545 561
545 456
545 444
545 515
545 432
545 421
545 431
545 417
545 511
545 415
545 374
545 553
545 517
545 373
545 543
545 497
525 423
525 370
525 507
525 462
525 352
525 363
525 374
525 391
525 566
525 439
525 430
525 473
525 527
525 419
525 484
525 395
525 375
525 497
525 440
525 511
525 456
525 432
525 561
525 368
525 517
525 400
525 563
525 431
525 426
525 392
525 387
525 537
525 487
525 373
525 479
525 438
525 512
525 409
525 524
525 548
525 526
525 513
525 515
525 483
525 503
525 408
484 400
484 526
484 420
484 511
484 363
484 513
484 353
484 494
484 479
484 431
484 497
484 408
484 537
484 350
484 517
484 366
484 483
484 527
484 456
484 440
484 503
484 352
484 419
484 375
484 423
484 391
484 430
484 515
484 566
492 479
492 438
492 374
492 417
492 513
492 423
492 537
492 553
492 487
492 392
492 497
492 495
492 370
492 445
492 524
492 503
492 388
492 362
492 517
492 363
492 431
492 561
492 483
492 373
492 515
492 434
492 409
492 419
492 353
492 566
492 460
492 352
492 366
492 394
492 391
492 400
479 483
479 512
479 394
479 425
479 368
479 440
479 417
479 503
479 515
479 408
479 409
479 460
479 511
479 395
479 517
479 561
479 352
479 431
479 375
479 456
479 527
479 513
479 473
373 463
373 360
373 456
373 390
373 434
373 355
373 497
373 553
373 421
373 561
373 363
373 387
373 353
373 528
373 395
373 438
373 502
373 425
373 362
373 431
373 556
373 483
373 527
373 491
373 400
373 515
373 374
373 370
373 460
373 413
373 563
373 388
373 417
373 496
373 507
373 392
373 524
373 473
373 523
373 439
373 498
373 397
373 391
373 517
373 513
373 408
373 423
373 566
373 366
373 548
373 558
483 422
483 417
483 370
483 463
483 503
483 419
483 397
483 563
483 515
483 496
483 353
483 513
483 517
483 524
483 438
483 561
483 430
483 416
483 408
483 566
483 432
483 391
483 553
483 526
483 507
483 366
483 392
483 420
483 537
483 385
483 527
483 388
483 431
483 395
483 363
483 444
483 473
483 497
483 535
483 487
483 494
483 374
173 549
173 464
173 427
173 34
549 198
549 427
549 563
460 517
460 371
460 448
460 515
460 442
460 543
460 409
460 444
460 417
460 553
460 535
460 413
460 360
460 463
460 438
460 563
460 566
460 355
460 366
460 507
460 391
460 392
460 445
460 425
460 395
460 374
460 362
460 370
460 353
460 473
460 523
460 372
460 422
460 558
460 432
460 508
460 456
460 415
460 497
460 570
460 495
460 524
517 537
517 463
517 566
517 417
517 497
517 456
517 423
517 524
517 527
517 366
517 394
517 400
517 374
517 353
517 444
517 556
517 561
517 352
517 408
517 431
517 496
517 526
517 512
517 363
517 391
517 511
517 488
517 438
517 368
517 439
517 513
517 419
517 553
517 503
517 494
517 387
517 409
517 515
517 507
517 462
517 434
517 395
395 370
395 495
395 507
395 488
395 413
395 497
395 368
395 366
395 451
395 553
395 561
395 511
395 527
395 523
395 456
395 421
395 360
395 419
395 422
395 463
395 556
395 387
395 537
395 438
395 430
395 408
395 417
395 425
395 524
395 423
395 431
395 515
395 513
395 400
395 512
370 430
370 431
370 456
370 420
370 523
370 548
370 415
370 553
370 423
370 458
370 438
370 563
370 417
370 527
370 432
370 507
370 419
370 497
370 387
370 566
370 515
370 374
370 392
370 416
370 561
370 363
370 451
370 360
370 524
370 397
370 413
370 353
370 439
370 540
370 388
396 474
396 470
396 403
396 422
396 355
396 548
396 570
396 568
396 519
396 410
396 489
396 481
396 354
416 368
416 494
416 497
416 419
416 432
416 537
416 430
416 503
416 563
416 417
416 569
368 497
368 409
368 526
368 431
368 363
368 553
368 503
368 371
368 456
368 366
368 374
368 419
368 527
368 352
368 494
368 408
368 375
368 462
503 409
503 511
503 400
503 419
503 392
503 387
503 556
503 539
503 526
503 375
503 494
503 487
503 513
503 352
503 423
503 388
503 524
503 408
503 473
503 391
503 417
503 353
503 394
503 537
503 444
503 497
503 553
503 451
503 431
503 456
503 366
503 561
503 527
503 566
503 438
503 430
423 524
423 556
423 553
423 392
423 561
423 558
423 385
423 425
423 473
423 497
423 430
423 431
423 456
423 527
423 513
423 391
423 419
423 537
423 444
423 523
457 477
457 424
457 380
457 518
457 563
457 551
457 554
457 421
457 509
457 381
457 389
457 486
457 397
457 459
457 505
457 357
457 369
477 439
477 518
477 425
477 357
477 554
477 369
477 485
477 563
477 397
524 366
524 523
524 360
524 515
524 497
524 488
524 456
524 387
524 385
524 561
524 391
524 374
524 507
524 553
524 426
524 408
524 438
524 363
524 463
524 513
524 400
524 417
524 420
524 566
524 353
524 527
364 441
364 198
364 501
364 476
364 399
364 393
364 351
364 564
441 476
441 501
441 198
441 399
441 564
441 393
400 431
400 511
400 438
400 445
400 419
400 444
400 417
400 487
400 394
400 434
400 391
400 537
400 353
400 539
400 556
400 553
400 408
400 388
400 561
400 515
400 512
400 415
400 366
400 409
400 456
400 566
400 488
400 432
400 387
400 513
400 420
400 497
400 421
548 490
548 515
548 366
548 491
548 474
548 438
548 360
548 391
548 556
548 502
548 355
548 504
548 388
548 410
548 519
515 434
515 512
515 374
515 391
515 513
515 473
515 553
515 363
515 527
515 507
515 366
515 431
515 458
515 417
515 403
515 392
515 519
515 409
515 497
515 355
515 566
515 353
515 496
515 394
434 523
434 490
434 366
434 478
434 488
434 456
434 566
434 425
434 349
434 497
434 496
434 458
434 431
434 563
434 534
496 438
496 456
496 566
496 353
496 366
496 374
496 513
496 508
496 458
496 478
496 553
496 523
496 440
496 427
496 497
496 507
496 388
496 488
382 470
382 355
382 403
382 410
382 354
382 474
474 354
474 410
474 422
474 481
474 355
474 489
451 561
451 553
451 507
451 569
451 432
451 513
451 374
451 556
451 420
451 439
451 430
451 563
409 526
409 494
409 352
409 431
409 363
409 353
409 462
409 419
409 375
409 497
409 561
409 487
409 512
409 408
409 456
526 363
526 561
526 374
526 512
526 553
526 430
526 375
526 366
526 566
526 419
526 507
526 494
526 497
526 408
526 353
363 497
363 561
363 385
363 527
363 419
363 463
363 507
363 432
363 366
363 553
363 487
363 353
363 388
363 455
363 444
363 481
363 566
363 417
363 374
371 362
420 432
420 439
420 397
420 553
420 513
420 556
420 374
420 430
420 537
420 563
420 507
420 353
420 569
420 566
432 439
432 566
432 353
432 397
432 360
432 430
432 455
432 561
432 570
432 569
432 563
432 422
432 504
432 444
432 497
432 431
432 553
432 456
432 374
432 438
432 527
432 571
432 507
432 541
432 513
448 413
563 357
563 438
563 513
563 421
563 554
563 439
563 415
563 431
563 426
563 369
563 534
563 430
563 455
563 407
563 543
563 541
563 425
563 427
563 518
563 556
563 523
563 449
563 504
563 405
563 350
563 391
563 397
563 435
563 569
563 374
563 566
563 459
563 433
563 485
563 528
563 442
563 480
563 507
563 456
563 508
508 440
508 534
508 478
508 417
508 349
508 541
440 408
440 449
440 419
440 456
440 431
444 523
444 445
444 408
444 397
444 421
444 387
444 372
444 488
444 438
444 556
444 495
444 570
444 487
444 449
444 473
444 504
444 513
444 360
444 417
444 422
444 439
444 388
444 374
444 415
444 507
523 425
523 490
523 374
523 438
523 422
523 397
523 360
523 553
523 442
523 456
523 417
523 570
523 513
523 388
523 387
523 561
523 497
523 439
523 507
523 534
561 408
561 417
561 431
561 512
561 473
561 456
561 392
561 497
561 439
561 553
561 438
561 511
561 494
561 350
561 537
561 566
561 527
561 374
561 430
561 455
561 369
561 422
561 507
561 360
561 353
561 391
561 513
561 419
561 387
365 513
365 556
365 408
365 360
507 495
507 387
507 449
507 354
507 566
507 360
507 417
507 553
507 513
507 374
507 556
507 458
507 470
507 385
507 570
507 497
507 388
507 504
507 397
507 438
507 431
507 463
507 439
397 439
397 543
397 422
397 426
397 554
397 354
397 350
397 504
397 449
397 513
397 518
397 369
397 481
397 355
397 485
397 419
397 509
397 421
397 541
397 458
397 357
397 570
397 389
439 445
439 456
439 442
439 458
439 487
439 430
439 408
439 473
439 566
439 527
439 570
439 513
439 425
439 553
439 374
497 513
497 488
497 355
497 403
497 494
497 350
497 389
497 435
497 455
497 388
497 422
497 566
497 392
497 354
497 417
497 360
497 527
497 458
497 391
497 430
497 438
497 374
497 353
497 366
497 537
497 570
497 431
497 456
513 527
513 408
513 456
513 405
513 488
513 417
513 387
513 360
513 366
513 487
513 566
513 553
513 394
513 419
513 512
513 438
513 391
513 388
513 407
513 537
513 353
513 374
513 504
513 426
513 431
387 417
387 438
387 556
387 415
387 360
387 408
387 406
387 570
387 383
408 430
408 512
408 473
408 419
408 456
408 366
408 487
408 352
408 394
408 556
408 431
408 375
408 511
408 488
408 353
408 417
408 537
408 445
408 438
512 394
512 431
512 391
512 462
512 511
512 488
512 556
512 456
394 438
394 488
394 352
394 353
394 566
394 391
394 392
394 556
394 511
394 366
419 353
419 518
419 486
419 540
419 350
419 424
419 488
419 422
419 430
419 505
419 374
419 527
419 389
419 369
419 537
419 487
419 456
419 431
419 357
419 381
419 551
527 392
527 488
527 431
527 456
527 350
527 553
527 391
527 374
527 473
527 417
443 453
453 468
453 437
453 498
403 489
403 355
403 470
403 458
403 553
403 519
403 354
504 539
504 421
504 541
504 571
504 433
504 407
504 562
504 466
504 422
504 529
504 374
504 570
504 455
504 429
504 553
504 481
504 528
504 449
504 463
504 543
504 350
504 426
504 522
422 455
422 570
422 372
422 481
422 438
422 449
422 489
422 553
422 360
413 415
413 463
413 445
413 362
413 535
413 473
495 417
495 360
495 445
495 362
495 456
495 415
495 558
495 570
495 473
495 438
553 528
553 425
553 456
553 366
553 374
553 355
553 558
553 556
553 430
553 570
553 569
553 360
553 488
553 566
553 392
553 455
553 417
553 458
553 438
553 391
458 407
458 391
458 470
458 489
458 354
458 490
426 407
426 431
426 455
426 350
540 480
540 353
470 519
470 354
470 355
470 562
519 354
519 489
519 350
519 481
519 355
519 463
511 438
511 566
511 488
511 417
511 556
511 431
511 456
556 392
556 473
556 431
556 438
556 488
556 445
556 374
556 487
556 415
556 391
556 417
558 372
558 570
558 543
558 360
558 362
558 415
558 421
372 410
372 568
372 421
372 429
372 570
372 543
372 455
372 530
372 539
392 430
392 537
392 431
392 473
392 566
392 487
392 456
445 421
445 463
445 362
445 417
445 535
445 415
445 388
445 473
445 487
417 391
417 421
417 360
417 537
417 566
417 570
417 366
417 431
417 456
417 438
417 374
417 353
566 456
566 430
566 374
566 431
566 438
566 391
566 353
566 366
566 388
566 537
353 388
353 391
353 537
353 430
353 431
353 366
353 487
353 462
490 491
490 502
490 391
490 407
464 552
464 427
464 384
552 384
552 350
488 438
488 391
488 374
374 456
374 438
374 570
374 535
374 431
374 391
374 463
374 366
374 430
374 569
476 399
476 198
476 501
533 433
533 472
533 407
355 455
355 354
355 410
355 463
355 543
355 481
355 528
355 489
463 388
463 481
463 410
463 570
463 437
463 535
463 354
463 415
463 473
463 360
463 489
463 362
388 438
388 415
388 421
388 360
388 487
388 537
438 473
438 360
438 391
438 366
438 456
438 431
442 369
442 360
375 456
375 494
375 352
375 431
491 502
491 391
354 481
354 489
543 421
543 455
543 528
543 407
543 480
543 449
543 350
543 570
543 360
456 425
456 430
456 537
456 352
456 494
456 391
456 473
456 431
456 462
455 541
455 568
455 528
455 466
455 407
455 421
455 433
455 350
455 569
455 522
455 529
455 369
455 429
455 539
366 431
366 391
366 430
366 539
467 572
467 437
467 532
572 437
572 532
539 466
539 529
539 390
539 481
539 502
539 391
539 522
539 429
539 568
539 473
424 435
424 509
424 357
424 554
424 389
424 505
424 380
424 486
424 369
424 518
424 551
424 381
537 494
537 431
537 569
537 430
391 502
391 431
391 487
425 534
425 427
425 570
360 415
360 362
360 570
421 415
421 570
421 487
430 541
430 569
407 528
407 350
407 369
407 433
357 486
357 509
357 459
357 551
357 369
357 505
357 554
357 389
357 518
568 405
568 410
568 541
568 522
405 478
473 535
473 415
473 362
431 487
431 352
431 462
431 472
350 369
350 528
350 384
350 433
369 518
369 554
369 551
369 389
369 435
369 381
369 433
369 486
369 380
369 509
466 429
466 481
466 522
466 529
429 481
429 529
429 522
551 381
551 509
551 518
551 554
551 389
551 486
551 505
551 459
551 435
381 554
381 486
381 509
381 389
486 459
486 509
486 554
486 380
486 389
486 505
459 389
459 435
459 518
487 462
494 462
494 352
481 489
481 522
570 362
362 415
362 535
198 399
198 501
198 351
198 393
198 564
399 501
399 393
399 564
352 462
489 535
389 554
389 435
389 509
389 380
389 505
389 518
501 564
501 393
564 351
564 393
564 454
454 351
435 518
437 406
437 498
437 462
437 499
437 532
528 433
518 380
518 554
518 485
518 509
380 505
380 554
380 509
462 532
532 498
532 406
532 386
532 499
532 379
498 411
509 554
509 505
554 505
449 480
415 535
478 349
478 534
349 534
529 522
356 411
356 472
386 401
377 383
