827 819
827 703
827 724
827 741
827 830
827 766
827 849
827 823
827 756
827 853
827 760
827 805
827 731
827 719
827 762
827 783
827 797
827 787
827 773
827 758
827 705
827 784
827 809
827 842
827 817
827 694
827 810
827 752
827 814
827 772
827 781
827 713
827 800
827 761
827 764
827 697
827 828
827 718
827 834
827 708
827 745
827 715
827 755
827 824
819 828
819 708
819 747
819 830
819 807
819 848
819 753
819 835
819 719
819 739
819 838
819 688
819 705
819 724
819 713
819 698
819 823
819 792
819 697
819 815
819 840
819 856
819 774
819 687
819 709
819 728
819 834
819 735
819 780
819 805
819 778
819 817
819 824
819 703
830 826
830 823
830 834
830 760
830 800
830 751
830 724
830 840
830 754
830 846
830 828
830 824
830 705
830 731
830 745
830 856
830 726
830 688
830 694
830 713
830 723
830 687
830 752
830 847
830 697
830 792
830 780
830 853
830 849
830 701
830 695
830 778
830 709
830 838
830 696
830 844
830 781
830 820
830 737
830 719
830 747
830 777
830 845
830 774
830 727
830 817
830 766
830 815
830 748
826 842
826 828
826 824
826 724
826 766
826 738
826 784
826 723
826 756
828 752
828 728
828 849
828 698
828 823
828 688
828 856
828 693
828 687
828 713
828 718
828 792
828 812
828 706
828 737
828 723
828 759
828 853
828 697
828 751
828 727
828 745
828 837
828 844
828 724
828 778
828 848
828 846
828 817
828 726
828 845
828 820
828 824
828 807
828 779
828 784
828 780
828 851
828 797
828 709
828 842
828 772
828 705
828 847
828 694
828 739
828 760
828 773
828 814
828 747
828 781
828 764
828 774
828 766
828 754
828 805
828 741
828 731
828 769
828 696
828 703
828 815
828 800
828 810
828 834
828 835
828 770
828 840
828 719
828 711
828 829
828 708
828 838
752 726
752 805
752 853
752 842
752 759
752 800
752 731
752 719
752 706
752 834
752 766
752 831
752 711
752 738
752 713
752 820
752 688
752 694
752 747
752 745
752 705
752 781
752 823
752 727
752 824
752 784
752 724
752 695
752 810
752 774
752 773
752 847
752 829
752 815
756 694
756 847
756 734
756 688
756 727
756 805
756 719
694 774
694 722
694 829
694 848
694 847
694 697
694 695
694 834
694 696
694 853
694 812
694 703
694 842
694 772
694 690
694 738
694 805
694 726
694 820
694 711
694 773
694 831
694 800
694 706
694 810
694 731
694 798
694 784
694 705
694 823
694 710
694 727
694 780
694 760
694 781
694 713
694 688
694 719
694 737
694 724
694 821
694 745
694 824
694 754
694 766
694 845
694 815
694 795
728 783
728 703
728 780
728 764
728 838
728 716
728 805
728 797
728 820
728 807
728 809
728 781
728 739
728 787
728 817
728 747
728 824
728 779
728 705
728 719
728 759
728 835
728 843
728 737
728 823
728 765
728 803
728 741
728 792
728 856
728 687
728 774
728 773
728 754
728 730
821 701
821 754
821 836
821 724
821 726
821 773
821 688
701 697
701 845
701 774
701 834
701 747
701 760
701 781
701 754
701 842
701 724
701 794
701 780
701 726
701 777
701 713
701 778
701 688
701 695
724 708
724 766
724 834
724 736
724 719
724 726
724 777
724 814
724 842
724 696
724 820
724 711
724 734
724 713
724 786
724 794
724 778
724 853
724 805
724 738
724 760
724 824
724 773
724 829
724 705
724 795
724 697
724 823
724 731
724 745
724 742
724 848
724 754
724 784
724 688
724 781
724 695
708 823
708 747
708 797
708 856
708 840
708 774
708 697
708 800
708 811
708 769
708 814
708 781
708 753
708 719
708 760
708 730
708 755
708 824
708 849
708 713
842 810
842 705
842 781
842 762
842 719
842 695
842 800
842 738
842 751
842 805
842 784
842 727
842 795
842 734
842 824
842 834
842 761
842 773
842 711
842 745
842 715
842 696
842 794
842 829
842 713
842 697
842 760
842 853
842 814
719 713
719 814
719 733
719 848
719 726
719 759
719 784
719 697
719 817
719 722
719 845
719 847
719 787
719 747
719 824
719 688
719 823
719 720
719 706
719 805
719 745
719 734
719 834
719 703
719 718
719 849
719 781
719 772
719 766
719 800
719 705
719 737
719 760
719 695
719 762
719 815
719 731
719 810
719 764
719 794
719 727
719 840
719 698
719 773
719 853
719 820
719 774
719 829
719 799
719 755
719 768
719 696
713 818
713 688
713 696
713 780
713 815
713 787
713 690
713 824
713 816
713 697
713 734
713 794
713 736
713 778
713 834
713 814
713 705
713 850
713 751
713 772
713 745
713 853
713 760
713 845
713 748
713 829
713 805
713 747
713 774
713 773
713 726
713 810
713 693
713 766
713 742
713 777
713 817
713 781
713 833
713 840
713 823
713 706
713 762
713 782
713 831
713 848
713 698
713 784
713 813
713 738
713 746
713 847
713 721
713 844
713 731
713 722
713 695
713 851
713 800
764 783
764 718
764 781
764 787
764 807
764 705
764 797
764 838
764 843
764 720
764 739
764 687
764 805
764 817
764 809
764 779
764 823
764 824
764 793
764 747
764 730
764 748
764 703
783 809
783 820
783 687
783 747
783 758
783 817
783 793
783 797
783 787
783 849
783 755
783 781
783 730
783 770
831 820
831 805
831 773
831 705
831 797
831 740
831 853
831 690
831 747
831 748
831 703
820 853
820 747
820 766
820 795
820 741
820 797
820 770
820 690
820 697
820 773
820 705
820 774
820 726
820 716
820 745
820 824
820 722
820 703
820 763
820 845
820 760
820 803
820 737
820 834
820 848
820 823
820 687
820 849
829 696
829 722
829 847
829 834
829 705
829 781
829 760
829 711
829 805
829 795
829 784
829 773
829 796
829 733
829 853
829 742
829 822
829 782
829 814
829 695
829 777
829 738
829 734
829 824
829 786
829 745
696 834
696 823
696 824
696 747
696 711
696 695
696 774
696 738
696 795
696 727
696 840
696 805
696 780
696 745
696 697
696 778
696 773
696 784
696 688
696 853
696 845
696 739
697 849
697 844
697 705
697 695
697 698
697 688
697 747
697 772
697 834
697 765
697 766
697 760
697 726
697 848
697 777
697 818
697 731
697 780
697 748
697 800
697 835
697 840
697 721
697 823
697 781
697 815
697 753
697 693
697 805
697 856
697 769
697 824
697 745
697 727
697 709
697 687
697 754
849 781
849 770
849 845
849 716
849 797
849 793
849 766
849 748
849 763
849 727
849 824
849 755
849 705
849 787
849 747
849 734
849 758
849 688
849 730
849 723
849 804
840 803
840 779
840 780
840 823
840 695
840 698
840 747
840 774
840 688
840 824
840 805
840 739
840 837
840 838
840 754
840 848
840 856
840 709
803 730
803 710
803 720
803 780
803 792
803 705
803 718
803 770
803 832
803 787
803 698
803 747
803 763
803 837
803 734
774 688
774 769
774 856
774 698
774 843
774 738
774 811
774 687
774 823
774 773
774 745
774 824
774 805
774 784
774 731
774 747
774 800
774 810
774 720
774 807
774 739
774 853
810 710
810 834
810 814
810 747
810 698
810 766
810 731
810 853
810 847
810 773
810 762
810 745
810 856
810 781
810 823
810 805
810 706
810 800
810 784
810 705
810 695
810 711
810 815
710 853
710 805
710 711
710 847
823 687
823 835
823 805
823 705
823 753
823 800
823 709
823 848
823 838
823 693
823 766
823 726
823 843
823 815
823 747
823 792
823 745
823 698
823 779
823 834
823 787
823 739
823 781
823 703
823 853
823 807
823 718
823 773
823 741
823 824
823 754
823 688
823 780
823 856
823 765
823 760
835 779
835 815
835 838
835 799
835 703
835 765
835 754
835 709
835 837
835 792
835 780
835 741
835 824
835 705
779 780
779 765
779 703
779 792
779 687
779 777
779 754
779 748
779 807
779 824
779 838
747 739
747 848
747 838
747 730
747 698
747 809
747 716
747 753
747 837
747 856
747 741
747 807
747 765
747 797
747 688
747 748
747 758
747 718
747 793
747 780
747 804
747 687
747 745
747 792
747 769
747 754
747 763
747 770
747 805
747 705
747 815
747 773
747 800
747 703
739 720
739 807
739 703
739 792
739 740
739 797
739 687
739 705
739 709
739 787
739 754
739 793
739 805
739 758
739 757
739 777
739 688
739 780
739 824
787 748
787 781
787 836
787 745
787 793
787 797
787 817
787 718
787 720
787 705
787 809
787 755
787 808
787 814
787 730
787 703
787 758
787 763
748 770
748 793
748 740
748 718
748 703
748 797
748 705
748 817
748 758
722 745
722 711
722 768
722 737
722 738
722 705
722 784
722 853
688 853
688 824
688 777
688 792
688 695
688 815
688 845
688 723
688 687
688 770
688 771
688 754
688 847
688 751
688 726
688 834
688 766
688 734
688 780
688 856
688 772
688 727
688 740
688 805
688 800
844 834
844 693
844 824
844 778
844 705
844 726
844 848
844 805
844 695
698 798
698 776
698 753
698 745
698 811
698 772
698 856
698 800
698 825
698 703
698 804
698 769
698 729
768 733
768 839
768 742
768 816
768 707
768 786
768 833
768 789
768 767
768 712
768 822
733 839
733 782
733 786
733 795
853 781
853 800
853 731
853 695
853 784
853 805
853 773
853 745
853 726
853 815
853 734
853 706
853 847
853 834
853 795
853 738
853 836
853 766
853 705
853 690
853 727
853 814
853 824
853 711
789 702
789 818
789 732
789 714
789 806
789 712
789 839
789 742
789 771
789 833
789 689
702 732
702 689
702 839
702 725
702 714
702 822
755 809
755 845
755 705
755 781
755 720
755 836
755 814
755 745
755 793
755 758
755 797
755 808
809 718
809 720
809 793
809 781
809 705
809 797
809 817
809 703
809 808
809 758
834 715
834 705
834 780
834 718
834 773
834 824
834 805
834 706
834 745
834 814
834 800
834 760
834 781
834 695
834 784
834 693
834 726
834 731
834 778
834 847
834 766
834 815
732 818
732 802
732 806
732 791
732 788
732 725
732 822
732 839
732 771
732 714
732 689
715 814
715 738
715 745
715 781
715 805
715 705
805 761
805 687
805 737
805 807
805 780
805 718
805 762
805 706
805 726
805 695
805 814
805 818
805 727
805 734
805 703
805 838
805 792
805 800
805 824
805 815
805 760
805 837
805 705
805 817
805 745
805 766
805 731
805 738
805 843
805 847
805 709
805 781
805 754
805 772
761 848
761 705
761 800
761 772
703 792
703 838
703 817
703 781
703 843
703 856
703 718
703 709
703 759
703 754
703 797
703 687
703 741
703 705
703 758
703 793
703 765
703 824
703 845
703 815
703 807
703 730
792 837
792 780
792 838
792 754
792 807
792 850
792 824
792 765
792 815
818 806
818 725
818 714
818 802
818 796
818 771
818 736
818 839
818 791
818 822
769 811
769 735
769 856
769 798
769 753
769 800
707 767
707 714
707 742
707 712
707 833
707 816
707 736
707 746
767 796
767 712
767 839
767 822
767 714
759 705
759 687
759 742
759 766
705 778
705 784
705 799
705 760
705 781
705 843
705 770
705 824
705 731
705 763
705 706
705 738
705 762
705 720
705 814
705 847
705 772
705 808
705 745
705 845
705 758
705 718
705 737
705 836
705 773
705 800
705 741
705 754
705 726
705 780
705 693
705 807
766 731
766 784
766 771
766 780
766 847
766 824
766 727
766 695
766 760
766 800
766 723
766 734
766 815
766 726
766 711
718 797
718 745
718 770
718 687
718 814
718 793
718 815
718 758
718 695
718 817
718 781
718 720
718 762
718 730
718 716
797 730
797 808
797 687
797 793
797 817
797 770
797 716
797 763
798 717
798 855
798 852
856 687
856 729
856 765
856 753
856 807
856 815
856 804
856 825
856 800
856 811
856 772
856 838
856 735
687 838
687 780
687 730
687 777
687 765
687 817
687 807
745 737
745 794
745 790
745 720
745 795
745 800
745 817
745 762
745 758
745 738
745 813
745 781
745 723
745 726
745 695
745 751
745 847
745 784
745 700
745 845
745 824
745 760
745 814
745 711
745 799
745 706
745 731
745 815
745 773
778 693
778 726
778 734
778 812
778 695
848 721
848 754
848 727
848 709
848 824
848 744
848 704
814 800
814 772
814 781
814 760
814 762
814 799
814 758
726 754
726 812
726 693
726 784
726 780
726 751
726 760
726 773
726 731
726 815
726 695
726 781
726 824
726 845
811 800
736 742
736 816
736 788
736 782
736 721
736 712
736 746
736 833
736 850
847 815
847 695
847 711
847 731
847 773
847 734
847 824
847 706
847 727
746 742
746 816
746 833
746 691
746 782
742 786
742 712
717 852
717 855
852 855
720 781
720 832
720 730
720 793
720 808
720 790
734 723
734 770
734 760
734 693
734 695
734 846
734 785
734 784
723 824
723 727
723 770
838 754
838 815
838 807
838 780
838 709
838 824
754 824
754 773
754 780
754 695
754 709
754 777
754 815
816 833
816 712
816 850
833 699
833 813
833 782
833 806
833 691
833 743
833 786
727 824
727 845
727 846
727 854
727 800
727 784
727 711
727 770
824 770
824 812
824 695
824 760
824 815
824 737
824 780
824 781
824 837
824 784
824 843
824 709
824 777
824 773
824 693
737 773
737 815
737 837
737 843
822 791
822 796
822 712
822 839
822 806
822 850
822 714
822 691
791 771
791 796
791 806
845 800
845 799
845 780
845 772
845 815
845 770
800 772
800 741
800 760
800 735
800 781
800 851
800 784
837 693
837 815
837 812
794 795
794 695
794 784
794 738
794 781
794 760
794 700
806 725
806 796
806 788
806 839
806 850
806 714
806 771
806 802
706 731
706 695
706 784
706 815
706 773
731 773
731 784
731 781
731 815
731 690
807 765
807 843
807 741
784 695
784 690
784 738
784 711
784 795
784 760
784 854
784 700
784 781
784 773
784 751
784 813
780 815
780 777
780 765
780 695
780 773
781 758
781 770
781 817
781 815
781 836
781 695
781 738
781 793
781 760
781 741
781 773
781 772
781 762
793 758
793 817
793 850
793 808
793 836
758 836
758 808
758 817
843 709
843 765
815 773
815 695
815 812
815 700
741 716
741 770
741 836
741 763
695 760
695 738
695 700
695 751
695 693
695 711
695 777
795 751
795 700
795 738
795 716
795 813
795 711
751 738
777 770
777 704
777 709
770 716
770 763
770 704
770 740
770 799
770 772
770 750
743 782
782 813
782 786
782 804
782 712
782 691
757 775
757 749
790 832
799 813
799 704
799 762
799 716
730 763
760 738
725 771
725 839
725 714
738 813
738 711
753 729
839 771
839 714
839 712
839 689
813 786
716 763
690 773
712 689
712 714
773 836
771 714
771 802
771 691
771 850
771 689
836 763
729 804
763 804
846 785
817 850
817 740
740 841
714 689
