0 1
0 108
0 129
0 26
0 339
0 331
0 249
0 338
0 305
0 348
0 448
0 297
0 455
0 451
0 196
0 80
0 188
0 270
0 255
0 136
0 235
0 303
0 68
0 456
0 330
0 79
1 80
1 19
1 193
1 315
1 249
1 151
1 75
1 336
1 26
1 268
1 51
1 330
1 454
1 333
1 448
1 241
1 207
1 97
1 190
1 346
1 305
1 79
1 108
1 50
1 129
1 18
1 135
1 88
1 464
1 296
1 442
1 349
1 136
2 3
2 253
2 319
2 225
2 244
2 408
2 427
2 347
2 446
2 467
2 373
2 226
2 326
2 477
3 462
3 225
3 347
3 244
3 263
3 500
4 5
4 87
4 337
4 167
4 85
4 63
4 163
4 364
4 105
4 127
4 395
4 70
4 24
4 164
4 25
4 312
4 351
4 187
4 30
4 165
4 247
4 215
4 12
4 16
4 184
4 272
4 432
4 15
5 31
5 12
5 132
5 52
5 13
5 178
5 150
5 59
5 64
5 9
5 342
5 289
5 160
5 55
5 127
5 25
5 431
5 445
5 265
5 187
5 312
5 46
5 53
5 17
5 222
5 390
5 364
5 94
5 410
5 58
5 491
5 165
5 221
5 272
5 324
5 154
5 198
5 185
5 258
5 47
5 164
5 103
5 76
5 273
5 139
5 266
5 177
5 200
5 22
5 70
5 169
5 299
5 155
5 220
5 8
5 99
5 215
5 184
5 30
5 211
5 156
5 149
5 104
5 140
5 21
5 247
5 106
5 32
5 430
5 286
5 126
5 212
5 20
5 63
5 531
5 65
5 128
5 199
5 287
5 92
5 85
5 291
5 478
5 161
6 7
6 311
6 325
6 172
6 123
6 162
6 101
6 310
6 283
6 377
6 102
6 350
6 37
6 195
6 237
6 380
6 228
6 38
6 397
6 327
6 379
6 243
6 254
6 374
6 257
7 228
7 311
7 110
7 379
7 423
7 257
7 310
7 243
7 102
7 397
7 374
7 380
7 325
7 123
7 254
7 393
7 101
7 37
7 172
7 283
7 38
7 109
7 237
7 327
8 9
8 59
8 128
8 394
8 55
8 106
8 53
8 94
8 160
8 30
8 63
8 98
8 215
8 46
8 410
8 165
8 93
8 13
8 390
8 200
8 47
8 125
8 222
8 265
8 198
8 287
8 52
8 184
8 431
8 99
8 126
8 114
8 32
8 21
8 103
8 20
8 212
8 12
8 291
8 58
8 139
8 156
8 150
8 258
8 213
8 239
8 22
8 39
8 211
8 267
8 154
8 289
8 67
8 29
8 260
9 46
9 21
9 103
9 291
9 126
9 64
9 52
9 59
9 389
9 128
9 99
9 120
9 53
9 33
9 405
9 430
9 139
9 212
9 394
9 266
9 23
9 47
9 211
9 149
9 67
9 160
9 150
9 410
9 267
9 265
10 11
10 72
10 256
10 280
10 336
10 142
10 348
10 144
10 370
10 230
10 91
10 218
10 88
10 282
11 88
11 280
11 218
11 144
11 360
11 75
11 282
11 336
11 79
11 292
11 348
11 370
11 256
11 201
11 352
11 142
12 13
12 28
12 272
12 53
12 145
12 169
12 351
12 89
12 324
12 286
12 54
12 206
12 100
12 21
12 58
12 24
12 98
12 85
12 167
12 165
12 107
12 177
12 25
12 99
12 16
12 15
12 161
12 97
12 104
12 76
12 372
12 105
12 247
12 287
12 17
12 140
12 364
12 484
12 221
12 14
12 187
12 55
12 215
12 30
12 139
12 185
12 496
12 63
12 184
12 199
12 164
12 132
12 86
12 150
12 92
12 171
12 266
12 70
12 106
12 128
12 343
13 30
13 58
13 200
13 184
13 247
13 132
13 24
13 177
13 20
13 169
13 47
13 52
13 62
13 199
13 145
13 63
13 53
13 99
13 221
13 286
13 187
13 272
13 93
13 106
13 25
13 67
13 260
13 76
13 125
13 140
13 185
13 21
13 139
13 29
13 36
13 39
13 55
13 155
13 127
13 103
13 312
13 364
13 85
14 15
14 232
14 343
14 85
14 171
14 165
14 87
14 410
14 283
14 353
14 432
14 213
14 86
14 16
14 481
14 299
14 272
15 46
15 76
15 324
15 30
15 98
15 351
15 187
15 215
15 163
15 299
15 247
15 466
15 106
15 104
15 365
15 165
15 93
15 272
15 17
15 63
15 99
15 364
15 97
15 117
15 100
15 127
15 164
15 167
15 252
15 85
15 171
15 440
15 166
15 25
15 161
15 55
15 28
15 177
15 24
15 343
15 184
15 118
16 17
16 105
16 272
16 187
16 353
16 118
16 364
16 324
16 127
16 177
16 215
16 55
16 224
16 185
16 24
16 25
16 161
16 247
16 70
16 76
16 63
16 30
16 255
16 85
16 114
16 89
16 86
16 299
16 104
17 85
17 55
17 89
17 364
17 24
17 343
17 372
17 28
17 274
17 177
17 25
17 487
17 86
17 64
17 198
17 272
17 187
17 184
17 299
17 140
17 215
17 139
17 161
17 63
17 58
18 19
18 296
18 346
18 190
18 193
18 207
18 333
18 442
18 151
18 50
18 330
18 135
18 331
18 80
18 241
18 454
18 26
19 26
19 241
19 438
19 442
19 333
19 454
19 151
19 135
19 112
19 96
19 50
19 296
19 331
19 51
19 181
19 330
20 21
20 156
20 154
20 221
20 155
20 139
20 53
20 265
20 46
20 211
20 212
20 445
20 106
20 258
20 164
20 52
20 287
20 65
20 160
20 99
20 128
20 289
20 150
20 64
20 342
20 33
20 266
20 198
20 59
20 200
20 184
20 222
20 178
20 149
20 22
20 273
20 58
20 32
21 94
21 149
21 265
21 390
21 430
21 177
21 30
21 106
21 200
21 32
21 140
21 212
21 53
21 324
21 342
21 211
21 364
21 139
21 46
21 76
21 128
21 63
21 99
21 156
21 22
21 361
21 184
21 247
21 258
21 59
21 36
21 154
21 222
21 286
21 67
21 52
21 185
21 150
21 266
21 64
21 55
21 160
22 23
22 266
22 126
22 258
22 329
22 47
22 94
22 128
22 289
22 247
22 53
22 164
23 36
23 59
23 47
23 32
23 213
23 212
23 478
23 239
23 164
23 260
23 99
23 139
23 466
23 163
23 329
23 65
23 53
23 52
23 258
23 126
23 94
23 46
23 423
23 215
24 25
24 30
24 118
24 351
24 324
24 364
24 185
24 177
24 86
24 85
24 140
24 89
24 312
24 247
24 215
24 187
24 184
24 63
24 161
24 55
25 128
25 47
25 62
25 85
25 164
25 55
25 364
25 106
25 177
25 185
25 316
25 58
25 140
25 329
25 353
25 163
25 36
25 299
25 450
25 30
25 351
25 205
25 98
25 171
25 184
25 247
25 491
25 466
25 63
25 28
25 165
25 161
25 266
25 272
25 382
25 343
25 324
25 86
25 104
25 286
25 99
25 274
25 372
25 105
25 187
25 215
25 492
26 27
26 190
26 293
26 186
26 401
26 71
26 60
26 357
26 196
26 122
26 179
26 241
26 50
26 48
26 227
26 451
26 80
26 249
26 151
26 193
26 207
26 121
26 51
26 81
26 95
26 110
26 356
26 208
26 454
26 129
26 180
26 82
26 276
26 189
26 148
26 406
26 284
26 96
26 88
26 136
26 79
26 168
26 349
26 296
27 133
27 57
27 268
27 190
27 179
27 81
27 385
27 71
27 168
27 121
27 227
27 208
27 236
27 96
27 193
27 95
27 66
27 186
27 61
27 357
27 147
27 60
27 111
27 242
27 151
27 356
27 51
27 284
27 148
27 48
27 82
27 346
27 80
28 166
28 187
28 299
28 103
28 200
28 343
28 351
28 161
28 98
28 30
28 118
28 267
28 185
28 272
28 55
28 247
28 165
28 126
28 171
28 105
28 29
28 125
28 177
28 215
28 128
28 361
28 97
28 324
28 106
28 252
28 140
28 63
28 184
29 30
29 39
29 423
29 52
29 64
29 260
29 126
29 184
29 410
29 389
29 103
29 215
29 125
29 272
29 267
29 127
29 47
29 97
29 165
29 99
29 405
30 67
30 70
30 139
30 184
30 372
30 169
30 39
30 127
30 132
30 177
30 99
30 55
30 103
30 199
30 163
30 54
30 247
30 105
30 52
30 351
30 125
30 394
30 410
30 140
30 93
30 215
30 165
30 114
30 185
30 89
30 85
30 31
30 161
30 187
30 145
30 98
30 63
30 104
30 286
30 106
30 299
30 211
30 364
30 76
30 272
30 343
31 89
31 165
31 205
31 55
31 104
31 477
31 127
31 215
31 272
31 98
31 103
31 285
31 299
32 33
32 55
32 156
32 364
32 431
32 221
32 430
32 222
32 103
32 155
32 58
32 104
32 99
32 126
32 139
32 213
32 94
32 198
32 342
32 211
32 405
32 291
32 64
32 59
32 289
32 52
32 47
32 128
32 46
32 258
32 63
32 445
32 239
32 215
32 212
32 184
33 222
33 67
33 59
33 200
33 212
33 478
33 239
33 390
33 221
33 364
33 149
33 156
33 52
33 65
33 265
33 150
33 258
33 291
33 47
33 410
34 35
34 157
34 294
34 344
34 210
34 77
34 376
34 209
34 223
34 439
34 335
34 322
34 388
34 302
34 182
34 173
34 420
34 183
34 398
35 173
35 38
35 379
35 228
35 325
35 380
35 37
35 277
35 374
35 101
35 283
35 393
35 327
35 254
35 110
35 311
35 344
35 335
36 52
36 187
36 379
36 134
36 364
36 117
36 55
36 324
37 38
37 162
37 101
37 393
37 283
37 102
37 110
37 379
37 374
37 311
37 325
37 380
37 228
37 277
37 310
37 237
37 397
37 172
37 243
37 254
37 327
37 502
38 243
38 257
38 110
38 228
38 162
38 393
38 325
38 355
38 377
38 327
38 109
38 350
38 277
38 374
38 379
38 380
38 123
38 101
38 384
38 254
38 311
38 102
38 423
38 237
38 397
38 172
38 195
38 310
39 169
39 212
39 103
39 260
39 126
39 410
39 93
39 125
39 53
39 64
39 139
39 239
39 52
39 99
39 211
40 41
40 83
40 84
41 219
41 395
41 368
41 432
41 84
41 285
41 90
42 43
42 293
42 428
42 507
42 116
42 407
42 115
42 158
42 523
42 100
42 146
42 402
42 520
43 146
43 158
43 407
43 115
43 428
43 523
43 507
43 402
43 520
44 45
44 131
44 197
44 298
44 341
44 468
44 306
44 340
44 479
44 192
44 191
44 415
44 433
44 63
45 63
45 191
45 131
45 415
45 340
45 341
45 197
45 468
45 479
45 192
45 306
45 433
45 298
46 47
46 53
46 184
46 165
46 94
46 103
46 266
46 258
46 126
46 291
46 329
46 59
46 212
46 480
46 149
46 125
46 211
46 222
46 128
46 164
46 52
46 99
46 185
46 63
46 150
46 160
46 267
46 239
46 139
46 198
46 410
46 272
46 440
46 67
47 213
47 214
47 63
47 215
47 125
47 59
47 313
47 260
47 99
47 212
47 94
47 220
47 329
47 239
47 342
47 76
47 495
47 484
47 164
47 410
47 126
47 52
47 466
47 67
47 184
47 160
47 312
47 421
47 53
47 113
47 286
47 58
47 155
47 198
47 200
48 49
48 51
48 168
48 334
48 96
48 95
48 186
48 346
48 72
48 276
48 296
48 356
48 147
48 71
48 82
48 151
48 227
48 60
48 110
48 133
48 61
48 81
48 268
48 135
48 236
48 121
48 284
48 148
48 208
49 201
49 129
49 148
49 122
49 139
49 81
49 297
49 284
49 193
49 68
49 227
49 181
49 472
49 121
49 51
49 82
49 268
49 60
49 357
49 249
49 296
49 88
49 71
49 180
49 346
49 74
49 151
49 110
49 186
49 208
50 51
50 207
50 151
50 190
50 336
50 194
50 181
50 144
50 451
50 193
50 438
50 401
50 78
50 370
50 454
50 135
50 293
50 296
50 241
50 270
50 129
50 80
50 96
50 442
50 333
50 331
50 330
51 190
51 148
51 346
51 96
51 370
51 111
51 438
51 241
51 60
51 236
51 193
51 133
51 66
51 385
51 242
51 296
51 309
51 144
51 80
51 207
51 56
51 71
51 275
51 72
51 218
51 57
51 61
51 284
51 147
51 151
52 53
52 126
52 211
52 273
52 265
52 267
52 150
52 125
52 154
52 287
52 291
52 431
52 410
52 128
52 222
52 59
52 329
52 67
52 215
52 212
52 266
52 140
52 103
52 160
52 185
52 184
52 58
52 165
52 389
52 164
52 155
52 342
52 239
52 221
52 169
52 234
52 99
52 93
52 139
52 200
52 260
52 94
52 64
52 220
52 213
53 160
53 154
53 164
53 287
53 258
53 150
53 445
53 139
53 484
53 260
53 184
53 266
53 126
53 64
53 222
53 99
53 220
53 410
53 200
53 59
53 342
53 67
53 390
53 211
53 63
53 247
53 291
53 478
53 58
53 149
53 198
53 265
53 65
53 128
53 212
54 55
54 187
54 145
54 86
54 286
54 177
54 215
54 63
54 364
54 361
54 76
54 140
54 107
54 206
55 76
55 272
55 184
55 299
55 98
55 177
55 361
55 185
55 247
55 187
55 63
55 343
55 86
55 155
55 99
55 324
55 364
55 132
55 139
55 286
55 105
55 140
55 351
55 169
55 199
55 85
55 167
55 118
55 161
55 205
55 70
55 89
55 106
55 221
55 215
56 57
56 190
56 357
56 296
56 61
56 96
56 147
56 95
56 79
56 346
56 284
56 309
56 242
56 208
57 66
57 179
57 233
57 147
57 309
57 483
57 96
57 95
57 81
57 60
57 61
58 59
58 103
58 126
58 198
58 63
58 220
58 221
58 164
58 128
58 150
58 200
58 99
58 156
58 287
58 154
58 258
58 390
58 265
58 139
58 211
58 155
58 222
58 212
58 266
58 184
59 220
59 198
59 149
59 291
59 184
59 67
59 128
59 150
59 200
59 99
59 139
59 64
59 65
59 212
59 266
59 478
59 265
59 211
59 154
59 178
59 222
59 260
60 61
60 151
60 242
60 147
60 276
60 227
60 268
60 95
60 296
60 111
60 284
60 385
60 110
60 236
60 82
60 186
60 357
60 193
60 309
60 121
60 71
60 66
60 168
60 72
60 122
60 356
60 81
60 208
60 293
60 346
60 80
60 96
60 148
60 190
61 179
61 168
61 296
61 148
61 82
61 227
61 385
61 147
61 242
61 66
61 268
61 346
61 80
61 95
61 208
61 81
61 121
61 96
62 63
62 104
62 286
62 99
62 364
62 163
62 247
62 113
62 128
62 484
62 98
62 85
62 272
62 165
62 164
62 76
62 184
62 198
63 73
63 131
63 134
63 163
63 198
63 167
63 105
63 222
63 165
63 187
63 178
63 64
63 361
63 99
63 166
63 192
63 416
63 298
63 89
63 415
63 211
63 206
63 177
63 175
63 100
63 445
63 390
63 252
63 287
63 98
63 414
63 491
63 364
63 433
63 498
63 461
63 340
63 103
63 289
63 117
63 212
63 509
63 286
63 174
63 337
63 479
63 465
63 343
63 306
63 161
63 484
63 199
63 232
63 324
63 495
63 197
63 70
63 460
63 475
63 140
63 191
63 160
63 139
63 85
63 106
63 249
63 386
63 185
63 126
63 150
63 272
63 247
63 128
63 341
63 265
63 158
63 413
63 107
63 127
63 266
63 268
63 118
63 480
63 440
64 65
64 128
64 126
64 200
64 215
64 103
64 258
64 184
64 154
64 239
64 445
64 272
64 265
64 125
64 99
64 410
64 212
64 266
64 67
64 178
64 160
64 213
64 211
64 222
64 187
65 128
65 99
65 150
65 154
65 478
65 260
65 139
65 160
65 149
65 212
65 211
66 147
66 121
66 385
66 96
66 179
66 309
66 208
66 242
66 346
66 193
66 268
66 111
66 190
67 212
67 126
67 139
67 184
67 154
67 291
67 103
67 99
67 410
67 156
68 69
68 80
68 255
68 136
68 421
68 190
68 202
68 91
68 78
68 516
68 391
68 79
68 90
68 303
68 144
68 235
69 80
69 144
69 336
69 360
69 142
69 136
69 352
69 256
69 370
69 401
69 88
69 296
70 219
70 187
70 364
70 247
70 161
70 199
70 139
70 150
70 286
70 324
70 206
70 100
70 343
70 140
70 107
70 106
70 105
70 288
70 84
70 99
70 299
70 177
70 118
70 92
70 83
70 169
70 127
70 383
70 184
70 76
71 72
71 129
71 121
71 122
71 151
71 268
71 148
71 227
71 357
71 230
71 81
71 346
71 193
71 110
71 281
71 356
71 296
72 186
72 352
72 236
72 88
72 276
72 148
72 112
72 268
72 82
72 129
72 227
72 144
72 81
72 208
72 296
72 121
73 175
73 174
73 413
73 414
73 416
74 75
74 88
74 240
74 280
74 188
74 129
74 370
74 141
74 292
74 218
74 438
74 91
74 142
74 256
74 144
74 201
74 360
74 348
75 352
75 142
75 280
75 218
75 315
75 282
75 91
75 370
75 139
75 292
75 144
75 88
75 348
75 360
75 79
75 336
75 143
75 256
76 145
76 224
76 127
76 199
76 169
76 286
76 343
76 86
76 395
76 272
76 364
76 185
76 299
76 324
76 84
76 214
76 234
76 368
76 184
76 99
76 161
76 514
76 288
76 106
76 221
76 187
76 140
76 105
76 92
76 139
76 432
76 278
76 85
76 177
76 167
76 247
76 100
77 78
77 335
77 322
77 223
77 398
77 388
77 183
77 282
77 209
77 182
77 255
77 294
77 157
78 295
78 366
78 396
78 332
78 386
78 203
78 235
78 425
78 202
78 317
78 387
78 371
78 392
78 367
78 391
78 318
78 345
78 158
79 80
79 190
79 193
79 135
79 91
79 111
79 196
79 464
79 270
79 348
79 438
79 143
79 256
79 333
79 454
79 129
79 90
79 194
79 83
79 188
79 96
80 190
80 82
80 297
80 147
80 309
80 135
80 144
80 275
80 242
80 95
80 136
80 88
80 281
80 296
80 111
80 451
80 151
80 346
80 241
80 292
80 96
80 196
80 207
80 193
80 249
80 331
80 437
80 305
80 181
80 218
80 454
81 82
81 179
81 356
81 346
81 284
81 110
81 208
81 122
81 207
81 275
81 148
81 95
81 472
81 276
81 227
81 121
81 268
81 168
81 357
81 296
82 276
82 121
82 151
82 483
82 356
82 95
82 208
82 96
82 346
82 168
82 193
82 296
82 268
82 186
82 236
82 148
82 122
82 349
82 227
82 406
82 357
82 190
83 84
83 288
83 383
83 87
83 312
83 313
83 365
83 522
83 270
83 463
83 285
84 224
84 359
84 383
84 365
84 285
84 238
84 525
85 86
85 89
85 184
85 118
85 283
85 98
85 127
85 140
85 353
85 213
85 364
85 177
85 410
85 247
85 104
85 351
85 93
85 372
85 274
85 324
85 187
85 272
85 343
85 450
85 165
85 161
85 286
86 177
86 353
86 274
86 450
86 247
86 187
86 506
86 312
86 224
86 272
86 286
87 395
87 313
87 353
87 365
87 214
87 250
87 288
87 372
87 199
87 238
87 383
87 299
88 91
88 208
88 451
88 141
88 348
88 280
88 151
88 240
88 296
88 142
88 218
88 370
88 135
88 305
88 292
88 352
88 201
88 437
88 282
88 144
88 330
88 360
88 256
88 336
89 267
89 177
89 166
89 215
89 272
89 103
89 184
89 187
90 91
90 181
90 249
90 401
90 111
90 508
90 236
90 268
90 346
91 292
91 143
91 282
91 201
91 348
91 280
91 370
91 268
91 314
91 336
91 218
91 437
91 249
91 142
91 141
91 139
91 240
91 352
91 248
91 144
91 360
91 330
91 297
92 93
92 286
92 199
92 139
92 99
92 140
92 106
93 234
93 103
93 286
93 324
93 140
93 99
93 272
93 145
93 100
93 165
93 98
93 127
93 184
93 169
94 239
94 215
94 364
94 329
94 139
94 410
94 128
94 212
94 103
94 431
95 96
95 193
95 296
95 284
95 346
95 179
95 190
95 236
95 147
95 186
95 208
95 268
95 385
95 168
95 151
95 135
96 151
96 235
96 168
96 193
96 147
96 111
96 241
96 148
96 385
96 270
96 331
96 236
96 349
96 181
96 490
96 135
96 179
96 454
96 284
96 242
96 190
96 188
96 293
96 346
96 208
96 249
96 406
96 276
96 508
96 281
96 483
96 296
96 442
97 98
97 165
97 394
97 177
97 389
97 283
97 125
97 272
97 163
98 283
98 343
98 247
98 163
98 171
98 127
98 99
98 394
98 215
98 299
98 117
98 125
98 104
98 103
98 145
98 165
98 382
98 205
98 252
98 167
98 177
98 184
98 351
98 187
98 440
98 118
98 272
99 100
99 156
99 287
99 410
99 184
99 267
99 200
99 126
99 125
99 104
99 155
99 128
99 185
99 258
99 164
99 145
99 286
99 154
99 163
99 165
99 106
99 272
99 199
99 149
99 211
99 123
99 139
99 484
99 198
99 390
99 247
99 105
99 103
99 480
99 220
99 239
99 265
99 150
99 266
99 440
99 324
99 364
99 132
99 431
99 212
99 140
99 221
99 177
99 222
99 478
99 291
100 169
100 199
100 139
100 343
100 105
100 286
100 140
100 127
100 364
100 165
100 161
100 106
100 145
100 171
100 272
100 184
101 102
101 172
101 327
101 237
101 228
101 379
101 325
101 310
101 123
101 283
101 502
101 254
101 110
102 228
102 283
102 397
102 327
102 237
102 172
102 380
102 325
102 311
102 257
103 127
103 200
103 430
103 156
103 431
103 389
103 272
103 184
103 213
103 150
103 221
103 215
103 139
103 126
103 258
103 128
103 260
103 266
103 212
103 239
103 291
103 267
103 410
103 165
103 125
104 177
104 250
104 127
104 118
104 440
104 272
104 480
104 215
104 299
104 106
104 165
104 303
104 184
105 140
105 184
105 128
105 118
105 221
105 106
105 299
105 199
105 177
105 247
105 215
105 117
105 286
105 525
105 164
105 364
105 198
105 205
105 187
106 107
106 164
106 215
106 187
106 234
106 161
106 272
106 343
106 199
106 184
106 206
106 171
106 324
106 140
106 127
106 139
106 165
106 351
106 200
106 286
106 169
106 128
106 247
106 364
106 177
106 299
106 205
106 145
106 167
107 206
107 120
107 177
107 324
107 513
107 286
107 150
107 187
107 145
107 361
107 127
108 196
108 270
108 333
108 218
108 268
109 110
109 237
109 397
109 374
109 447
109 311
109 254
109 123
109 228
109 283
109 325
109 384
109 162
110 254
110 296
110 357
110 454
110 325
110 472
110 380
110 393
110 228
110 123
110 122
110 379
110 121
110 374
110 391
110 136
110 327
110 148
110 227
110 367
110 283
110 162
110 293
110 311
110 328
111 112
111 196
111 236
111 242
111 193
111 179
111 448
111 249
111 147
111 270
111 309
111 511
111 271
111 190
112 188
112 346
112 459
112 477
112 309
112 281
112 148
112 293
112 314
112 208
112 229
112 370
112 189
112 122
112 511
112 300
112 490
112 168
113 114
113 364
113 432
113 199
113 283
113 272
114 429
114 165
114 127
114 283
114 394
114 272
114 169
114 343
115 116
115 146
115 158
115 402
115 407
115 523
115 529
115 507
115 428
116 507
116 520
116 523
117 118
117 161
117 166
117 299
117 211
117 187
117 167
117 215
117 171
117 364
117 287
118 267
118 299
118 343
118 237
118 232
118 215
118 171
118 272
118 364
118 187
118 161
118 166
118 167
118 324
118 165
118 127
119 120
119 130
119 170
119 159
119 176
119 404
119 304
119 417
119 444
119 259
119 153
119 424
119 251
119 152
119 485
119 137
119 375
119 138
120 304
120 324
120 417
120 170
120 251
120 159
120 176
120 259
120 130
120 424
120 375
120 485
120 138
120 153
120 152
120 395
120 137
120 404
120 444
121 122
121 275
121 276
121 193
121 186
121 346
121 356
121 180
121 208
121 268
121 147
121 148
121 472
121 357
121 284
121 227
121 296
122 180
122 186
122 284
122 296
122 356
122 148
122 227
122 346
122 472
122 309
122 208
122 229
122 193
122 268
122 357
123 124
123 173
123 310
123 393
123 325
123 379
123 158
123 397
123 384
123 432
123 311
123 283
123 162
123 228
123 380
123 355
123 254
123 290
123 374
123 423
123 323
123 436
123 237
123 327
123 172
124 290
124 283
124 237
124 397
124 195
124 380
124 228
125 126
125 267
125 184
125 215
125 177
125 389
125 410
125 155
125 286
125 187
125 212
125 272
125 423
125 260
125 221
125 405
125 165
126 274
126 265
126 329
126 389
126 164
126 211
126 410
126 431
126 128
126 139
126 440
126 171
126 215
126 258
126 213
126 291
126 212
126 184
126 239
126 272
126 267
127 167
127 169
127 199
127 351
127 161
127 165
127 299
127 145
127 171
127 166
127 272
127 324
128 164
128 211
128 265
128 163
128 200
128 247
128 291
128 154
128 215
128 287
128 484
128 222
128 445
128 431
128 364
128 149
128 177
128 266
128 150
128 212
128 198
128 184
128 258
128 390
129 151
129 188
129 249
129 399
129 271
129 296
129 456
129 336
129 268
129 297
129 193
129 463
130 259
130 417
130 444
130 137
130 138
130 375
130 176
130 304
130 424
130 251
130 159
130 170
131 197
131 191
131 340
131 306
131 468
131 479
131 341
131 298
131 415
131 192
131 433
132 299
132 286
132 139
132 177
132 140
132 364
132 184
132 185
133 229
133 346
133 194
133 189
133 268
134 184
134 163
134 440
135 136
135 330
135 271
135 333
135 179
135 190
135 204
135 144
135 331
135 437
135 438
135 268
135 248
135 463
135 442
135 270
135 282
135 208
136 249
136 190
136 218
136 331
136 305
136 448
136 296
136 451
136 193
136 346
136 438
136 292
136 511
136 196
137 138
137 152
137 417
137 159
137 153
137 251
137 304
137 424
137 176
137 485
137 375
137 170
137 404
137 259
138 259
138 152
138 304
138 417
138 375
138 251
138 153
138 176
138 170
139 140
139 154
139 249
139 143
139 315
139 222
139 266
139 348
139 185
139 390
139 287
139 247
139 258
139 410
139 212
139 221
139 265
139 150
139 361
139 330
139 198
139 281
139 324
139 364
139 291
139 511
139 430
139 177
139 149
139 184
139 286
139 333
139 160
139 200
139 267
139 199
139 230
139 187
139 211
139 255
139 220
140 247
140 165
140 187
140 324
140 364
140 372
140 250
140 272
140 177
140 199
140 145
140 286
140 351
140 343
140 161
140 184
140 169
140 200
140 185
140 215
141 142
141 218
141 292
141 348
141 370
141 144
141 282
142 360
142 348
142 282
142 370
142 438
142 338
142 336
142 218
142 268
142 297
142 292
142 352
142 406
142 188
142 201
142 144
142 280
143 144
143 348
143 336
143 360
143 370
143 182
143 218
143 201
143 240
143 292
143 280
143 282
143 248
144 201
144 241
144 305
144 282
144 348
144 218
144 256
144 255
144 270
144 451
144 336
144 292
144 280
144 240
144 207
144 360
144 370
145 214
145 169
145 215
145 247
145 406
145 177
145 286
145 165
145 206
145 184
146 428
146 507
146 523
147 148
147 309
147 190
147 284
147 179
147 168
147 242
147 193
147 483
147 385
147 438
147 268
147 236
147 406
147 346
148 227
148 315
148 284
148 346
148 186
148 151
148 280
148 275
148 236
148 385
148 356
148 296
148 193
148 208
148 268
148 472
148 357
149 150
149 160
149 200
149 154
149 212
149 220
149 265
149 178
149 211
149 258
149 155
149 390
149 266
149 287
149 222
150 260
150 164
150 247
150 178
150 410
150 160
150 211
150 445
150 265
150 390
150 266
150 154
150 221
150 184
150 222
150 200
150 212
150 287
150 198
151 349
151 186
151 284
151 208
151 193
151 276
151 241
151 207
151 190
151 227
151 196
151 188
151 406
152 153
152 170
152 444
152 259
152 159
152 176
152 375
152 304
152 424
152 417
153 159
153 251
153 375
153 304
153 417
153 424
153 404
154 155
154 221
154 258
154 184
154 160
154 198
154 266
154 445
154 211
154 265
154 200
154 289
154 247
154 212
155 184
155 289
155 258
155 313
155 368
155 200
155 312
155 221
155 220
155 430
156 252
156 258
156 364
156 222
156 410
156 430
156 198
156 342
157 294
157 335
157 183
157 322
157 398
157 439
157 223
158 269
158 203
158 320
158 428
158 202
158 386
158 367
158 482
158 488
158 391
158 434
158 332
158 228
158 518
158 402
158 317
158 318
158 425
158 526
158 530
158 392
158 344
158 447
158 295
159 176
159 259
159 404
159 417
159 170
159 375
160 258
160 289
160 445
160 178
160 222
160 211
160 184
160 531
160 265
160 187
161 171
161 187
161 199
161 167
161 286
161 234
161 299
161 343
161 177
161 247
161 184
161 169
161 351
161 215
161 324
161 364
161 272
162 325
162 290
162 419
162 441
162 237
162 486
162 228
162 173
162 377
162 374
162 307
162 172
162 257
162 354
162 397
162 216
162 195
162 471
162 166
162 283
162 384
162 380
162 217
162 323
162 436
162 423
163 252
163 164
163 432
163 466
163 272
163 283
163 394
163 184
163 423
163 440
163 247
163 165
164 258
164 247
164 211
164 266
164 187
164 212
164 198
164 200
164 184
164 177
164 165
164 364
165 169
165 184
165 215
165 187
165 440
165 480
165 481
165 247
165 272
165 177
165 394
165 351
165 286
165 267
166 167
166 272
166 187
166 299
166 267
166 423
166 324
166 171
167 299
167 199
167 364
167 187
167 205
167 343
167 272
167 171
168 284
168 276
168 346
168 190
168 236
168 186
168 385
168 406
168 454
169 286
169 199
169 187
169 247
169 184
169 364
169 465
169 368
169 272
169 395
170 176
170 375
170 404
170 424
170 259
170 304
170 417
171 252
171 267
171 187
171 324
171 343
171 272
171 481
172 173
172 350
172 283
172 380
172 374
172 228
172 377
172 257
172 379
172 237
172 310
172 397
172 311
172 277
172 325
172 393
172 217
172 254
172 327
173 216
173 322
173 354
173 449
173 294
173 488
173 355
173 228
173 441
173 471
173 217
173 323
173 223
173 439
173 283
173 307
173 419
173 335
174 175
174 413
174 414
174 416
175 414
175 416
175 413
175 479
176 424
176 375
176 259
176 417
176 404
177 187
177 299
177 324
177 184
177 247
177 199
177 185
177 372
177 215
177 286
177 272
177 343
177 206
177 364
178 307
178 265
178 211
179 208
179 190
179 236
179 193
179 227
179 309
179 385
179 346
180 181
180 227
180 281
180 268
180 437
180 271
180 194
180 188
180 357
180 296
180 463
180 249
180 448
180 334
180 186
180 255
181 328
181 346
181 196
181 204
181 473
181 510
181 508
181 270
181 448
181 241
181 284
181 188
181 249
181 401
181 459
181 271
181 519
181 268
182 183
182 420
182 210
182 315
182 398
182 322
182 388
182 294
182 335
182 223
182 302
182 209
183 335
183 420
183 223
183 322
183 398
183 209
183 302
183 439
183 388
183 210
183 376
183 294
184 185
184 215
184 199
184 324
184 364
184 258
184 286
184 212
184 312
184 247
184 272
184 187
184 440
184 484
184 234
184 222
184 410
184 343
184 221
184 287
184 252
184 445
184 265
184 211
184 200
184 266
184 198
185 364
185 247
185 187
185 215
186 357
186 275
186 346
186 296
186 193
186 208
186 227
187 324
187 445
187 364
187 199
187 222
187 343
187 283
187 272
187 215
187 492
187 252
187 299
187 286
187 205
187 247
187 409
187 206
188 189
188 204
188 401
188 218
188 331
188 270
188 296
188 294
188 271
188 464
188 249
188 438
188 196
188 370
188 448
189 233
189 241
189 511
189 196
190 236
190 275
190 281
190 309
190 296
190 207
190 242
190 241
190 293
190 193
190 438
190 346
191 192
191 340
191 306
191 298
191 433
191 479
191 468
191 197
191 341
192 298
192 306
192 433
192 197
192 479
192 341
193 352
193 242
193 370
193 346
193 268
193 483
193 309
193 296
193 330
193 281
193 227
193 207
193 454
193 356
193 229
193 357
193 241
193 275
193 360
193 218
194 195
194 270
194 463
194 218
194 281
195 228
195 290
195 377
195 481
195 372
195 380
195 283
195 397
195 237
195 384
196 268
196 331
196 218
196 438
196 249
196 464
196 401
196 463
196 448
197 306
197 433
197 340
197 298
197 479
197 468
197 415
197 341
198 247
198 266
198 258
198 390
198 200
198 211
198 212
198 265
198 445
198 287
199 324
199 247
199 272
199 286
199 205
199 364
199 343
199 299
200 299
200 220
200 410
200 265
200 212
200 287
200 222
200 211
200 266
200 409
200 361
200 492
201 218
201 360
201 511
201 336
201 292
201 240
201 370
201 442
202 203
202 295
202 345
202 317
202 396
202 318
202 386
202 366
202 332
202 425
202 391
202 367
202 392
203 295
203 318
203 317
203 392
203 391
203 366
203 332
203 367
203 345
203 425
203 386
204 271
204 401
204 385
204 448
204 249
204 268
205 206
205 337
205 364
205 361
205 215
206 475
206 361
206 337
206 215
207 208
207 336
207 333
207 483
207 442
207 241
207 296
207 346
207 330
208 357
208 356
208 284
208 227
208 336
208 218
208 305
208 268
208 276
208 296
209 210
209 223
209 302
209 335
209 294
209 420
209 322
209 376
209 398
209 439
209 388
210 388
210 254
210 420
210 302
210 294
211 212
211 220
211 260
211 287
211 221
211 390
211 265
211 478
211 291
211 266
211 258
211 273
211 222
211 445
212 265
212 239
212 430
212 258
212 222
212 215
212 213
212 431
212 260
212 410
212 390
212 266
213 423
213 343
213 232
213 283
213 267
213 215
213 239
213 299
213 431
213 410
214 312
214 224
214 383
214 353
215 272
215 267
215 289
215 324
215 287
215 258
215 364
215 222
215 431
215 410
216 217
216 307
216 355
216 323
216 419
216 449
216 354
216 471
216 322
216 228
217 307
217 354
217 355
217 228
217 322
217 380
217 419
217 423
217 441
217 283
217 323
217 471
217 449
218 336
218 357
218 256
218 370
218 463
218 352
218 346
218 437
218 292
218 360
218 229
218 240
218 280
218 282
218 281
218 348
219 527
219 288
220 291
220 410
220 222
220 258
220 390
221 222
221 289
221 364
221 430
221 273
221 272
221 287
222 368
222 405
222 410
222 265
222 266
222 258
222 364
222 289
222 491
222 445
223 294
223 322
223 489
223 228
223 398
223 376
223 488
223 335
223 439
223 388
223 302
223 482
223 420
224 359
224 383
224 288
224 283
224 239
224 238
224 528
225 226
225 319
225 446
225 326
225 264
225 244
225 412
225 462
225 347
225 467
225 373
225 427
226 244
226 358
226 373
226 403
226 319
226 246
226 446
226 462
226 263
226 347
226 264
226 476
226 521
227 357
227 296
227 356
227 346
227 268
228 257
228 290
228 422
228 254
228 380
228 327
228 471
228 486
228 489
228 384
228 355
228 397
228 443
228 325
228 354
228 311
228 323
228 237
228 423
228 378
228 421
228 283
228 243
228 379
228 374
229 346
229 336
229 477
229 281
229 275
230 231
230 432
230 458
230 368
230 504
230 362
230 490
230 503
230 274
230 499
230 303
230 457
231 457
231 504
232 343
232 410
233 268
234 286
235 421
236 309
236 385
236 276
236 242
236 275
236 268
236 284
236 346
237 310
237 283
237 436
237 277
237 354
237 254
237 393
237 327
237 290
237 423
237 494
237 311
237 325
237 384
237 355
237 380
237 243
237 377
237 374
237 397
237 323
237 257
237 379
238 239
238 250
238 359
239 431
239 505
239 258
239 410
239 430
239 289
240 336
240 348
240 370
240 352
240 360
241 511
241 330
241 336
241 296
241 454
241 442
241 315
242 293
242 309
242 346
243 327
243 325
243 277
243 379
243 393
243 374
243 254
244 427
244 347
244 263
244 246
244 501
244 408
244 319
244 373
244 500
245 246
245 347
245 253
245 515
245 363
246 363
246 358
246 467
246 427
246 403
246 446
246 326
246 412
247 286
247 484
247 440
247 324
247 364
247 466
247 351
247 266
247 450
248 249
248 270
248 357
248 508
248 459
248 331
248 330
248 510
248 282
248 519
249 314
249 268
249 333
249 271
249 463
249 369
249 281
249 437
249 464
249 270
249 401
249 448
249 370
251 417
251 259
251 304
251 375
252 272
252 258
253 326
253 347
253 408
253 451
254 277
254 393
254 283
254 374
254 397
254 311
254 380
254 327
254 325
254 379
254 302
255 256
255 470
255 370
255 348
255 270
255 280
256 411
256 292
256 352
256 370
256 348
256 280
256 360
256 336
257 310
257 379
257 378
257 327
257 325
258 266
258 430
258 342
258 289
258 445
258 390
258 287
259 417
259 375
259 444
259 424
259 404
259 304
260 394
260 265
260 478
261 262
261 325
263 264
263 319
263 467
263 476
263 500
263 501
263 462
263 521
263 408
264 319
264 500
264 476
264 501
264 462
265 266
265 287
265 291
265 445
266 445
267 272
267 291
267 410
268 473
268 284
268 280
268 448
268 357
268 346
268 356
268 333
269 308
269 320
269 434
269 435
269 447
269 530
270 271
270 459
270 463
270 369
270 331
270 348
270 334
270 448
271 463
271 448
272 286
272 324
272 395
272 351
272 353
272 343
272 283
272 274
272 432
272 423
272 410
272 394
272 481
272 364
273 410
273 431
273 364
274 368
274 487
274 450
275 412
275 356
275 276
275 346
276 296
277 311
277 325
277 380
277 374
277 327
277 283
277 379
278 279
278 359
278 453
278 301
278 514
278 300
279 301
279 453
279 426
279 432
279 477
279 300
279 497
279 499
280 360
280 348
280 282
280 459
280 352
280 292
281 282
281 303
281 356
281 369
281 437
281 459
281 346
282 412
282 352
282 336
282 292
282 463
282 360
282 348
282 370
283 374
283 323
283 327
283 397
283 436
283 419
283 380
283 343
283 423
283 410
283 432
283 307
283 325
283 290
283 377
283 350
283 422
283 324
283 441
283 486
283 351
283 471
283 379
283 354
283 355
283 384
283 393
284 285
284 357
284 362
284 385
284 296
286 364
286 514
286 372
286 450
286 368
286 495
287 445
288 313
288 353
288 383
290 397
290 384
290 377
290 436
290 380
291 410
291 389
291 430
291 405
292 336
292 348
292 360
292 370
293 309
293 451
294 398
294 322
294 344
294 388
294 482
294 376
294 302
294 335
294 439
294 449
294 420
295 366
295 396
295 317
295 367
295 387
295 332
295 386
295 425
295 345
295 318
295 391
295 392
296 357
296 352
296 330
296 349
296 442
296 406
297 328
297 303
297 508
298 415
298 468
298 433
298 340
298 306
298 341
298 479
299 465
299 343
299 364
299 361
299 324
299 301
300 301
300 426
300 453
300 516
301 453
301 426
301 497
301 432
302 335
302 344
302 439
302 322
302 420
302 398
302 376
302 388
304 375
304 417
304 404
305 451
305 338
306 415
306 433
306 468
306 340
306 479
306 341
307 355
307 441
307 482
307 323
307 471
307 354
309 483
309 517
309 385
309 346
310 311
310 494
310 423
310 374
310 393
310 325
310 327
310 379
310 380
311 327
311 374
311 325
311 379
311 393
311 377
311 350
311 397
311 380
312 313
312 353
312 365
312 342
312 383
312 421
312 395
312 368
313 365
313 383
313 524
314 508
314 401
315 316
316 343
317 318
317 332
317 425
317 386
317 367
317 392
317 366
317 396
317 391
318 332
318 345
318 371
318 391
318 386
318 425
318 396
318 387
318 366
318 392
318 367
319 347
319 446
319 373
319 467
320 321
320 435
320 447
320 434
321 488
321 447
321 435
322 323
322 376
322 388
322 398
322 395
322 449
322 335
322 439
322 420
323 380
323 384
323 436
323 449
323 419
323 441
323 423
323 471
323 361
323 355
323 486
323 354
323 397
323 432
324 410
324 343
324 364
325 393
325 327
325 379
325 397
325 350
325 380
325 374
326 347
326 408
326 501
326 427
327 374
327 393
327 380
327 443
327 378
327 379
329 466
330 331
330 333
330 336
330 454
330 442
330 438
331 442
331 502
331 463
331 438
331 333
332 391
332 425
332 392
332 345
332 396
332 366
332 367
332 386
333 421
333 352
333 451
333 442
334 508
335 420
335 376
335 388
335 398
335 344
335 439
336 352
336 360
336 438
336 348
338 339
338 456
338 455
339 456
339 455
340 341
340 479
340 433
341 468
341 479
341 415
342 474
342 410
343 351
343 364
343 481
343 410
344 420
344 482
344 400
345 418
345 391
345 392
345 425
345 386
345 371
345 367
345 366
346 406
346 357
346 459
346 385
346 369
346 356
346 483
347 403
347 427
347 408
347 446
347 515
347 477
347 373
348 360
348 370
348 352
348 438
348 451
349 406
350 379
350 380
352 362
352 411
352 360
352 370
353 410
353 512
353 383
354 355
354 471
354 423
354 419
354 441
355 384
355 374
355 441
355 380
355 471
355 423
355 397
355 419
356 357
357 472
359 383
359 450
359 514
360 370
362 370
362 405
363 412
363 515
363 408
364 365
364 469
364 524
364 525
364 379
364 430
366 367
366 439
366 396
366 425
366 386
366 391
367 392
367 391
367 396
367 386
367 425
368 395
368 499
368 516
368 491
369 370
369 401
369 459
373 462
373 427
373 467
373 446
374 379
374 393
374 397
374 380
375 424
375 417
375 485
375 444
375 404
376 398
376 439
376 388
376 420
377 378
377 380
377 423
378 380
379 423
379 380
380 419
380 471
380 423
380 397
380 393
380 432
381 382
381 409
381 492
382 409
382 491
382 492
384 423
384 397
385 483
386 387
386 396
386 391
386 425
386 392
387 392
387 396
388 420
388 398
389 410
389 405
391 392
391 418
391 396
391 425
392 425
392 396
392 418
394 432
395 432
395 492
396 425
397 423
398 420
398 449
398 439
399 400
399 439
399 452
400 482
401 442
402 407
403 417
403 408
404 417
405 423
408 493
408 515
409 492
410 432
410 481
410 496
410 512
412 446
413 414
413 416
414 416
415 433
415 468
415 479
417 444
417 485
417 424
419 423
419 471
423 443
423 481
423 471
424 485
426 497
428 507
428 523
430 431
432 481
433 468
433 479
434 435
434 447
435 447
436 494
437 463
438 464
439 482
440 484
440 480
441 471
441 486
442 511
445 531
445 491
447 488
447 530
448 489
448 451
448 463
450 506
451 511
453 499
453 477
453 497
455 456
457 458
457 503
458 490
458 503
460 461
462 467
462 501
465 513
465 491
468 479
469 524
469 525
476 500
476 521
477 497
480 484
489 508
490 503
490 508
491 513
497 499
498 509
502 517
507 523
510 519
523 529
524 525
