0 1
0 30
0 26
0 23
0 4
0 37
0 38
0 21
0 28
0 16
0 13
0 22
0 11
0 15
0 19
0 29
0 8
0 7
0 14
1 25
1 28
1 27
1 22
1 16
1 7
1 29
1 23
1 11
1 30
1 13
1 4
1 15
1 8
1 21
1 14
2 3
2 18
2 33
3 4
3 33
3 18
4 5
4 6
4 19
4 29
4 15
4 35
4 30
4 33
4 31
4 18
4 11
4 34
4 20
4 26
4 17
4 10
4 24
4 21
4 27
4 16
4 28
4 22
4 38
4 9
4 36
4 23
5 19
5 21
5 15
5 34
5 25
6 17
6 18
6 32
6 9
6 35
6 27
6 24
6 20
6 36
6 10
6 31
7 8
7 11
7 23
7 26
7 29
7 30
7 19
7 22
7 16
7 15
7 28
7 14
7 13
7 38
8 23
8 30
8 14
8 16
8 28
8 29
8 15
8 19
8 22
8 26
8 11
8 13
9 10
9 20
9 31
9 17
9 27
9 35
9 24
10 31
10 32
10 20
10 36
10 35
10 24
10 17
11 12
11 16
11 15
11 28
11 23
11 29
11 19
11 14
12 29
12 37
13 14
13 28
13 26
13 29
13 22
13 19
13 16
14 22
14 19
14 30
14 28
14 16
14 38
14 37
14 29
14 23
14 26
15 16
15 23
15 28
15 27
15 25
15 29
15 19
15 21
15 34
15 22
16 26
16 27
16 23
16 28
16 38
16 29
16 22
16 37
16 19
17 20
17 31
17 24
17 35
19 21
19 26
19 22
19 34
19 29
19 23
19 28
20 24
20 36
20 31
20 32
20 27
20 35
21 34
21 27
21 29
21 22
21 25
21 39
22 26
22 28
22 30
22 34
22 29
23 29
23 37
23 27
23 38
23 28
24 32
24 31
24 36
24 35
25 27
25 34
26 29
27 29
28 29
29 31
29 38
29 37
31 32
31 36
31 35
32 35
32 36
37 38
