0 1
0 2
0 11
0 20
0 22
0 23
0 24
0 25
0 27
0 31
0 32
0 33
0 35
0 36
0 37
0 38
0 41
0 43
0 45
1 2
1 11
1 13
1 20
1 22
1 23
1 24
1 25
1 27
1 31
1 33
1 35
1 37
1 38
1 41
1 42
1 43
1 44
1 45
2 3
2 4
2 6
2 7
2 8
2 15
2 16
2 21
2 24
2 25
2 26
2 27
2 28
2 29
2 30
2 31
2 33
2 35
2 36
2 37
2 41
2 42
2 44
2 46
11 10
11 12
11 13
11 14
11 16
11 17
11 18
11 19
11 20
11 21
11 22
11 23
11 25
11 31
11 34
11 35
11 36
11 37
11 38
11 39
11 40
11 41
11 43
20 9
20 10
20 12
20 13
20 14
20 15
20 16
20 17
20 18
20 19
20 21
20 22
20 27
20 28
20 29
20 30
20 31
20 34
20 35
20 37
20 38
20 41
20 43
22 10
22 13
22 23
22 24
22 25
22 27
22 31
22 33
22 34
22 35
22 36
22 37
22 38
22 39
22 40
22 41
22 43
22 44
22 45
23 10
23 24
23 25
23 27
23 31
23 34
23 35
23 36
23 37
23 38
23 39
23 40
23 41
23 43
23 45
24 10
24 27
24 31
24 32
24 33
24 38
24 39
24 43
25 3
25 6
25 7
25 8
25 13
25 26
25 27
25 28
25 29
25 30
25 31
25 32
25 33
25 34
25 35
25 36
25 37
25 39
25 41
25 42
25 44
25 45
27 4
27 5
27 7
27 9
27 10
27 12
27 13
27 14
27 16
27 19
27 21
27 26
27 28
27 29
27 30
27 31
27 32
27 33
27 34
27 35
27 36
27 37
27 39
27 40
27 41
27 42
27 43
27 44
27 45
31 3
31 4
31 5
31 7
31 10
31 13
31 16
31 26
31 28
31 29
31 30
31 32
31 33
31 34
31 35
31 36
31 37
31 38
31 41
31 42
31 44
31 45
32 28
32 29
32 33
33 4
33 5
33 7
33 10
33 26
33 28
33 29
33 30
33 34
33 36
33 37
33 41
33 42
33 43
35 10
35 13
35 16
35 34
35 36
35 37
35 38
35 39
35 40
35 41
35 43
35 44
36 3
36 4
36 6
36 7
36 10
36 13
36 26
36 28
36 29
36 30
36 34
36 37
36 38
36 39
36 40
36 41
36 43
37 3
37 4
37 7
37 10
37 12
37 14
37 15
37 16
37 21
37 26
37 28
37 29
37 30
37 34
37 38
37 39
37 40
37 41
37 42
37 43
37 45
38 3
38 4
38 5
38 6
38 8
38 10
38 13
38 16
38 34
38 39
38 40
38 41
38 43
41 9
41 10
41 12
41 13
41 14
41 15
41 16
41 19
41 28
41 29
41 34
41 39
41 42
41 43
43 10
43 13
43 16
43 30
43 34
43 39
43 40
43 44
43 45
45 3
45 6
45 8
45 44
13 9
13 10
13 12
13 14
13 15
13 16
13 17
13 18
13 19
13 21
13 28
13 29
13 30
13 39
42 9
42 12
42 14
42 21
42 28
42 29
42 30
44 3
44 6
44 8
44 29
44 30
44 34
44 39
3 4
3 5
3 6
3 7
3 8
3 26
3 28
3 29
3 30
3 47
3 48
4 5
4 6
4 7
4 8
4 26
4 28
4 29
4 30
4 40
6 5
6 7
6 8
6 26
6 28
6 30
6 46
7 5
7 8
7 26
7 28
7 29
7 30
8 5
8 26
8 28
15 9
15 12
15 14
15 16
15 17
15 19
15 21
15 28
15 30
16 9
16 10
16 12
16 14
16 17
16 18
16 19
16 21
16 30
16 34
21 9
21 10
21 12
21 14
21 17
21 18
21 19
21 30
26 5
26 28
26 29
26 30
28 5
28 10
28 17
28 29
28 30
28 39
28 46
29 5
29 10
29 30
29 39
29 46
30 5
30 9
30 12
30 14
30 19
46 47
46 48
47 48
47 52
48 52
40 10
40 34
40 39
9 12
9 14
9 18
9 19
12 14
12 17
12 18
12 19
14 10
14 17
14 18
14 19
18 10
18 17
18 19
19 10
19 17
10 17
10 34
10 39
34 39
52 49
52 50
52 51
49 50
49 51
50 51
