0 1
0 67
0 98
0 282
0 414
0 523
0 524
0 95
0 348
0 525
0 526
0 527
1 2
2 8
2 28
2 58
2 134
2 144
2 146
2 229
2 480
2 33
2 515
2 544
2 291
2 320
2 720
2 131
3 4
3 476
3 477
4 5
5 184
5 18
6 7
6 318
6 105
6 385
6 137
6 676
6 115
6 260
6 131
6 18
6 513
6 48
6 50
9 10
9 22
9 232
9 239
9 261
9 302
9 402
9 485
9 181
9 581
9 291
9 703
9 704
9 705
9 260
9 554
9 706
9 707
9 230
9 708
11 12
11 252
11 363
13 14
14 15
14 16
14 17
14 18
14 19
15 555
15 556
15 557
16 185
16 250
16 209
16 355
16 137
16 186
16 212
16 236
16 411
16 213
16 533
16 568
16 476
16 576
16 176
16 625
16 626
16 90
16 81
16 315
16 397
16 472
16 57
16 19
16 627
17 716
18 139
18 175
18 137
18 420
18 562
18 383
18 70
18 662
18 193
18 115
18 369
18 733
18 171
18 716
18 164
18 57
18 230
18 19
19 355
19 75
19 186
19 329
19 609
19 618
19 176
19 216
19 315
19 218
19 164
19 48
20 21
21 22
22 91
22 92
22 93
22 94
22 95
22 96
22 97
23 24
23 159
23 233
23 271
23 360
23 461
23 33
23 535
23 542
23 270
23 25
23 637
23 161
23 638
23 639
24 25
24 26
25 52
25 159
25 271
25 459
25 51
25 566
25 630
25 664
25 665
25 666
25 272
25 161
25 667
25 26
27 28
27 74
27 75
27 76
27 36
27 77
27 78
27 79
27 70
27 80
27 81
27 82
27 50
28 29
28 30
28 31
28 32
28 33
28 34
28 35
28 36
28 37
28 38
28 39
28 40
28 41
28 42
28 43
28 44
28 45
28 46
28 47
28 48
28 49
28 50
30 44
32 137
32 351
32 488
33 101
33 319
33 137
33 485
33 291
33 493
33 375
33 494
33 495
33 496
33 41
33 497
33 455
33 44
36 291
38 45
38 57
41 319
41 429
43 563
44 617
44 199
44 711
44 634
45 105
45 656
45 375
45 696
45 60
45 742
45 554
45 745
45 746
45 504
47 70
47 131
47 753
48 66
48 184
48 212
48 601
48 147
48 718
48 107
48 164
48 57
48 758
49 644
49 759
50 133
50 191
50 197
50 75
50 490
50 544
50 279
50 294
50 115
50 259
50 760
51 52
51 65
51 469
51 530
51 471
51 272
53 54
53 58
53 571
53 572
53 554
53 573
53 57
55 56
55 100
55 243
55 244
55 245
55 246
55 247
55 57
55 248
56 57
57 184
57 261
57 137
57 403
57 479
57 213
57 559
57 244
57 569
57 602
57 176
57 670
57 679
57 694
57 215
57 130
57 157
57 723
57 731
57 713
57 735
57 743
57 677
57 752
58 59
58 60
58 61
60 364
60 475
60 577
60 710
60 130
61 154
61 684
62 63
62 175
63 64
64 137
64 264
64 630
64 335
68 69
69 70
69 71
70 72
70 109
70 114
70 105
70 368
70 385
70 457
70 76
70 610
70 636
70 79
70 193
70 512
70 361
70 655
70 369
70 157
70 629
70 164
70 131
70 262
72 73
75 317
75 385
75 415
75 416
75 417
75 418
78 83
79 368
79 487
79 448
79 193
79 369
81 140
82 152
82 740
83 84
85 86
86 87
86 88
86 89
86 90
88 668
89 105
89 675
90 385
90 451
90 621
90 452
93 154
97 311
97 353
97 367
97 508
97 179
97 692
97 726
97 643
98 99
101 102
101 199
102 103
102 104
105 106
105 119
105 124
105 196
105 201
105 228
105 316
105 322
105 323
105 324
105 325
105 151
105 326
105 327
105 328
105 329
105 330
105 199
105 291
105 331
105 332
105 333
105 334
105 115
105 335
105 336
105 337
105 338
105 339
105 260
105 340
105 341
105 342
106 107
108 109
108 363
108 543
109 110
109 111
110 264
112 113
112 204
112 205
112 206
112 207
112 208
115 116
115 197
115 258
115 382
115 137
115 464
115 484
115 529
115 613
115 612
115 680
115 681
115 131
115 668
117 118
117 587
117 720
119 120
119 121
120 405
120 329
122 123
122 633
122 669
122 728
122 729
125 126
125 154
125 155
125 156
125 129
125 157
126 127
126 128
126 129
126 130
127 221
127 236
127 237
127 238
128 538
130 312
130 360
130 137
130 431
130 157
130 164
131 132
131 146
131 323
131 137
131 407
131 486
131 213
131 361
131 369
131 187
131 338
131 255
131 260
135 136
135 140
135 141
137 138
137 148
137 184
137 275
137 278
137 209
137 282
137 373
137 221
137 186
137 264
137 390
137 391
137 176
137 392
137 393
137 394
137 202
137 395
137 315
137 217
137 396
137 164
137 397
137 398
140 268
140 183
142 143
142 174
142 370
142 374
142 169
142 375
142 376
142 377
142 378
142 379
142 380
145 146
145 176
145 147
146 147
147 150
147 149
147 151
147 195
147 641
147 689
147 164
149 150
150 151
151 224
151 225
151 195
151 512
151 394
151 164
151 513
152 153
152 197
154 178
154 404
154 424
154 438
154 439
154 440
154 441
154 442
154 443
154 444
154 445
154 446
154 447
156 611
157 611
158 159
159 160
159 161
161 534
162 163
163 164
164 371
164 221
164 619
164 646
164 701
164 501
164 260
164 262
165 166
165 171
166 167
166 168
166 169
166 170
166 171
168 578
168 169
168 648
169 171
171 180
171 264
171 565
171 632
171 682
171 179
171 634
172 173
172 197
172 458
176 177
176 185
176 184
176 282
176 473
176 537
176 579
176 623
176 284
176 217
176 624
179 180
179 313
179 264
179 565
179 260
179 688
181 182
181 551
181 552
182 183
183 268
183 509
183 468
183 603
183 697
183 698
184 185
184 209
184 210
184 211
184 212
184 213
184 214
184 215
184 216
184 217
184 218
184 219
184 220
185 186
186 315
187 188
187 285
187 211
187 213
187 541
187 690
187 299
188 189
190 191
191 192
192 589
193 194
193 671
193 369
193 260
194 195
197 198
198 589
199 200
202 203
204 372
205 269
207 322
207 478
207 714
208 355
209 211
209 310
210 315
211 411
211 213
211 215
211 361
211 412
211 413
211 255
213 285
213 532
215 285
215 318
215 355
215 467
215 568
216 520
216 411
216 476
216 719
216 724
216 262
217 570
218 355
218 220
219 350
220 329
221 222
221 236
221 264
221 399
221 400
221 394
221 401
222 223
222 224
222 225
223 299
224 293
224 427
224 225
224 605
224 513
224 606
224 607
225 604
226 227
226 543
230 231
230 324
230 656
234 235
234 712
236 468
238 727
240 241
240 242
241 242
242 597
242 598
242 599
242 388
242 600
245 248
247 722
249 250
251 252
251 363
253 254
253 472
255 256
255 360
255 539
255 730
257 258
258 259
258 260
260 264
260 512
260 734
260 435
260 741
260 634
260 342
262 263
262 481
262 541
262 709
262 755
262 756
264 265
264 266
264 498
264 499
264 500
264 501
264 502
264 503
264 504
264 447
264 505
266 267
270 271
271 272
272 288
273 274
273 701
276 277
276 361
276 721
276 750
278 279
278 280
278 281
279 506
281 423
281 739
282 283
282 343
282 344
282 345
282 346
282 347
282 348
282 349
282 350
282 351
282 352
283 284
284 350
285 286
285 303
286 287
289 290
289 461
289 678
291 292
291 314
291 437
291 425
291 553
291 567
291 650
291 376
291 554
291 651
291 652
291 653
294 295
295 296
296 589
297 298
297 355
297 482
297 558
297 744
297 748
299 300
299 301
300 301
304 305
304 306
305 306
305 307
305 308
305 309
306 375
306 308
315 453
319 320
319 321
323 338
324 410
328 545
328 546
328 547
328 548
329 560
334 633
337 725
338 528
338 586
342 595
345 483
347 350
350 574
352 466
352 465
354 355
355 356
355 357
355 358
359 360
360 361
360 362
361 615
361 699
361 658
361 525
365 366
365 678
368 369
369 628
369 654
369 687
375 382
375 383
375 677
379 614
381 382
382 383
382 384
383 593
385 386
385 387
385 388
385 389
394 717
395 686
397 623
399 502
399 643
406 407
406 662
408 409
408 554
411 476
411 521
411 522
416 608
419 420
419 540
420 421
422 423
422 473
422 474
424 425
424 426
426 649
428 429
430 431
430 674
432 433
433 434
433 435
433 436
434 489
435 478
435 561
436 590
436 462
436 592
436 660
440 549
440 445
440 550
441 511
444 693
446 695
448 449
449 450
451 452
453 454
455 456
455 536
455 732
458 531
458 588
458 640
460 461
462 463
462 590
465 466
469 470
469 471
473 474
476 575
491 492
491 580
499 500
501 502
504 631
505 700
506 507
509 510
512 657
514 515
515 516
515 517
515 518
515 519
525 628
553 554
554 580
554 738
554 677
562 563
563 595
563 647
563 757
564 565
581 582
581 583
581 584
581 585
589 645
589 685
590 591
590 592
594 595
595 596
612 613
615 616
619 620
621 622
628 629
634 635
634 672
641 642
648 683
658 659
658 671
658 747
660 661
662 663
668 749
672 673
677 727
689 715
691 692
693 736
693 751
701 702
712 713
716 737
753 754
