0 1
0 8
0 88
0 66
0 93
0 112
0 37
0 125
0 195
0 22
0 6
0 150
0 193
0 49
0 34
0 62
0 103
0 27
0 53
0 52
0 68
0 20
0 134
0 111
0 86
0 91
0 101
0 21
0 43
0 94
0 67
0 146
0 41
0 4
0 63
0 78
0 149
0 100
0 39
0 5
0 107
0 44
0 87
0 159
0 90
0 129
0 132
1 20
1 27
1 146
1 88
1 159
1 22
1 52
1 53
1 86
1 44
1 195
1 40
1 100
1 173
1 112
1 6
1 104
1 101
1 34
1 5
1 37
1 90
1 65
1 172
1 205
1 143
1 168
1 109
1 117
1 193
1 43
1 204
1 21
1 99
1 62
1 91
1 93
1 111
1 217
1 125
1 97
1 132
1 187
1 87
1 39
1 63
1 94
1 185
1 41
1 25
1 23
1 16
1 134
1 150
1 51
1 113
1 55
1 106
1 14
2 3
2 94
2 55
2 161
2 73
2 106
2 141
2 110
2 47
2 127
2 18
2 54
2 62
2 91
2 155
2 81
2 210
2 22
2 30
2 28
2 165
2 34
2 123
2 143
2 44
2 77
2 126
2 92
2 190
2 130
2 108
2 107
2 146
2 76
2 116
2 183
2 72
2 145
2 9
2 31
2 222
2 122
2 4
2 203
2 100
3 47
3 165
3 159
3 203
3 132
3 217
3 133
3 34
3 6
3 62
3 9
3 44
3 183
3 30
3 94
3 92
3 90
3 29
3 204
3 41
3 91
3 124
3 43
3 5
3 28
3 49
3 116
3 22
3 20
3 190
3 101
3 130
3 210
3 155
3 216
3 86
3 72
3 100
3 193
4 5
4 72
4 16
4 102
4 27
4 14
4 12
4 70
4 36
4 41
4 138
4 101
4 42
4 103
4 39
4 160
4 24
4 121
4 30
4 123
4 32
4 132
4 90
4 15
4 68
4 13
4 85
4 22
4 95
4 25
4 23
4 40
4 38
4 8
4 118
4 113
4 20
4 9
4 114
4 60
4 177
4 21
4 119
4 147
4 156
4 44
4 47
4 124
4 230
4 137
4 106
4 26
4 129
4 146
4 74
4 92
4 154
4 193
4 37
4 53
4 94
4 48
4 145
4 217
4 91
4 158
4 62
4 34
4 190
4 157
4 71
4 7
4 11
4 45
4 105
4 206
4 43
4 49
4 178
4 120
4 75
4 104
4 59
4 100
4 57
4 152
4 96
4 33
4 98
4 58
4 110
4 6
4 184
4 35
4 66
4 161
4 141
5 53
5 102
5 163
5 15
5 104
5 21
5 85
5 58
5 90
5 125
5 20
5 52
5 36
5 32
5 70
5 45
5 147
5 91
5 62
5 95
5 40
5 89
5 77
5 7
5 124
5 110
5 152
5 113
5 55
5 24
5 68
5 141
5 84
5 34
5 65
5 59
5 23
5 12
5 178
5 75
5 81
5 157
5 74
5 49
5 158
5 76
5 13
5 121
5 33
5 37
5 11
5 16
5 117
5 132
5 129
5 156
5 105
5 57
5 146
5 60
5 188
5 137
5 112
5 44
5 39
5 190
5 6
5 94
5 114
5 48
5 26
5 41
5 38
5 108
5 120
5 92
5 25
5 100
5 72
5 8
5 101
6 7
6 17
6 63
6 89
6 87
6 37
6 68
6 41
6 22
6 30
6 172
6 32
6 72
6 156
6 75
6 43
6 69
6 34
6 197
6 91
6 58
6 15
6 123
6 40
6 21
6 125
6 109
6 101
6 50
6 8
6 27
6 147
6 67
6 36
6 195
6 11
6 115
6 23
6 62
6 95
6 121
6 134
6 86
6 44
6 49
6 52
6 131
6 204
6 66
6 132
6 193
6 53
6 59
6 114
6 42
6 84
6 88
6 231
6 78
6 94
6 149
6 129
6 26
6 188
6 154
6 150
6 112
6 39
6 182
6 99
6 20
6 162
6 90
6 166
6 98
6 38
6 9
6 93
6 157
6 100
6 55
6 211
6 76
7 20
7 104
7 142
7 94
7 24
7 44
7 101
7 32
7 39
7 156
7 102
7 62
7 37
7 26
7 43
7 34
7 8
7 15
7 40
7 100
7 85
7 90
7 183
7 167
7 16
7 132
7 74
7 76
7 11
7 41
7 22
7 173
7 137
7 206
7 146
7 91
8 15
8 56
8 68
8 105
8 100
8 66
8 89
8 156
8 94
8 49
8 90
8 74
8 25
8 43
8 26
8 133
8 157
8 92
8 29
8 30
8 38
8 58
8 95
8 13
8 154
8 104
8 36
8 139
8 168
8 70
8 48
8 184
8 55
8 37
8 85
8 62
8 39
8 34
8 53
8 147
8 32
8 28
8 45
8 114
8 16
8 41
8 164
8 44
8 59
8 129
8 11
8 24
8 158
8 102
8 113
8 71
8 118
8 42
8 120
8 23
8 143
8 61
8 20
8 138
8 65
8 91
8 76
8 137
8 33
8 132
8 210
8 108
8 101
8 22
8 40
9 10
9 47
9 64
9 200
9 90
9 108
9 68
9 116
9 135
9 107
9 195
9 76
9 203
9 62
9 29
9 177
9 141
9 124
9 72
9 81
9 28
9 145
9 130
9 46
9 82
9 30
9 166
9 41
9 53
9 19
9 165
9 132
9 94
9 157
9 26
10 19
10 122
10 153
10 79
10 68
10 54
10 18
10 83
10 96
10 141
10 76
10 144
10 46
10 55
10 80
10 199
10 82
10 176
10 203
10 166
10 145
11 12
11 90
11 44
11 86
11 105
11 34
11 60
11 99
11 129
11 120
11 103
11 174
11 158
11 117
11 70
11 16
11 35
11 132
11 15
11 101
11 71
11 45
11 145
11 75
11 98
11 156
11 108
11 91
11 26
11 93
11 32
11 211
11 177
11 124
11 25
11 13
11 38
11 72
11 102
11 49
11 48
11 178
11 85
11 164
11 104
11 41
11 23
11 65
11 74
11 29
11 84
11 39
11 184
11 114
11 154
11 96
11 55
11 135
11 36
11 40
11 94
11 37
11 76
11 33
11 20
11 69
11 188
11 42
11 137
11 118
11 62
11 52
11 157
11 78
11 95
11 100
11 147
11 92
11 68
11 167
12 113
12 37
12 91
12 33
12 59
12 68
12 129
12 57
12 90
12 103
12 120
12 114
12 55
12 39
12 60
12 102
12 105
12 74
12 184
12 14
12 132
12 62
12 34
12 100
12 157
12 188
12 42
12 142
12 26
12 58
12 20
12 104
12 94
12 71
12 227
13 14
13 69
13 23
13 91
13 99
13 16
13 74
13 20
13 37
13 102
13 39
13 41
13 94
13 118
13 35
13 68
13 26
13 96
13 154
13 132
13 60
13 62
13 156
13 49
13 93
13 42
13 157
13 90
13 75
13 78
13 59
13 34
13 85
13 158
13 25
13 61
13 32
13 27
13 188
13 120
13 114
14 21
14 105
14 124
14 158
14 129
14 41
14 98
14 110
14 103
14 36
14 68
14 60
14 27
14 120
14 42
14 174
14 137
14 114
14 100
14 91
14 35
14 39
14 96
14 93
14 157
14 71
15 16
15 48
15 66
15 62
15 95
15 42
15 74
15 93
15 91
15 85
15 45
15 184
15 94
15 24
15 113
15 101
15 105
15 34
15 49
15 92
15 21
15 36
15 23
15 68
15 40
15 118
15 157
15 70
15 100
15 71
15 59
15 98
15 188
15 129
15 39
15 114
15 32
15 156
15 90
15 41
15 20
15 86
15 27
15 57
15 33
15 132
15 104
15 121
15 58
15 60
15 137
15 26
16 114
16 38
16 36
16 78
16 71
16 48
16 37
16 174
16 129
16 34
16 24
16 104
16 39
16 91
16 90
16 26
16 156
16 40
16 132
16 178
16 70
16 164
16 105
16 25
16 167
16 188
16 74
16 41
16 60
16 94
16 137
16 123
16 154
16 42
16 45
16 85
16 32
16 118
16 96
16 113
16 33
16 20
16 102
16 62
16 23
16 184
16 158
16 68
16 66
16 84
16 157
17 72
17 143
17 21
17 108
17 146
17 209
17 159
17 100
17 142
18 19
18 110
18 116
18 199
18 166
18 46
18 77
18 64
18 144
18 141
18 54
18 151
18 198
18 176
18 153
18 83
18 80
18 127
18 47
18 128
18 145
18 55
18 206
18 82
18 29
18 76
18 122
18 196
18 79
19 145
19 54
19 76
19 122
19 151
19 156
19 110
19 77
20 42
20 23
20 84
20 21
20 146
20 81
20 105
20 57
20 95
20 29
20 22
20 89
20 173
20 53
20 94
20 143
20 38
20 27
20 32
20 206
20 92
20 121
20 135
20 100
20 40
20 55
20 90
20 58
20 132
20 112
20 119
20 49
20 39
20 86
20 190
20 45
20 37
20 63
20 33
20 134
20 113
20 120
20 124
20 93
20 71
20 102
20 67
20 194
20 111
20 26
20 189
20 108
20 43
20 183
20 162
20 110
20 48
20 34
20 203
20 85
20 224
20 168
20 70
20 62
20 164
20 178
20 76
20 44
20 147
20 205
20 65
20 125
20 72
20 137
20 60
20 159
20 74
20 157
20 31
20 30
20 98
20 35
20 204
20 52
20 104
20 101
20 41
20 129
20 117
20 68
20 106
20 91
20 149
20 152
20 59
20 145
20 195
20 66
21 22
21 23
21 93
21 33
21 44
21 32
21 157
21 27
21 68
21 67
21 36
21 172
21 134
21 39
21 28
21 26
21 84
21 125
21 117
21 130
21 162
21 109
21 96
21 89
21 43
21 154
21 37
21 41
21 107
21 132
21 178
21 100
21 94
21 101
21 186
21 193
21 49
21 53
21 137
21 85
21 58
21 63
21 112
21 62
21 30
21 138
22 30
22 109
22 23
22 26
22 28
22 91
22 53
22 186
22 76
22 44
22 101
22 183
22 162
22 205
22 37
22 52
22 67
22 130
22 34
22 81
22 36
22 69
22 132
22 159
22 43
22 157
22 178
22 125
22 45
22 78
22 86
22 93
22 62
22 190
22 106
22 68
22 41
22 35
22 51
22 134
22 63
22 193
22 100
22 154
22 27
22 112
22 90
22 39
22 168
22 149
22 121
22 143
22 124
22 188
22 94
22 108
22 98
22 172
22 107
22 57
22 217
22 49
22 65
22 88
22 29
22 150
23 24
23 112
23 34
23 37
23 185
23 105
23 62
23 48
23 93
23 85
23 90
23 92
23 104
23 32
23 26
23 113
23 70
23 119
23 57
23 102
23 129
23 59
23 95
23 49
23 98
23 125
23 117
23 157
23 101
23 58
23 193
23 36
23 146
23 53
23 67
23 94
23 91
23 72
23 96
23 132
23 44
23 137
23 41
23 192
23 33
23 74
23 100
23 40
24 45
24 75
24 78
24 37
24 160
24 167
24 69
24 95
24 42
24 93
24 156
24 33
24 89
24 157
24 104
24 132
24 124
24 158
24 154
24 41
24 193
24 62
24 178
24 129
24 57
24 38
24 200
24 34
24 68
24 32
24 137
24 162
24 112
24 92
24 102
24 70
24 60
24 25
24 26
24 147
24 91
24 53
24 96
24 85
24 48
24 84
24 39
24 94
24 36
24 40
24 182
24 121
24 66
24 52
24 133
24 90
24 58
24 74
24 174
24 118
24 59
25 26
25 39
25 145
25 34
25 62
25 104
25 68
25 71
25 90
25 37
25 78
25 129
25 40
25 55
25 113
25 91
25 49
25 94
25 137
25 110
26 36
26 152
26 161
26 44
26 157
26 40
26 102
26 143
26 168
26 49
26 211
26 62
26 124
26 154
26 104
26 74
26 68
26 75
26 114
26 145
26 108
26 184
26 90
26 34
26 43
26 205
26 216
26 42
26 76
26 91
26 191
26 121
26 188
26 32
26 200
26 174
26 105
26 85
26 37
26 89
26 55
26 120
26 132
26 94
26 33
26 29
26 158
26 119
26 39
26 60
26 99
26 98
26 156
26 78
26 96
26 101
26 63
26 129
26 92
26 70
26 110
26 178
26 71
26 48
26 135
26 45
26 35
26 30
26 100
26 137
26 118
26 141
26 167
27 67
27 72
27 35
27 43
27 168
27 50
27 53
27 41
27 192
27 39
27 117
27 65
27 34
27 173
27 100
27 95
27 99
27 138
27 64
27 146
27 88
27 195
27 111
27 86
27 172
27 132
27 101
27 137
27 28
27 220
27 55
27 105
27 37
27 104
27 108
27 49
27 51
27 62
27 112
27 93
27 185
27 66
27 42
27 70
27 159
27 141
27 216
27 44
27 76
27 91
27 87
27 98
27 110
27 134
28 29
28 73
28 37
28 175
28 34
28 130
28 149
28 30
28 90
28 155
28 49
28 190
28 43
28 62
28 92
28 165
28 101
28 203
28 210
28 94
28 76
28 72
28 132
28 226
28 116
28 47
28 183
28 145
28 100
28 131
28 107
28 146
29 108
29 64
29 41
29 96
29 62
29 93
29 157
29 191
29 46
29 97
29 141
29 72
29 133
29 195
29 155
29 76
29 142
29 68
29 45
29 82
29 47
29 175
30 31
30 34
30 43
30 133
30 41
30 107
30 47
30 72
30 132
30 38
30 193
30 93
30 53
30 165
30 146
30 157
30 101
30 44
30 92
30 108
30 130
30 116
30 172
30 37
30 76
30 195
30 109
30 94
30 100
30 62
30 90
30 112
30 52
31 148
31 170
31 76
31 36
31 206
31 82
31 96
31 157
31 55
31 77
31 128
31 197
31 225
31 35
31 199
31 145
31 110
31 132
31 80
31 151
31 142
31 64
31 201
31 203
31 72
31 46
31 79
31 141
31 143
31 191
31 47
31 108
31 220
31 83
32 33
32 38
32 105
32 49
32 71
32 48
32 58
32 90
32 160
32 74
32 103
32 60
32 124
32 42
32 36
32 129
32 44
32 45
32 157
32 34
32 137
32 85
32 104
32 59
32 70
32 102
32 94
32 37
32 132
32 57
32 62
32 40
32 68
32 39
32 91
32 41
32 97
32 125
32 76
32 51
33 129
33 38
33 74
33 167
33 152
33 137
33 70
33 104
33 62
33 58
33 57
33 68
33 117
33 102
33 132
33 45
33 37
33 94
33 92
33 91
33 105
33 90
33 40
33 39
33 157
33 71
33 34
33 120
33 113
33 36
33 59
34 35
34 44
34 48
34 113
34 107
34 120
34 74
34 75
34 152
34 166
34 91
34 189
34 193
34 156
34 154
34 50
34 36
34 147
34 86
34 174
34 105
34 87
34 40
34 62
34 101
34 158
34 121
34 90
34 197
34 42
34 88
34 68
34 85
34 57
34 195
34 39
34 157
34 52
34 204
34 124
34 37
34 184
34 188
34 160
34 137
34 111
34 130
34 138
34 76
34 100
34 220
34 102
34 226
34 112
34 183
34 224
34 186
34 89
34 109
34 104
34 125
34 162
34 70
34 169
34 119
34 190
34 135
34 93
34 59
34 182
34 230
34 114
34 132
34 45
34 165
34 38
34 133
34 66
34 94
34 63
34 43
34 216
34 178
34 103
34 95
34 173
34 134
34 41
34 92
34 96
34 106
34 61
34 177
34 53
34 47
34 203
34 210
34 84
34 155
34 60
34 129
34 58
34 150
34 78
34 215
34 72
34 49
34 146
34 51
34 71
35 68
35 73
35 164
35 91
35 138
35 173
35 142
35 60
35 96
35 62
35 129
35 193
35 137
35 49
35 38
35 177
35 41
35 93
35 194
35 101
35 117
35 92
35 158
35 132
35 100
35 172
35 157
35 124
35 168
35 37
35 94
36 37
36 100
36 94
36 157
36 55
36 156
36 114
36 178
36 137
36 62
36 56
36 206
36 161
36 200
36 40
36 59
36 102
36 45
36 104
36 90
36 123
36 129
36 70
36 84
36 91
36 167
36 85
36 132
36 101
36 215
36 39
36 158
36 110
36 164
36 48
36 92
36 41
36 152
36 74
36 120
37 147
37 154
37 138
37 85
37 55
37 38
37 68
37 141
37 42
37 58
37 44
37 124
37 206
37 99
37 118
37 43
37 62
37 137
37 100
37 188
37 74
37 114
37 94
37 105
37 89
37 84
37 158
37 130
37 40
37 101
37 70
37 177
37 132
37 49
37 119
37 90
37 91
37 57
37 217
37 41
37 48
37 146
37 167
37 164
37 107
37 45
37 109
37 102
37 129
37 104
37 39
37 156
37 125
37 157
37 152
37 93
37 96
38 39
38 57
38 76
38 62
38 98
38 90
38 45
38 58
38 72
38 152
38 92
38 102
38 105
38 74
38 94
38 75
38 55
38 224
38 109
38 132
38 146
38 100
38 190
38 125
38 104
38 91
38 40
38 68
38 147
39 43
39 94
39 70
39 132
39 125
39 124
39 93
39 154
39 89
39 45
39 42
39 91
39 123
39 90
39 58
39 62
39 41
39 114
39 64
39 75
39 152
39 53
39 96
39 84
39 156
39 206
39 157
39 129
39 216
39 103
39 104
39 85
39 112
39 44
39 48
39 74
39 71
39 101
39 60
39 72
39 105
39 68
39 102
39 57
39 167
39 188
39 92
39 120
40 41
40 59
40 74
40 90
40 42
40 105
40 70
40 45
40 102
40 215
40 68
40 84
40 161
40 125
40 49
40 48
40 62
40 108
40 99
40 129
40 190
40 94
40 110
40 85
40 113
40 156
40 114
40 132
40 98
40 147
40 91
40 65
40 55
40 157
40 104
40 158
40 100
41 72
41 132
41 145
41 62
41 52
41 174
41 158
41 157
41 127
41 177
41 94
41 86
41 66
41 134
41 211
41 92
41 123
41 129
41 85
41 114
41 161
41 71
41 118
41 136
41 188
41 101
41 184
41 53
41 65
41 124
41 104
41 143
41 138
41 176
41 43
41 119
41 105
41 88
41 146
41 125
41 78
41 178
41 135
41 68
41 90
41 49
41 76
41 93
41 60
41 154
41 194
41 47
41 55
41 67
41 44
41 200
41 112
41 96
41 110
41 109
41 156
41 108
41 69
41 137
41 48
41 102
41 167
41 75
41 99
41 63
42 157
42 179
42 103
42 95
42 211
42 156
42 45
42 60
42 124
42 118
42 158
42 104
42 129
42 114
42 132
42 85
42 177
42 48
42 71
42 68
42 120
42 94
42 105
42 91
42 62
42 61
42 184
42 167
43 52
43 53
43 63
43 86
43 90
43 78
43 113
43 129
43 109
43 121
43 172
43 130
43 81
43 159
43 87
43 132
43 103
43 94
43 112
43 92
43 204
43 68
43 111
43 44
43 134
43 193
43 150
43 101
43 93
43 156
43 88
43 123
43 195
43 72
43 91
43 162
43 100
43 217
43 62
43 49
43 67
43 133
43 125
43 99
43 157
43 168
43 58
43 66
44 57
44 69
44 99
44 108
44 117
44 91
44 177
44 76
44 132
44 68
44 157
44 86
44 126
44 45
44 65
44 101
44 84
44 188
44 100
44 169
44 162
44 49
44 67
44 53
44 111
44 194
44 85
44 195
44 102
44 138
44 125
44 167
44 103
44 94
44 62
44 168
44 87
44 149
44 63
44 112
44 55
44 143
44 93
44 89
44 134
44 173
44 98
44 172
44 109
44 96
44 193
44 231
44 145
44 159
44 72
44 114
44 52
44 90
45 132
45 85
45 105
45 72
45 156
45 104
45 65
45 90
45 74
45 178
45 113
45 157
45 91
45 58
45 89
45 152
45 94
45 102
45 164
45 217
45 108
45 129
45 75
46 47
46 76
46 80
46 55
46 107
46 218
46 79
46 72
46 128
46 132
46 81
46 151
46 205
46 100
46 157
46 62
46 73
46 196
46 82
46 110
46 146
46 65
46 178
46 122
46 188
47 83
47 161
47 141
47 107
47 175
47 62
47 155
47 200
47 173
47 187
47 116
47 108
47 72
47 191
47 222
47 109
47 192
47 81
47 205
47 76
47 220
47 110
47 146
47 143
47 145
47 132
47 79
47 55
47 92
47 65
47 94
47 73
47 203
47 77
47 127
47 177
47 130
47 165
48 49
48 73
48 105
48 90
48 118
48 70
48 86
48 71
48 100
48 145
48 60
48 209
48 124
48 156
48 110
48 157
48 61
48 137
48 62
48 91
48 72
48 59
48 81
48 85
48 132
48 129
48 222
48 175
48 94
48 96
48 98
48 89
48 95
48 141
49 86
49 156
49 69
49 169
49 96
49 53
49 67
49 111
49 68
49 93
49 168
49 146
49 132
49 51
49 107
49 60
49 137
49 64
49 158
49 189
49 121
49 234
49 63
49 138
49 94
49 142
49 89
49 188
49 100
49 112
49 78
49 55
49 174
49 117
49 182
49 177
49 52
49 87
49 136
49 85
49 150
49 90
49 178
49 194
49 149
49 162
49 62
49 104
49 92
50 51
50 101
50 135
50 64
50 100
50 173
50 172
50 93
50 110
50 108
50 210
51 91
51 175
51 172
51 100
51 106
51 93
51 173
51 96
51 67
51 68
52 98
52 132
52 91
52 86
52 190
52 101
52 146
52 94
52 100
52 108
52 141
52 178
52 152
52 76
52 143
52 72
52 216
52 183
52 210
53 62
53 121
53 149
53 150
53 72
53 134
53 86
53 102
53 195
53 109
53 162
53 125
53 204
53 93
53 111
53 185
53 92
53 200
53 67
53 63
53 68
53 88
53 100
53 132
53 178
53 101
53 108
53 143
53 159
53 65
53 94
53 112
53 98
53 90
53 172
53 91
53 217
53 110
54 55
54 82
54 72
54 80
54 68
54 199
54 77
54 108
54 79
54 122
54 145
54 76
54 151
55 140
55 153
55 186
55 191
55 151
55 196
55 145
55 107
55 178
55 156
55 210
55 141
55 80
55 166
55 81
55 79
55 100
55 122
55 110
55 93
55 83
55 220
55 188
55 108
55 195
55 68
55 114
55 143
55 92
55 57
55 76
55 232
55 128
55 99
55 199
55 162
55 85
55 64
55 144
55 77
55 197
55 177
55 174
55 225
55 148
55 206
55 72
55 142
55 82
55 200
55 96
55 176
55 218
55 78
55 132
55 94
56 139
56 156
56 164
57 58
57 152
57 108
57 100
57 59
57 113
57 102
57 91
57 95
57 70
57 94
57 229
57 112
57 222
57 132
57 208
57 85
57 104
57 121
57 76
57 98
57 129
57 200
57 89
57 74
57 90
58 117
58 193
58 157
58 62
58 188
58 90
58 85
58 121
58 92
58 132
58 129
58 112
58 102
58 74
58 104
58 94
58 113
59 96
59 84
59 94
59 85
59 95
59 132
59 70
59 117
59 91
59 74
59 68
59 102
59 114
59 137
59 92
59 119
59 156
59 104
59 62
59 129
59 188
59 90
59 157
60 61
60 124
60 167
60 184
60 120
60 211
60 62
60 188
60 71
60 158
60 157
60 156
60 104
60 68
60 103
60 91
61 129
61 114
61 158
61 91
61 102
61 68
61 62
61 156
61 70
61 118
61 96
61 85
62 138
62 100
62 132
62 68
62 65
62 189
62 205
62 117
62 91
62 107
62 157
62 95
62 147
62 177
62 74
62 120
62 190
62 146
62 70
62 104
62 123
62 84
62 133
62 158
62 85
62 156
62 92
62 94
62 93
62 101
62 178
62 141
62 126
62 188
62 108
62 145
62 137
62 200
62 66
62 113
62 86
62 124
62 111
62 102
62 71
62 121
62 112
62 211
62 105
62 161
62 75
62 129
62 125
62 174
62 114
62 167
62 110
62 103
62 216
62 215
62 90
62 217
62 135
62 76
62 183
62 109
62 72
62 184
62 81
62 134
63 98
63 204
63 159
63 93
63 125
63 101
63 142
63 150
63 65
63 100
63 94
63 111
63 91
63 88
64 65
64 141
64 155
64 127
64 173
64 142
64 195
64 96
64 110
64 122
64 79
64 76
64 146
64 108
64 161
64 81
64 72
64 107
64 168
64 100
64 172
64 206
64 145
64 191
64 166
64 200
65 136
65 141
65 96
65 82
65 121
65 177
65 72
65 191
65 132
65 90
65 114
65 140
65 197
65 117
65 157
65 107
65 94
65 108
65 162
66 137
66 85
66 167
66 91
66 156
66 129
66 90
66 67
66 114
66 94
67 101
67 134
67 87
67 93
67 72
67 149
67 139
67 112
67 125
67 88
67 109
67 193
67 204
67 164
67 192
67 86
67 235
67 100
67 106
68 114
68 123
68 158
68 84
68 103
68 191
68 102
68 145
68 152
68 71
68 101
68 98
68 104
68 85
68 141
68 157
68 211
68 138
68 124
68 100
68 110
68 91
68 137
68 105
68 72
68 94
68 90
68 75
68 177
68 120
68 168
68 96
68 184
68 76
68 132
69 91
69 100
69 76
69 184
69 104
69 216
70 71
70 92
70 85
70 104
70 117
70 102
70 105
70 91
70 90
70 95
70 157
70 158
70 94
70 164
70 114
70 129
70 137
71 92
71 91
71 177
71 156
71 105
71 157
71 104
71 188
71 137
71 129
71 96
71 90
71 211
71 114
71 103
71 174
71 132
71 118
72 106
72 141
72 155
72 112
72 146
72 161
72 116
72 117
72 93
72 73
72 107
72 82
72 110
72 145
72 188
72 130
72 127
72 140
72 195
72 154
72 76
72 108
72 125
72 177
72 203
72 132
72 198
72 126
72 162
72 86
72 81
72 109
72 190
72 90
72 200
72 96
72 192
72 191
72 115
72 80
72 147
72 159
72 181
72 94
72 216
72 92
72 111
72 156
72 193
72 143
72 129
72 77
73 110
73 151
73 155
73 149
73 128
73 161
73 175
73 212
73 198
73 176
73 112
73 130
73 141
73 171
73 119
73 220
73 99
73 206
73 76
73 80
74 121
74 90
74 85
74 152
74 89
74 118
74 129
74 94
74 102
74 137
74 157
74 104
74 91
74 178
74 132
74 113
75 101
75 105
75 110
75 123
75 137
75 90
75 183
75 91
75 177
75 132
75 135
75 94
75 224
75 169
75 100
76 77
76 81
76 125
76 143
76 90
76 82
76 115
76 146
76 79
76 101
76 157
76 149
76 141
76 162
76 200
76 140
76 145
76 132
76 94
76 193
76 83
76 78
76 195
76 96
76 110
76 225
76 85
76 203
76 176
76 197
76 116
76 156
76 222
76 153
76 201
76 188
76 93
76 102
76 108
76 179
76 199
76 92
76 186
77 198
77 132
77 122
77 207
77 107
77 110
77 141
77 195
78 105
78 151
78 91
78 184
78 86
78 145
79 80
79 122
79 127
79 128
79 143
79 176
79 208
79 151
79 225
79 82
79 145
79 153
79 83
79 141
79 144
79 199
79 185
80 144
80 176
80 122
80 83
80 108
80 128
80 110
80 82
80 197
80 96
80 206
80 192
80 196
80 143
80 199
80 151
80 81
80 127
81 144
81 203
81 176
81 145
81 191
81 90
81 157
81 93
81 85
81 96
81 141
81 125
81 206
81 116
81 140
81 142
81 107
81 195
81 197
81 92
81 108
82 83
82 127
82 97
82 116
82 195
82 122
82 151
82 199
82 146
82 176
82 153
82 187
82 131
82 202
83 127
83 166
83 122
83 108
83 128
83 176
83 151
83 141
83 144
83 153
83 212
83 222
83 145
83 143
83 161
83 146
84 85
84 92
84 132
84 91
84 129
84 90
84 96
84 100
84 89
84 94
85 113
85 91
85 90
85 132
85 101
85 157
85 174
85 156
85 120
85 100
85 102
85 137
85 215
85 104
85 158
85 177
85 114
85 94
85 129
85 124
85 217
85 167
85 141
86 87
86 93
86 91
86 132
86 178
86 94
86 111
86 100
86 90
86 134
86 125
86 156
86 88
86 173
87 93
88 132
88 159
88 134
88 112
88 93
88 91
88 109
88 125
89 132
89 137
89 91
89 220
89 92
89 94
89 125
89 101
89 178
89 100
89 129
89 90
89 138
90 91
90 131
90 168
90 157
90 190
90 152
90 141
90 113
90 159
90 100
90 188
90 217
90 95
90 124
90 183
90 132
90 147
90 94
90 104
90 118
90 146
90 109
90 99
90 222
90 92
90 111
90 102
90 98
90 101
90 182
90 121
90 193
90 112
90 119
90 129
90 205
90 137
90 108
90 165
90 93
90 224
90 187
90 117
90 200
90 186
90 216
90 125
91 120
91 133
91 101
91 94
91 136
91 92
91 93
91 129
91 95
91 102
91 156
91 123
91 132
91 105
91 137
91 211
91 158
91 140
91 104
91 114
91 147
91 106
91 96
91 167
91 166
91 125
91 119
91 99
91 103
91 111
91 186
91 178
91 107
91 157
91 162
91 121
91 124
91 154
91 184
91 189
91 197
91 112
91 113
91 109
91 188
91 118
91 193
91 174
92 132
92 117
92 152
92 164
92 133
92 105
92 189
92 193
92 178
92 165
92 145
92 106
92 147
92 113
92 121
92 168
92 211
92 130
92 125
92 94
92 230
92 190
92 112
92 210
93 195
93 111
93 110
93 132
93 205
93 137
93 139
93 168
93 190
93 109
93 123
93 149
93 159
93 105
93 98
93 164
93 94
93 103
93 101
93 125
93 150
93 204
93 134
93 172
93 146
93 173
93 100
93 112
93 169
93 178
94 118
94 119
94 155
94 149
94 188
94 121
94 193
94 157
94 124
94 114
94 102
94 129
94 154
94 190
94 120
94 109
94 156
94 183
94 133
94 158
94 164
94 117
94 145
94 182
94 111
94 125
94 159
94 150
94 95
94 224
94 168
94 107
94 179
94 146
94 178
94 204
94 104
94 106
94 165
94 113
94 100
94 222
94 101
94 132
94 105
94 147
94 112
94 226
94 137
94 171
94 141
94 152
94 96
94 160
95 104
95 96
95 156
95 157
95 145
95 113
95 129
96 97
96 126
96 148
96 171
96 182
96 99
96 108
96 120
96 208
96 209
96 168
96 137
96 161
96 164
96 224
96 187
96 200
96 105
96 141
96 163
96 158
96 114
96 219
96 145
96 192
96 218
96 110
96 132
96 143
96 104
96 146
96 232
96 227
96 169
96 100
96 124
96 142
96 234
96 216
97 153
97 202
97 187
98 162
98 112
98 121
98 132
98 115
98 100
98 130
98 157
98 178
98 150
98 149
98 137
98 117
98 188
99 167
99 100
99 164
99 157
99 174
99 184
99 102
99 191
99 108
99 220
99 145
100 117
100 142
100 158
100 150
100 154
100 197
100 172
100 125
100 114
100 195
100 112
100 162
100 149
100 134
100 185
100 177
100 130
100 107
100 173
100 194
100 121
100 118
100 108
100 232
100 224
100 163
100 193
100 115
100 157
100 101
100 138
100 159
100 156
100 169
100 170
100 109
100 135
100 132
100 188
100 178
100 189
100 204
100 168
101 111
101 157
101 107
101 172
101 132
101 138
101 129
101 173
101 217
101 195
101 207
101 154
101 130
101 109
101 216
101 188
101 134
101 117
101 162
101 125
101 112
101 149
101 178
102 139
102 156
102 157
102 104
102 117
102 129
102 152
102 132
102 230
102 164
103 104
103 158
103 120
103 114
103 184
103 132
103 188
103 157
103 192
103 156
104 124
104 188
104 105
104 123
104 129
104 113
104 132
104 158
104 156
104 121
104 125
104 157
104 177
104 114
104 120
104 152
104 118
104 154
104 117
105 114
105 156
105 177
105 132
105 120
105 211
105 157
105 113
105 158
105 147
105 129
105 188
105 164
105 174
105 184
105 123
106 130
106 183
106 132
106 109
106 107
106 210
106 133
106 193
106 115
106 165
107 108
107 135
107 110
107 199
107 132
107 164
107 216
107 138
107 116
107 183
107 203
107 155
107 185
107 126
107 210
107 146
107 130
107 165
107 144
107 176
107 143
107 191
107 173
107 178
107 200
107 206
108 140
108 143
108 157
108 145
108 162
108 141
108 148
108 233
108 156
108 203
108 200
108 110
108 191
108 142
108 220
108 206
108 132
108 195
109 149
109 112
109 193
109 132
109 195
109 125
109 146
110 128
110 127
110 114
110 191
110 151
110 117
110 176
110 112
110 177
110 161
110 206
110 205
110 157
110 145
110 203
110 141
110 130
110 235
110 200
110 221
110 220
111 204
111 168
111 178
111 132
111 150
112 204
112 132
112 143
112 134
112 164
112 183
112 195
112 125
112 117
112 149
112 146
112 168
112 235
112 145
113 157
113 146
113 192
113 132
113 156
113 129
114 132
114 123
114 137
114 120
114 156
114 184
114 174
114 129
114 178
114 157
114 124
114 118
114 158
114 216
114 135
114 188
115 116
116 141
116 203
116 165
116 155
116 151
117 138
117 167
117 119
117 169
117 147
117 125
117 121
117 164
117 205
117 137
117 132
118 135
118 129
119 220
119 132
119 157
119 167
120 137
120 211
120 123
120 157
120 132
120 156
120 167
121 147
121 146
121 208
122 127
122 128
122 144
122 198
122 212
122 176
122 141
122 153
122 199
122 151
122 166
123 157
123 188
123 177
123 167
124 188
124 169
124 132
124 189
124 157
124 216
124 137
124 129
124 177
125 159
125 183
125 217
125 146
125 132
125 195
125 204
125 218
125 224
126 143
126 132
126 161
126 141
126 163
126 195
126 177
126 155
126 151
127 128
127 144
127 151
127 198
127 176
127 153
127 191
127 141
127 212
127 195
127 143
128 141
128 144
128 176
128 151
128 143
128 212
129 161
129 187
129 157
129 132
129 152
129 170
129 137
130 146
130 203
130 141
130 173
130 183
130 155
130 135
132 149
132 155
132 133
132 210
132 188
132 204
132 134
132 177
132 215
132 156
132 203
132 183
132 164
132 157
132 152
132 165
132 158
132 146
132 211
132 178
132 230
132 168
132 190
132 145
133 223
133 147
134 159
135 155
135 141
135 158
136 169
136 164
137 157
137 154
137 145
137 167
137 189
138 157
138 194
139 164
140 185
140 171
140 234
140 161
141 191
141 161
141 197
141 146
141 145
141 200
141 203
141 144
141 198
141 231
141 164
141 195
141 143
141 222
141 188
141 157
141 235
141 212
141 192
141 169
141 151
141 176
142 173
142 170
142 192
142 227
142 189
143 176
143 227
143 195
143 191
143 161
143 145
143 182
143 155
143 177
143 157
144 176
144 197
144 151
144 212
144 166
144 153
145 177
145 198
145 225
145 176
145 151
145 200
145 156
145 146
145 179
145 147
145 201
145 191
146 165
146 188
146 157
146 178
146 210
146 147
146 190
146 175
146 155
146 159
147 164
148 171
148 212
148 220
149 169
149 172
149 217
149 193
150 217
150 204
150 159
151 164
151 198
151 176
151 199
151 153
152 156
152 157
153 209
153 199
153 176
153 202
153 187
154 158
155 165
155 210
155 183
155 164
155 203
156 164
156 192
156 158
156 161
156 157
156 184
156 167
157 173
157 158
157 217
157 167
157 172
157 177
157 184
157 169
157 178
158 177
158 188
158 167
159 204
160 167
161 177
161 205
161 174
161 206
161 186
161 176
161 195
161 191
162 216
163 171
164 219
164 223
164 228
164 220
165 203
166 199
167 189
167 216
168 194
169 172
169 232
171 207
171 180
171 214
171 234
171 182
171 213
171 181
171 208
171 233
172 173
172 221
173 195
176 212
176 199
177 184
177 227
177 185
179 224
179 236
180 181
180 213
180 207
180 227
182 224
182 186
182 234
183 210
184 211
185 195
188 205
188 224
191 200
191 218
191 205
192 194
192 206
192 228
192 203
193 217
195 198
196 199
198 212
200 219
201 202
201 227
201 218
203 210
206 220
207 234
211 216
213 214
218 225
