0 1
0 22
0 18
0 10
0 45
0 16
0 21
0 86
0 39
0 27
0 8
0 121
0 33
0 148
0 4
0 44
0 64
0 135
0 61
0 58
0 70
0 38
0 96
0 97
0 73
0 80
0 6
0 68
0 3
0 132
0 112
0 129
0 134
0 14
0 56
0 110
0 57
0 17
0 43
0 31
0 47
0 105
0 12
0 36
0 101
0 5
0 78
0 2
0 194
0 93
0 76
0 133
0 99
0 40
0 60
0 52
0 79
0 26
0 20
0 29
0 25
0 123
0 107
0 139
0 72
0 100
0 120
0 94
0 13
0 67
0 84
0 48
0 75
0 118
0 145
0 11
0 42
0 15
0 95
0 92
0 35
1 13
1 90
1 64
1 95
1 67
1 43
1 61
1 99
1 26
1 45
1 14
1 29
1 40
1 51
1 77
1 36
1 22
1 52
1 123
1 17
1 72
1 16
1 6
1 86
1 44
1 162
1 148
1 150
1 28
1 159
1 96
1 149
1 107
1 3
1 154
1 117
1 129
1 75
1 20
1 120
1 194
1 21
1 5
1 57
1 209
1 185
1 37
1 134
1 121
1 8
1 47
1 4
1 2
1 124
1 94
1 30
1 65
1 15
1 84
1 60
1 92
1 139
1 56
1 27
2 3
2 83
2 61
2 107
2 6
2 32
2 68
2 98
2 48
2 11
2 110
2 76
2 118
2 51
2 5
2 47
2 105
2 79
2 102
2 116
2 99
2 38
2 17
2 13
2 15
2 87
2 41
2 10
2 57
2 80
2 136
2 36
2 94
2 104
2 60
2 31
2 73
2 40
2 22
2 139
2 52
2 49
2 123
2 71
2 72
2 137
2 58
2 59
2 46
2 7
2 8
2 125
2 4
2 53
2 14
2 75
2 25
2 92
2 62
2 132
2 65
2 21
2 20
2 144
2 26
2 12
2 64
2 97
2 39
2 33
2 95
2 127
2 44
2 121
2 86
2 106
2 84
2 43
2 18
2 56
2 29
2 27
2 112
2 101
2 63
2 42
2 35
3 27
3 39
3 81
3 98
3 65
3 105
3 18
3 75
3 127
3 36
3 17
3 5
3 60
3 143
3 6
3 76
3 62
3 59
3 107
3 46
3 144
3 47
3 26
3 137
3 61
3 82
3 91
3 132
3 14
3 86
3 56
3 31
3 125
3 41
3 45
3 134
3 32
3 55
3 103
3 73
3 133
3 123
3 64
3 124
3 135
3 72
3 49
3 92
3 118
3 43
3 128
3 150
3 126
3 38
3 112
3 21
3 96
3 13
3 42
3 74
3 29
3 117
3 110
3 171
3 4
3 44
3 63
3 51
3 57
3 52
3 11
3 15
3 50
3 71
3 7
3 58
3 139
3 121
3 155
3 94
3 95
3 53
3 78
3 8
3 48
3 34
3 40
3 10
3 136
3 104
3 77
3 25
3 68
3 12
3 101
3 80
3 83
3 22
3 102
3 79
3 33
3 37
3 20
3 67
3 116
3 30
3 97
3 84
3 93
4 5
4 38
4 8
4 57
4 119
4 25
4 48
4 30
4 59
4 35
4 132
4 32
4 78
4 73
4 74
4 69
4 54
4 110
4 95
4 33
4 104
4 91
4 82
4 157
4 60
4 65
4 17
4 63
4 93
4 103
4 36
4 61
4 27
4 83
4 81
4 62
4 14
4 188
4 162
4 96
4 51
4 11
4 137
4 71
4 120
4 161
4 128
4 56
4 102
4 80
4 107
4 92
4 100
4 16
4 47
4 189
4 45
4 106
4 171
4 129
4 13
4 97
4 155
4 101
4 9
4 76
4 144
4 118
4 75
4 6
4 22
4 145
4 34
4 77
4 49
4 44
4 29
4 52
4 42
4 127
4 66
4 84
4 123
4 39
4 64
4 46
4 41
4 7
4 86
4 10
4 31
4 40
4 12
4 160
4 191
4 190
4 26
4 124
4 98
4 112
4 134
5 84
5 83
5 99
5 134
5 25
5 7
5 17
5 155
5 123
5 41
5 71
5 48
5 30
5 40
5 101
5 75
5 13
5 44
5 45
5 76
5 56
5 60
5 105
5 132
5 176
5 32
5 149
5 8
5 80
5 33
5 6
5 46
5 51
5 72
5 144
5 39
5 120
5 94
5 86
5 102
5 43
5 36
5 85
5 139
5 121
5 61
5 27
5 119
5 67
5 20
5 107
5 73
5 78
5 52
5 194
6 7
6 47
6 95
6 96
6 29
6 100
6 112
6 33
6 46
6 59
6 99
6 52
6 32
6 40
6 125
6 83
6 127
6 168
6 86
6 133
6 38
6 136
6 62
6 64
6 80
6 132
6 70
6 60
6 14
6 106
6 102
6 104
6 53
6 124
6 71
6 16
6 11
6 75
6 44
6 25
6 34
6 13
6 73
6 35
6 22
6 92
6 129
6 66
6 68
6 51
6 76
6 120
6 137
6 162
6 84
6 78
6 21
6 81
6 82
6 87
6 56
6 61
6 93
6 121
6 10
6 45
6 43
6 77
6 42
6 110
6 57
6 63
6 39
6 72
6 12
6 143
6 126
6 20
6 134
6 101
6 139
6 79
6 118
6 65
6 19
6 107
6 69
6 74
6 26
6 50
6 54
6 171
6 103
6 146
6 123
6 55
6 15
6 58
6 8
6 105
6 36
6 91
6 27
6 49
6 194
6 135
6 116
6 17
6 48
6 41
6 18
6 31
6 98
6 117
6 94
6 144
6 122
6 154
7 46
7 30
7 50
7 64
7 41
7 10
7 32
7 123
7 14
7 91
7 74
7 71
7 83
7 80
7 47
7 144
7 48
7 52
7 76
7 95
7 59
7 62
7 77
7 27
7 102
7 79
7 112
7 40
7 118
7 39
7 51
7 104
7 92
7 33
7 75
7 106
7 65
7 164
7 56
7 110
7 26
7 15
7 124
7 84
7 150
7 12
7 67
7 18
7 61
7 11
7 17
7 8
7 127
7 73
7 105
7 86
7 141
7 98
7 57
7 38
7 58
7 134
7 60
7 107
7 155
7 82
7 93
7 63
7 36
7 49
7 37
8 9
8 38
8 122
8 120
8 35
8 51
8 92
8 104
8 62
8 58
8 165
8 46
8 115
8 37
8 48
8 74
8 56
8 145
8 110
8 176
8 95
8 123
8 146
8 16
8 90
8 107
8 33
8 73
8 29
8 10
8 127
8 139
8 188
8 119
8 22
8 17
8 182
8 175
8 80
8 30
8 160
8 57
8 15
8 101
8 86
8 40
8 134
8 65
8 118
8 94
8 26
8 41
8 47
8 81
8 44
8 52
8 20
8 42
8 61
8 124
8 67
8 28
8 63
8 36
8 71
8 97
8 196
8 150
8 84
8 31
8 12
8 155
8 83
8 147
8 13
8 64
8 98
8 11
8 32
8 159
8 82
8 75
8 91
8 27
8 39
8 106
8 34
8 14
8 77
8 59
8 76
9 123
9 106
9 99
9 12
9 129
9 84
9 155
9 39
9 25
9 33
9 119
9 78
9 134
9 175
9 63
9 76
9 57
9 103
9 52
9 102
9 141
9 26
9 92
9 22
9 120
9 91
9 107
9 97
9 185
9 56
9 49
9 139
9 128
9 27
9 16
9 67
9 176
10 11
10 18
10 37
10 87
10 51
10 52
10 139
10 98
10 41
10 47
10 33
10 63
10 61
10 104
10 62
10 50
10 34
10 74
10 97
10 42
10 83
10 84
10 95
10 12
10 134
10 116
10 14
10 110
10 75
10 54
10 26
10 39
10 143
10 106
10 60
10 57
10 112
10 32
10 64
10 86
10 105
10 49
10 22
10 46
10 48
10 137
10 53
10 72
10 31
10 65
10 107
10 124
10 56
10 40
10 82
10 81
10 71
10 123
10 17
10 79
10 77
10 29
10 59
10 15
10 58
10 155
10 92
10 73
10 93
10 27
10 36
10 128
10 80
10 76
10 38
10 133
10 127
10 118
10 25
11 48
11 39
11 71
11 45
11 32
11 57
11 55
11 42
11 104
11 95
11 59
11 124
11 58
11 15
11 162
11 94
11 72
11 164
11 17
11 128
11 63
11 123
11 31
11 53
11 52
11 56
11 92
11 93
11 26
11 41
11 73
11 127
11 51
11 80
11 110
11 84
11 83
11 74
11 106
11 43
11 29
11 82
11 96
11 137
11 60
11 27
11 12
11 46
11 87
11 36
11 40
11 76
11 50
11 81
11 47
11 54
11 25
11 121
11 102
11 144
11 77
11 112
11 34
11 13
11 78
11 65
11 98
11 155
11 79
11 116
11 49
11 134
11 14
11 61
11 64
11 136
11 107
11 33
11 18
11 141
11 139
11 105
11 75
11 22
12 13
12 129
12 96
12 29
12 34
12 80
12 52
12 36
12 26
12 17
12 155
12 49
12 47
12 27
12 94
12 73
12 45
12 48
12 84
12 76
12 118
12 61
12 86
12 58
12 51
12 102
12 176
12 81
12 40
12 72
12 16
12 14
12 33
12 134
12 59
12 70
12 119
12 35
12 120
12 137
12 91
12 107
12 175
12 92
12 64
12 25
12 60
12 38
12 162
12 57
12 78
12 101
12 56
12 146
12 15
12 77
12 145
13 53
13 86
13 121
13 39
13 29
13 57
13 123
13 135
13 107
13 52
13 58
13 75
13 64
13 194
13 45
13 22
13 43
13 134
13 118
13 154
13 44
13 17
13 106
13 145
13 47
13 16
13 84
13 56
13 137
13 129
13 34
13 36
13 61
13 117
13 120
13 96
13 97
13 60
13 27
13 73
13 32
13 76
13 33
13 40
13 119
13 38
13 148
14 15
14 28
14 116
14 105
14 139
14 99
14 40
14 54
14 57
14 73
14 49
14 81
14 95
14 59
14 106
14 31
14 41
14 93
14 47
14 52
14 62
14 79
14 80
14 128
14 123
14 51
14 74
14 104
14 75
14 142
14 21
14 48
14 83
14 18
14 46
14 55
14 76
14 98
14 63
14 36
14 136
14 71
14 77
14 27
14 155
14 64
14 42
14 112
14 82
14 22
14 56
14 144
14 39
14 25
14 32
14 87
14 92
14 50
14 127
14 34
14 84
14 58
14 26
14 110
14 17
14 138
14 107
14 65
14 35
14 53
14 159
14 60
14 33
14 192
15 18
15 42
15 60
15 101
15 134
15 68
15 92
15 52
15 71
15 75
15 16
15 51
15 64
15 56
15 133
15 61
15 145
15 19
15 22
15 58
15 86
15 40
15 123
15 112
15 81
15 72
15 20
15 80
15 77
15 126
15 35
15 118
15 29
15 146
15 96
15 129
15 17
15 27
15 38
15 39
15 65
15 73
15 26
15 127
15 132
15 57
15 137
15 154
15 125
15 48
15 33
15 25
15 95
15 47
15 41
15 43
15 69
15 83
16 17
16 41
16 31
16 119
16 155
16 49
16 99
16 63
16 44
16 102
16 96
16 107
16 60
16 122
16 129
16 35
16 120
16 101
16 45
16 56
16 130
16 40
16 52
16 94
16 134
16 36
16 148
16 112
16 78
16 19
16 72
16 84
16 121
16 18
16 21
16 59
16 80
16 20
16 76
16 25
16 33
16 51
16 91
16 126
16 93
17 35
17 59
17 104
17 148
17 157
17 95
17 18
17 53
17 79
17 97
17 69
17 100
17 62
17 27
17 106
17 52
17 26
17 118
17 72
17 21
17 105
17 60
17 44
17 20
17 76
17 33
17 84
17 77
17 73
17 128
17 40
17 83
17 107
17 67
17 134
17 96
17 162
17 36
17 98
17 45
17 80
17 65
17 61
17 56
17 85
17 139
17 93
17 190
17 22
17 43
17 202
17 135
17 92
17 29
17 132
17 39
17 57
17 121
17 54
17 145
17 64
17 66
17 74
17 129
17 137
17 82
17 115
17 120
17 124
17 149
17 51
17 86
17 32
17 38
18 124
18 65
18 39
18 35
18 57
18 83
18 75
18 73
18 95
18 60
18 26
18 52
18 77
18 86
18 51
18 27
18 98
18 64
18 56
18 104
18 74
18 71
18 118
18 120
18 110
18 82
18 38
18 47
18 127
18 106
18 134
18 92
18 31
18 61
18 123
19 20
19 56
19 202
19 52
19 139
19 61
19 58
20 70
20 106
20 36
20 64
20 105
20 56
20 77
20 139
20 115
20 118
20 45
20 72
20 44
20 149
20 148
20 43
20 194
20 133
20 86
20 123
20 57
20 150
20 121
20 99
20 22
20 40
20 120
20 52
20 38
20 132
20 85
20 33
20 107
20 96
20 35
20 110
20 29
20 58
20 21
20 60
20 202
20 145
20 61
20 73
20 67
21 22
21 44
21 61
21 142
21 28
21 202
21 105
21 139
21 115
21 150
21 99
21 35
21 38
21 86
21 96
21 92
21 192
21 165
21 148
22 54
22 51
22 25
22 80
22 107
22 47
22 119
22 127
22 61
22 35
22 42
22 65
22 143
22 73
22 52
22 76
22 36
22 75
22 99
22 86
22 39
22 121
22 162
22 44
22 60
22 120
22 38
22 112
22 64
22 67
22 45
22 48
22 57
22 94
22 134
22 139
22 56
22 79
22 102
22 175
22 77
22 32
22 103
22 144
22 72
22 92
22 118
22 96
22 135
22 78
22 27
22 148
22 101
22 33
22 177
22 100
22 105
22 106
22 58
22 84
22 133
22 91
22 123
22 40
22 110
22 31
22 43
22 93
22 189
23 24
23 147
23 195
23 131
23 167
23 184
23 153
23 37
23 152
23 141
23 115
24 153
24 88
24 108
24 180
24 67
24 165
25 26
25 36
25 37
25 77
25 66
25 145
25 140
25 116
25 110
25 57
25 170
25 82
25 141
25 63
25 124
25 174
25 192
25 81
25 188
25 56
25 92
25 119
25 45
25 128
25 201
25 118
25 190
25 160
25 44
25 62
25 28
25 167
25 80
25 33
25 72
25 172
25 46
25 95
25 98
25 120
25 96
25 138
25 127
25 90
25 134
25 67
25 173
25 39
25 73
25 210
25 189
25 102
25 123
25 94
25 27
25 106
25 47
25 101
25 155
25 51
25 40
25 76
25 71
25 48
25 159
25 104
25 209
25 60
25 107
25 64
25 30
25 61
25 196
25 83
25 97
25 191
25 59
25 152
25 74
25 65
25 58
25 86
25 193
25 157
26 41
26 65
26 141
26 59
26 82
26 76
26 63
26 47
26 83
26 36
26 155
26 107
26 127
26 45
26 99
26 104
26 51
26 27
26 56
26 60
26 123
26 79
26 102
26 84
26 93
26 30
26 92
26 112
26 164
26 136
26 74
26 64
26 175
26 73
26 55
26 54
26 62
26 39
26 50
26 105
26 95
26 29
26 71
26 38
26 33
26 46
26 80
26 98
26 144
26 116
26 78
26 48
26 97
26 106
26 171
26 49
26 103
26 31
26 57
26 75
26 52
26 77
26 110
26 42
26 86
26 81
26 128
26 32
26 34
26 121
27 57
27 68
27 83
27 53
27 36
27 95
27 41
27 52
27 61
27 155
27 62
27 139
27 117
27 60
27 176
27 132
27 124
27 45
27 56
27 63
27 58
27 32
27 100
27 134
27 93
27 42
27 75
27 84
27 39
27 79
27 65
27 73
27 87
27 123
27 118
27 133
27 104
27 105
27 94
27 43
27 38
27 74
27 34
27 143
27 51
27 54
27 110
27 188
27 29
27 125
27 127
27 112
27 55
27 40
27 102
27 64
27 168
27 98
27 116
27 50
27 48
27 77
27 44
27 128
27 135
27 144
27 145
27 106
27 86
27 46
27 59
27 137
27 33
27 92
27 31
27 97
27 107
27 80
27 67
27 71
27 81
27 121
27 76
27 78
27 37
27 96
27 47
27 49
28 173
28 174
28 105
28 157
28 90
28 95
28 179
28 192
28 36
28 156
28 153
28 41
28 88
28 115
28 165
28 86
28 140
28 142
28 146
28 37
28 67
28 85
28 152
28 203
28 207
28 182
28 150
28 209
29 30
29 57
29 120
29 49
29 133
29 74
29 129
29 44
29 65
29 73
29 146
29 70
29 84
29 154
29 52
29 88
29 62
29 118
29 86
29 69
29 125
29 50
29 42
29 122
29 137
29 72
29 94
29 35
29 101
29 63
29 68
29 115
29 60
29 71
29 58
29 45
29 48
29 61
29 43
29 47
29 33
29 64
29 196
29 39
29 34
29 107
29 38
29 91
29 127
29 75
29 134
29 76
29 121
30 83
30 111
30 121
30 103
30 165
30 41
30 183
30 116
30 115
30 191
30 134
30 65
30 95
30 174
30 67
30 139
30 208
30 131
30 187
31 32
31 39
31 41
31 83
31 47
31 154
31 74
31 105
31 71
31 38
31 162
31 75
31 98
31 45
31 84
31 129
31 56
31 92
31 65
31 107
31 82
31 34
31 76
31 57
31 159
31 33
31 127
31 51
31 52
31 77
31 50
31 42
31 99
31 144
31 78
31 62
31 46
31 97
31 106
31 123
31 151
31 68
31 36
31 96
31 73
31 178
31 95
31 60
31 104
32 62
32 41
32 104
32 54
32 59
32 115
32 102
32 39
32 107
32 93
32 46
32 57
32 176
32 47
32 51
32 123
32 95
32 83
32 106
32 116
32 64
32 34
32 110
32 76
32 75
32 112
32 33
32 52
32 105
32 82
32 56
32 150
32 97
32 98
32 77
32 42
32 80
32 127
32 155
32 84
32 48
32 65
32 36
32 71
32 125
32 124
32 144
32 74
32 53
32 78
32 60
32 50
32 63
32 49
32 55
33 34
33 92
33 99
33 104
33 56
33 72
33 78
33 96
33 91
33 128
33 62
33 137
33 112
33 69
33 66
33 134
33 129
33 81
33 65
33 107
33 98
33 160
33 145
33 82
33 100
33 49
33 60
33 63
33 74
33 36
33 57
33 64
33 73
33 52
33 123
33 119
33 59
33 76
33 191
33 110
33 77
33 44
33 102
33 86
33 51
33 162
33 75
33 43
33 39
33 71
33 38
33 161
33 117
33 97
33 189
33 83
33 42
33 47
33 118
33 127
33 95
33 61
33 120
33 106
34 119
34 56
34 150
34 46
34 76
34 49
34 69
34 51
34 64
34 77
34 120
34 65
34 106
34 129
34 91
34 84
34 101
34 123
34 47
34 164
34 134
34 75
34 178
34 127
34 39
34 36
34 124
34 42
34 74
34 168
34 83
34 52
34 78
34 62
34 82
34 95
34 107
34 175
34 92
34 105
34 73
34 48
34 104
34 137
34 86
35 36
35 120
35 75
35 126
35 77
35 129
35 64
35 44
35 51
35 123
35 59
35 98
35 48
35 86
35 56
35 73
35 52
35 146
35 82
35 72
35 61
36 59
36 76
36 57
36 161
36 86
36 78
36 71
36 42
36 152
36 84
36 159
36 38
36 83
36 155
36 61
36 52
36 69
36 46
36 51
36 43
36 102
36 80
36 123
36 181
36 101
36 137
36 175
36 44
36 107
36 106
36 171
36 73
36 96
36 39
36 56
36 162
36 48
36 47
36 67
36 127
36 55
36 94
36 97
36 49
36 104
36 120
36 54
36 98
36 62
36 189
36 157
36 119
36 138
36 45
36 129
36 81
36 134
36 150
36 112
36 167
36 174
36 93
36 92
36 190
36 168
36 128
36 74
36 82
36 148
36 95
36 193
36 110
36 116
36 188
36 145
36 37
36 65
36 182
36 60
36 200
36 70
36 91
36 77
36 41
36 124
36 64
37 63
37 128
37 149
37 88
37 98
37 180
37 165
37 41
37 104
37 105
37 51
37 139
37 103
37 115
37 91
37 97
37 79
37 203
37 192
37 64
37 49
37 144
37 60
37 101
37 74
37 116
37 95
38 46
38 99
38 102
38 132
38 103
38 104
38 57
38 112
38 60
38 86
38 80
38 137
38 133
38 71
38 78
38 41
38 139
38 47
38 40
38 73
38 39
38 56
38 67
38 79
38 105
38 123
38 134
38 51
38 110
38 72
38 43
38 125
38 58
38 107
38 118
38 64
38 75
38 127
38 84
38 61
38 209
38 52
38 121
38 44
38 116
38 65
38 124
38 74
39 40
39 71
39 86
39 41
39 125
39 97
39 83
39 74
39 87
39 91
39 102
39 73
39 132
39 137
39 192
39 134
39 54
39 144
39 46
39 75
39 98
39 105
39 124
39 57
39 61
39 99
39 120
39 63
39 64
39 84
39 44
39 92
39 118
39 143
39 110
39 126
39 65
39 123
39 116
39 80
39 52
39 94
39 68
39 139
39 127
39 176
39 119
39 106
39 62
39 67
39 48
39 189
39 49
39 56
39 60
39 47
39 77
39 42
39 72
39 95
39 96
39 112
39 58
39 93
39 76
39 53
39 107
39 162
39 82
39 51
39 101
39 79
39 104
40 43
40 86
40 96
40 92
40 54
40 77
40 42
40 81
40 64
40 45
40 75
40 52
40 127
40 194
40 80
40 57
40 164
40 84
40 132
40 162
40 76
40 125
40 129
40 47
40 44
40 118
40 61
40 48
40 53
40 60
40 102
40 56
40 146
40 112
40 58
40 51
40 72
40 176
40 100
40 94
40 107
40 41
40 104
40 73
40 101
40 105
41 85
41 64
41 86
41 106
41 104
41 45
41 82
41 58
41 73
41 127
41 93
41 78
41 129
41 110
41 146
41 83
41 42
41 87
41 74
41 56
41 124
41 77
41 60
41 51
41 71
41 98
41 52
41 61
41 123
41 126
41 62
41 57
41 47
41 75
41 67
41 144
41 196
41 65
41 150
41 68
41 81
41 118
41 46
41 95
41 92
41 100
42 60
42 65
42 76
42 57
42 83
42 98
42 55
42 127
42 68
42 47
42 75
42 64
42 43
42 71
42 106
42 94
42 77
42 95
42 118
42 51
42 81
42 120
42 52
42 107
42 110
42 82
42 46
42 62
42 48
42 112
42 58
42 123
42 119
42 86
42 92
42 73
42 49
42 61
42 97
42 59
42 84
42 56
42 50
43 134
43 119
43 148
43 75
43 135
43 53
43 67
43 56
43 84
43 110
43 145
43 161
43 44
43 72
43 82
43 92
43 107
43 101
43 47
43 58
43 118
43 45
43 96
43 94
43 52
43 86
43 123
43 60
43 141
43 77
43 61
43 120
43 73
43 83
44 45
44 68
44 117
44 129
44 119
44 80
44 134
44 57
44 64
44 58
44 132
44 86
44 96
44 48
44 145
44 107
44 78
44 73
44 72
44 135
44 191
44 194
44 94
44 202
44 90
44 56
44 79
44 139
44 121
44 60
44 52
44 61
44 137
44 125
44 155
44 67
44 118
44 76
44 97
44 133
44 120
44 106
44 105
44 148
44 84
45 87
45 56
45 149
45 72
45 145
45 50
45 79
45 121
45 76
45 148
45 117
45 92
45 60
45 77
45 129
45 48
45 112
45 86
45 96
45 81
45 125
45 61
45 84
46 50
46 74
46 127
46 95
46 124
46 115
46 106
46 97
46 75
46 52
46 47
46 56
46 57
46 60
46 98
46 65
46 63
46 84
46 64
46 112
46 170
46 144
46 118
46 67
46 110
46 83
46 104
46 58
46 51
46 77
46 71
46 82
46 105
46 147
46 123
46 49
46 62
46 92
47 59
47 104
47 75
47 74
47 128
47 73
47 143
47 62
47 149
47 65
47 86
47 110
47 80
47 129
47 139
47 173
47 134
47 127
47 124
47 137
47 123
47 101
47 95
47 162
47 178
47 116
47 112
47 79
47 52
47 155
47 106
47 51
47 56
47 57
47 93
47 50
47 78
47 60
47 53
47 105
47 49
47 82
47 77
47 83
47 97
47 107
47 71
47 144
47 76
47 175
47 87
47 92
47 84
47 63
47 150
47 119
47 55
47 48
48 69
48 76
48 100
48 65
48 127
48 49
48 118
48 97
48 107
48 83
48 75
48 189
48 160
48 129
48 103
48 124
48 91
48 101
48 77
48 162
48 71
48 63
48 80
48 137
48 92
48 64
48 60
48 161
48 123
48 110
48 53
48 102
48 93
48 96
48 57
48 73
48 74
48 94
48 188
48 138
48 82
48 145
48 98
48 66
48 134
48 84
48 191
48 104
48 51
48 56
48 128
48 190
48 119
48 58
48 52
48 120
48 78
49 50
49 61
49 64
49 124
49 101
49 69
49 162
49 105
49 168
49 176
49 119
49 57
49 120
49 65
49 104
49 189
49 76
49 58
49 74
49 92
49 100
49 161
49 110
49 102
49 56
49 59
49 81
49 123
49 71
49 84
49 82
49 91
49 160
49 103
49 83
49 128
49 51
49 107
49 80
49 129
49 66
49 175
49 144
49 62
49 63
49 54
49 137
49 127
49 77
49 52
49 55
49 95
49 141
49 185
49 78
49 191
49 73
49 98
50 75
50 98
50 96
50 57
50 146
50 52
50 144
50 138
50 81
50 51
50 64
50 127
50 56
50 60
50 92
50 116
51 52
51 63
51 77
51 143
51 137
51 124
51 56
51 57
51 175
51 104
51 76
51 86
51 110
51 64
51 54
51 98
51 83
51 128
51 93
51 65
51 144
51 102
51 82
51 107
51 127
51 112
51 116
51 73
51 87
51 92
51 97
51 58
51 118
51 60
51 75
51 62
51 134
51 106
51 105
51 123
51 164
51 74
51 95
51 162
51 59
51 103
51 119
51 84
51 178
51 80
51 71
51 81
51 136
52 65
52 120
52 124
52 72
52 110
52 117
52 139
52 107
52 93
52 118
52 181
52 127
52 146
52 60
52 83
52 112
52 55
52 76
52 123
52 126
52 94
52 102
52 104
52 66
52 132
52 176
52 155
52 188
52 133
52 57
52 81
52 84
52 82
52 71
52 128
52 95
52 101
52 56
52 99
52 64
52 151
52 135
52 73
52 103
52 58
52 134
52 87
52 92
52 106
52 171
52 136
52 74
52 77
52 75
52 113
52 100
52 98
52 61
52 168
52 129
52 121
52 97
52 144
52 54
52 63
52 68
52 96
52 78
52 125
52 62
52 116
52 79
52 53
52 91
52 189
52 70
52 105
52 143
52 69
52 119
52 86
52 137
52 80
52 59
53 56
53 75
53 77
53 73
53 72
53 118
53 132
53 86
53 98
53 57
53 81
53 124
53 64
53 74
53 65
53 71
53 92
53 58
53 62
53 61
53 123
53 129
54 64
54 116
54 73
54 76
54 65
54 82
54 57
54 134
54 98
54 102
54 127
54 123
54 56
54 80
54 84
54 92
54 115
54 106
54 71
54 104
54 74
54 182
54 119
54 83
54 63
54 77
54 107
54 91
54 138
54 67
55 56
55 57
55 107
55 64
55 160
55 104
55 120
55 65
55 76
55 82
55 92
55 84
55 119
55 127
55 62
55 71
55 191
55 98
55 110
56 93
56 112
56 135
56 126
56 104
56 59
56 65
56 86
56 80
56 73
56 143
56 116
56 128
56 101
56 68
56 188
56 57
56 137
56 133
56 107
56 58
56 81
56 125
56 168
56 60
56 74
56 103
56 94
56 121
56 127
56 91
56 124
56 61
56 62
56 71
56 146
56 75
56 95
56 123
56 132
56 151
56 98
56 64
56 96
56 136
56 82
56 117
56 144
56 72
56 77
56 118
56 63
56 181
56 90
56 120
56 171
56 139
56 79
56 102
56 76
56 83
56 78
56 106
56 119
56 189
56 129
56 100
56 105
56 97
56 134
56 99
56 92
56 84
56 69
56 113
56 110
57 58
57 75
57 60
57 64
57 107
57 86
57 65
57 92
57 141
57 83
57 132
57 68
57 125
57 81
57 80
57 123
57 79
57 102
57 71
57 72
57 135
57 84
57 105
57 67
57 127
57 144
57 99
57 61
57 112
57 85
57 82
57 106
57 89
57 133
57 104
57 77
57 74
57 128
57 124
57 116
57 117
57 63
57 98
57 95
57 167
57 110
57 93
57 138
57 103
57 196
58 81
58 121
58 84
58 122
58 137
58 96
58 98
58 146
58 110
58 118
58 69
58 117
58 129
58 60
58 61
58 112
58 75
58 133
58 94
58 145
58 70
58 64
58 80
58 139
58 68
58 72
58 73
58 77
58 86
58 101
58 71
58 78
58 59
58 124
58 127
58 107
59 94
59 83
59 137
59 138
59 106
59 74
59 84
59 65
59 95
59 92
59 102
59 80
59 124
59 64
59 127
59 91
59 77
59 73
59 120
59 63
59 123
59 145
59 62
59 104
59 98
59 76
59 119
59 82
59 71
60 62
60 82
60 98
60 124
60 148
60 81
60 61
60 129
60 65
60 105
60 95
60 134
60 101
60 75
60 127
60 73
60 74
60 110
60 94
60 133
60 137
60 83
60 118
60 92
60 80
60 72
60 96
60 112
60 104
60 64
60 78
60 120
60 144
60 123
60 125
60 97
60 86
60 84
60 106
60 132
60 145
60 71
60 77
60 79
60 107
60 68
61 113
61 77
61 145
61 72
61 75
61 105
61 137
61 125
61 134
61 136
61 79
61 73
61 112
61 99
61 123
61 117
61 135
61 107
61 110
61 67
61 68
61 118
61 80
61 201
61 94
61 133
61 132
61 148
61 86
61 64
61 65
61 171
61 76
61 74
61 139
62 74
62 75
62 137
62 106
62 81
62 95
62 98
62 92
62 107
62 91
62 77
62 93
62 144
62 110
62 83
62 71
62 84
62 105
62 104
62 97
62 123
62 82
62 64
62 65
62 116
62 63
62 79
63 64
63 80
63 77
63 93
63 65
63 74
63 84
63 120
63 73
63 175
63 127
63 75
63 70
63 97
63 155
63 164
63 76
63 189
63 92
63 69
63 106
63 129
63 112
63 83
63 91
63 157
63 81
63 123
63 98
63 71
63 119
63 138
63 160
63 102
63 110
63 82
63 162
63 124
63 188
63 176
63 107
63 101
63 144
64 129
64 81
64 155
64 86
64 83
64 128
64 124
64 127
64 77
64 144
64 118
64 65
64 171
64 123
64 74
64 110
64 97
64 112
64 104
64 82
64 106
64 137
64 75
64 84
64 107
64 105
64 175
64 143
64 91
64 102
64 92
64 71
64 95
64 79
64 136
64 80
64 73
64 125
64 209
64 139
64 93
64 98
64 126
64 146
64 116
64 76
64 132
65 110
65 98
65 82
65 154
65 106
65 112
65 73
65 137
65 77
65 76
65 95
65 123
65 71
65 104
65 92
65 144
65 79
65 125
65 116
65 107
65 86
65 190
65 151
65 105
65 96
65 75
65 74
65 72
65 133
65 155
65 83
65 81
65 127
65 84
65 132
65 128
65 102
65 118
65 93
65 80
66 67
66 84
66 80
66 76
66 102
66 69
66 119
66 107
66 91
67 73
67 102
67 197
67 180
67 174
67 152
67 158
67 89
67 95
67 132
67 108
67 165
67 205
67 126
67 141
67 121
67 107
67 85
67 193
67 170
67 115
67 79
67 151
67 163
67 167
67 105
67 191
67 156
67 135
67 140
67 87
67 208
67 166
67 103
67 169
67 86
67 88
67 75
67 116
67 177
68 117
68 118
68 75
68 127
68 133
68 132
68 129
68 73
68 86
68 125
69 119
69 102
69 120
69 81
69 76
69 80
69 84
69 137
69 91
69 107
70 77
70 126
70 146
70 107
70 196
71 118
71 104
71 127
71 123
71 92
71 106
71 110
71 80
71 76
71 73
71 77
71 74
71 189
71 112
71 98
71 83
71 95
71 75
71 93
71 79
71 128
71 105
71 209
71 176
71 107
71 102
71 155
71 116
71 82
71 84
72 73
72 96
72 105
72 77
72 125
72 137
72 136
72 139
72 133
72 132
72 176
72 118
72 135
72 149
72 113
72 99
72 75
72 107
72 148
72 145
72 79
72 120
72 95
73 105
73 83
73 134
73 79
73 107
73 86
73 143
73 116
73 133
73 80
73 74
73 91
73 84
73 95
73 123
73 132
73 144
73 92
73 118
73 102
73 139
73 104
73 94
73 125
73 137
73 78
73 117
73 135
73 101
73 75
73 127
73 77
73 136
73 76
73 112
73 120
73 98
73 110
73 168
73 93
73 189
73 82
74 75
74 123
74 92
74 124
74 116
74 127
74 86
74 77
74 95
74 98
74 93
74 110
74 83
74 105
74 120
74 143
74 81
74 80
74 76
74 82
74 84
74 192
74 142
74 106
74 107
74 176
75 123
75 81
75 126
75 86
75 133
75 187
75 104
75 144
75 134
75 146
75 110
75 125
75 137
75 132
75 77
75 127
75 82
75 92
75 94
75 98
75 96
75 116
75 84
75 138
75 139
75 178
75 167
75 124
75 79
75 83
75 118
75 95
76 77
76 94
76 134
76 95
76 91
76 92
76 161
76 107
76 102
76 145
76 78
76 80
76 129
76 137
76 100
76 83
76 101
76 82
76 93
76 86
76 124
76 127
76 120
76 103
76 157
76 155
76 188
76 181
76 104
76 202
76 128
76 84
76 112
76 176
76 98
76 160
76 189
76 119
76 191
76 97
76 148
76 106
76 96
76 81
76 190
76 185
77 107
77 126
77 127
77 110
77 79
77 139
77 92
77 93
77 178
77 164
77 171
77 116
77 106
77 84
77 118
77 123
77 80
77 98
77 176
77 83
77 144
77 129
77 95
77 124
77 154
77 82
77 112
77 96
77 104
77 102
77 145
78 79
78 107
78 106
78 134
78 96
78 129
78 97
78 162
78 149
78 145
78 86
78 100
78 94
78 123
78 84
78 120
78 139
78 92
78 137
78 161
78 119
79 123
79 132
79 127
79 105
79 139
79 119
79 190
79 82
79 118
79 96
79 92
79 95
79 86
79 167
79 83
79 124
79 85
79 134
79 110
79 90
79 98
79 106
79 148
79 194
79 115
80 94
80 97
80 107
80 82
80 134
80 86
80 100
80 110
80 119
80 102
80 91
80 101
80 157
80 112
80 189
80 176
80 129
80 84
80 103
80 145
80 188
80 185
80 93
80 104
80 120
80 127
81 96
81 91
81 102
81 105
81 82
81 146
81 129
81 126
81 123
81 116
81 84
81 112
81 154
81 144
81 83
81 125
81 92
81 98
81 107
82 125
82 107
82 83
82 102
82 128
82 123
82 110
82 176
82 93
82 104
82 120
82 116
82 86
82 98
82 144
82 112
82 124
82 92
82 84
82 95
82 127
83 84
83 96
83 104
83 123
83 124
83 106
83 127
83 164
83 92
83 144
83 110
83 189
83 112
83 91
83 137
83 101
83 178
83 95
83 150
83 93
83 102
83 98
83 155
83 128
83 116
83 105
83 107
83 143
84 101
84 128
84 118
84 97
84 107
84 144
84 188
84 98
84 123
84 175
84 86
84 127
84 155
84 92
84 119
84 178
84 120
84 104
84 190
84 145
84 110
84 148
84 95
84 93
84 191
84 185
84 164
84 134
84 102
84 137
84 160
84 91
84 100
84 103
84 124
84 96
84 106
84 129
84 189
84 157
84 176
85 152
85 156
85 159
85 193
85 146
85 184
85 165
85 206
85 137
85 115
85 88
85 167
85 166
86 93
86 121
86 150
86 149
86 104
86 134
86 133
86 106
86 132
86 139
86 118
86 123
86 105
86 127
86 194
86 102
86 92
86 193
86 129
86 148
86 99
86 137
86 125
86 110
86 112
86 98
86 107
86 103
86 97
86 95
86 101
87 171
87 123
87 116
87 178
87 99
87 92
87 145
88 89
88 115
88 146
88 140
88 141
88 90
88 163
88 166
88 179
88 167
88 122
88 193
88 138
88 184
88 130
88 174
88 170
88 147
88 165
88 185
88 109
88 182
88 111
88 152
88 212
88 159
88 183
88 150
88 169
88 200
89 183
90 139
90 115
90 165
90 101
91 92
91 114
91 119
91 120
91 101
91 160
91 185
91 188
91 97
91 129
91 128
91 161
91 181
91 138
91 103
91 112
91 155
91 110
91 93
91 175
91 106
91 102
91 191
91 157
91 150
91 189
91 107
91 176
92 96
92 137
92 119
92 134
92 99
92 105
92 127
92 118
92 128
92 129
92 95
92 143
92 112
92 116
92 144
92 98
92 124
92 93
92 139
92 107
92 104
92 110
92 176
92 149
92 155
92 123
92 106
92 102
92 120
92 97
93 124
93 95
93 98
93 104
93 102
93 106
93 110
93 155
93 123
93 127
93 134
93 162
94 100
94 120
94 118
94 134
94 145
94 129
94 127
94 119
94 107
94 97
94 188
95 107
95 126
95 104
95 98
95 127
95 123
95 178
95 136
95 150
95 112
95 159
95 142
95 171
95 110
95 105
95 99
95 192
95 116
95 144
96 149
96 121
96 119
96 134
96 146
96 148
96 155
96 129
96 116
96 107
96 101
96 176
96 194
96 102
97 102
97 127
97 120
97 119
97 145
97 171
97 110
97 107
97 134
97 98
98 144
98 123
98 134
98 104
98 137
98 106
98 107
98 105
98 132
98 128
98 142
98 112
98 110
98 146
98 127
98 124
98 116
99 107
99 134
99 173
99 142
99 139
99 192
99 149
99 105
100 119
100 107
100 102
100 175
100 162
100 101
100 120
101 102
101 137
101 162
101 191
101 119
101 120
101 115
101 190
101 145
101 107
101 134
101 129
102 103
102 123
102 127
102 129
102 110
102 128
102 190
102 157
102 107
102 160
102 115
102 185
102 155
102 137
102 191
102 104
102 134
102 120
103 115
103 155
103 185
103 167
103 159
103 173
103 120
103 107
104 150
104 110
104 124
104 116
104 159
104 106
104 123
104 137
104 155
104 118
104 138
104 107
104 127
105 106
105 110
105 149
105 144
105 120
105 134
105 178
105 139
105 148
105 159
105 107
105 118
105 145
105 202
105 164
105 123
105 142
105 150
105 127
105 194
106 116
106 127
106 136
106 107
107 138
107 145
107 110
107 115
107 191
107 190
107 160
107 119
107 116
107 134
107 120
107 189
107 188
107 162
107 175
107 161
107 112
107 123
107 127
107 177
107 118
107 176
107 157
107 155
107 129
107 137
107 124
107 159
107 185
107 139
108 109
108 163
108 130
108 167
108 184
108 152
108 186
109 165
109 153
110 127
110 189
110 143
110 116
110 123
110 125
110 124
110 112
110 128
110 137
111 122
111 183
112 134
112 127
112 175
112 124
112 123
112 119
112 118
112 129
112 137
112 190
114 182
115 158
115 172
115 159
115 165
115 174
115 152
115 169
115 182
115 180
115 208
115 200
115 153
115 147
115 201
115 167
115 177
115 132
115 151
116 127
116 178
116 124
116 123
116 149
116 164
117 118
117 133
117 125
118 132
118 127
118 133
118 135
118 125
118 123
119 149
119 185
119 191
119 142
119 120
119 194
119 137
119 202
119 157
119 160
119 155
119 189
119 139
119 129
119 134
119 188
119 181
120 157
120 125
120 135
120 176
120 134
120 155
120 181
120 139
120 175
120 143
120 128
120 136
120 129
121 194
121 148
121 134
121 129
122 139
122 146
123 127
123 135
123 128
123 137
123 124
123 189
123 149
123 139
123 132
123 155
124 178
124 127
124 176
124 164
124 144
124 128
124 143
125 133
125 132
125 151
126 127
126 146
127 150
127 128
127 188
127 164
127 129
127 178
127 144
128 155
128 175
129 137
129 155
129 154
129 176
129 148
129 175
130 131
130 153
130 152
130 182
130 180
130 197
130 171
130 211
130 191
130 165
130 151
131 195
131 147
132 133
134 175
134 162
134 139
134 148
134 137
134 171
134 143
134 190
136 137
136 162
136 146
137 175
137 138
138 151
138 199
138 198
138 157
138 165
138 156
138 174
139 149
139 202
139 148
139 144
139 141
140 141
140 165
140 184
140 159
141 146
141 211
141 165
141 191
141 153
142 192
142 165
143 162
144 164
144 176
144 178
144 167
146 165
146 196
146 183
146 193
147 153
147 165
149 190
149 155
149 168
149 169
149 150
150 203
150 207
150 157
150 165
150 179
150 192
151 159
152 184
152 165
152 153
153 163
153 195
153 156
153 184
158 186
158 200
159 177
159 165
159 187
159 211
159 176
159 182
160 175
163 165
164 178
165 167
165 192
165 184
165 186
165 183
165 179
165 169
165 170
165 171
165 174
166 174
166 167
167 174
167 177
167 179
169 170
169 180
169 174
174 198
175 191
175 190
175 181
177 194
180 184
182 185
182 184
184 193
185 186
186 204
193 200
199 204
201 210
210 213
