0 1
0 26
0 40
0 28
0 143
0 99
0 27
0 25
0 75
0 64
0 15
0 156
0 73
0 2
0 138
0 126
0 91
0 35
0 77
0 44
0 53
0 19
0 93
0 52
0 5
0 56
0 22
0 149
0 51
0 14
0 58
0 49
0 41
0 63
0 79
0 84
0 57
0 78
0 172
0 20
0 150
0 121
0 90
0 183
0 98
0 7
0 69
0 161
0 130
0 144
0 42
0 124
0 211
0 155
0 34
0 86
0 62
0 81
0 71
0 9
0 114
0 47
0 61
0 46
0 6
0 36
0 70
0 89
0 92
0 158
0 32
0 66
0 23
0 21
0 184
0 107
0 72
0 45
0 59
0 8
0 207
0 18
0 31
0 141
0 67
0 129
0 213
0 65
0 110
0 37
0 3
0 88
0 12
0 11
0 103
0 38
0 134
0 54
0 170
0 135
0 33
0 43
0 97
0 17
0 120
0 76
0 139
0 48
0 82
0 165
0 192
0 30
0 147
0 177
0 132
1 53
1 78
1 13
1 79
1 76
1 61
1 51
1 43
1 10
1 71
1 35
1 20
1 44
1 14
1 132
1 34
1 106
1 11
1 114
1 74
1 33
1 84
1 38
1 26
1 129
1 120
1 3
1 22
1 49
1 91
1 144
1 66
1 37
1 47
1 81
1 48
1 17
1 52
1 40
1 58
1 69
1 117
2 3
2 25
2 52
2 4
2 81
2 167
2 106
2 19
2 14
2 47
2 57
2 9
2 155
2 171
2 48
2 61
2 15
2 56
2 37
2 115
2 91
2 101
2 208
2 38
2 79
2 139
2 111
2 49
2 5
2 114
2 58
2 34
2 22
2 23
2 16
2 26
2 64
2 13
2 29
2 90
2 65
2 117
2 175
2 72
2 50
2 8
2 18
2 129
2 17
2 130
2 62
2 43
2 33
2 78
2 53
2 51
2 170
2 84
2 20
2 11
2 32
2 67
2 44
2 12
2 89
2 71
2 42
2 103
3 16
3 86
3 79
3 58
3 51
3 22
3 78
3 118
3 35
3 10
3 15
3 117
3 18
3 71
3 100
3 99
3 87
3 101
3 47
3 56
3 41
3 50
3 24
3 53
3 11
3 32
3 91
3 202
3 9
3 29
3 4
3 5
3 46
3 61
3 68
3 90
3 106
3 60
3 81
3 20
3 36
3 8
3 80
3 27
3 111
3 34
3 52
3 14
3 65
3 26
3 126
3 182
3 33
4 5
4 22
4 87
4 125
4 21
4 81
4 51
4 78
4 56
4 29
4 104
4 94
4 9
4 20
4 106
4 175
4 128
4 41
4 48
4 74
4 60
4 127
4 40
4 139
4 99
4 86
4 126
4 124
4 61
4 150
4 62
4 46
4 32
4 111
4 28
4 68
4 112
4 58
4 8
4 50
4 35
4 115
4 198
4 188
4 101
4 14
4 137
4 52
4 65
4 36
4 23
4 91
4 100
4 63
4 26
4 132
4 33
4 67
4 90
4 53
4 15
4 34
4 13
4 169
4 42
4 117
4 44
4 79
4 27
4 84
4 37
4 24
4 120
4 11
4 80
4 38
4 66
4 85
4 129
4 171
4 12
5 24
5 34
5 22
5 123
5 11
5 52
5 151
5 72
5 89
5 126
5 36
5 19
5 28
5 108
5 97
5 94
5 32
5 91
5 71
5 33
5 25
5 15
5 107
5 21
5 46
5 56
5 170
5 101
5 61
5 124
5 177
5 84
5 99
5 17
5 87
5 54
5 115
5 64
5 139
5 96
5 137
5 149
5 81
5 20
5 109
5 152
5 26
5 14
5 53
5 100
5 18
5 74
5 92
5 83
5 153
5 63
5 35
5 199
5 141
5 93
5 50
5 27
5 60
5 47
5 78
5 42
5 13
5 182
5 114
5 90
5 208
5 37
5 39
5 69
5 133
5 186
5 117
5 131
5 82
5 103
5 44
5 79
6 7
6 59
6 134
6 159
6 143
6 113
6 31
6 45
6 82
6 135
6 183
7 107
7 113
7 51
7 166
7 179
7 109
7 156
7 22
7 31
7 201
7 183
7 84
7 59
7 143
7 134
7 159
7 147
7 54
7 82
8 9
8 29
8 84
8 35
8 148
8 132
8 131
8 39
8 47
8 114
8 22
8 79
8 78
8 92
8 38
8 56
8 24
8 101
8 61
8 27
8 76
8 85
8 40
8 64
8 106
8 33
8 90
8 72
8 34
8 89
8 118
8 50
8 139
8 94
8 97
8 26
8 65
8 10
8 80
8 51
8 58
8 42
8 19
8 32
8 52
8 71
8 115
8 16
8 15
8 37
8 74
8 62
8 151
8 54
8 12
8 21
8 41
8 57
8 126
8 129
8 117
8 43
8 81
8 11
8 69
8 99
8 20
8 100
8 111
8 124
8 36
8 14
8 13
8 17
8 44
8 67
8 53
8 91
8 63
8 46
8 171
9 32
9 111
9 58
9 80
9 77
9 43
9 142
9 106
9 126
9 13
9 44
9 81
9 68
9 79
9 87
9 15
9 35
9 38
9 99
9 51
9 103
9 175
9 14
9 34
9 100
9 11
9 29
9 96
9 52
9 22
9 182
9 86
9 23
9 117
9 50
9 47
9 78
9 114
9 149
9 20
9 91
9 16
9 90
9 70
9 61
9 72
9 21
9 155
9 118
9 33
9 94
9 188
9 41
9 69
9 110
10 11
10 53
10 91
10 84
10 29
10 38
10 180
10 80
10 79
10 68
10 144
10 120
10 136
10 61
10 93
10 49
10 78
10 202
10 106
10 150
10 22
10 117
10 15
10 41
10 85
10 90
10 58
10 13
10 69
10 126
10 20
10 27
10 44
10 77
10 51
10 35
11 33
11 29
11 14
11 79
11 62
11 58
11 64
11 70
11 90
11 114
11 24
11 118
11 34
11 23
11 69
11 117
11 15
11 126
11 80
11 40
11 35
11 75
11 53
11 74
11 28
11 182
11 66
11 171
11 96
11 52
11 85
11 44
11 199
11 106
11 100
11 32
11 78
11 16
11 20
11 61
11 170
11 38
11 91
11 72
11 175
11 155
11 48
11 26
11 56
11 60
11 81
11 51
11 99
11 36
11 47
11 50
11 77
11 49
11 13
12 13
12 68
12 71
12 93
12 98
12 150
12 111
12 129
12 17
12 80
12 119
12 34
12 87
12 51
12 53
12 126
12 33
12 66
12 20
12 14
12 100
12 75
12 64
12 26
12 99
12 124
12 85
12 61
12 44
12 86
12 114
12 115
12 59
12 144
12 35
12 40
12 37
12 32
12 139
12 78
12 84
12 31
12 198
12 132
13 51
13 27
13 124
13 129
13 143
13 72
13 58
13 40
13 23
13 70
13 130
13 26
13 20
13 93
13 52
13 144
13 132
13 138
13 185
13 134
13 64
13 85
13 92
13 84
13 37
13 29
13 86
13 98
13 126
13 34
13 119
13 115
13 69
13 78
13 31
13 114
13 17
13 94
13 150
13 33
13 71
13 117
13 199
13 28
13 137
13 142
13 149
13 99
13 25
13 55
13 76
13 90
13 139
13 75
13 32
13 111
13 35
13 53
13 100
13 14
13 18
13 41
13 44
14 15
14 17
14 34
14 124
14 41
14 53
14 87
14 52
14 85
14 83
14 114
14 91
14 63
14 78
14 144
14 58
14 62
14 94
14 57
14 25
14 59
14 84
14 130
14 61
14 37
14 72
14 69
14 76
14 18
14 31
14 22
14 40
14 23
14 98
14 26
14 36
14 54
14 155
14 33
14 81
14 115
14 44
14 149
14 51
14 16
14 38
14 27
14 75
14 208
14 21
14 24
14 129
14 141
14 137
14 28
14 71
14 99
14 70
14 29
14 79
14 86
14 126
14 74
14 151
14 20
14 65
14 90
14 47
14 32
14 111
14 100
14 77
14 132
14 106
14 64
14 199
14 120
14 80
14 67
14 128
15 151
15 95
15 21
15 118
15 114
15 101
15 62
15 60
15 27
15 81
15 29
15 106
15 52
15 61
15 47
15 69
15 33
15 55
15 170
15 50
15 67
15 84
15 74
15 37
15 20
15 32
15 23
15 89
15 127
15 100
15 90
15 175
15 40
15 22
15 94
15 99
15 91
15 34
15 24
15 56
15 36
15 68
15 199
15 129
15 87
15 79
15 171
15 78
15 126
15 111
15 51
15 72
15 64
15 58
15 42
15 48
15 137
15 38
15 44
15 86
15 117
15 132
16 58
16 106
16 26
16 90
16 126
16 99
16 51
16 62
16 91
16 72
16 171
16 78
16 68
16 29
16 32
16 41
17 83
17 20
17 50
17 172
17 91
17 23
17 42
17 166
17 21
17 137
17 130
17 40
17 132
17 18
17 164
17 90
17 62
17 135
17 59
17 52
17 31
17 134
17 71
17 48
17 43
17 25
17 95
17 81
17 129
17 37
17 89
17 51
17 28
17 98
17 108
17 75
17 41
17 155
17 85
17 123
17 65
17 101
17 159
17 76
17 114
17 26
17 27
17 104
17 70
17 67
17 150
17 72
17 113
17 149
17 53
17 138
17 79
17 156
17 74
17 47
17 84
17 44
17 54
17 34
17 124
17 177
17 64
17 49
17 78
17 115
17 133
17 69
17 22
17 109
17 141
17 107
17 55
18 19
18 51
18 26
18 123
18 56
18 107
18 70
18 71
18 44
18 22
18 52
18 67
18 79
18 153
18 131
18 49
18 133
18 97
18 69
18 141
18 101
18 20
18 85
18 50
18 64
18 53
18 90
18 99
18 91
18 155
18 98
18 23
18 150
18 132
18 108
18 130
18 46
18 54
18 129
18 21
18 89
18 42
18 92
18 62
18 57
18 83
18 114
18 81
18 124
18 47
18 40
18 27
18 137
18 78
18 65
18 34
18 37
18 72
19 71
19 83
19 21
19 97
19 101
19 152
19 131
19 109
19 158
19 92
19 72
19 37
19 54
19 89
19 25
19 41
19 34
19 50
19 177
19 46
19 44
19 64
19 31
19 81
20 21
20 33
20 119
20 158
20 56
20 98
20 85
20 40
20 130
20 48
20 95
20 52
20 78
20 22
20 51
20 76
20 124
20 71
20 99
20 170
20 47
20 43
20 132
20 68
20 28
20 163
20 23
20 34
20 57
20 114
20 27
20 53
20 139
20 149
20 41
20 79
20 138
20 91
20 38
20 143
20 67
20 75
20 32
20 81
20 44
20 141
20 116
20 77
20 150
20 178
20 37
20 94
20 117
20 155
20 120
20 64
20 26
20 175
20 58
20 80
20 69
20 60
20 129
20 106
21 137
21 67
21 71
21 141
21 22
21 85
21 99
21 131
21 34
21 59
21 108
21 52
21 132
21 78
21 51
21 114
21 129
21 91
21 115
21 24
21 54
21 32
21 26
21 90
21 64
21 53
21 33
21 40
21 41
22 23
22 34
22 76
22 58
22 115
22 56
22 47
22 129
22 24
22 82
22 42
22 100
22 69
22 29
22 90
22 60
22 101
22 50
22 32
22 67
22 39
22 78
22 57
22 80
22 51
22 68
22 141
22 84
22 106
22 26
22 124
22 71
22 63
22 103
22 130
22 37
22 128
22 148
22 104
22 86
22 158
22 66
22 38
22 175
22 61
22 151
22 132
22 52
22 48
22 85
22 53
22 43
22 87
22 211
22 54
22 31
22 91
22 94
22 137
22 64
22 27
22 81
22 177
22 95
22 111
22 131
22 41
22 62
22 117
22 107
22 120
22 36
22 44
22 114
22 79
22 74
22 171
22 99
22 98
22 127
22 199
22 157
22 89
22 97
23 129
23 114
23 55
23 116
23 53
23 52
23 44
23 124
23 64
23 149
23 54
23 71
23 62
23 161
23 37
23 198
23 132
23 69
23 138
23 47
23 78
23 27
23 48
23 156
23 141
23 107
23 35
24 29
24 28
24 81
24 106
24 37
24 26
24 32
24 36
24 60
24 112
24 114
24 101
24 58
24 79
24 150
24 99
24 100
24 139
24 27
24 212
24 115
24 62
24 87
24 72
24 78
24 198
24 127
24 85
24 94
24 151
24 91
24 86
24 96
24 90
24 68
24 50
24 63
24 129
24 111
24 190
24 34
25 88
25 132
25 47
25 26
25 108
25 149
25 43
25 69
25 141
25 53
25 44
25 54
25 56
25 98
25 57
25 155
25 52
25 138
25 134
25 70
25 58
25 129
25 107
25 37
25 34
25 185
25 104
25 114
25 79
25 33
25 161
25 64
25 71
26 27
26 112
26 66
26 32
26 62
26 78
26 71
26 36
26 33
26 157
26 86
26 52
26 114
26 68
26 29
26 67
26 84
26 87
26 99
26 75
26 80
26 137
26 132
26 42
26 28
26 31
26 139
26 63
26 85
26 51
26 47
26 76
26 43
26 69
26 60
26 64
26 115
26 129
26 198
26 58
26 94
26 39
26 59
26 37
26 96
26 111
26 90
26 126
26 40
26 34
26 124
26 106
26 61
26 130
26 53
26 91
26 138
26 74
26 150
26 54
26 65
26 44
26 100
26 98
26 81
26 41
26 141
27 35
27 50
27 87
27 91
27 103
27 118
27 34
27 85
27 44
27 63
27 155
27 55
27 124
27 111
27 190
27 62
27 137
27 53
27 101
27 51
27 84
27 29
27 115
27 129
27 52
27 86
27 43
27 58
27 90
27 130
27 71
27 78
27 36
27 132
27 170
27 114
27 69
27 94
27 79
27 120
27 97
27 204
27 100
27 157
27 67
27 93
27 128
27 74
27 99
27 64
27 106
27 66
27 49
27 56
27 47
27 96
27 38
27 81
27 198
27 37
28 29
28 41
28 78
28 60
28 63
28 66
28 58
28 32
28 124
28 71
28 91
28 35
28 51
28 64
28 86
28 33
28 36
28 161
28 149
28 114
28 139
28 198
28 52
28 163
29 34
29 51
29 87
29 61
29 36
29 91
29 68
29 44
29 63
29 111
29 81
29 58
29 117
29 84
29 38
29 126
29 78
29 60
29 101
29 50
29 35
29 106
29 33
29 79
29 62
29 72
29 115
29 90
29 56
29 32
29 85
29 99
29 182
29 40
29 100
29 112
29 139
29 52
29 199
29 114
30 31
30 83
30 135
30 113
30 47
30 179
30 133
30 59
30 181
30 147
31 88
31 155
31 156
31 134
31 159
31 44
31 144
31 113
31 74
31 184
31 37
31 186
31 132
31 147
31 98
31 107
31 90
31 178
31 82
31 40
31 43
31 201
31 49
31 53
31 138
31 165
31 206
31 181
31 70
31 121
31 124
31 52
31 207
31 164
31 59
31 72
31 135
31 185
31 47
31 69
31 64
31 48
31 92
31 75
31 141
31 158
31 213
31 84
31 71
31 99
31 109
31 45
31 172
31 97
31 131
31 95
31 114
31 179
31 130
31 166
31 143
31 42
32 74
32 68
32 139
32 111
32 62
32 56
32 60
32 132
32 131
32 129
32 190
32 63
32 52
32 115
32 64
32 42
32 86
32 84
32 210
32 77
32 50
32 187
32 90
32 92
32 142
32 81
32 94
32 118
32 91
32 66
32 48
32 51
32 33
32 126
32 78
32 36
32 38
32 101
32 44
32 80
32 114
32 61
32 34
32 163
32 43
32 79
32 67
32 53
32 58
32 75
32 69
32 124
32 85
32 100
32 72
32 37
32 104
32 150
33 52
33 96
33 86
33 126
33 51
33 145
33 112
33 49
33 117
33 56
33 71
33 128
33 124
33 38
33 47
33 46
33 99
33 65
33 58
33 79
33 50
33 139
33 118
33 68
33 61
33 100
33 34
33 35
33 93
33 77
33 89
33 149
33 92
33 144
33 152
33 48
33 64
33 177
33 91
33 150
33 120
33 129
33 141
33 66
33 110
33 155
33 60
33 72
33 44
33 78
33 62
33 80
33 115
33 111
33 40
33 87
33 103
33 114
33 75
33 138
33 37
33 81
33 130
33 175
33 53
33 106
33 70
33 97
33 84
33 206
33 45
33 63
33 136
33 90
33 74
34 66
34 62
34 54
34 141
34 69
34 120
34 99
34 103
34 118
34 47
34 48
34 126
34 38
34 90
34 56
34 83
34 87
34 111
34 42
34 51
34 76
34 63
34 93
34 71
34 114
34 89
34 36
34 53
34 124
34 40
34 81
34 97
34 170
34 91
34 188
34 137
34 78
34 79
34 198
34 72
34 84
34 58
34 67
34 98
34 86
34 130
34 121
34 153
34 70
34 213
34 45
34 107
34 199
34 106
34 131
34 85
34 43
34 115
34 65
34 52
34 155
34 61
34 39
34 80
34 35
34 139
34 175
34 64
34 59
34 57
34 129
34 37
34 55
34 202
34 169
34 151
34 68
34 44
35 52
35 67
35 106
35 47
35 79
35 80
35 175
35 64
35 53
35 99
35 72
35 48
35 91
35 38
35 96
35 90
35 132
35 139
35 66
35 127
35 36
35 61
35 118
35 117
35 56
35 75
35 124
35 58
35 120
35 84
35 206
35 37
35 74
35 152
35 115
35 69
35 155
35 81
35 126
35 101
35 130
35 49
35 141
35 65
35 44
35 100
36 37
36 67
36 106
36 125
36 63
36 87
36 177
36 90
36 139
36 48
36 84
36 79
36 74
36 58
36 137
36 117
36 85
36 72
36 44
36 38
36 77
36 61
36 60
36 86
36 126
36 115
36 78
36 128
36 91
36 190
36 41
36 66
36 81
36 100
36 111
36 62
36 112
36 94
36 212
36 93
36 99
36 142
36 56
36 129
36 127
36 52
36 51
37 81
37 95
37 67
37 65
37 128
37 132
37 56
37 38
37 104
37 138
37 119
37 150
37 98
37 52
37 76
37 83
37 129
37 130
37 84
37 54
37 51
37 62
37 114
37 49
37 78
37 155
37 106
37 116
37 149
37 142
37 212
37 99
37 74
37 71
37 70
37 124
37 214
37 43
37 75
37 85
37 115
37 53
37 137
37 72
37 79
37 141
37 59
37 120
37 107
37 66
37 103
37 126
37 47
37 61
37 42
37 69
37 64
37 44
37 90
37 40
38 39
38 52
38 41
38 58
38 144
38 66
38 99
38 126
38 70
38 111
38 78
38 162
38 91
38 199
38 139
38 141
38 120
38 117
38 61
38 51
38 60
38 68
38 84
38 100
38 106
38 80
38 118
38 53
38 85
38 87
39 129
39 84
39 67
39 42
39 91
39 78
39 126
39 90
40 41
40 67
40 129
40 47
40 71
40 126
40 53
40 51
40 114
40 132
40 60
40 52
40 68
40 107
40 70
40 63
40 58
41 66
41 72
41 176
41 89
41 148
41 117
41 76
41 48
41 42
41 63
41 175
41 58
41 182
41 62
41 131
41 80
41 137
41 74
41 120
41 126
41 78
41 64
41 85
41 100
41 43
41 56
41 90
41 47
41 91
41 106
41 53
41 127
41 94
41 46
41 92
41 52
41 105
41 138
41 44
41 75
41 49
41 154
41 81
41 118
41 155
42 43
42 52
42 141
42 154
42 84
42 104
42 73
42 48
42 77
42 64
42 80
42 60
42 79
42 56
42 67
42 72
42 83
42 167
42 114
42 76
42 69
42 51
42 86
42 160
42 47
42 78
42 105
42 59
42 90
42 68
42 91
42 57
42 70
42 62
42 66
42 132
42 129
42 110
42 65
42 71
42 151
42 189
42 149
42 74
42 188
42 169
42 176
43 130
43 48
43 148
43 105
43 78
43 114
43 189
43 141
43 51
43 104
43 76
43 56
43 74
43 72
43 91
43 154
43 149
43 71
43 60
43 73
43 62
43 67
43 57
43 115
43 70
43 68
43 64
43 167
43 65
43 124
43 169
43 99
43 47
43 100
43 44
43 59
43 94
43 90
43 103
43 132
44 45
44 92
44 48
44 49
44 83
44 89
44 56
44 155
44 67
44 68
44 53
44 130
44 80
44 47
44 117
44 114
44 52
44 129
44 85
44 149
44 123
44 132
44 79
44 61
44 51
44 64
44 54
44 69
44 72
44 71
44 124
44 86
44 141
44 66
44 70
44 58
44 91
44 115
44 65
44 78
44 59
44 84
45 70
45 143
45 86
45 144
45 59
45 51
45 71
45 64
46 47
46 83
46 53
46 92
46 152
46 81
46 131
46 89
46 101
46 109
46 79
46 124
46 64
46 50
46 97
46 65
46 78
46 54
46 137
46 153
46 51
46 177
46 71
46 52
47 71
47 120
47 91
47 67
47 86
47 72
47 117
47 58
47 132
47 111
47 90
47 64
47 56
47 104
47 62
47 78
47 115
47 100
47 48
47 52
47 137
47 148
47 114
47 94
47 53
47 74
47 130
47 54
47 65
47 79
47 116
47 129
47 57
47 83
47 87
47 51
47 69
47 149
47 76
47 169
47 188
47 141
48 49
48 51
48 160
48 71
48 91
48 88
48 84
48 61
48 86
48 85
48 65
48 68
48 126
48 104
48 76
48 149
48 111
48 128
48 64
48 98
48 129
48 56
48 144
48 58
48 67
48 72
49 74
49 84
49 130
49 53
49 129
49 79
49 149
49 117
49 115
49 58
49 124
49 90
49 61
49 71
49 64
49 78
49 69
49 126
49 132
50 51
50 92
50 89
50 97
50 56
50 176
50 54
50 152
50 131
50 71
50 99
50 52
50 137
50 64
50 81
50 79
50 171
50 69
50 101
50 83
50 115
50 118
50 153
50 117
50 106
50 177
50 182
50 86
50 109
51 75
51 64
51 94
51 150
51 74
51 58
51 66
51 147
51 86
51 120
51 180
51 192
51 87
51 90
51 53
51 77
51 115
51 114
51 84
51 61
51 206
51 132
51 79
51 100
51 89
51 81
51 52
51 126
51 76
51 65
51 67
51 85
51 143
51 161
51 91
51 138
51 141
51 119
51 71
51 175
51 129
51 139
51 133
51 106
51 96
51 124
51 63
51 78
51 117
51 177
51 56
51 130
51 72
51 199
51 208
52 72
52 103
52 129
52 61
52 67
52 77
52 54
52 79
52 155
52 96
52 143
52 58
52 133
52 161
52 98
52 85
52 70
52 137
52 64
52 149
52 97
52 80
52 53
52 138
52 56
52 81
52 99
52 59
52 114
52 76
52 91
52 115
52 71
52 132
52 57
52 65
52 60
52 150
52 78
52 63
52 107
52 169
52 141
52 69
52 139
52 126
52 130
52 62
52 175
52 101
52 90
52 188
52 111
52 66
53 71
53 88
53 106
53 107
53 95
53 76
53 134
53 155
53 129
53 74
53 130
53 144
53 84
53 85
53 78
53 114
53 59
53 56
53 150
53 149
53 69
53 79
53 137
53 104
53 110
53 164
53 133
53 115
53 161
53 181
53 80
53 113
53 116
53 159
53 119
53 98
53 120
53 58
53 77
53 124
53 75
53 156
53 64
53 86
53 67
53 141
53 91
53 54
53 132
53 126
53 65
53 70
53 109
53 93
53 111
53 66
53 83
53 139
53 90
54 55
54 89
54 95
54 97
54 59
54 164
54 57
54 155
54 92
54 114
54 149
54 134
54 64
54 98
54 131
54 56
54 172
54 132
54 107
54 84
54 88
54 177
54 87
54 153
54 66
54 70
54 129
54 141
54 185
54 158
54 156
54 133
54 77
54 108
54 170
54 130
54 81
54 166
54 213
54 90
54 76
54 138
54 101
54 116
54 71
54 67
54 137
54 58
54 91
54 83
54 69
54 109
55 71
55 132
55 138
55 149
55 64
55 163
55 69
55 137
55 58
56 57
56 142
56 161
56 91
56 126
56 69
56 83
56 114
56 85
56 58
56 71
56 64
56 74
56 149
56 151
56 109
56 132
56 141
56 104
56 158
56 137
56 177
56 99
56 130
56 167
56 105
56 113
56 129
56 68
56 190
56 128
56 101
57 62
57 104
57 120
57 169
57 154
57 76
57 72
57 105
57 189
57 90
57 71
57 149
57 91
57 78
57 167
57 73
57 158
58 84
58 111
58 90
58 106
58 117
58 138
58 94
58 131
58 114
58 91
58 72
58 148
58 77
58 155
58 69
58 102
58 99
58 120
58 62
58 118
58 85
58 78
58 70
58 80
58 170
58 61
58 139
58 100
58 144
58 68
58 87
58 188
58 63
58 126
58 89
58 175
58 149
58 79
58 66
58 81
59 141
59 156
59 165
59 81
59 92
59 71
59 138
59 97
59 85
59 201
59 67
59 172
59 183
59 69
59 129
59 70
59 133
59 134
59 124
59 204
59 150
59 90
59 147
59 91
59 121
59 77
59 64
59 155
59 158
59 184
59 132
59 75
59 135
59 144
59 143
59 107
59 63
59 159
59 98
60 61
60 63
60 128
60 68
60 74
60 85
60 86
60 100
60 112
60 67
60 182
60 137
60 62
60 91
60 167
60 94
60 120
60 188
60 102
60 72
60 115
60 79
60 104
60 169
60 81
60 129
60 80
60 78
60 84
61 120
61 129
61 136
61 117
61 63
61 180
61 72
61 112
61 128
61 81
61 84
61 139
61 68
61 80
61 126
61 91
61 66
61 78
61 99
61 93
61 167
61 202
61 79
61 144
61 77
62 69
62 90
62 81
62 65
62 71
62 111
62 91
62 106
62 76
62 100
62 64
62 94
62 79
62 104
62 148
62 72
62 103
62 160
63 91
63 93
63 100
63 81
63 80
63 129
63 87
63 169
63 66
63 84
63 139
63 188
63 112
63 106
63 78
63 85
63 198
64 65
64 83
64 70
64 85
64 138
64 71
64 161
64 163
64 97
64 67
64 113
64 177
64 90
64 74
64 81
64 131
64 104
64 75
64 181
64 153
64 72
64 164
64 89
64 124
64 92
64 107
64 99
64 69
64 141
64 129
64 137
64 116
64 78
64 91
64 108
64 101
64 84
64 149
64 115
64 79
64 155
64 132
64 152
64 139
64 130
64 86
64 203
64 109
64 98
64 80
64 143
64 76
64 200
64 114
65 138
65 71
65 104
65 107
65 132
65 99
65 114
65 76
65 72
65 69
65 141
65 90
65 129
65 130
65 148
65 74
66 86
66 99
66 112
66 94
66 124
66 115
66 84
66 139
66 126
66 78
66 91
66 106
66 190
66 85
66 67
66 144
66 69
66 212
66 120
66 117
66 129
66 77
66 81
66 87
66 93
66 75
66 80
66 90
67 142
67 90
67 85
67 104
67 132
67 114
67 124
67 139
67 70
67 71
67 72
67 78
67 115
67 101
67 212
67 150
67 91
67 141
67 77
67 129
67 137
68 78
68 187
68 100
68 85
68 176
68 129
68 115
68 79
68 144
68 188
68 91
68 80
68 81
68 118
68 74
68 120
68 154
68 112
68 104
68 139
69 70
69 115
69 78
69 138
69 132
69 92
69 103
69 149
69 90
69 123
69 155
69 94
69 130
69 151
69 110
69 116
69 113
69 91
69 120
69 79
69 161
69 107
69 101
69 114
69 133
69 214
69 71
69 131
69 124
69 134
69 106
69 137
69 77
69 83
69 72
69 141
69 81
70 116
70 156
70 85
70 141
70 134
70 98
70 185
70 77
70 155
70 184
70 138
70 88
70 114
70 143
70 172
70 132
70 126
70 71
70 149
70 107
70 129
71 101
71 156
71 90
71 152
71 131
71 99
71 107
71 132
71 115
71 163
71 129
71 98
71 95
71 200
71 81
71 97
71 185
71 147
71 116
71 114
71 172
71 150
71 123
71 141
71 153
71 88
71 78
71 164
71 166
71 138
71 130
71 76
71 124
71 108
71 134
71 91
71 159
71 92
71 85
71 109
71 177
71 74
71 75
71 104
71 133
71 84
71 83
71 137
71 89
71 79
71 72
71 155
71 149
72 94
72 100
72 110
72 101
72 160
72 83
72 86
72 141
72 148
72 131
72 104
72 99
72 90
72 114
72 73
72 189
72 158
72 115
72 74
72 132
72 84
72 76
72 87
72 129
72 105
72 91
72 170
72 81
72 167
72 211
72 139
73 74
73 160
73 189
73 76
74 85
74 86
74 90
74 94
74 91
74 115
74 142
74 148
74 128
74 100
74 78
74 79
74 76
74 139
75 85
75 119
75 150
75 115
75 86
75 114
75 111
75 93
75 116
75 124
75 129
75 78
75 144
75 132
75 84
76 77
76 105
76 78
76 154
76 160
76 114
76 189
76 129
76 103
76 104
76 99
76 102
76 132
76 84
76 149
77 138
77 132
77 115
77 129
77 116
77 110
77 103
77 149
77 87
77 141
77 121
78 110
78 148
78 126
78 89
78 132
78 99
78 139
78 81
78 194
78 86
78 141
78 106
78 117
78 120
78 199
78 84
78 85
78 91
78 114
78 101
78 137
78 124
78 212
78 100
78 150
78 115
78 83
78 128
78 93
78 176
78 182
78 90
78 111
78 79
78 80
78 130
78 94
78 144
78 125
78 129
78 87
79 80
79 120
79 132
79 117
79 170
79 129
79 91
79 182
79 90
79 86
79 111
79 148
79 106
79 144
79 95
80 90
80 84
80 139
80 202
80 204
80 85
80 187
80 117
80 91
80 129
80 126
80 94
80 106
80 203
80 167
80 120
81 100
81 92
81 84
81 99
81 153
81 83
81 97
81 125
81 109
81 117
81 124
81 120
81 101
81 89
81 167
81 96
81 106
81 198
81 114
81 127
81 111
81 131
81 126
81 188
81 87
81 112
81 91
81 158
81 128
81 85
81 86
81 90
81 190
81 108
81 94
81 139
81 115
81 169
81 151
81 137
82 83
82 122
82 156
82 121
82 146
82 152
83 89
83 97
83 109
83 165
83 186
83 153
83 137
83 131
83 92
83 152
84 124
84 151
84 93
84 162
84 139
84 168
84 137
84 113
84 195
84 117
84 196
84 85
84 180
84 107
84 101
84 106
84 205
84 99
84 114
84 111
84 136
84 208
84 120
84 194
84 115
84 173
84 181
84 94
84 158
84 87
84 91
84 100
84 171
84 210
84 212
84 209
84 126
84 174
84 192
84 86
84 199
85 114
85 124
85 128
85 106
85 107
85 129
85 137
85 99
85 115
85 94
85 132
85 91
85 126
85 111
85 112
85 141
85 101
85 88
86 140
86 111
86 128
86 106
86 118
86 99
86 94
86 137
86 127
86 139
86 176
86 91
86 101
86 115
86 90
86 100
87 115
87 137
87 94
87 114
87 99
87 93
87 100
88 114
88 149
88 144
88 107
88 138
89 108
89 101
89 92
89 109
89 97
89 131
89 177
89 152
89 99
89 137
89 113
90 91
90 111
90 117
90 167
90 151
90 102
90 106
90 148
90 94
90 170
90 126
90 169
90 100
90 182
90 115
90 129
90 138
90 99
90 188
90 144
90 96
90 118
90 114
91 142
91 157
91 106
91 198
91 149
91 126
91 194
91 93
91 120
91 114
91 99
91 129
91 144
91 203
91 138
91 190
91 148
91 188
91 139
91 101
91 124
91 132
91 169
91 197
91 115
91 130
91 100
91 96
91 94
91 151
91 118
91 117
91 103
92 131
92 177
92 97
92 109
92 152
92 101
92 124
92 137
92 153
93 126
93 144
93 120
93 150
93 110
93 162
93 102
94 104
94 124
94 111
94 99
94 139
94 151
94 128
94 114
94 115
94 117
94 148
94 137
94 127
94 100
95 164
95 130
96 161
96 99
96 149
96 115
96 118
97 101
97 109
97 177
97 131
97 152
97 153
97 137
97 108
97 142
98 102
98 135
98 132
98 155
98 138
98 141
98 107
98 149
98 156
98 129
98 145
98 114
99 100
99 106
99 131
99 175
99 126
99 137
99 117
99 103
99 144
99 127
100 112
100 117
100 111
100 139
100 124
100 115
100 187
100 189
100 148
100 137
100 155
100 114
100 142
101 109
101 118
101 131
101 176
101 124
101 152
101 153
101 137
101 150
101 171
101 115
101 177
101 106
101 204
102 174
102 110
102 107
103 175
103 126
104 105
104 132
104 167
104 189
104 114
104 169
104 148
104 188
104 129
105 188
105 189
105 154
105 169
105 160
106 151
106 171
106 128
106 144
106 111
106 127
106 199
106 117
106 118
106 208
107 114
107 116
107 172
107 133
107 143
107 123
107 141
107 184
107 207
107 159
107 134
107 158
107 156
107 155
107 201
107 149
107 147
107 146
107 185
108 109
108 131
108 123
109 183
109 131
109 152
109 149
109 135
109 114
109 201
110 144
110 155
110 147
110 133
111 182
111 128
111 117
111 206
111 129
111 120
111 126
111 112
112 129
112 126
112 115
112 139
113 165
113 159
113 135
113 178
113 164
113 201
113 121
113 213
114 132
114 137
114 141
114 129
114 130
114 147
114 149
114 116
114 124
114 148
114 155
114 138
114 115
114 143
115 129
115 128
115 150
115 137
115 139
115 124
115 117
115 126
115 130
115 132
116 143
116 172
116 166
116 141
116 156
116 121
117 118
117 171
117 126
117 148
117 199
117 151
117 139
117 127
117 120
118 151
118 171
118 198
119 150
119 124
120 129
120 204
120 155
120 144
120 203
121 122
121 146
121 144
121 184
121 181
123 134
123 185
123 137
123 156
123 172
123 159
123 166
123 149
123 133
124 129
124 139
124 141
124 132
124 150
126 145
126 142
126 139
126 144
126 136
127 128
127 151
127 137
127 171
128 137
129 149
129 132
129 139
129 141
129 155
129 134
129 137
129 130
129 190
130 137
130 149
130 132
131 137
131 155
131 152
131 177
131 153
132 155
132 149
132 138
132 164
132 158
132 214
132 141
133 134
133 172
133 144
133 166
133 156
133 185
133 159
134 141
134 156
134 172
134 166
134 185
134 159
134 149
134 135
134 138
135 147
135 185
135 172
135 183
135 207
135 181
135 165
135 201
137 170
137 155
137 176
138 141
138 150
138 147
138 149
139 190
139 169
139 142
139 212
141 170
141 149
141 155
141 213
143 183
143 184
143 149
143 179
143 201
143 165
143 144
144 172
144 215
144 149
144 165
145 187
146 181
147 181
147 158
149 185
149 155
149 166
149 156
149 214
149 172
150 155
151 171
152 153
152 177
153 181
154 160
154 189
154 167
155 197
156 181
156 159
156 185
156 172
156 166
156 191
157 203
158 192
159 166
159 185
159 172
159 191
160 189
162 196
165 183
166 172
166 191
166 185
167 169
167 189
167 188
168 205
168 180
169 187
169 188
170 178
170 213
170 186
172 185
173 174
173 209
174 193
174 209
178 186
178 213
180 205
185 191
186 213
187 212
187 188
188 198
203 204
