0 1
0 57
0 60
0 22
0 120
0 38
0 26
0 14
0 78
0 53
0 123
0 3
0 23
0 15
0 50
0 4
0 21
0 102
0 8
0 86
0 169
0 93
0 92
0 49
0 46
0 99
0 66
0 31
0 19
0 69
0 35
0 143
0 16
0 13
0 27
0 70
0 107
0 40
0 119
0 12
0 114
0 5
0 103
0 175
0 100
0 65
0 89
0 48
1 26
1 37
1 70
1 65
1 92
1 50
1 115
1 90
1 46
1 48
1 31
1 38
1 22
1 69
1 102
1 20
1 9
1 141
1 8
1 78
1 45
1 143
1 39
1 114
1 13
1 169
1 120
1 40
1 60
1 103
1 74
1 5
1 85
1 53
1 35
1 167
1 4
1 89
1 16
1 57
1 23
1 66
1 3
1 2
1 49
1 168
1 83
1 32
1 19
1 94
1 119
1 99
1 15
1 64
1 86
1 93
1 12
1 194
1 123
1 138
1 67
1 104
1 41
2 3
2 69
2 41
2 65
2 14
2 123
2 92
2 13
2 60
2 23
2 90
2 103
2 50
2 9
2 19
2 5
2 35
2 33
2 115
2 8
2 49
2 143
2 48
2 22
2 38
2 114
2 45
2 139
2 162
2 27
2 100
2 94
2 102
2 78
2 26
2 149
2 47
2 172
2 20
2 63
2 66
2 4
2 93
2 64
2 57
2 53
2 70
2 15
2 40
2 89
2 74
2 168
2 83
2 16
2 39
2 21
2 12
3 90
3 21
3 19
3 91
3 65
3 92
3 53
3 40
3 13
3 68
3 123
3 4
3 98
3 149
3 103
3 174
3 22
3 15
3 57
3 45
3 83
3 49
3 66
3 27
3 114
3 35
3 8
3 118
3 16
3 67
3 93
3 5
3 89
3 133
3 36
3 50
4 5
4 20
4 27
4 86
4 19
4 66
4 26
4 101
4 17
4 13
4 107
4 49
4 118
4 57
4 64
4 99
4 31
4 93
4 120
4 22
4 139
4 70
4 168
4 12
4 149
4 38
4 69
4 102
4 85
4 169
4 141
4 36
4 103
4 90
4 83
4 100
4 67
4 114
4 159
4 50
4 45
4 123
4 74
4 60
4 15
4 199
4 35
4 84
4 89
4 46
4 78
4 16
4 98
4 92
4 110
4 48
4 8
4 23
4 121
4 33
4 75
4 104
4 14
4 59
4 108
4 79
4 47
4 125
4 41
4 56
4 53
4 39
4 65
4 138
4 40
4 143
4 68
4 9
4 32
4 115
4 152
4 132
4 119
5 23
5 34
5 47
5 20
5 115
5 90
5 50
5 119
5 38
5 91
5 143
5 98
5 169
5 56
5 53
5 83
5 123
5 64
5 26
5 49
5 65
5 168
5 9
5 69
5 12
5 138
5 94
5 81
5 40
5 149
5 66
5 102
5 132
5 103
5 31
5 67
5 141
5 74
5 16
5 39
5 194
5 19
5 17
5 86
5 22
5 15
5 48
5 57
5 45
5 101
5 8
5 139
5 46
5 114
5 21
5 118
5 142
5 125
5 85
5 72
5 172
5 167
5 14
5 93
5 27
5 108
5 78
5 100
5 99
5 60
5 13
5 89
5 92
5 75
5 32
5 35
5 63
6 7
6 30
6 25
6 150
6 128
6 158
6 131
6 145
6 187
6 140
6 61
6 129
6 72
6 54
6 24
6 62
6 176
6 87
6 106
6 29
6 28
6 136
6 124
6 88
6 122
6 147
6 160
6 126
6 180
6 112
6 17
6 165
6 192
7 106
7 52
7 140
7 160
7 61
7 180
7 28
7 126
7 187
7 24
7 176
7 150
7 131
7 88
7 124
8 9
8 102
8 22
8 50
8 57
8 60
8 56
8 38
8 103
8 45
8 26
8 40
8 120
8 20
8 69
8 89
8 47
8 53
8 15
8 83
8 65
8 78
8 123
8 125
8 64
8 13
8 16
8 41
8 14
8 33
8 114
8 75
8 39
8 92
8 91
8 74
8 66
8 138
8 100
8 99
8 23
8 90
8 27
8 143
8 63
8 49
8 35
8 80
8 94
8 31
8 115
8 51
9 74
9 50
9 40
9 14
9 78
9 89
9 149
9 92
9 84
9 69
9 138
9 22
9 23
9 13
9 38
9 90
9 32
9 70
9 60
9 47
9 168
9 98
9 53
9 100
9 45
9 33
9 20
9 64
9 75
9 162
9 114
9 16
9 48
9 35
9 57
9 102
9 26
9 27
9 49
9 103
9 19
9 12
9 115
10 11
10 122
10 124
10 79
10 87
10 82
10 30
10 62
10 127
10 29
10 135
10 136
10 147
10 61
10 126
10 28
10 111
10 71
10 95
10 180
10 192
10 131
10 186
10 140
10 160
10 166
10 161
10 88
10 144
11 128
11 130
11 134
11 122
11 178
11 25
11 79
11 151
11 155
11 185
11 195
11 154
11 156
11 129
11 106
11 30
11 82
11 28
11 76
11 16
11 131
11 54
11 165
12 13
12 39
12 31
12 66
12 69
12 16
12 100
12 40
12 26
12 114
12 60
12 45
12 115
12 14
12 19
12 65
12 92
12 103
12 48
12 50
12 168
12 38
12 35
12 22
12 49
12 119
12 64
12 70
12 27
12 20
12 23
12 53
12 15
13 60
13 45
13 69
13 35
13 66
13 138
13 49
13 31
13 41
13 162
13 40
13 143
13 114
13 89
13 104
13 32
13 83
13 70
13 14
13 92
13 21
13 81
13 152
13 75
13 50
13 86
13 65
13 53
13 102
13 26
13 33
13 34
13 15
13 90
13 27
13 48
13 74
13 38
13 115
13 93
13 78
13 16
13 51
13 46
13 37
13 123
13 63
13 22
14 15
14 92
14 33
14 115
14 40
14 22
14 50
14 105
14 26
14 35
14 70
14 60
14 31
14 38
14 123
14 65
14 53
14 69
14 85
14 16
15 22
15 27
15 63
15 94
15 46
15 50
15 39
15 20
15 119
15 38
15 114
15 67
15 123
15 168
15 19
15 49
15 45
15 98
15 141
15 139
15 33
15 57
15 21
15 65
15 35
15 83
15 89
15 105
15 16
15 31
15 60
15 48
15 74
15 92
15 100
15 78
15 53
15 133
15 102
15 64
15 40
15 69
15 47
15 90
15 93
15 70
15 103
15 149
15 23
15 115
16 17
16 19
16 38
16 83
16 102
16 74
16 107
16 100
16 103
16 27
16 133
16 31
16 114
16 91
16 94
16 109
16 123
16 139
16 47
16 50
16 120
16 41
16 105
16 23
16 69
16 46
16 90
16 21
16 49
16 119
16 78
16 75
16 138
16 115
16 67
16 118
16 45
16 53
16 143
16 172
16 57
16 40
16 32
16 65
16 35
16 125
16 70
16 93
16 168
16 20
16 48
16 66
16 132
16 89
16 98
16 174
16 60
16 101
16 22
16 64
16 37
16 149
16 195
16 141
16 155
16 85
16 33
16 169
16 34
16 121
16 26
16 86
16 52
16 130
16 92
16 36
16 154
17 18
17 95
17 76
17 85
17 157
17 139
17 168
17 82
17 173
17 94
17 96
17 156
17 119
17 23
17 72
17 25
17 19
17 147
17 84
17 165
17 92
17 149
17 128
17 64
17 134
17 63
17 54
17 151
17 91
17 189
17 198
17 170
17 185
17 178
17 193
17 43
17 112
17 30
17 79
17 89
17 122
17 69
17 27
17 38
17 61
17 87
17 71
18 80
18 110
18 109
18 190
18 132
18 81
19 81
19 121
19 138
19 39
19 46
19 69
19 70
19 23
19 118
19 107
19 94
19 123
19 49
19 85
19 50
19 67
19 86
19 109
19 169
19 120
19 31
19 66
19 53
19 74
19 92
19 48
19 103
19 152
19 141
19 57
19 174
19 99
19 37
19 65
19 114
19 168
19 93
19 143
19 38
19 115
19 98
19 45
19 40
19 100
19 34
19 33
19 125
19 102
19 175
19 22
19 89
19 119
19 101
20 42
20 22
20 86
20 49
20 168
20 89
20 26
20 46
20 105
20 70
20 171
20 98
20 50
20 74
20 78
20 48
20 36
20 65
20 119
20 114
20 41
20 107
20 92
20 123
20 53
20 39
20 85
20 139
20 115
21 22
21 143
21 38
21 162
21 138
21 50
21 35
21 78
21 32
21 53
21 49
21 33
21 65
21 39
21 152
22 38
22 70
22 57
22 65
22 23
22 119
22 83
22 60
22 115
22 39
22 64
22 78
22 67
22 103
22 50
22 53
22 40
22 92
22 93
22 46
22 168
22 172
22 121
22 85
22 98
22 33
22 94
22 75
22 90
22 89
22 26
22 69
22 138
22 45
22 32
22 37
22 66
22 139
22 114
22 149
22 27
22 74
22 169
22 100
22 68
22 102
22 133
22 49
22 31
22 48
22 81
22 143
22 91
22 47
22 35
22 123
22 162
22 86
22 36
23 31
23 120
23 49
23 53
23 26
23 114
23 85
23 102
23 38
23 123
23 70
23 115
23 105
23 139
23 119
23 69
23 35
23 33
23 45
23 39
23 50
23 92
23 57
23 169
23 86
23 40
23 27
23 74
23 41
23 125
23 168
23 66
23 93
23 46
23 65
23 103
23 36
23 48
23 60
23 37
24 25
24 28
24 88
24 147
24 131
24 176
24 111
24 124
24 150
24 127
24 29
24 30
24 126
24 113
24 87
24 106
24 136
24 187
25 79
25 113
25 30
25 61
25 88
25 87
25 136
25 96
25 71
25 97
25 144
25 166
25 28
25 111
25 160
25 161
25 124
25 127
26 57
26 70
26 45
26 32
26 69
26 78
26 102
26 114
26 115
26 38
26 75
26 83
26 89
26 40
26 100
26 35
26 90
26 74
26 47
26 60
26 64
26 27
26 50
26 123
26 92
26 31
26 168
26 33
26 48
26 53
27 53
27 35
27 92
27 51
27 149
27 46
27 81
27 69
27 102
27 89
27 68
27 67
27 119
27 70
27 33
27 85
27 93
27 56
27 36
27 65
27 64
27 123
27 31
27 139
27 74
27 125
27 100
27 63
27 190
27 57
27 39
27 105
27 66
27 45
27 130
27 98
27 48
27 50
27 38
27 59
27 138
27 118
27 169
27 101
27 49
27 41
27 115
27 34
27 86
28 29
28 71
28 111
28 97
28 144
28 106
28 87
28 62
28 112
28 122
28 160
28 82
28 96
28 126
28 147
28 61
28 30
28 131
28 124
28 150
28 180
28 136
28 202
28 158
28 135
28 137
28 140
29 151
29 112
29 58
29 82
29 116
29 165
29 76
29 184
29 96
29 128
29 61
29 193
29 134
29 79
29 30
29 173
29 185
29 164
29 170
29 191
29 91
30 79
30 71
30 147
30 122
30 131
30 136
30 96
30 61
30 135
30 187
30 62
30 127
30 140
31 114
31 33
31 40
31 102
31 92
31 100
31 70
31 123
31 69
31 35
31 60
31 38
31 64
31 115
31 65
31 50
32 33
32 50
32 162
32 89
32 53
32 35
32 56
32 40
32 92
32 45
32 139
32 36
32 125
32 169
32 143
32 38
32 57
32 75
32 39
32 83
32 101
32 41
32 123
32 78
32 138
32 49
32 90
33 35
33 92
33 75
33 53
33 40
33 45
33 50
33 60
33 57
33 64
33 102
33 100
33 78
33 63
33 66
33 47
33 70
33 115
33 91
33 49
33 65
33 38
33 114
33 83
34 69
34 98
34 118
34 67
34 60
34 45
34 80
34 93
34 86
34 81
34 72
34 49
34 56
34 125
34 107
34 42
34 91
34 132
35 36
35 39
35 40
35 70
35 48
35 60
35 50
35 65
35 162
35 114
35 66
35 92
35 75
35 123
35 64
35 45
35 90
35 38
35 138
35 68
35 89
35 53
35 102
35 69
35 143
35 115
35 41
35 49
35 74
35 46
35 78
36 123
36 92
36 138
36 64
36 89
36 38
36 45
36 49
36 50
36 40
36 91
36 84
37 85
37 58
37 118
37 143
37 114
37 39
37 125
37 149
37 104
37 146
37 67
37 132
37 93
37 142
37 50
38 75
38 41
38 83
38 93
38 102
38 114
38 69
38 162
38 100
38 64
38 139
38 70
38 152
38 53
38 138
38 115
38 89
38 104
38 45
38 123
38 125
38 40
38 90
38 65
38 92
38 50
38 48
38 57
38 169
38 39
38 78
38 74
38 47
38 49
38 66
39 47
39 133
39 65
39 100
39 48
39 45
39 70
39 74
39 67
39 92
39 89
39 103
39 138
39 60
39 143
39 53
39 57
39 50
39 94
39 114
39 66
39 83
39 139
39 121
39 49
39 118
39 115
39 90
39 40
39 168
39 109
39 102
40 41
40 78
40 53
40 100
40 69
40 60
40 115
40 90
40 64
40 70
40 103
40 85
40 114
40 89
40 92
40 83
40 66
40 75
40 120
40 168
40 45
40 50
40 93
40 123
40 65
40 102
40 101
40 49
40 169
40 48
40 143
40 139
40 119
40 138
41 92
41 162
41 90
41 100
41 102
41 91
41 53
41 123
41 74
41 45
41 47
41 57
41 64
41 49
41 114
41 69
41 60
42 58
42 91
42 154
42 164
42 165
42 178
42 112
42 171
42 195
42 106
42 69
42 116
42 52
42 51
42 191
42 96
42 83
42 128
42 155
43 44
43 159
43 200
43 205
43 77
43 207
43 117
44 156
44 191
44 184
44 170
44 151
44 157
45 46
45 53
45 50
45 118
45 85
45 121
45 48
45 64
45 52
45 123
45 47
45 139
45 57
45 168
45 67
45 92
45 60
45 56
45 75
45 100
45 174
45 90
45 59
45 169
45 133
45 83
45 66
45 78
45 65
45 93
45 49
45 89
45 115
45 138
45 98
46 92
46 83
46 60
46 109
46 50
46 149
46 98
46 125
46 94
46 72
46 118
46 168
46 91
46 139
46 103
46 56
46 100
46 80
46 101
46 85
46 69
46 67
46 104
46 93
46 133
46 57
46 66
47 48
47 108
47 56
47 101
47 74
47 123
47 57
47 119
47 67
47 75
47 90
47 50
47 125
47 175
47 49
47 115
47 138
47 53
47 78
47 68
47 102
47 118
47 86
47 93
47 70
47 65
48 98
48 78
48 90
48 50
48 93
48 123
48 53
48 56
48 85
48 69
48 94
48 119
48 70
48 64
48 74
48 65
48 83
48 89
48 115
48 102
48 103
48 168
48 114
48 60
48 92
48 100
49 50
49 65
49 60
49 93
49 53
49 143
49 74
49 70
49 123
49 63
49 108
49 89
49 98
49 168
49 114
49 138
49 66
49 91
49 125
49 102
49 94
49 92
49 56
49 103
49 118
49 90
49 78
49 57
49 83
49 121
49 132
49 100
49 162
49 174
49 67
49 80
50 56
50 66
50 78
50 75
50 119
50 98
50 91
50 143
50 67
50 93
50 169
50 83
50 149
50 65
50 74
50 53
50 115
50 152
50 123
50 57
50 89
50 100
50 107
50 68
50 70
50 92
50 168
50 118
50 138
50 69
50 114
50 90
50 103
50 162
50 60
50 81
50 85
50 64
50 102
50 172
50 101
50 139
50 133
50 94
50 125
51 52
51 63
51 179
51 102
51 91
51 152
51 59
52 79
52 58
52 128
52 170
52 69
52 96
52 106
52 100
52 164
52 163
52 151
52 116
52 71
52 154
52 83
52 198
52 91
52 98
52 72
52 165
53 74
53 84
53 91
53 104
53 118
53 92
53 66
53 64
53 133
53 89
53 138
53 90
53 174
53 119
53 132
53 98
53 67
53 65
53 123
53 143
53 121
53 109
53 75
53 78
53 169
53 101
53 100
53 139
53 114
53 70
53 93
53 168
53 83
53 60
53 103
53 102
53 94
53 57
53 63
54 55
54 148
54 128
54 131
54 142
54 178
54 130
54 122
54 159
55 136
56 67
56 123
56 81
56 57
56 98
56 83
56 108
56 90
57 64
57 101
57 123
57 115
57 89
57 138
57 75
57 66
57 85
57 65
57 92
57 70
57 190
57 90
57 91
57 143
57 125
57 78
57 74
57 68
57 83
58 59
58 142
58 104
58 146
59 83
59 142
59 79
59 153
59 154
59 133
59 76
59 87
59 147
59 134
59 173
59 119
59 170
59 91
59 116
59 82
60 138
60 102
60 85
60 119
60 92
60 65
60 105
60 139
60 70
60 66
60 152
60 64
60 69
60 169
60 123
60 115
60 107
60 114
60 120
60 93
60 175
61 62
61 87
61 106
61 165
61 131
61 176
61 112
61 185
61 144
61 136
61 158
61 160
61 124
61 192
61 177
61 140
61 82
61 129
61 150
61 72
61 203
61 126
61 88
61 180
61 147
61 161
61 166
61 145
61 183
61 79
61 113
62 82
62 71
62 124
62 147
62 136
62 131
62 87
62 96
63 90
63 65
63 179
63 91
63 74
63 67
64 78
64 89
64 93
64 114
64 139
64 100
64 169
64 105
64 92
64 115
64 70
64 65
64 102
64 123
64 81
64 175
64 119
64 172
64 66
64 101
64 103
65 66
65 100
65 162
65 118
65 119
65 92
65 74
65 103
65 91
65 115
65 123
65 143
65 114
65 69
65 90
65 139
65 85
65 104
65 70
65 102
65 89
65 168
65 94
65 133
65 67
65 83
66 98
66 149
66 83
66 90
66 123
66 93
66 114
66 91
66 89
66 103
66 92
66 102
66 100
67 68
67 93
67 133
67 152
67 85
67 125
67 101
67 80
67 108
67 91
67 175
67 86
67 92
67 120
67 143
67 132
67 90
67 138
67 98
67 118
67 104
67 83
67 107
67 81
67 174
68 91
68 118
68 199
68 69
68 125
68 80
68 132
68 90
69 94
69 70
69 141
69 86
69 119
69 103
69 107
69 105
69 169
69 85
69 93
69 102
69 130
69 115
69 78
69 139
69 92
69 118
69 123
69 114
69 89
70 92
70 139
70 123
70 83
70 143
70 190
70 103
70 78
70 114
70 115
70 100
70 169
70 102
70 74
71 82
71 161
71 126
71 176
71 96
71 178
71 136
71 127
71 192
71 140
71 166
71 111
71 87
71 135
71 160
71 95
72 73
72 93
72 158
72 159
72 131
72 120
72 183
72 185
72 175
72 135
73 147
73 96
74 83
74 114
74 115
74 152
74 123
74 100
74 138
74 98
74 103
74 90
74 78
74 94
74 168
74 174
74 89
74 75
74 132
74 102
74 119
75 115
75 92
75 123
76 77
76 134
76 181
76 79
76 157
76 204
76 159
76 206
77 134
77 157
78 130
78 102
78 90
78 89
78 119
78 98
78 115
78 79
78 168
78 92
79 109
79 128
79 156
79 178
79 129
79 154
79 193
79 175
79 119
79 151
79 184
79 170
79 185
79 82
80 81
80 98
80 85
80 110
80 109
80 174
80 132
80 107
81 132
81 109
81 118
81 123
81 101
81 174
81 103
81 110
82 136
82 159
82 87
82 147
82 180
82 97
82 140
82 126
82 96
82 166
82 144
82 111
82 192
83 89
83 98
83 92
83 138
83 132
83 139
83 86
83 93
83 143
83 114
83 119
83 102
84 121
84 102
84 90
84 91
84 132
85 86
85 100
85 105
85 139
85 92
85 109
85 120
85 178
85 185
85 172
85 158
85 93
85 118
85 90
85 104
85 130
85 140
85 103
85 138
85 133
85 168
85 107
85 102
86 132
86 125
86 141
86 103
86 92
86 91
86 118
86 133
87 88
87 131
87 129
87 96
87 97
87 136
87 147
87 122
87 124
87 180
87 130
87 166
87 126
87 183
87 176
87 192
87 144
87 161
87 140
87 137
88 160
88 147
88 124
88 112
88 165
88 131
89 90
89 114
89 109
89 119
89 169
89 168
89 92
89 102
89 123
89 93
89 143
89 100
89 190
89 115
90 99
90 115
90 118
90 123
90 100
90 102
90 174
90 92
90 168
90 101
90 114
90 93
90 125
90 103
90 119
91 128
91 123
91 125
91 118
91 93
91 129
91 107
91 121
91 120
91 130
91 143
91 199
92 141
92 119
92 108
92 168
92 115
92 114
92 139
92 125
92 94
92 93
92 123
92 104
92 162
92 118
93 168
93 105
93 114
93 102
93 172
93 98
93 142
93 94
93 133
93 100
93 125
93 132
93 104
93 149
93 118
93 101
93 139
93 103
93 109
94 138
94 103
94 102
94 141
94 120
94 143
95 112
95 135
96 97
96 147
96 144
96 124
96 136
96 135
96 161
96 131
96 127
96 140
96 202
96 186
96 122
96 178
96 137
96 176
97 147
97 131
97 165
98 101
98 168
98 123
98 102
98 125
98 118
98 100
98 190
99 167
99 120
99 194
99 102
99 101
100 172
100 103
100 152
100 114
100 139
100 102
100 105
100 169
100 107
100 115
100 130
100 119
101 125
101 132
101 108
101 133
101 174
101 118
101 141
101 103
102 103
102 119
102 115
102 138
102 123
102 149
102 141
102 114
102 152
102 169
102 143
102 139
102 120
103 119
103 174
103 141
103 169
103 152
103 138
103 168
103 143
103 120
103 114
104 146
104 142
104 185
105 120
106 124
106 153
106 130
106 112
106 131
106 122
106 129
106 183
106 154
107 114
107 109
107 118
107 125
107 133
108 118
109 110
109 123
109 175
109 174
109 152
110 133
110 152
111 165
111 160
111 122
111 147
111 136
111 126
112 113
112 147
112 131
112 126
112 166
112 192
112 158
112 201
112 176
112 145
113 131
113 160
113 124
113 165
113 147
114 120
114 119
114 115
114 138
114 123
114 143
116 117
116 175
116 130
118 125
118 141
118 120
118 143
118 133
118 132
119 139
119 130
119 175
119 149
119 168
120 167
121 123
122 140
122 136
122 182
122 131
122 186
122 137
122 126
122 202
122 124
122 178
122 147
122 127
123 133
123 138
123 162
124 126
124 140
124 145
124 131
124 160
124 176
124 187
124 165
124 150
124 136
124 135
124 158
124 144
124 180
124 129
125 133
125 141
126 127
126 150
126 184
126 131
126 136
126 180
126 176
126 160
126 158
126 147
126 201
128 142
128 130
128 184
128 165
128 154
128 131
128 151
128 129
128 190
128 178
129 130
129 151
129 178
130 156
130 165
130 178
130 164
130 195
130 157
130 151
130 198
130 168
130 131
130 193
130 154
130 185
131 136
131 147
131 145
131 176
131 185
131 160
131 158
131 150
131 140
132 174
132 138
133 175
133 152
134 135
134 159
134 157
134 204
134 181
136 137
136 147
136 140
136 166
136 160
136 187
136 186
136 161
136 182
136 202
138 152
138 143
138 174
138 169
139 152
140 147
141 152
142 146
142 190
142 185
144 160
144 147
147 177
147 160
147 180
147 161
147 166
149 172
149 152
151 170
151 154
151 183
151 178
151 175
151 184
153 175
154 155
154 171
154 178
154 164
154 198
154 165
155 163
155 195
156 196
157 181
157 193
157 159
157 206
157 204
158 185
158 160
159 170
159 185
159 173
160 161
160 182
160 201
160 192
160 166
160 203
160 180
160 165
160 177
163 171
163 178
163 195
164 188
164 198
164 191
164 178
165 166
165 177
167 194
170 190
171 195
173 197
175 198
175 193
178 189
178 185
178 193
183 193
185 192
188 198
188 191
191 198
