0 1
0 20
0 184
0 138
0 55
0 6
0 53
0 108
0 58
0 47
0 115
0 64
0 163
0 18
0 111
0 26
0 153
0 65
0 112
0 113
0 90
0 30
0 132
0 95
0 78
0 59
0 50
0 2
0 51
0 23
0 134
0 69
0 19
0 28
0 67
0 168
0 129
0 169
0 88
0 130
0 34
0 73
0 107
0 80
0 102
0 54
0 16
0 63
0 57
0 100
0 96
0 52
0 76
0 109
0 35
0 156
0 36
0 197
0 75
0 98
0 71
0 82
0 105
0 89
0 21
0 167
0 139
0 175
0 125
0 24
0 122
0 140
0 150
0 137
0 176
0 74
0 22
0 45
0 17
0 66
0 41
0 178
0 85
0 117
0 192
0 43
0 61
0 44
0 4
0 7
0 72
0 33
0 39
0 29
0 161
0 38
0 126
0 77
0 116
0 170
0 62
0 159
0 11
0 10
0 155
0 103
0 145
0 120
0 151
0 143
0 14
0 84
0 118
0 183
0 93
0 131
0 182
0 127
0 198
0 106
0 83
0 37
0 12
0 148
0 141
0 135
0 99
0 15
0 94
1 74
1 40
1 52
1 108
1 111
1 133
1 68
1 142
1 89
1 177
1 36
1 173
1 73
1 160
1 79
1 2
1 134
1 104
1 76
1 69
1 178
1 25
1 9
1 107
1 148
1 197
1 156
1 84
1 101
1 157
1 183
1 122
1 126
1 34
1 54
1 96
1 53
1 7
1 116
1 14
1 33
1 90
1 6
1 60
1 43
1 192
1 165
1 71
1 115
1 85
1 120
1 118
1 98
1 24
1 78
1 5
1 170
1 102
1 141
1 16
1 32
1 175
1 147
1 105
1 100
1 21
1 8
1 130
1 143
1 166
1 72
1 99
1 153
1 10
1 88
1 110
1 11
1 20
1 139
1 136
1 50
1 83
1 31
1 125
1 80
1 86
1 128
1 81
1 42
1 155
1 169
1 95
1 67
1 124
1 41
1 93
1 17
1 94
1 62
1 38
1 109
1 196
1 129
1 162
2 3
2 117
2 118
2 104
2 7
2 86
2 56
2 131
2 76
2 32
2 157
2 23
2 78
2 182
2 141
2 13
2 75
2 22
2 99
2 146
2 102
2 47
2 115
2 36
2 6
2 43
2 109
2 119
2 173
2 135
2 130
2 67
2 14
2 59
2 41
2 113
2 114
2 38
2 44
2 45
2 198
2 116
2 168
2 82
2 9
2 162
2 57
2 93
2 61
2 125
2 178
2 183
2 49
2 91
2 88
2 139
2 127
2 94
2 70
2 83
2 122
2 27
2 62
2 4
2 156
2 64
2 133
2 105
2 129
2 48
2 112
2 69
2 40
2 84
2 132
2 71
2 28
2 107
2 51
2 66
2 55
2 145
2 68
2 175
2 108
2 17
2 50
2 136
2 11
2 163
2 72
2 166
2 197
2 154
2 73
2 10
2 34
2 60
2 177
2 152
2 95
2 137
2 98
2 53
2 80
2 170
2 120
2 111
2 19
2 189
2 153
2 121
2 21
2 65
2 24
2 128
2 101
2 110
2 138
2 140
2 52
2 126
2 160
2 155
2 74
2 90
2 124
2 169
2 8
2 167
2 30
2 16
2 12
2 96
2 37
2 100
2 142
2 103
2 18
2 161
2 148
2 31
2 159
2 63
2 123
2 15
2 54
2 134
2 20
2 85
2 26
2 149
2 89
2 143
2 29
2 77
2 165
3 76
3 82
3 174
3 33
3 66
3 10
3 122
3 67
3 83
3 9
3 107
3 114
3 74
3 102
3 16
3 155
3 25
3 71
3 45
3 91
3 128
3 12
3 48
3 133
3 88
3 46
3 150
3 204
3 195
3 75
3 177
3 90
3 198
3 127
3 52
3 61
3 8
3 60
3 118
3 77
3 170
3 70
3 15
3 126
3 109
3 63
3 136
3 57
3 201
3 36
3 153
3 179
3 162
3 173
3 55
3 22
3 7
3 166
3 131
3 17
3 13
3 139
3 27
3 156
3 171
3 120
3 105
3 86
3 98
3 73
3 31
3 178
3 72
3 159
3 32
3 40
3 117
3 145
3 4
3 68
3 169
3 14
3 180
3 206
3 194
3 59
3 207
3 192
3 182
3 190
3 95
3 163
3 100
3 144
3 168
3 152
3 85
3 183
3 64
3 203
3 6
3 53
3 188
3 138
4 5
4 63
4 59
4 147
4 163
4 28
4 179
4 118
4 108
4 168
4 6
4 116
4 169
4 9
4 35
4 91
4 29
4 41
4 27
4 170
4 45
4 196
4 104
4 142
4 86
4 132
4 74
4 66
4 139
4 10
4 53
4 15
4 62
4 47
4 22
4 133
4 154
4 178
4 100
4 115
4 12
4 145
4 93
4 82
4 121
4 166
4 105
4 119
4 14
4 65
4 81
4 107
4 17
4 96
4 30
4 37
4 33
4 80
4 155
4 32
4 51
4 84
4 175
4 153
4 25
4 64
4 156
4 90
4 83
4 131
4 23
4 16
4 54
4 61
4 102
4 52
4 138
4 76
4 135
4 39
4 67
4 176
4 157
4 60
4 140
4 21
4 187
4 129
4 137
4 36
4 70
4 77
4 87
4 55
4 127
4 136
4 151
4 78
4 112
4 79
4 98
4 88
4 97
4 75
4 114
4 38
4 58
4 161
4 134
4 49
4 18
4 95
4 124
4 192
4 159
4 148
4 122
4 111
4 89
4 7
4 103
4 117
4 71
4 143
4 109
4 160
4 57
4 120
4 69
4 85
4 73
4 197
4 113
4 182
4 43
4 128
4 94
4 11
4 126
4 149
4 20
4 106
4 183
4 44
4 72
4 110
4 167
4 198
4 146
4 130
4 193
4 123
4 34
4 99
4 191
4 125
4 152
4 24
4 184
4 141
4 26
4 19
5 38
5 88
5 168
5 53
5 12
5 84
5 89
5 98
5 96
5 10
5 82
5 36
5 16
5 54
5 126
5 170
5 139
5 66
5 109
5 77
5 145
5 175
5 74
5 61
5 157
5 134
5 99
5 152
5 118
5 140
5 178
5 155
5 72
5 55
5 100
5 116
5 17
5 73
5 110
5 160
5 141
5 151
5 163
5 64
5 28
5 51
5 22
5 19
5 76
5 63
5 122
5 14
5 65
5 93
5 58
5 15
5 124
5 108
5 41
5 169
5 113
5 201
5 193
5 90
5 24
5 120
5 149
5 104
5 105
5 83
5 159
5 91
5 45
5 39
5 156
5 20
5 106
5 35
5 150
5 136
5 18
5 71
5 197
5 23
5 43
5 75
5 95
5 130
5 102
5 78
5 62
5 67
5 29
5 176
5 192
5 80
5 57
5 6
5 21
5 129
5 94
5 32
5 143
5 26
5 182
5 107
5 44
5 11
5 52
5 117
6 7
6 83
6 122
6 14
6 34
6 48
6 29
6 146
6 138
6 30
6 41
6 17
6 140
6 133
6 103
6 115
6 118
6 72
6 134
6 100
6 10
6 74
6 139
6 44
6 113
6 131
6 57
6 65
6 9
6 127
6 75
6 51
6 102
6 19
6 23
6 175
6 43
6 124
6 98
6 67
6 163
6 60
6 178
6 169
6 187
6 27
6 149
6 11
6 135
6 87
6 53
6 26
6 108
6 18
6 88
6 61
6 170
6 167
6 77
6 132
6 161
6 168
6 49
6 33
6 198
6 89
6 20
6 84
6 66
6 91
6 94
6 69
6 155
6 117
6 22
6 197
6 97
6 12
6 141
6 99
6 15
6 157
6 21
6 153
6 116
6 32
6 104
6 184
6 120
6 121
6 206
6 182
6 64
6 45
6 62
6 63
6 159
6 52
6 82
6 125
6 176
6 16
6 28
6 114
6 107
6 59
6 112
6 36
6 123
6 130
6 192
6 142
6 90
6 154
6 156
6 143
6 145
6 71
6 148
6 93
6 86
6 78
6 47
6 110
6 76
6 8
6 79
6 151
6 191
6 38
6 109
6 183
6 160
6 24
6 96
6 58
6 39
6 80
6 129
6 25
6 136
6 35
6 106
6 95
6 73
6 37
6 105
6 126
6 55
6 54
7 45
7 25
7 60
7 15
7 170
7 50
7 37
7 35
7 175
7 143
7 38
7 78
7 61
7 86
7 100
7 169
7 57
7 88
7 22
7 152
7 21
7 122
7 166
7 54
7 95
7 77
7 128
7 71
7 139
7 190
7 8
7 130
7 151
7 116
7 34
7 102
7 90
7 73
7 134
7 155
7 117
7 138
7 55
7 53
7 64
7 82
7 113
7 14
7 163
7 36
7 17
7 52
7 23
7 10
7 63
7 44
7 74
7 9
7 20
7 168
7 126
7 188
7 120
7 156
7 66
7 118
7 59
7 110
7 107
7 98
7 91
7 108
7 205
7 186
7 159
7 103
7 96
7 33
7 160
7 76
7 109
7 11
7 150
7 16
7 129
7 133
7 132
7 40
7 72
7 136
7 99
7 114
7 93
7 135
7 12
7 85
7 89
7 140
7 18
7 183
7 145
7 31
7 41
7 94
7 178
7 28
7 204
7 68
7 105
7 29
7 19
7 187
7 179
7 180
7 195
7 106
7 67
7 148
7 47
7 75
7 162
7 201
7 192
7 131
7 111
7 142
8 9
8 128
8 135
8 47
8 14
8 36
8 10
8 119
8 53
8 156
8 140
8 37
8 93
8 89
8 63
8 96
8 12
8 169
8 195
8 38
8 159
8 49
8 50
8 25
8 197
8 75
8 160
8 18
8 147
8 31
8 83
8 121
8 28
8 21
8 62
8 141
8 153
8 110
8 134
8 80
8 95
8 173
8 117
8 73
8 206
8 85
8 122
8 77
8 114
8 86
8 48
8 64
8 139
8 52
8 168
8 137
8 55
8 150
8 107
8 32
8 162
8 66
8 179
8 69
8 113
8 120
8 126
8 100
8 166
8 26
8 17
8 143
8 40
8 112
8 45
8 19
8 154
8 132
8 29
8 81
8 78
8 71
8 57
8 60
8 20
8 138
8 155
8 199
8 177
8 116
8 59
8 108
8 165
8 22
8 16
8 43
8 84
8 41
8 109
8 145
8 11
8 88
8 102
8 39
8 23
8 167
8 98
8 33
8 175
8 67
8 118
8 76
8 68
8 82
8 178
8 161
8 72
8 111
8 149
8 15
8 183
8 127
8 148
8 133
8 146
8 170
8 99
8 136
8 27
8 104
8 131
8 91
8 130
8 157
8 105
8 184
8 142
9 45
9 91
9 142
9 168
9 25
9 16
9 84
9 175
9 136
9 138
9 28
9 135
9 14
9 105
9 119
9 57
9 23
9 62
9 10
9 162
9 69
9 100
9 166
9 17
9 178
9 116
9 22
9 113
9 102
9 21
9 67
9 13
9 73
9 89
9 40
9 137
9 114
9 167
9 59
9 85
9 111
9 156
9 81
9 103
9 140
9 18
9 11
9 72
9 145
9 12
9 143
9 122
9 63
9 120
9 68
9 132
9 53
9 147
9 31
9 32
9 148
9 134
9 61
9 177
9 88
9 83
9 108
9 200
9 27
9 98
9 71
9 60
9 29
9 76
9 107
9 82
9 77
9 169
9 109
9 155
9 66
9 36
9 75
9 110
9 131
9 146
9 37
9 80
9 47
9 95
9 86
9 159
9 118
9 15
9 133
9 128
9 183
9 160
10 11
10 24
10 62
10 57
10 132
10 160
10 22
10 31
10 136
10 135
10 60
10 197
10 45
10 73
10 67
10 173
10 66
10 33
10 98
10 88
10 95
10 43
10 142
10 39
10 123
10 20
10 96
10 171
10 195
10 131
10 133
10 141
10 138
10 77
10 38
10 78
10 206
10 185
10 111
10 168
10 115
10 116
10 83
10 105
10 153
10 36
10 23
10 164
10 75
10 48
10 27
10 186
10 64
10 25
10 84
10 85
10 100
10 35
10 72
10 102
10 91
10 79
10 29
10 118
10 109
10 108
10 143
10 169
10 110
10 122
10 120
10 156
10 34
10 37
10 97
10 137
10 28
10 188
10 129
10 127
10 12
10 86
10 170
10 196
10 104
10 114
10 90
10 41
10 16
10 47
10 52
10 74
10 157
10 191
10 150
10 192
10 187
10 167
10 175
10 202
10 93
10 71
10 183
10 65
10 99
10 165
10 82
10 53
10 50
10 140
10 200
10 204
10 19
10 117
10 159
10 145
10 207
10 151
10 59
10 55
10 49
10 76
10 18
10 113
10 176
10 152
10 81
10 30
10 147
10 89
10 61
10 158
10 155
10 148
10 70
10 119
10 17
10 198
10 106
10 182
10 51
10 139
10 54
10 178
10 124
10 15
10 163
10 63
10 107
10 125
10 121
10 184
10 80
10 21
10 128
10 58
10 14
10 94
10 46
10 179
10 193
10 149
10 177
10 162
10 161
10 130
10 146
10 166
10 134
10 44
10 69
10 26
10 103
10 154
10 126
10 40
10 174
10 87
11 69
11 73
11 105
11 161
11 113
11 107
11 20
11 166
11 15
11 21
11 61
11 85
11 131
11 129
11 124
11 109
11 65
11 59
11 78
11 24
11 111
11 102
11 71
11 114
11 38
11 67
11 23
11 173
11 160
11 141
11 76
11 83
11 62
11 168
11 115
11 88
11 52
11 197
11 138
11 192
11 75
11 29
11 58
11 140
11 90
11 110
11 156
11 127
11 136
11 50
11 201
11 18
11 36
11 57
11 35
11 45
11 34
11 178
11 108
11 64
11 51
11 99
11 148
11 66
11 96
11 112
11 47
11 94
11 39
11 93
11 117
11 53
11 77
11 22
11 176
11 149
11 163
11 191
11 118
11 184
11 74
11 132
11 80
11 89
11 154
11 43
11 86
11 19
11 152
11 120
11 17
11 60
11 14
11 170
11 169
11 177
11 54
11 155
11 122
11 175
11 63
11 126
11 145
11 139
11 33
11 44
11 16
11 55
11 41
11 98
11 82
11 130
11 137
11 28
11 48
11 103
11 30
11 91
11 27
11 95
11 143
11 84
11 151
11 159
11 125
11 25
11 72
11 106
11 116
11 182
11 193
11 133
11 100
11 128
11 70
11 134
11 26
11 181
12 13
12 93
12 48
12 16
12 73
12 76
12 182
12 37
12 132
12 106
12 47
12 100
12 173
12 133
12 121
12 80
12 98
12 140
12 128
12 108
12 101
12 193
12 159
12 49
12 18
12 145
12 59
12 19
12 204
12 34
12 71
12 89
12 157
12 122
12 53
12 79
12 109
12 23
12 197
12 141
12 72
12 88
12 207
12 97
12 102
12 175
12 36
12 148
12 82
12 136
12 156
12 138
12 84
12 67
12 86
12 114
12 178
12 66
12 95
12 113
12 69
12 78
12 43
12 28
12 25
12 167
12 155
12 196
12 33
12 111
12 83
12 45
12 130
12 60
12 188
12 22
12 15
12 74
12 118
12 160
12 103
12 29
12 105
12 119
12 24
12 40
12 64
12 17
12 202
12 32
12 162
12 168
12 150
12 21
12 117
12 77
12 192
12 187
12 91
12 127
12 92
12 185
12 31
12 135
12 104
12 124
12 181
12 107
12 180
12 44
12 131
12 144
12 198
12 14
12 139
12 190
12 46
12 129
12 57
12 20
12 99
12 169
12 52
12 90
12 126
12 51
12 55
12 170
12 27
12 63
12 123
12 110
12 115
12 200
12 184
12 85
12 176
12 54
12 61
12 120
12 96
12 161
12 195
12 94
12 38
12 205
12 116
12 201
12 75
12 183
12 171
12 151
12 152
12 163
13 145
13 21
13 120
13 61
13 16
13 73
13 100
13 55
13 98
13 26
13 183
13 129
13 126
13 178
13 117
13 57
13 170
13 45
13 48
13 169
13 166
13 71
13 15
13 90
13 83
13 70
13 162
13 22
13 155
13 136
13 82
13 182
13 66
13 53
13 88
13 107
13 114
13 64
13 40
13 159
13 99
13 31
13 36
13 137
13 102
13 105
13 77
14 15
14 72
14 92
14 116
14 125
14 140
14 202
14 138
14 23
14 143
14 157
14 81
14 98
14 29
14 62
14 88
14 71
14 36
14 146
14 110
14 167
14 63
14 106
14 22
14 154
14 102
14 128
14 73
14 65
14 58
14 198
14 166
14 183
14 109
14 131
14 129
14 54
14 86
14 126
14 44
14 184
14 64
14 94
14 141
14 31
14 105
14 123
14 185
14 33
14 43
14 32
14 37
14 115
14 156
14 177
14 79
14 84
14 134
14 35
14 203
14 176
14 192
14 16
14 45
14 187
14 59
14 57
14 117
14 41
14 178
14 48
14 104
14 122
14 95
14 136
14 147
14 180
14 160
14 19
14 159
14 118
14 114
14 97
14 191
14 151
14 67
14 205
14 200
14 53
14 193
14 34
14 91
14 90
14 87
14 24
14 39
14 119
14 51
14 130
14 30
14 155
14 161
14 172
14 75
14 17
14 60
14 77
14 152
14 21
14 93
14 100
14 66
14 149
14 133
14 26
14 61
14 38
14 108
14 50
14 111
14 182
14 201
14 195
14 96
14 175
14 135
14 127
14 49
14 83
14 168
14 162
14 170
14 76
14 188
14 20
14 107
14 25
14 74
14 78
14 27
14 173
14 52
14 82
14 124
14 139
14 197
14 132
14 28
14 69
14 99
14 103
14 145
14 120
14 18
14 80
14 163
14 148
14 47
14 89
14 113
14 206
14 142
14 55
15 39
15 107
15 71
15 149
15 65
15 128
15 27
15 84
15 111
15 54
15 85
15 154
15 168
15 163
15 53
15 36
15 202
15 151
15 134
15 32
15 110
15 132
15 101
15 60
15 170
15 70
15 118
15 95
15 141
15 173
15 138
15 116
15 24
15 51
15 76
15 23
15 143
15 33
15 126
15 91
15 74
15 142
15 100
15 102
15 28
15 124
15 147
15 59
15 61
15 146
15 185
15 47
15 129
15 160
15 112
15 159
15 114
15 166
15 123
15 64
15 113
15 136
15 19
15 152
15 161
15 58
15 156
15 200
15 75
15 63
15 183
15 121
15 38
15 120
15 80
15 94
15 130
15 77
15 88
15 198
15 22
15 157
15 96
15 83
15 140
15 16
15 72
15 191
15 178
15 153
15 175
15 177
15 109
15 25
15 44
15 148
15 81
15 66
15 82
15 43
15 104
15 192
15 37
15 50
15 182
15 18
15 49
15 17
15 108
15 122
15 197
15 30
15 133
15 98
15 69
15 57
15 117
15 103
15 20
15 21
15 62
15 89
15 86
15 52
15 79
15 105
15 184
15 29
15 145
15 176
15 67
15 196
15 99
15 34
15 93
15 193
15 131
15 127
15 155
15 135
15 187
15 55
15 45
15 78
15 167
15 90
15 41
15 40
15 26
15 125
15 106
15 162
15 139
15 35
15 73
15 87
16 17
16 90
16 145
16 154
16 35
16 173
16 117
16 175
16 43
16 165
16 191
16 80
16 45
16 46
16 38
16 138
16 139
16 99
16 150
16 32
16 33
16 176
16 96
16 39
16 132
16 19
16 25
16 73
16 162
16 86
16 178
16 26
16 130
16 60
16 22
16 55
16 76
16 79
16 30
16 166
16 111
16 72
16 63
16 27
16 93
16 82
16 74
16 124
16 200
16 92
16 141
16 118
16 100
16 57
16 136
16 205
16 91
16 18
16 84
16 83
16 41
16 116
16 29
16 125
16 36
16 70
16 44
16 95
16 114
16 180
16 122
16 110
16 97
16 129
16 66
16 195
16 71
16 23
16 142
16 147
16 59
16 185
16 198
16 81
16 50
16 137
16 131
16 47
16 88
16 105
16 161
16 67
16 148
16 21
16 64
16 192
16 65
16 151
16 51
16 104
16 115
16 196
16 40
16 206
16 207
16 133
16 156
16 157
16 52
16 54
16 188
16 53
16 108
16 152
16 85
16 89
16 77
16 167
16 187
16 170
16 69
16 94
16 78
16 123
16 182
16 127
16 98
16 153
16 112
16 49
16 160
16 113
16 140
16 202
16 48
16 20
16 109
16 62
16 143
16 119
16 199
16 103
16 61
16 168
16 28
16 184
16 181
16 34
16 183
16 155
16 102
16 135
16 37
16 31
16 144
16 101
16 159
16 24
16 126
16 193
16 171
16 75
16 164
16 204
16 120
16 163
16 197
16 169
16 106
16 121
16 190
16 107
16 58
16 149
17 51
17 94
17 95
17 145
17 65
17 91
17 66
17 128
17 185
17 30
17 90
17 160
17 104
17 97
17 110
17 67
17 125
17 189
17 62
17 205
17 134
17 55
17 92
17 27
17 22
17 39
17 115
17 129
17 175
17 107
17 131
17 116
17 169
17 126
17 72
17 36
17 100
17 57
17 78
17 37
17 23
17 29
17 136
17 74
17 162
17 147
17 81
17 119
17 79
17 155
17 124
17 157
17 151
17 113
17 83
17 19
17 61
17 184
17 33
17 187
17 50
17 103
17 166
17 120
17 188
17 146
17 172
17 132
17 82
17 133
17 59
17 138
17 54
17 141
17 38
17 143
17 170
17 44
17 114
17 89
17 69
17 108
17 196
17 60
17 111
17 86
17 137
17 154
17 32
17 127
17 135
17 85
17 190
17 80
17 21
17 167
17 58
17 88
17 149
17 73
17 202
17 75
17 156
17 98
17 140
17 25
17 178
17 56
17 48
17 161
17 139
17 122
17 34
17 76
17 200
17 93
17 142
17 163
17 28
17 197
17 18
17 99
17 123
17 148
17 106
17 26
17 52
17 41
17 77
17 105
17 180
17 24
17 109
17 183
17 20
17 47
17 153
17 96
17 191
17 130
17 168
17 102
17 49
17 84
17 118
17 176
17 198
17 117
17 45
17 201
17 64
17 53
17 43
17 40
17 71
17 112
17 159
17 173
17 177
17 182
17 63
17 193
17 192
17 87
18 19
18 89
18 20
18 114
18 66
18 97
18 182
18 84
18 55
18 88
18 100
18 193
18 131
18 44
18 99
18 59
18 102
18 21
18 72
18 25
18 139
18 141
18 115
18 155
18 146
18 149
18 96
18 95
18 60
18 69
18 148
18 116
18 33
18 167
18 122
18 53
18 178
18 22
18 126
18 74
18 79
18 132
18 38
18 176
18 192
18 27
18 57
18 103
18 45
18 152
18 165
18 52
18 47
18 118
18 80
18 140
18 75
18 107
18 168
18 98
18 175
18 82
18 128
18 67
18 136
18 110
18 104
18 143
18 28
18 29
18 135
18 164
18 77
18 145
18 41
18 163
18 43
18 106
18 83
18 81
18 51
18 63
18 76
18 94
18 160
18 201
18 93
18 184
18 113
18 26
18 191
18 108
18 188
18 37
18 124
18 24
18 142
18 111
18 78
18 30
18 197
18 64
18 156
18 36
18 187
18 58
18 170
18 133
18 150
18 71
18 54
18 129
18 157
18 154
18 123
18 61
18 125
18 65
18 86
18 109
18 34
18 49
18 151
18 105
18 90
18 153
18 35
18 120
18 161
18 198
18 73
18 62
18 87
18 39
18 23
18 127
19 91
19 95
19 53
19 30
19 75
19 82
19 61
19 100
19 71
19 145
19 69
19 175
19 65
19 66
19 36
19 54
19 129
19 86
19 187
19 45
19 72
19 77
19 26
19 191
19 80
19 192
19 52
19 94
19 180
19 67
19 37
19 149
19 63
19 120
19 34
19 104
19 39
19 20
19 160
19 143
19 163
19 118
19 107
19 148
19 130
19 58
19 102
19 44
19 28
19 117
19 169
19 141
19 136
19 83
19 140
19 35
19 168
19 113
19 73
19 114
19 57
19 38
19 155
19 170
19 99
19 33
19 78
19 23
19 108
19 90
19 41
19 156
19 74
19 165
19 76
19 139
19 178
19 150
19 29
19 59
19 93
19 105
19 142
19 21
19 159
19 25
19 89
19 24
19 60
19 22
19 151
19 43
19 62
19 96
19 51
19 55
19 182
19 116
19 98
19 106
19 97
19 88
19 64
20 21
20 149
20 57
20 118
20 76
20 131
20 52
20 115
20 63
20 121
20 156
20 23
20 140
20 187
20 163
20 33
20 78
20 124
20 73
20 74
20 88
20 82
20 103
20 94
20 133
20 130
20 176
20 148
20 89
20 37
20 184
20 143
20 113
20 125
20 160
20 141
20 155
20 50
20 61
20 205
20 26
20 71
20 77
20 34
20 29
20 204
20 72
20 206
20 54
20 64
20 69
20 139
20 193
20 65
20 28
20 96
20 67
20 119
20 22
20 24
20 41
20 44
20 36
20 151
20 93
20 154
20 86
20 51
20 106
20 161
20 83
20 165
20 30
20 45
20 100
20 53
20 129
20 60
20 201
20 168
20 98
20 181
20 102
20 169
20 137
20 59
20 136
20 75
20 188
20 116
20 114
20 107
20 95
20 35
20 47
20 178
20 197
20 146
20 99
20 43
20 117
20 135
20 109
20 180
20 186
20 132
20 192
20 157
20 171
20 66
20 25
20 90
20 120
20 122
20 62
20 126
20 81
20 39
20 55
20 80
20 145
20 142
20 92
20 27
20 198
20 134
20 127
20 104
20 170
20 105
20 190
20 152
20 138
20 111
20 159
20 91
20 110
20 175
20 108
20 153
20 85
20 40
20 38
20 112
20 58
20 150
21 31
21 93
21 143
21 114
21 48
21 138
21 45
21 71
21 80
21 102
21 38
21 125
21 53
21 63
21 123
21 30
21 86
21 96
21 104
21 84
21 61
21 76
21 36
21 161
21 65
21 147
21 169
21 59
21 22
21 47
21 191
21 184
21 170
21 127
21 27
21 113
21 91
21 25
21 110
21 111
21 116
21 175
21 57
21 148
21 35
21 43
21 88
21 67
21 156
21 141
21 33
21 83
21 154
21 99
21 134
21 142
21 81
21 199
21 40
21 60
21 44
21 166
21 136
21 34
21 103
21 187
21 78
21 178
21 105
21 29
21 159
21 58
21 98
21 52
21 66
21 117
21 182
21 70
21 72
21 73
21 55
21 24
21 89
21 155
21 90
21 140
21 54
21 162
21 109
21 39
21 122
21 75
21 82
21 146
21 97
21 135
21 94
21 85
21 121
21 107
21 139
21 192
21 157
21 137
21 124
21 120
21 160
21 32
21 106
21 168
21 77
21 163
21 130
21 108
21 145
21 129
21 131
21 50
21 62
21 118
21 49
21 95
21 176
21 74
21 64
21 100
21 23
21 133
21 128
21 41
21 51
21 28
21 26
21 197
21 167
21 151
21 132
21 198
22 23
22 43
22 114
22 61
22 108
22 140
22 54
22 88
22 28
22 59
22 105
22 36
22 177
22 130
22 52
22 30
22 184
22 73
22 169
22 66
22 146
22 85
22 74
22 151
22 33
22 175
22 77
22 92
22 81
22 72
22 138
22 80
22 25
22 104
22 162
22 109
22 133
22 29
22 71
22 170
22 119
22 32
22 148
22 98
22 95
22 41
22 27
22 107
22 93
22 128
22 60
22 166
22 44
22 113
22 62
22 196
22 202
22 94
22 57
22 111
22 173
22 182
22 127
22 192
22 96
22 160
22 49
22 159
22 122
22 136
22 100
22 50
22 168
22 125
22 149
22 163
22 123
22 83
22 183
22 99
22 147
22 131
22 135
22 75
22 120
22 47
22 38
22 37
22 145
22 118
22 156
22 193
22 117
22 79
22 143
22 86
22 152
22 178
22 58
22 56
22 48
22 161
22 124
22 103
22 132
22 63
22 116
22 139
22 142
22 155
22 91
22 110
22 67
22 97
22 78
22 69
22 165
22 64
22 84
22 102
22 157
22 53
22 199
22 51
22 87
22 200
22 26
22 154
22 197
22 65
22 82
22 90
22 101
22 106
22 34
22 134
22 185
22 198
22 24
22 55
22 45
22 70
22 153
22 89
22 39
22 129
22 126
22 115
22 167
22 76
22 179
22 121
22 141
22 35
22 31
23 29
23 106
23 44
23 112
23 34
23 61
23 108
23 179
23 64
23 39
23 24
23 36
23 162
23 127
23 86
23 103
23 75
23 72
23 82
23 165
23 25
23 100
23 102
23 80
23 119
23 59
23 142
23 170
23 123
23 154
23 95
23 169
23 124
23 114
23 78
23 120
23 117
23 175
23 143
23 130
23 184
23 122
23 145
23 73
23 135
23 81
23 57
23 148
23 126
23 176
23 96
23 74
23 69
23 55
23 140
23 89
23 84
23 94
23 104
23 63
23 153
23 161
23 128
23 32
23 49
23 91
23 115
23 110
23 77
23 111
23 67
23 197
23 149
23 45
23 66
23 71
23 33
23 125
23 62
23 133
23 118
23 30
23 27
23 105
23 99
23 88
23 107
23 35
23 157
23 47
23 37
23 90
23 98
23 178
23 159
23 156
23 141
23 155
23 113
23 52
23 51
23 151
23 139
23 41
23 163
23 38
23 116
23 60
23 137
23 65
23 129
23 53
23 43
23 193
23 187
23 192
23 54
23 132
23 83
23 146
23 160
23 109
23 167
23 138
23 191
23 58
23 136
23 198
23 28
23 76
23 93
23 26
23 182
24 64
24 50
24 43
24 132
24 95
24 96
24 113
24 142
24 62
24 137
24 39
24 99
24 118
24 69
24 129
24 26
24 114
24 36
24 75
24 66
24 103
24 93
24 53
24 106
24 168
24 72
24 169
24 115
24 33
24 116
24 78
24 98
24 123
24 84
24 133
24 205
24 54
24 90
24 65
24 139
24 130
24 150
24 67
24 109
24 51
24 41
24 52
24 74
24 57
24 148
24 63
24 102
24 29
24 28
24 58
24 127
24 131
24 89
24 146
24 134
24 153
24 117
24 88
24 192
24 92
24 184
24 34
24 80
24 187
24 155
24 107
24 44
24 145
24 152
24 61
24 171
24 94
24 59
24 105
24 138
24 82
24 143
24 85
24 77
24 112
24 151
24 25
24 45
24 176
24 178
24 193
24 201
24 163
24 38
24 73
24 83
24 71
24 30
24 183
24 91
24 197
24 108
24 156
24 126
24 124
24 76
24 100
24 175
24 104
24 170
24 159
24 157
24 140
24 47
24 141
24 120
24 55
25 26
25 138
25 46
25 42
25 92
25 186
25 47
25 88
25 103
25 33
25 91
25 28
25 77
25 84
25 150
25 204
25 43
25 45
25 75
25 32
25 142
25 134
25 141
25 120
25 154
25 197
25 205
25 135
25 137
25 117
25 90
25 112
25 109
25 130
25 29
25 95
25 38
25 149
25 55
25 71
25 62
25 100
25 56
25 116
25 68
25 160
25 129
25 178
25 176
25 41
25 161
25 97
25 188
25 27
25 152
25 191
25 81
25 125
25 80
25 89
25 37
25 82
25 34
25 50
25 70
25 168
25 156
25 83
25 72
25 158
25 57
25 155
25 169
25 143
25 139
25 118
25 147
25 61
25 157
25 190
25 65
25 198
25 76
25 49
25 99
25 79
25 85
25 110
25 111
25 201
25 175
25 148
25 173
25 177
25 60
25 93
25 87
25 98
25 151
25 105
25 140
25 179
25 123
25 171
25 122
25 132
25 180
25 189
25 181
25 107
25 36
25 104
25 108
25 133
25 53
25 128
25 153
25 54
25 206
25 163
25 74
25 86
25 174
25 126
25 207
25 165
25 69
25 39
25 113
25 67
25 184
25 131
25 159
25 64
25 183
25 170
25 102
25 101
25 194
25 78
25 119
25 195
25 144
26 33
26 74
26 99
26 132
26 41
26 96
26 71
26 28
26 130
26 155
26 61
26 102
26 167
26 115
26 142
26 90
26 88
26 170
26 140
26 118
26 117
26 168
26 86
26 80
26 169
26 52
26 109
26 91
26 55
26 126
26 58
26 187
26 67
26 113
26 75
26 45
26 30
26 149
26 78
26 150
26 73
26 143
26 137
26 63
26 38
26 93
26 82
26 175
26 139
26 44
26 69
26 105
26 57
26 131
26 37
26 77
26 66
26 39
26 54
26 50
26 201
26 83
26 36
26 76
26 178
26 152
26 124
26 120
26 108
26 141
26 176
26 116
26 148
26 114
26 64
26 72
26 43
26 193
26 94
26 53
26 29
26 192
26 145
26 34
26 59
26 100
26 95
26 127
26 161
26 151
26 89
26 51
26 98
26 138
26 205
26 107
26 159
27 28
27 29
27 55
27 101
27 198
27 98
27 108
27 67
27 122
27 81
27 168
27 73
27 86
27 46
27 53
27 130
27 90
27 188
27 140
27 133
27 47
27 45
27 175
27 169
27 113
27 61
27 64
27 178
27 63
27 85
27 77
27 110
27 190
27 33
27 128
27 129
27 99
27 160
27 180
27 72
27 91
27 171
27 134
27 143
27 71
27 139
27 136
27 57
27 159
27 83
27 100
27 126
27 48
27 170
27 52
27 60
27 102
27 121
27 80
27 105
27 197
27 116
27 163
27 41
27 93
27 36
27 138
27 157
27 120
27 119
27 132
27 155
27 62
27 141
27 95
27 147
27 69
27 192
27 43
27 49
27 177
27 154
27 146
27 96
27 184
27 82
27 111
27 94
27 167
27 131
27 142
27 148
27 66
27 182
27 156
27 88
27 84
27 89
27 179
27 107
27 76
27 44
28 30
28 92
28 84
28 103
28 63
28 133
28 141
28 154
28 80
28 168
28 74
28 146
28 48
28 122
28 99
28 39
28 83
28 66
28 59
28 38
28 150
28 95
28 160
28 36
28 153
28 49
28 155
28 71
28 102
28 109
28 129
28 108
28 45
28 140
28 135
28 82
28 149
28 192
28 65
28 98
28 89
28 145
28 76
28 161
28 44
28 54
28 131
28 55
28 175
28 86
28 33
28 113
28 157
28 79
28 156
28 139
28 67
28 41
28 100
28 201
28 163
28 94
28 37
28 177
28 110
28 58
28 106
28 142
28 61
28 136
28 87
28 115
28 57
28 143
28 72
28 104
28 51
28 170
28 81
28 193
28 107
28 130
28 97
28 85
28 60
28 180
28 93
28 77
28 126
28 120
28 151
28 152
28 191
28 178
28 159
28 165
28 88
28 123
28 29
28 169
28 118
28 197
28 43
28 164
28 35
28 198
28 75
28 132
28 125
28 91
28 47
28 124
28 167
28 101
28 34
28 176
28 116
28 182
28 111
28 73
28 128
28 188
28 105
28 127
28 53
28 69
28 148
28 187
28 52
28 96
28 62
28 64
28 184
28 78
28 90
29 43
29 67
29 86
29 135
29 155
29 142
29 175
29 116
29 75
29 77
29 157
29 66
29 82
29 128
29 57
29 36
29 39
29 33
29 44
29 170
29 93
29 95
29 61
29 103
29 35
29 185
29 34
29 193
29 89
29 81
29 118
29 98
29 156
29 143
29 63
29 178
29 163
29 111
29 146
29 184
29 140
29 145
29 41
29 76
29 74
29 154
29 60
29 127
29 91
29 160
29 78
29 188
29 106
29 102
29 113
29 47
29 88
29 107
29 79
29 165
29 182
29 167
29 109
29 52
29 139
29 147
29 99
29 123
29 108
29 150
29 197
29 100
29 73
29 87
29 164
29 71
29 129
29 58
29 72
29 84
29 122
29 201
29 151
29 110
29 55
29 62
29 125
29 80
29 64
29 51
29 83
29 94
29 124
29 132
29 49
29 30
29 141
29 133
29 53
29 149
29 136
29 50
29 105
29 90
29 115
29 120
29 152
29 138
29 192
29 148
29 96
29 59
29 45
29 54
29 126
29 65
29 38
29 198
29 131
29 168
29 97
29 161
29 69
29 180
29 159
29 104
29 176
29 169
29 200
29 37
29 187
30 34
30 94
30 65
30 178
30 66
30 133
30 102
30 77
30 134
30 50
30 44
30 159
30 138
30 115
30 36
30 75
30 125
30 54
30 148
30 113
30 59
30 142
30 82
30 130
30 106
30 37
30 43
30 161
30 117
30 41
30 100
30 90
30 126
30 192
30 155
30 51
30 61
30 33
30 101
30 153
30 120
30 95
30 145
30 45
30 98
30 53
30 96
30 67
30 62
30 39
30 76
30 72
30 80
30 58
30 64
30 170
30 103
30 169
30 179
30 156
30 74
30 83
30 193
30 139
30 55
30 112
30 129
30 154
30 141
30 151
30 175
30 118
30 99
30 108
30 197
30 127
30 57
30 78
30 184
30 135
30 63
30 140
30 116
30 136
30 109
30 124
30 111
30 38
30 71
30 89
30 167
30 157
30 73
30 143
30 149
30 69
30 91
30 93
30 52
31 32
31 57
31 61
31 165
31 117
31 198
31 48
31 83
31 156
31 67
31 110
31 161
31 85
31 76
31 145
31 40
31 128
31 75
31 102
31 41
31 122
31 59
31 155
31 136
31 118
31 60
31 82
31 168
31 52
31 104
31 71
31 73
31 146
31 86
31 66
31 178
31 72
31 36
31 129
31 154
31 64
31 84
31 132
31 114
31 159
31 55
31 98
31 177
31 183
31 88
31 107
31 70
31 166
31 49
31 135
31 139
31 43
31 173
31 53
31 34
31 119
31 162
31 199
31 138
31 63
31 100
31 131
31 182
31 105
31 126
31 170
31 45
32 42
32 67
32 159
32 110
32 52
32 82
32 112
32 117
32 147
32 70
32 120
32 166
32 98
32 45
32 100
32 107
32 118
32 60
32 48
32 133
32 178
32 128
32 66
32 43
32 86
32 57
32 114
32 145
32 105
32 162
32 165
32 192
32 40
32 85
32 173
32 169
32 75
32 33
32 177
32 73
32 61
32 55
32 83
32 59
32 183
32 156
32 136
32 168
32 36
32 71
32 102
32 88
32 109
32 134
32 140
32 77
33 88
33 52
33 167
33 119
33 139
33 168
33 62
33 78
33 98
33 91
33 83
33 127
33 69
33 79
33 54
33 111
33 66
33 97
33 160
33 132
33 39
33 145
33 177
33 43
33 118
33 60
33 130
33 115
33 34
33 113
33 95
33 76
33 68
33 105
33 125
33 156
33 102
33 148
33 99
33 77
33 170
33 90
33 149
33 196
33 124
33 133
33 81
33 157
33 138
33 116
33 64
33 47
33 94
33 37
33 146
33 63
33 128
33 65
33 36
33 82
33 126
33 49
33 122
33 114
33 109
33 131
33 103
33 208
33 51
33 86
33 175
33 67
33 100
33 75
33 45
33 57
33 84
33 180
33 53
33 110
33 61
33 93
33 44
33 169
33 137
33 161
33 120
33 198
33 71
33 89
33 182
33 178
33 140
33 191
33 59
33 117
33 38
33 74
33 134
33 159
33 107
33 96
33 141
33 129
33 80
33 35
33 92
33 55
33 108
33 48
33 143
33 193
33 50
33 72
34 35
34 75
34 141
34 124
34 61
34 113
34 185
34 98
34 39
34 182
34 44
34 88
34 161
34 74
34 163
34 48
34 76
34 69
34 97
34 82
34 168
34 91
34 78
34 77
34 94
34 67
34 71
34 90
34 129
34 43
34 105
34 55
34 93
34 130
34 125
34 120
34 40
34 64
34 95
34 86
34 100
34 160
34 131
34 132
34 167
34 51
34 65
34 155
34 53
34 122
34 115
34 54
34 102
34 80
34 109
34 104
34 162
34 153
34 198
34 36
34 157
34 134
34 148
34 108
34 119
34 189
34 178
34 99
34 166
34 151
34 156
34 107
34 173
34 183
34 139
34 118
34 127
34 114
34 154
34 66
34 192
34 159
34 62
34 197
34 96
34 133
34 140
34 116
34 63
34 73
34 143
34 175
34 47
34 45
34 202
34 149
34 169
34 50
34 58
34 146
34 59
34 52
34 89
34 57
34 83
34 41
34 60
34 145
34 103
34 106
34 117
34 136
34 126
34 193
34 38
34 138
34 137
34 72
34 170
34 112
35 86
35 45
35 143
35 73
35 145
35 139
35 140
35 75
35 63
35 82
35 74
35 93
35 100
35 65
35 78
35 52
35 99
35 103
35 36
35 141
35 108
35 148
35 96
35 102
35 59
35 114
35 129
35 72
35 38
35 105
35 170
35 80
35 127
35 54
35 131
35 39
35 91
35 89
35 69
35 50
35 138
35 113
35 116
35 175
35 124
35 104
35 159
35 132
35 61
35 57
35 161
35 156
35 66
35 53
35 95
35 167
35 168
35 77
35 134
35 71
35 90
35 109
35 55
35 133
35 67
35 135
35 76
35 130
36 37
36 84
36 157
36 134
36 161
36 82
36 162
36 119
36 83
36 107
36 62
36 112
36 47
36 50
36 171
36 198
36 54
36 178
36 52
36 136
36 135
36 160
36 40
36 173
36 122
36 126
36 153
36 146
36 182
36 39
36 118
36 190
36 114
36 145
36 142
36 154
36 66
36 168
36 197
36 38
36 152
36 167
36 147
36 72
36 109
36 78
36 106
36 85
36 170
36 205
36 138
36 43
36 137
36 71
36 76
36 140
36 155
36 117
36 111
36 45
36 63
36 179
36 132
36 98
36 86
36 130
36 65
36 97
36 90
36 139
36 56
36 88
36 169
36 123
36 141
36 201
36 124
36 143
36 174
36 113
36 185
36 164
36 105
36 128
36 177
36 74
36 116
36 108
36 121
36 81
36 49
36 101
36 187
36 163
36 69
36 92
36 73
36 100
36 67
36 44
36 61
36 60
36 184
36 165
36 77
36 202
36 57
36 93
36 200
36 91
36 127
36 51
36 175
36 104
36 41
36 70
36 148
36 180
36 58
36 159
36 68
36 125
36 151
36 75
36 120
36 191
36 131
36 79
36 55
36 96
36 150
36 99
36 103
36 189
36 94
36 199
36 156
36 87
36 149
36 64
36 59
36 183
36 48
36 166
36 172
36 196
36 129
36 89
36 95
36 133
36 53
36 102
36 80
36 110
36 192
36 193
36 176
37 86
37 122
37 74
37 69
37 139
37 192
37 110
37 151
37 98
37 198
37 47
37 127
37 200
37 82
37 156
37 81
37 163
37 109
37 99
37 167
37 61
37 44
37 91
37 178
37 175
37 176
37 125
37 66
37 57
37 64
37 65
37 67
37 52
37 73
37 160
37 154
37 113
37 45
37 108
37 76
37 115
37 50
37 135
37 83
37 126
37 96
37 78
37 41
37 118
37 114
37 159
37 55
37 72
37 71
37 140
37 93
37 38
37 90
37 120
37 84
37 184
37 39
37 102
37 53
37 141
37 161
37 142
37 94
37 100
37 129
37 89
37 80
37 111
37 95
37 107
37 77
37 164
37 168
37 136
37 149
37 143
37 49
37 148
37 75
37 146
37 117
37 63
37 104
37 145
38 60
38 148
38 80
38 59
38 116
38 142
38 63
38 134
38 78
38 83
38 113
38 117
38 120
38 110
38 84
38 86
38 98
38 169
38 104
38 91
38 103
38 82
38 118
38 51
38 139
38 108
38 160
38 156
38 44
38 175
38 198
38 93
38 71
38 168
38 99
38 55
38 66
38 182
38 70
38 41
38 129
38 100
38 67
38 155
38 96
38 141
38 114
38 159
38 72
38 187
38 39
38 176
38 152
38 57
38 65
38 76
38 140
38 90
38 43
38 130
38 73
38 50
38 102
38 178
38 193
38 124
38 157
38 149
38 64
38 106
38 154
38 145
38 95
38 151
38 135
38 146
38 89
38 53
38 52
38 45
38 58
38 170
38 167
38 123
38 143
38 88
38 161
38 111
38 94
38 109
38 54
38 77
38 136
38 74
38 133
38 105
38 75
38 115
38 61
38 166
38 62
38 163
38 192
38 184
38 107
38 125
39 115
39 140
39 187
39 108
39 94
39 53
39 100
39 170
39 120
39 153
39 81
39 124
39 43
39 123
39 41
39 67
39 202
39 178
39 80
39 145
39 112
39 90
39 146
39 104
39 64
39 44
39 192
39 77
39 113
39 69
39 157
39 74
39 91
39 97
39 143
39 142
39 62
39 82
39 134
39 73
39 139
39 58
39 118
39 149
39 78
39 59
39 51
39 156
39 66
39 130
39 75
39 86
39 83
39 57
39 89
39 93
39 45
39 54
39 133
39 114
39 197
39 175
39 98
39 148
39 61
39 107
39 96
39 136
39 95
39 111
39 155
39 151
39 127
39 138
39 129
39 63
39 141
39 163
39 50
39 102
39 193
39 105
39 169
39 109
39 159
39 106
39 126
39 71
39 65
39 116
39 99
39 72
39 117
39 55
39 88
39 52
39 103
40 41
40 173
40 48
40 156
40 105
40 183
40 85
40 73
40 122
40 98
40 88
40 102
40 52
40 129
40 63
40 82
40 132
40 165
40 146
40 53
40 168
40 136
40 108
40 49
40 75
40 162
40 177
40 66
40 161
40 110
40 198
40 67
40 145
40 84
40 59
40 107
40 71
40 70
40 43
40 104
40 83
40 139
40 114
40 118
40 131
40 166
40 128
40 135
40 124
40 117
40 86
40 170
40 126
40 154
40 138
40 76
40 100
40 57
40 182
40 64
40 178
40 120
40 55
40 169
40 155
41 56
41 66
41 81
41 150
41 107
41 170
41 160
41 48
41 94
41 173
41 65
41 71
41 159
41 109
41 76
41 140
41 134
41 108
41 161
41 119
41 130
41 177
41 60
41 126
41 98
41 57
41 120
41 197
41 96
41 148
41 86
41 114
41 199
41 77
41 129
41 127
41 80
41 131
41 162
41 168
41 145
41 169
41 105
41 183
41 182
41 84
41 136
41 141
41 75
41 100
41 59
41 43
41 47
41 45
41 74
41 192
41 82
41 102
41 135
41 143
41 99
41 112
41 132
41 51
41 64
41 55
41 138
41 70
41 62
41 104
41 118
41 72
41 155
41 156
41 73
41 88
41 122
41 53
41 95
41 61
41 52
41 178
41 157
41 90
41 78
41 167
41 67
41 117
41 116
41 142
41 89
41 69
41 91
41 83
41 124
41 49
41 63
41 166
41 153
41 50
41 103
41 200
41 128
41 54
41 189
41 139
41 111
41 113
41 175
41 152
42 126
42 178
42 150
43 44
43 78
43 93
43 77
43 55
43 176
43 167
43 102
43 98
43 60
43 96
43 99
43 108
43 155
43 170
43 94
43 127
43 58
43 135
43 138
43 113
43 112
43 145
43 136
43 122
43 66
43 175
43 128
43 57
43 118
43 74
43 193
43 106
43 187
43 140
43 182
43 59
43 117
43 139
43 65
43 63
43 141
43 131
43 169
43 69
43 119
43 110
43 82
43 53
43 47
43 130
43 161
43 126
43 114
43 91
43 120
43 71
43 183
43 90
43 51
43 83
43 100
43 89
43 84
43 143
43 86
43 178
43 192
43 156
43 115
43 152
43 76
43 107
43 88
43 64
43 162
43 116
43 72
43 124
43 52
43 54
43 45
43 103
43 132
43 73
43 67
43 81
43 61
43 159
43 80
43 48
43 75
43 105
43 50
44 64
44 124
44 53
44 82
44 57
44 102
44 175
44 59
44 129
44 91
44 90
44 45
44 106
44 95
44 94
44 140
44 153
44 103
44 145
44 71
44 117
44 137
44 118
44 69
44 193
44 54
44 75
44 115
44 74
44 77
44 130
44 73
44 141
44 80
44 155
44 107
44 51
44 116
44 187
44 170
44 166
44 120
44 100
44 161
44 159
44 85
44 113
44 99
44 78
44 178
44 131
44 108
44 139
44 76
44 109
44 70
44 114
44 65
44 52
44 61
44 98
44 67
44 83
44 169
44 88
44 132
44 143
44 142
44 156
44 105
44 72
44 66
44 55
45 46
45 58
45 68
45 80
45 134
45 55
45 104
45 169
45 88
45 118
45 100
45 120
45 139
45 52
45 160
45 157
45 102
45 75
45 86
45 114
45 137
45 146
45 67
45 84
45 107
45 73
45 131
45 183
45 72
45 178
45 50
45 56
45 154
45 77
45 65
45 155
45 172
45 197
45 147
45 63
45 200
45 142
45 97
45 185
45 78
45 69
45 188
45 166
45 179
45 125
45 174
45 95
45 99
45 165
45 106
45 101
45 110
45 122
45 111
45 156
45 91
45 177
45 47
45 128
45 163
45 62
45 105
45 74
45 90
45 70
45 127
45 129
45 162
45 103
45 133
45 143
45 87
45 159
45 148
45 184
45 98
45 51
45 76
45 135
45 161
45 171
45 57
45 82
45 92
45 108
45 204
45 176
45 48
45 123
45 71
45 64
45 59
45 145
45 124
45 173
45 138
45 83
45 119
45 170
45 140
45 152
45 61
45 117
45 112
45 116
45 175
45 196
45 132
45 66
45 187
45 136
45 193
45 126
45 199
45 141
45 198
45 192
45 94
45 96
45 53
45 79
45 60
45 93
45 54
45 81
45 113
45 85
45 89
45 153
45 121
45 130
45 49
45 182
45 167
45 109
45 158
45 149
45 191
45 115
45 151
46 84
46 152
46 180
46 66
46 179
46 53
46 145
46 102
46 126
46 158
46 201
46 168
46 195
46 190
46 166
46 57
46 70
46 188
46 82
46 109
46 174
46 68
47 48
47 90
47 84
47 146
47 96
47 100
47 135
47 71
47 170
47 178
47 175
47 57
47 113
47 76
47 131
47 111
47 82
47 140
47 187
47 63
47 95
47 102
47 138
47 125
47 122
47 53
47 59
47 89
47 83
47 117
47 127
47 97
47 75
47 109
47 54
47 52
47 129
47 105
47 98
47 60
47 121
47 119
47 116
47 87
47 99
47 88
47 139
47 107
47 143
47 67
47 167
47 79
47 81
47 156
47 126
47 157
47 136
47 73
47 161
47 85
47 130
47 141
47 86
47 104
47 64
47 77
47 192
47 142
47 173
47 197
47 168
47 72
47 80
47 169
47 62
47 132
47 61
47 108
47 120
47 133
47 49
47 55
47 159
47 118
47 155
47 58
47 94
47 93
47 148
48 110
48 167
48 74
48 136
48 53
48 80
48 77
48 130
48 94
48 166
48 68
48 71
48 66
48 57
48 178
48 145
48 52
48 95
48 61
48 86
48 168
48 155
48 98
48 128
48 124
48 192
48 159
48 170
48 122
48 64
48 171
48 105
48 54
48 169
48 59
48 182
48 70
48 79
48 83
48 90
48 114
48 55
48 141
48 117
48 107
48 137
48 139
48 163
48 99
48 82
48 76
48 100
48 162
48 183
48 120
48 89
48 63
48 131
48 103
48 189
48 73
48 118
48 88
48 60
48 156
48 146
48 126
48 140
48 138
48 102
48 123
48 147
48 75
48 109
48 104
48 194
48 67
48 132
49 50
49 57
49 73
49 137
49 110
49 59
49 117
49 142
49 112
49 155
49 168
49 83
49 122
49 159
49 100
49 108
49 141
49 89
49 76
49 69
49 148
49 78
49 55
49 175
49 63
49 107
49 71
49 52
49 165
49 66
49 61
49 135
49 139
49 60
49 62
49 91
49 54
49 143
49 116
49 111
49 192
49 82
49 136
49 145
49 138
49 88
49 98
49 72
49 113
49 102
49 77
49 156
49 105
49 197
49 162
49 53
49 119
49 101
49 75
49 132
49 95
49 130
49 109
49 169
49 131
49 93
49 114
49 126
49 120
49 85
50 84
50 123
50 105
50 74
50 175
50 89
50 178
50 122
50 59
50 139
50 168
50 110
50 72
50 165
50 169
50 140
50 119
50 108
50 66
50 80
50 107
50 114
50 78
50 83
50 155
50 160
50 170
50 73
50 118
50 148
50 124
50 125
50 167
50 99
50 60
50 130
50 192
50 145
50 159
50 64
50 198
50 103
50 63
50 79
50 90
50 53
50 100
50 200
50 57
50 61
50 116
50 102
50 149
50 77
50 157
50 82
50 55
50 58
50 129
50 150
50 182
50 113
50 71
50 76
50 193
50 93
50 154
50 141
50 86
50 96
50 67
50 152
50 136
50 54
50 156
50 75
50 133
50 120
50 91
50 184
50 69
50 111
50 146
50 88
50 126
50 65
50 191
50 98
51 64
51 93
51 156
51 65
51 62
51 143
51 66
51 80
51 102
51 57
51 91
51 184
51 105
51 90
51 69
51 130
51 77
51 72
51 175
51 113
51 131
51 109
51 71
51 178
51 169
51 170
51 67
51 96
51 126
51 85
51 134
51 140
51 95
51 99
51 116
51 101
51 114
51 120
51 63
51 75
51 61
51 54
51 74
51 82
51 53
51 58
51 88
51 98
51 100
51 157
51 187
51 94
51 52
51 83
51 192
51 73
51 107
51 148
51 145
51 139
51 193
51 59
51 76
51 60
51 128
51 137
51 155
51 55
51 81
51 106
51 124
51 118
51 78
51 149
51 103
51 117
51 108
51 159
51 141
52 53
52 66
52 96
52 141
52 164
52 72
52 177
52 88
52 110
52 166
52 61
52 69
52 159
52 82
52 59
52 93
52 193
52 115
52 108
52 73
52 57
52 118
52 134
52 67
52 123
52 54
52 114
52 132
52 55
52 130
52 80
52 178
52 136
52 143
52 139
52 182
52 151
52 163
52 74
52 124
52 89
52 62
52 58
52 111
52 145
52 71
52 138
52 160
52 86
52 91
52 183
52 56
52 133
52 137
52 75
52 147
52 117
52 135
52 120
52 95
52 175
52 196
52 128
52 99
52 197
52 129
52 173
52 162
52 122
52 185
52 70
52 77
52 65
52 127
52 148
52 87
52 125
52 161
52 78
52 116
52 142
52 104
52 184
52 149
52 131
52 119
52 103
52 105
52 83
52 191
52 187
52 155
52 60
52 97
52 170
52 152
52 63
52 121
52 168
52 90
52 165
52 113
52 94
52 98
52 76
52 146
52 157
52 81
52 199
52 102
52 140
52 154
52 167
52 64
52 207
52 200
52 156
53 65
53 112
53 81
53 117
53 96
53 98
53 139
53 120
53 145
53 140
53 75
53 70
53 86
53 206
53 109
53 190
53 166
53 107
53 80
53 90
53 124
53 118
53 131
53 64
53 110
53 62
53 162
53 66
53 94
53 128
53 74
53 103
53 61
53 76
53 198
53 134
53 156
53 197
53 154
53 119
53 73
53 189
53 184
53 77
53 113
53 141
53 146
53 135
53 93
53 78
53 165
53 178
53 173
53 170
53 63
53 69
53 115
53 180
53 111
53 143
53 126
53 157
53 84
53 201
53 159
53 106
53 102
53 138
53 122
53 181
53 105
53 82
53 95
53 57
53 100
53 89
53 56
53 192
53 108
53 168
53 193
53 99
53 177
53 125
53 160
53 155
53 71
53 153
53 67
53 136
53 149
53 204
53 133
53 54
53 132
53 183
53 137
53 129
53 83
53 60
53 169
53 195
53 104
53 58
53 150
53 127
53 114
53 91
53 179
53 68
53 187
53 175
53 55
53 142
53 116
53 88
53 148
53 130
53 203
53 72
53 171
53 182
53 147
53 152
53 191
53 85
54 55
54 89
54 142
54 94
54 115
54 139
54 78
54 178
54 130
54 64
54 140
54 198
54 59
54 80
54 102
54 169
54 98
54 74
54 66
54 166
54 149
54 156
54 65
54 180
54 132
54 118
54 93
54 100
54 124
54 134
54 76
54 82
54 72
54 170
54 161
54 91
54 77
54 128
54 155
54 90
54 113
54 108
54 167
54 107
54 148
54 109
54 75
54 131
54 88
54 120
54 62
54 57
54 112
54 187
54 126
54 105
54 116
54 127
54 159
54 129
54 67
54 141
54 103
54 73
54 114
54 58
54 99
54 117
54 163
54 84
54 96
54 197
54 138
54 95
54 137
54 125
54 61
54 63
54 71
54 145
54 193
54 165
54 143
54 83
54 135
54 175
55 89
55 170
55 69
55 135
55 115
55 91
55 193
55 173
55 112
55 96
55 64
55 61
55 74
55 154
55 93
55 98
55 104
55 71
55 166
55 102
55 143
55 88
55 114
55 63
55 178
55 156
55 160
55 122
55 184
55 126
55 183
55 130
55 73
55 198
55 105
55 80
55 99
55 175
55 67
55 121
55 90
55 62
55 137
55 103
55 100
55 133
55 189
55 120
55 167
55 162
55 155
55 191
55 132
55 82
55 153
55 117
55 116
55 146
55 110
55 76
55 192
55 109
55 139
55 106
55 148
55 163
55 129
55 125
55 165
55 136
55 159
55 202
55 177
55 119
55 94
55 84
55 75
55 57
55 138
55 127
55 95
55 145
55 140
55 81
55 107
55 78
55 131
55 141
55 56
55 113
55 59
55 68
55 83
55 108
55 169
55 124
55 118
55 65
55 149
55 66
55 134
55 97
55 60
55 185
55 86
55 197
55 77
55 157
55 70
55 85
55 128
55 72
55 111
55 123
55 182
55 58
55 79
56 73
56 64
56 76
56 156
56 100
56 155
56 121
56 74
56 57
56 118
56 85
56 180
56 82
56 150
56 126
56 60
56 66
56 139
56 173
56 96
56 117
56 130
57 76
57 142
57 131
57 184
57 86
57 166
57 69
57 178
57 82
57 139
57 115
57 99
57 148
57 107
57 81
57 83
57 112
57 201
57 145
57 138
57 125
57 60
57 67
57 119
57 98
57 143
57 196
57 150
57 173
57 61
57 90
57 105
57 147
57 116
57 189
57 135
57 85
57 124
57 59
57 64
57 62
57 146
57 198
57 78
57 191
57 110
57 157
57 109
57 149
57 165
57 74
57 66
57 75
57 133
57 199
57 171
57 70
57 156
57 169
57 193
57 151
57 160
57 205
57 58
57 127
57 91
57 89
57 122
57 106
57 155
57 134
57 93
57 128
57 68
57 159
57 129
57 141
57 181
57 161
57 140
57 182
57 120
57 103
57 96
57 202
57 94
57 190
57 152
57 170
57 118
57 102
57 80
57 188
57 130
57 65
57 117
57 72
57 77
57 204
57 104
57 126
57 136
57 183
57 175
57 137
57 197
57 71
57 176
57 192
57 84
57 121
57 73
57 163
57 168
57 187
57 100
57 111
57 95
57 113
57 123
57 88
57 167
57 180
57 177
57 114
57 154
57 63
57 108
57 162
57 153
58 145
58 99
58 130
58 170
58 161
58 165
58 127
58 77
58 116
58 178
58 108
58 62
58 143
58 141
58 157
58 95
58 66
58 100
58 192
58 103
58 93
58 63
58 142
58 65
58 156
58 67
58 94
58 167
58 117
58 61
58 139
58 89
58 126
58 149
58 193
58 78
58 109
58 74
58 71
58 140
58 106
58 124
58 112
58 64
58 159
58 80
58 182
58 138
58 175
58 113
58 91
58 76
58 75
58 153
58 72
58 115
58 83
58 90
58 122
58 82
58 59
58 102
58 129
58 118
59 60
59 82
59 136
59 110
59 111
59 108
59 197
59 107
59 162
59 73
59 61
59 64
59 72
59 106
59 141
59 167
59 99
59 89
59 189
59 117
59 140
59 95
59 161
59 186
59 173
59 77
59 198
59 156
59 193
59 104
59 86
59 93
59 177
59 178
59 121
59 127
59 124
59 157
59 66
59 143
59 79
59 176
59 192
59 145
59 170
59 74
59 98
59 78
59 62
59 102
59 75
59 81
59 128
59 96
59 119
59 123
59 138
59 122
59 175
59 76
59 88
59 100
59 114
59 67
59 168
59 132
59 113
59 97
59 166
59 115
59 187
59 151
59 80
59 184
59 129
59 130
59 71
59 183
59 153
59 101
59 126
59 69
59 137
59 85
59 103
59 154
59 131
59 90
59 169
59 134
59 118
59 139
59 94
59 182
59 160
59 163
59 148
59 146
59 116
59 159
59 112
59 149
59 155
59 91
59 199
59 83
59 63
59 65
59 120
59 125
59 70
59 191
59 105
59 135
59 202
59 109
60 154
60 80
60 77
60 114
60 66
60 118
60 86
60 145
60 119
60 167
60 137
60 146
60 98
60 169
60 78
60 81
60 100
60 95
60 183
60 133
60 82
60 67
60 76
60 105
60 142
60 107
60 165
60 103
60 108
60 104
60 84
60 113
60 131
60 182
60 132
60 85
60 70
60 173
60 157
60 156
60 128
60 97
60 111
60 143
60 94
60 166
60 148
60 135
60 162
60 65
60 75
60 120
60 129
60 168
60 62
60 155
60 138
60 61
60 83
60 89
60 197
60 161
60 141
60 160
60 177
60 136
60 87
60 130
60 178
60 163
60 134
60 159
60 79
60 74
60 96
60 122
60 64
60 73
60 72
60 140
60 71
60 69
60 63
60 88
60 102
60 117
60 150
60 125
60 93
60 139
60 127
60 110
60 112
60 175
60 193
60 170
60 116
60 121
60 99
61 62
61 123
61 77
61 157
61 72
61 127
61 199
61 124
61 113
61 193
61 147
61 108
61 136
61 89
61 125
61 82
61 95
61 103
61 73
61 85
61 169
61 81
61 159
61 148
61 110
61 112
61 102
61 176
61 75
61 200
61 122
61 117
61 101
61 135
61 142
61 98
61 134
61 152
61 163
61 165
61 63
61 137
61 166
61 187
61 83
61 131
61 74
61 90
61 138
61 154
61 92
61 87
61 114
61 70
61 196
61 84
61 170
61 153
61 107
61 155
61 161
61 183
61 167
61 140
61 168
61 100
61 133
61 64
61 104
61 71
61 149
61 97
61 76
61 146
61 119
61 128
61 156
61 65
61 79
61 78
61 93
61 191
61 67
61 111
61 175
61 80
61 185
61 99
61 178
61 91
61 86
61 143
61 106
61 141
61 105
61 118
61 116
61 192
61 66
61 96
61 151
61 115
61 184
61 120
61 160
61 129
61 145
61 130
61 198
61 121
61 88
61 177
61 197
61 69
61 132
61 139
61 179
61 94
61 182
61 109
61 126
62 107
62 76
62 94
62 111
62 156
62 145
62 80
62 106
62 105
62 63
62 133
62 128
62 187
62 69
62 151
62 100
62 159
62 84
62 67
62 102
62 168
62 93
62 178
62 135
62 163
62 75
62 77
62 122
62 142
62 170
62 108
62 83
62 117
62 139
62 96
62 140
62 98
62 169
62 78
62 64
62 175
62 99
62 113
62 192
62 143
62 90
62 66
62 148
62 73
62 118
62 114
62 141
62 157
62 193
62 115
62 82
62 116
62 88
62 165
62 149
62 160
62 72
62 71
62 136
62 89
62 129
62 137
62 109
62 155
62 120
62 176
62 65
62 95
62 167
62 130
62 146
62 74
62 197
62 134
63 75
63 79
63 93
63 69
63 96
63 104
63 178
63 170
63 77
63 143
63 111
63 129
63 66
63 105
63 117
63 155
63 142
63 148
63 95
63 64
63 91
63 74
63 110
63 80
63 128
63 197
63 84
63 161
63 123
63 116
63 136
63 72
63 88
63 87
63 168
63 149
63 100
63 135
63 71
63 67
63 182
63 119
63 159
63 141
63 160
63 124
63 73
63 167
63 201
63 192
63 126
63 82
63 83
63 133
63 138
63 78
63 130
63 183
63 125
63 81
63 76
63 140
63 166
63 146
63 175
63 85
63 89
63 193
63 122
63 113
63 127
63 70
63 114
63 99
63 102
63 97
63 132
63 139
63 145
63 118
63 188
63 65
63 154
63 86
63 162
63 98
63 109
63 94
63 169
63 187
63 156
63 184
63 107
63 103
63 120
63 157
63 108
63 147
63 198
63 163
63 176
63 90
64 158
64 178
64 117
64 166
64 69
64 99
64 91
64 149
64 108
64 156
64 106
64 73
64 203
64 65
64 165
64 102
64 90
64 95
64 113
64 118
64 167
64 126
64 143
64 121
64 151
64 137
64 139
64 94
64 116
64 134
64 201
64 145
64 131
64 136
64 177
64 130
64 207
64 105
64 132
64 159
64 82
64 150
64 74
64 92
64 71
64 100
64 120
64 80
64 141
64 163
64 103
64 155
64 169
64 83
64 135
64 78
64 206
64 98
64 183
64 133
64 114
64 107
64 142
64 124
64 202
64 175
64 112
64 146
64 157
64 96
64 153
64 85
64 162
64 86
64 70
64 125
64 72
64 122
64 76
64 67
64 89
64 189
64 191
64 66
64 115
64 88
64 111
64 75
64 119
64 168
64 171
64 77
64 101
64 93
64 144
64 140
64 138
64 68
64 123
64 170
64 81
64 104
64 148
64 188
64 127
64 197
64 208
64 190
64 109
64 192
64 129
64 198
64 161
64 152
64 174
64 182
65 130
65 154
65 67
65 103
65 88
65 71
65 93
65 90
65 98
65 118
65 82
65 140
65 99
65 175
65 113
65 95
65 106
65 142
65 126
65 77
65 107
65 141
65 80
65 193
65 115
65 148
65 139
65 73
65 197
65 151
65 83
65 102
65 143
65 138
65 131
65 66
65 105
65 78
65 178
65 91
65 129
65 120
65 116
65 100
65 124
65 109
65 132
65 74
65 176
65 108
65 96
65 89
65 117
65 165
65 170
65 111
65 190
65 187
65 156
65 76
65 94
65 72
65 163
65 149
65 159
65 112
65 133
65 169
66 95
66 124
66 165
66 130
66 184
66 196
66 141
66 183
66 167
66 155
66 86
66 200
66 135
66 112
66 98
66 101
66 129
66 198
66 94
66 201
66 74
66 143
66 72
66 136
66 102
66 88
66 113
66 128
66 79
66 174
66 173
66 133
66 199
66 121
66 131
66 153
66 156
66 78
66 164
66 188
66 175
66 76
66 109
66 139
66 205
66 127
66 71
66 90
66 100
66 140
66 108
66 80
66 82
66 126
66 194
66 111
66 179
66 114
66 110
66 166
66 170
66 70
66 148
66 117
66 118
66 105
66 89
66 158
66 120
66 192
66 93
66 137
66 195
66 159
66 178
66 106
66 157
66 168
66 103
66 69
66 160
66 68
66 162
66 119
66 197
66 83
66 107
66 190
66 145
66 73
66 99
66 85
66 177
66 163
66 204
66 185
66 96
66 169
66 138
66 146
66 187
66 151
66 206
66 91
66 180
66 67
66 149
66 115
66 104
66 75
66 77
66 161
66 154
66 144
66 176
66 92
66 116
66 191
66 152
66 186
66 81
66 122
66 189
66 171
66 193
66 210
66 182
66 142
67 141
67 140
67 136
67 93
67 74
67 104
67 139
67 142
67 121
67 118
67 94
67 193
67 133
67 125
67 165
67 69
67 88
67 102
67 75
67 175
67 87
67 77
67 159
67 122
67 138
67 160
67 185
67 105
67 95
67 199
67 72
67 130
67 170
67 183
67 71
67 113
67 80
67 134
67 86
67 96
67 149
67 109
67 187
67 116
67 108
67 91
67 177
67 143
67 89
67 147
67 162
67 119
67 173
67 112
67 137
67 100
67 110
67 82
67 114
67 200
67 148
67 123
67 107
67 83
67 97
67 76
67 98
67 103
67 84
67 127
67 124
67 135
67 145
67 117
67 78
67 168
67 192
67 128
67 178
67 120
67 99
67 182
67 169
67 157
67 146
67 73
67 197
67 111
67 156
67 129
67 90
67 131
67 163
67 167
67 85
67 166
67 151
67 155
68 162
68 83
68 168
68 109
68 156
68 118
68 158
68 126
68 100
68 183
68 155
68 195
68 114
68 173
68 180
68 110
68 178
68 161
68 165
68 137
68 139
68 188
68 136
68 120
68 86
68 128
68 122
68 71
68 133
68 166
68 117
68 152
68 170
68 179
68 206
68 201
68 205
68 119
68 102
68 82
68 73
68 177
68 167
68 130
69 104
69 83
69 170
69 159
69 149
69 111
69 98
69 86
69 130
69 200
69 94
69 108
69 133
69 113
69 155
69 79
69 122
69 90
69 82
69 141
69 89
69 95
69 81
69 156
69 102
69 72
69 120
69 110
69 187
69 148
69 165
69 118
69 105
69 85
69 91
69 140
69 136
69 160
69 107
69 173
69 146
69 99
69 167
69 109
69 175
69 114
69 145
69 142
69 100
69 168
69 125
69 75
69 78
69 196
69 80
69 84
69 117
69 169
69 88
69 73
69 184
69 177
69 143
69 128
69 93
69 163
69 129
69 192
69 96
69 77
69 76
69 182
69 139
69 178
69 123
69 71
69 154
69 119
69 135
69 116
69 121
70 71
70 88
70 156
70 198
70 86
70 128
70 118
70 166
70 79
70 162
70 119
70 77
70 136
70 105
70 145
70 186
70 170
70 199
70 74
70 126
70 82
70 110
70 99
70 167
70 98
70 150
70 193
70 158
70 76
70 183
70 73
70 188
70 102
70 80
70 148
70 152
70 117
70 161
70 180
70 114
70 155
70 141
70 115
70 104
70 130
71 76
71 91
71 166
71 175
71 110
71 197
71 132
71 167
71 108
71 73
71 136
71 165
71 146
71 122
71 114
71 189
71 143
71 128
71 111
71 126
71 177
71 149
71 85
71 170
71 78
71 75
71 131
71 104
71 161
71 156
71 163
71 74
71 115
71 95
71 169
71 83
71 178
71 152
71 103
71 154
71 100
71 94
71 138
71 96
71 81
71 142
71 140
71 113
71 90
71 121
71 89
71 135
71 191
71 123
71 107
71 116
71 98
71 188
71 82
71 119
71 99
71 102
71 183
71 72
71 184
71 86
71 117
71 134
71 141
71 193
71 84
71 192
71 125
71 159
71 120
71 172
71 182
71 92
71 93
71 79
71 112
71 148
71 147
71 106
71 196
71 118
71 179
71 77
71 137
71 139
71 80
71 101
71 187
71 127
71 151
71 130
71 129
71 109
71 168
71 133
71 201
71 160
71 173
71 150
71 185
71 88
71 162
71 164
71 155
71 105
71 124
71 145
72 73
72 164
72 115
72 159
72 177
72 123
72 76
72 138
72 121
72 176
72 106
72 127
72 74
72 90
72 116
72 139
72 77
72 168
72 100
72 163
72 204
72 128
72 157
72 102
72 147
72 104
72 180
72 99
72 135
72 150
72 108
72 161
72 91
72 156
72 120
72 191
72 175
72 84
72 119
72 86
72 160
72 124
72 192
72 197
72 151
72 131
72 101
72 141
72 140
72 188
72 178
72 142
72 155
72 111
72 103
72 89
72 109
72 129
72 190
72 126
72 149
72 97
72 83
72 167
72 78
72 79
72 125
72 81
72 143
72 182
72 96
72 154
72 82
72 98
72 118
72 107
72 145
72 196
72 75
72 200
72 88
72 148
72 130
72 162
72 93
72 133
72 136
72 113
72 187
72 146
72 132
72 122
72 80
72 94
72 105
72 110
72 85
72 87
72 152
72 95
72 170
72 184
72 114
72 193
72 198
72 169
73 81
73 137
73 166
73 107
73 170
73 116
73 178
73 139
73 86
73 94
73 82
73 140
73 100
73 123
73 167
73 183
73 159
73 83
73 132
73 177
73 122
73 117
73 165
73 169
73 84
73 146
73 88
73 114
73 133
73 105
73 141
73 157
73 130
73 76
73 104
73 77
73 85
73 131
73 175
73 102
73 80
73 113
73 135
73 95
73 96
73 110
73 128
73 142
73 154
73 197
73 148
73 149
73 127
73 109
73 155
73 111
73 119
73 89
73 129
73 98
73 153
73 99
73 182
73 136
73 134
73 168
73 156
73 112
73 118
73 198
73 173
73 74
73 208
73 97
73 152
73 143
73 103
73 120
73 75
73 162
73 145
73 138
73 126
73 108
73 124
73 115
73 90
73 161
73 92
73 160
73 78
74 119
74 126
74 130
74 76
74 100
74 173
74 108
74 155
74 95
74 138
74 91
74 83
74 178
74 78
74 89
74 131
74 88
74 111
74 152
74 139
74 134
74 85
74 77
74 197
74 86
74 102
74 90
74 75
74 116
74 94
74 112
74 177
74 168
74 128
74 183
74 80
74 156
74 99
74 141
74 143
74 124
74 175
74 189
74 109
74 163
74 198
74 113
74 160
74 136
74 110
74 105
74 129
74 120
74 132
74 103
74 193
74 148
74 166
74 170
74 137
74 93
74 104
74 176
74 118
74 106
74 125
74 159
74 96
74 117
74 114
74 98
74 101
74 150
74 122
74 157
74 169
74 82
74 107
74 127
74 115
74 165
74 133
74 140
74 192
74 145
74 142
74 187
74 182
74 153
75 141
75 88
75 157
75 111
75 167
75 125
75 138
75 164
75 191
75 183
75 187
75 80
75 159
75 91
75 155
75 109
75 198
75 118
75 128
75 139
75 86
75 108
75 131
75 199
75 100
75 77
75 89
75 177
75 121
75 182
75 176
75 156
75 83
75 170
75 94
75 130
75 169
75 193
75 104
75 103
75 107
75 162
75 114
75 90
75 105
75 168
75 161
75 196
75 175
75 82
75 76
75 101
75 184
75 151
75 149
75 98
75 136
75 99
75 140
75 148
75 178
75 160
75 120
75 135
75 110
75 154
75 153
75 115
75 102
75 201
75 85
75 122
75 127
75 129
75 117
75 133
75 93
75 185
75 113
75 124
75 78
75 92
75 192
75 200
75 96
75 163
75 145
75 106
75 143
76 87
76 150
76 130
76 135
76 133
76 81
76 82
76 136
76 154
76 148
76 124
76 166
76 86
76 97
76 80
76 106
76 199
76 139
76 125
76 88
76 117
76 78
76 156
76 122
76 77
76 138
76 84
76 79
76 85
76 157
76 188
76 113
76 179
76 103
76 140
76 95
76 145
76 143
76 176
76 146
76 120
76 123
76 90
76 128
76 98
76 152
76 91
76 175
76 137
76 94
76 196
76 112
76 118
76 160
76 205
76 142
76 119
76 116
76 201
76 185
76 190
76 163
76 177
76 96
76 99
76 109
76 161
76 180
76 169
76 193
76 170
76 127
76 149
76 105
76 110
76 121
76 200
76 134
76 108
76 184
76 83
76 191
76 151
76 89
76 198
76 126
76 107
76 93
76 178
76 168
76 187
76 114
76 167
76 141
76 131
76 183
76 104
76 159
76 92
76 197
76 155
76 192
76 162
76 182
76 111
76 129
76 102
76 204
77 78
77 102
77 115
77 98
77 86
77 196
77 169
77 137
77 197
77 165
77 80
77 120
77 156
77 106
77 117
77 83
77 166
77 122
77 97
77 121
77 179
77 183
77 82
77 130
77 152
77 191
77 153
77 125
77 89
77 127
77 81
77 132
77 199
77 170
77 99
77 173
77 105
77 167
77 104
77 145
77 168
77 134
77 113
77 116
77 146
77 182
77 84
77 135
77 107
77 131
77 103
77 133
77 184
77 139
77 93
77 157
77 90
77 155
77 200
77 143
77 110
77 91
77 108
77 118
77 159
77 187
77 148
77 94
77 154
77 140
77 138
77 101
77 119
77 111
77 142
77 198
77 95
77 163
77 136
77 129
77 85
77 87
77 79
77 128
77 178
77 161
77 175
77 150
77 149
77 100
77 176
77 123
77 96
77 114
77 124
77 151
77 112
77 141
77 109
77 193
77 160
77 126
77 192
77 88
78 150
78 152
78 141
78 125
78 99
78 102
78 198
78 86
78 151
78 83
78 85
78 93
78 100
78 180
78 149
78 155
78 193
78 163
78 143
78 206
78 176
78 132
78 137
78 109
78 202
78 90
78 104
78 130
78 187
78 140
78 190
78 118
78 117
78 103
78 175
78 205
78 138
78 115
78 134
78 165
78 124
78 188
78 91
78 127
78 106
78 139
78 192
78 105
78 116
78 156
78 178
78 161
78 129
78 133
78 80
78 120
78 96
78 204
78 169
78 159
78 148
78 108
78 126
78 170
78 197
78 111
78 145
78 181
78 98
78 131
78 168
78 88
78 95
78 136
78 94
78 113
78 114
78 82
78 160
78 184
78 89
78 107
79 80
79 116
79 133
79 135
79 117
79 122
79 148
79 95
79 136
79 168
79 155
79 98
79 139
79 167
79 159
79 114
79 161
79 111
79 100
79 145
79 166
79 107
79 119
79 138
79 131
79 147
79 142
79 183
79 109
79 82
79 169
79 120
79 113
79 170
79 112
79 88
79 105
79 175
79 108
79 102
79 140
80 85
80 160
80 178
80 99
80 130
80 161
80 114
80 146
80 104
80 142
80 128
80 157
80 129
80 149
80 134
80 100
80 126
80 86
80 140
80 138
80 108
80 118
80 82
80 88
80 182
80 111
80 124
80 96
80 202
80 139
80 98
80 106
80 183
80 184
80 176
80 120
80 135
80 84
80 94
80 93
80 166
80 131
80 177
80 148
80 185
80 116
80 132
80 192
80 95
80 167
80 175
80 105
80 90
80 155
80 91
80 89
80 109
80 83
80 145
80 196
80 127
80 125
80 151
80 168
80 159
80 169
80 137
80 187
80 110
80 133
80 150
80 122
80 113
80 193
80 119
80 147
80 156
80 165
80 141
80 180
80 102
80 197
80 107
80 153
80 123
80 136
80 170
80 112
80 117
80 143
80 121
80 115
80 164
81 113
81 156
81 101
81 169
81 165
81 94
81 85
81 175
81 111
81 107
81 142
81 116
81 155
81 178
81 143
81 110
81 91
81 126
81 132
81 146
81 133
81 168
81 109
81 120
81 95
81 86
81 200
81 82
81 154
81 135
81 108
81 98
81 160
81 83
81 177
81 167
81 159
81 104
81 122
81 190
81 139
81 89
81 84
81 119
81 88
81 147
81 121
81 100
81 130
81 105
81 118
81 182
81 117
81 131
81 96
81 196
82 83
82 139
82 96
82 178
82 140
82 122
82 131
82 197
82 145
82 121
82 166
82 192
82 135
82 108
82 155
82 100
82 193
82 91
82 153
82 189
82 148
82 118
82 204
82 88
82 165
82 156
82 120
82 101
82 182
82 117
82 183
82 113
82 111
82 149
82 102
82 206
82 173
82 126
82 185
82 123
82 138
82 157
82 124
82 159
82 168
82 95
82 84
82 104
82 85
82 89
82 143
82 127
82 177
82 129
82 174
82 112
82 169
82 175
82 128
82 161
82 198
82 94
82 171
82 86
82 98
82 176
82 116
82 105
82 141
82 142
82 137
82 115
82 109
82 154
82 106
82 133
82 125
82 136
82 167
82 92
82 163
82 97
82 162
82 199
82 188
82 202
82 90
82 103
82 147
82 134
82 87
82 196
82 99
82 184
82 132
82 107
82 172
82 207
82 200
82 93
82 110
82 195
82 150
82 119
82 114
82 179
82 130
82 160
82 187
82 146
82 191
82 170
82 158
82 151
82 152
82 190
83 163
83 103
83 90
83 116
83 87
83 169
83 127
83 182
83 124
83 136
83 110
83 122
83 160
83 107
83 145
83 175
83 91
83 114
83 170
83 96
83 93
83 153
83 141
83 98
83 199
83 95
83 134
83 85
83 92
83 104
83 108
83 184
83 128
83 166
83 176
83 111
83 89
83 109
83 191
83 139
83 86
83 168
83 118
83 97
83 88
83 156
83 143
83 129
83 125
83 94
83 193
83 133
83 162
83 105
83 178
83 123
83 120
83 113
83 100
83 135
83 99
83 202
83 117
83 148
83 137
83 146
83 102
83 161
83 84
83 140
83 119
83 121
83 151
83 177
83 149
83 197
83 167
83 200
83 198
83 183
83 142
83 159
83 138
83 172
83 115
83 130
83 187
83 106
83 192
83 154
83 190
84 111
84 141
84 156
84 131
84 135
84 133
84 132
84 136
84 179
84 160
84 139
84 118
84 170
84 173
84 126
84 102
84 98
84 100
84 127
84 88
84 159
84 90
84 104
84 101
84 162
84 178
84 116
84 177
84 175
84 143
84 155
84 113
84 140
84 190
84 154
84 168
84 91
84 97
84 196
84 147
84 138
84 95
84 184
84 157
84 122
84 99
84 148
84 152
84 110
84 107
84 85
84 169
84 120
84 94
84 109
84 191
84 161
84 105
84 197
84 180
84 108
85 102
85 146
85 168
85 170
85 156
85 140
85 197
85 198
85 91
85 107
85 138
85 88
85 114
85 147
85 136
85 109
85 141
85 180
85 162
85 105
85 129
85 100
85 118
85 175
85 178
85 145
85 169
85 98
85 191
85 134
85 99
85 96
85 192
85 122
85 183
85 130
85 172
85 167
85 89
85 110
85 152
85 90
85 182
85 159
85 124
85 139
85 120
85 101
85 160
85 94
85 106
85 165
85 117
85 155
86 177
86 149
86 91
86 88
86 133
86 143
86 145
86 192
86 93
86 100
86 193
86 116
86 89
86 173
86 167
86 155
86 156
86 152
86 95
86 162
86 130
86 178
86 161
86 123
86 205
86 135
86 175
86 103
86 129
86 140
86 136
86 126
86 183
86 124
86 137
86 139
86 99
86 141
86 148
86 179
86 168
86 102
86 110
86 160
86 108
86 131
86 128
86 122
86 92
86 142
86 98
86 166
86 157
86 170
86 191
86 159
86 206
86 180
86 204
86 117
86 188
86 195
86 174
86 169
86 118
86 114
86 111
86 119
86 132
86 115
86 104
86 134
86 153
86 113
86 190
87 116
87 88
87 120
87 100
87 91
87 143
87 108
87 156
87 98
87 135
87 107
87 111
87 113
87 95
87 105
88 135
88 159
88 97
88 114
88 115
88 131
88 138
88 178
88 99
88 90
88 192
88 166
88 92
88 164
88 193
88 110
88 173
88 89
88 168
88 161
88 111
88 95
88 134
88 133
88 151
88 140
88 155
88 182
88 117
88 130
88 93
88 127
88 96
88 126
88 157
88 197
88 162
88 136
88 169
88 183
88 125
88 149
88 98
88 176
88 145
88 107
88 124
88 128
88 94
88 160
88 108
88 156
88 141
88 142
88 177
88 139
88 129
88 105
88 106
88 143
88 187
88 119
88 102
88 175
88 123
88 154
88 91
88 113
88 103
88 137
88 132
88 170
88 191
88 120
88 167
88 118
88 100
88 104
88 146
88 116
88 184
88 163
88 148
88 122
89 123
89 95
89 113
89 160
89 120
89 119
89 122
89 147
89 176
89 192
89 168
89 99
89 167
89 177
89 94
89 127
89 156
89 91
89 110
89 96
89 103
89 197
89 105
89 157
89 116
89 93
89 108
89 131
89 98
89 141
89 182
89 178
89 90
89 175
89 139
89 106
89 101
89 111
89 140
89 136
89 169
89 145
89 100
89 114
89 133
89 118
89 146
89 125
89 107
89 198
89 196
89 109
89 137
89 129
89 191
89 163
89 143
89 155
89 142
89 170
89 102
89 148
89 154
89 193
89 126
89 124
89 159
89 184
89 152
89 132
89 149
89 130
90 141
90 93
90 136
90 104
90 175
90 148
90 96
90 131
90 122
90 110
90 127
90 178
90 139
90 160
90 140
90 156
90 124
90 138
90 144
90 153
90 103
90 120
90 168
90 205
90 116
90 99
90 106
90 137
90 132
90 192
90 95
90 126
90 115
90 109
90 193
90 184
90 129
90 176
90 102
90 105
90 170
90 100
90 113
90 130
90 118
90 91
90 143
90 112
90 157
90 108
90 152
90 134
90 145
90 171
90 159
90 94
90 151
90 163
90 98
90 150
90 149
90 183
90 107
90 197
90 169
90 117
91 120
91 200
91 98
91 114
91 103
91 184
91 156
91 102
91 132
91 187
91 141
91 159
91 100
91 193
91 113
91 168
91 170
91 95
91 105
91 138
91 122
91 136
91 175
91 94
91 131
91 135
91 167
91 124
91 157
91 121
91 146
91 155
91 125
91 111
91 109
91 117
91 129
91 97
91 163
91 96
91 196
91 130
91 139
91 99
91 178
91 123
91 93
91 118
91 169
91 107
91 147
91 182
91 145
91 126
91 127
91 110
91 106
91 153
91 116
91 104
91 198
92 169
92 107
92 152
92 145
92 138
92 202
92 98
92 120
92 105
92 178
92 126
93 94
93 96
93 184
93 110
93 99
93 133
93 100
93 148
93 140
93 131
93 139
93 105
93 117
93 101
93 143
93 187
93 170
93 111
93 122
93 124
93 109
93 118
93 175
93 156
93 155
93 98
93 127
93 166
93 95
93 153
93 169
93 132
93 104
93 112
93 154
93 161
93 130
93 142
93 178
93 193
93 116
93 115
93 102
93 134
93 106
93 114
93 182
93 113
93 125
93 145
93 135
93 141
93 120
93 197
93 137
93 157
93 126
93 192
93 138
93 108
93 159
93 107
94 135
94 170
94 122
94 118
94 178
94 120
94 161
94 145
94 182
94 100
94 169
94 167
94 111
94 175
94 96
94 117
94 98
94 130
94 109
94 133
94 102
94 155
94 192
94 107
94 115
94 126
94 108
94 131
94 141
94 99
94 193
94 160
94 101
94 150
94 176
94 104
94 138
94 153
94 139
94 112
94 113
94 134
94 129
94 106
94 143
94 184
94 105
94 103
94 136
94 124
94 159
94 187
94 156
94 95
94 152
94 197
94 154
94 116
94 137
94 149
94 132
94 127
94 157
94 140
95 102
95 185
95 96
95 163
95 115
95 156
95 155
95 98
95 99
95 135
95 176
95 108
95 140
95 116
95 182
95 147
95 104
95 126
95 175
95 152
95 129
95 180
95 143
95 113
95 103
95 114
95 150
95 197
95 196
95 191
95 105
95 154
95 168
95 202
95 132
95 169
95 187
95 198
95 97
95 118
95 106
95 141
95 200
95 148
95 151
95 183
95 153
95 138
95 170
95 190
95 159
95 184
95 107
95 109
95 122
95 100
95 167
95 125
95 157
95 119
95 127
95 117
95 128
95 123
95 145
95 111
95 149
95 110
95 121
95 178
95 166
95 146
95 130
95 160
95 192
95 120
95 139
95 142
95 161
95 193
95 131
95 136
96 137
96 129
96 148
96 133
96 139
96 127
96 125
96 126
96 168
96 193
96 124
96 122
96 167
96 113
96 184
96 160
96 154
96 175
96 108
96 106
96 100
96 163
96 112
96 103
96 159
96 169
96 119
96 157
96 149
96 120
96 117
96 102
96 114
96 161
96 140
96 155
96 98
96 132
96 189
96 118
96 153
96 197
96 116
96 182
96 99
96 191
96 156
96 111
96 110
96 145
96 138
96 143
96 198
96 178
96 130
96 141
96 146
96 109
96 115
96 131
96 170
96 142
96 107
96 136
96 192
96 134
96 165
96 105
96 104
97 98
97 114
97 113
97 156
97 143
97 100
97 108
97 111
97 120
97 168
97 178
97 175
97 130
97 117
97 135
97 142
97 126
97 107
97 169
97 139
97 105
98 160
98 143
98 105
98 163
98 131
98 168
98 104
98 140
98 99
98 135
98 136
98 103
98 132
98 159
98 138
98 114
98 123
98 117
98 197
98 157
98 110
98 115
98 167
98 119
98 192
98 178
98 148
98 183
98 124
98 129
98 156
98 111
98 108
98 116
98 127
98 155
98 147
98 187
98 133
98 184
98 128
98 106
98 182
98 109
98 141
98 146
98 118
98 122
98 162
98 175
98 142
98 165
98 134
98 161
98 125
98 107
98 145
98 176
98 200
98 149
98 102
98 154
98 177
98 113
98 151
98 191
98 170
98 172
98 100
98 139
98 166
98 173
98 169
98 120
98 126
98 202
98 185
98 112
98 130
99 116
99 145
99 126
99 103
99 154
99 184
99 193
99 166
99 163
99 141
99 182
99 192
99 133
99 148
99 100
99 104
99 178
99 168
99 123
99 175
99 159
99 156
99 167
99 136
99 118
99 130
99 176
99 137
99 132
99 115
99 102
99 161
99 142
99 114
99 106
99 122
99 140
99 117
99 109
99 108
99 169
99 143
99 205
99 160
99 110
99 107
99 170
99 129
99 124
99 113
99 173
99 105
99 155
99 139
99 149
99 151
99 101
99 120
99 187
99 191
100 101
100 156
100 141
100 118
100 160
100 146
100 102
100 116
100 119
100 198
100 104
100 173
100 109
100 107
100 191
100 177
100 147
100 149
100 181
100 125
100 108
100 113
100 112
100 151
100 180
100 195
100 153
100 182
100 143
100 132
100 175
100 133
100 135
100 103
100 159
100 193
100 176
100 128
100 188
100 183
100 196
100 140
100 201
100 155
100 130
100 192
100 164
100 110
100 157
100 148
100 136
100 124
100 172
100 138
100 205
100 126
100 129
100 131
100 168
100 137
100 161
100 170
100 162
100 185
100 154
100 184
100 121
100 206
100 105
100 152
100 127
100 120
100 169
100 142
100 178
100 106
100 117
100 171
100 134
100 199
100 174
100 163
100 165
100 123
100 111
100 204
100 179
100 144
100 122
100 197
100 187
100 150
100 190
100 139
100 114
100 167
101 105
101 147
101 113
101 114
101 138
101 170
101 130
101 135
101 145
102 103
102 117
102 156
102 122
102 136
102 167
102 143
102 187
102 158
102 112
102 153
102 109
102 162
102 106
102 121
102 128
102 160
102 107
102 196
102 154
102 177
102 165
102 113
102 134
102 168
102 206
102 131
102 115
102 170
102 149
102 148
102 110
102 127
102 197
102 201
102 116
102 175
102 145
102 120
102 205
102 141
102 105
102 155
102 119
102 184
102 124
102 161
102 195
102 108
102 173
102 104
102 185
102 179
102 159
102 166
102 125
102 137
102 114
102 118
102 138
102 135
102 183
102 126
102 169
102 151
102 191
102 132
102 157
102 198
102 140
102 180
102 133
102 139
102 129
102 193
102 123
102 182
102 163
102 130
102 178
102 188
102 142
102 111
102 190
102 192
102 207
102 204
103 160
103 155
103 142
103 126
103 108
103 139
103 114
103 148
103 168
103 105
103 163
103 109
103 130
103 192
103 118
103 152
103 125
103 159
103 113
103 175
103 131
103 170
103 133
103 136
103 104
103 165
103 146
103 137
103 122
103 169
103 129
103 176
103 117
103 145
103 107
103 178
103 132
103 140
103 141
103 193
103 134
103 120
103 143
103 111
103 151
103 187
103 116
104 155
104 142
104 122
104 139
104 168
104 178
104 167
104 148
104 175
104 180
104 160
104 136
104 118
104 156
104 126
104 159
104 145
104 170
104 113
104 108
104 120
104 127
104 125
104 150
104 133
104 182
104 117
104 111
104 116
104 140
104 129
104 146
104 138
104 162
104 130
104 114
104 123
104 161
104 110
104 105
104 124
104 154
104 107
104 169
104 109
104 166
104 184
104 192
104 164
104 185
104 163
104 152
105 177
105 182
105 118
105 151
105 133
105 110
105 164
105 184
105 108
105 192
105 156
105 165
105 120
105 193
105 191
105 155
105 121
105 139
105 114
105 136
105 176
105 175
105 111
105 138
105 113
105 197
105 168
105 173
105 124
105 134
105 128
105 115
105 149
105 140
105 145
105 127
105 187
105 117
105 162
105 125
105 161
105 154
105 129
105 123
105 163
105 198
105 143
105 131
105 172
105 167
105 130
105 160
105 170
105 178
105 116
105 142
105 135
105 148
105 146
105 183
105 157
105 106
105 141
105 122
105 132
105 159
105 119
105 199
105 166
106 126
106 130
106 187
106 197
106 113
106 143
106 175
106 138
106 118
106 193
106 116
106 159
106 141
106 140
106 181
106 108
106 139
106 145
106 201
106 169
106 192
106 170
106 109
106 131
106 122
106 132
106 107
106 155
106 184
106 161
106 128
106 124
106 117
106 142
107 172
107 154
107 129
107 159
107 127
107 141
107 156
107 123
107 134
107 115
107 124
107 178
107 113
107 138
107 110
107 132
107 139
107 142
107 163
107 157
107 162
107 184
107 111
107 183
107 128
107 140
107 165
107 125
107 136
107 114
107 119
107 135
107 197
107 146
107 149
107 117
107 187
107 118
107 191
107 147
107 130
107 155
107 116
107 176
107 170
107 145
107 122
107 108
107 167
107 166
107 175
107 182
107 160
107 133
107 131
107 192
107 143
107 161
107 148
108 157
108 122
108 142
108 149
108 188
108 150
108 153
108 148
108 161
108 156
108 124
108 119
108 136
108 184
108 170
108 155
108 121
108 187
108 192
108 114
108 146
108 111
108 132
108 131
108 127
108 116
108 178
108 129
108 133
108 138
108 147
108 152
108 168
108 110
108 128
108 163
108 154
108 193
108 200
108 109
108 139
108 151
108 145
108 140
108 141
108 126
108 135
108 180
108 130
108 197
108 134
108 120
108 165
108 123
108 191
108 118
108 113
108 175
108 115
108 125
108 159
108 198
108 167
108 143
108 182
108 160
108 176
109 110
109 114
109 195
109 117
109 155
109 168
109 141
109 144
109 126
109 206
109 154
109 149
109 197
109 176
109 158
109 118
109 177
109 179
109 201
109 122
109 131
109 170
109 156
109 115
109 204
109 148
109 181
109 157
109 127
109 128
109 150
109 139
109 190
109 143
109 160
109 142
109 123
109 146
109 188
109 169
109 166
109 140
109 207
109 135
109 153
109 125
109 132
109 187
109 193
109 167
109 136
109 183
109 129
109 116
109 178
109 163
109 147
109 171
109 151
109 152
109 130
109 198
109 184
109 174
109 191
109 205
109 186
109 180
109 192
109 182
109 175
110 168
110 184
110 140
110 143
110 173
110 113
110 138
110 159
110 165
110 154
110 169
110 178
110 163
110 160
110 182
110 119
110 162
110 117
110 141
110 145
110 136
110 142
110 128
110 120
110 116
110 137
110 155
110 135
110 177
110 133
110 118
110 114
110 131
110 146
110 134
110 166
110 183
110 200
110 148
110 139
110 126
110 156
110 111
110 132
110 122
110 161
111 168
111 113
111 150
111 130
111 138
111 118
111 148
111 133
111 139
111 154
111 127
111 197
111 121
111 128
111 160
111 143
111 132
111 156
111 126
111 157
111 124
111 135
111 185
111 140
111 146
111 192
111 182
111 159
111 196
111 122
111 178
111 200
111 142
111 125
111 161
111 145
111 184
111 117
111 120
111 141
111 176
111 116
111 175
111 131
111 170
111 114
111 147
111 155
112 134
112 119
112 170
112 151
112 117
112 114
112 123
112 122
112 155
112 118
112 193
112 150
112 168
112 145
112 126
112 141
112 135
112 183
112 139
112 159
112 192
112 186
112 152
112 140
112 130
113 143
113 193
113 140
113 175
113 156
113 138
113 192
113 128
113 115
113 184
113 168
113 157
113 124
113 182
113 148
113 161
113 201
113 176
113 133
113 154
113 178
113 127
113 147
113 125
113 163
113 130
113 136
113 146
113 191
113 180
113 164
113 122
113 129
113 116
113 135
113 118
113 169
113 142
113 152
113 119
113 188
113 160
113 198
113 145
113 139
113 153
113 151
113 149
113 120
113 123
113 187
113 167
113 197
113 132
113 159
113 170
113 150
113 114
113 141
113 155
113 165
113 126
114 153
114 163
114 178
114 173
114 122
114 183
114 115
114 139
114 175
114 167
114 119
114 157
114 140
114 168
114 120
114 161
114 165
114 128
114 126
114 162
114 195
114 169
114 158
114 118
114 152
114 166
114 145
114 130
114 204
114 148
114 121
114 131
114 156
114 117
114 125
114 174
114 127
114 196
114 146
114 160
114 192
114 191
114 164
114 155
114 151
114 177
114 182
114 133
114 149
114 135
114 187
114 198
114 124
114 136
114 132
114 129
114 170
114 199
114 137
114 144
114 142
114 159
114 143
114 138
114 154
114 176
114 141
114 184
115 124
115 141
115 139
115 130
115 170
115 193
115 117
115 126
115 116
115 143
115 159
115 118
115 175
115 156
115 151
115 140
115 166
115 127
115 178
115 155
115 129
115 145
115 197
115 120
116 120
116 180
116 135
116 175
116 127
116 156
116 161
116 140
116 160
116 123
116 178
116 187
116 133
116 176
116 169
116 193
116 129
116 130
116 131
116 122
116 118
116 126
116 150
116 184
116 198
116 152
116 125
116 143
116 201
116 157
116 170
116 139
116 168
116 136
116 151
116 154
116 163
116 197
116 155
116 146
116 141
116 117
116 182
116 142
116 148
116 149
116 159
116 167
116 191
116 192
117 118
117 138
117 166
117 168
117 125
117 146
117 189
117 192
117 120
117 149
117 175
117 163
117 167
117 142
117 122
117 156
117 145
117 126
117 170
117 130
117 119
117 198
117 193
117 160
117 180
117 136
117 123
117 157
117 169
117 173
117 131
117 177
117 139
117 151
117 161
117 135
117 128
117 124
117 178
117 197
117 185
117 183
117 162
117 132
117 137
117 140
117 127
117 182
117 129
117 190
117 134
117 154
117 155
117 202
117 133
117 141
117 147
117 153
117 159
118 127
118 159
118 142
118 145
118 125
118 181
118 161
118 187
118 183
118 122
118 131
118 173
118 170
118 133
118 153
118 180
118 162
118 146
118 120
118 182
118 167
118 140
118 155
118 139
118 184
118 160
118 121
118 148
118 126
118 132
118 141
118 157
118 130
118 137
118 193
118 169
118 154
118 124
118 166
118 177
118 185
118 190
118 168
118 143
118 175
118 197
118 198
118 176
118 151
118 136
118 156
118 189
118 178
118 192
118 149
118 135
118 119
118 134
118 129
118 128
118 138
118 163
119 155
119 200
119 177
119 182
119 147
119 183
119 170
119 161
119 166
119 159
119 178
119 173
119 132
119 145
119 168
119 129
119 120
119 133
119 156
119 136
119 175
119 128
119 130
119 134
119 162
119 135
119 139
119 122
120 122
120 145
120 141
120 157
120 184
120 178
120 172
120 139
120 126
120 131
120 167
120 168
120 165
120 127
120 143
120 170
120 124
120 142
120 183
120 134
120 135
120 187
120 197
120 147
120 185
120 192
120 166
120 191
120 128
120 155
120 146
120 130
120 175
120 149
120 176
120 125
120 148
120 133
120 163
120 129
120 140
120 136
120 156
120 182
120 138
120 160
120 132
120 123
121 122
121 145
121 142
121 133
121 196
121 156
121 135
122 152
122 185
122 129
122 124
122 148
122 146
122 123
122 175
122 155
122 126
122 170
122 160
122 143
122 166
122 133
122 137
122 183
122 130
122 141
122 131
122 125
122 154
122 135
122 140
122 142
122 184
122 159
122 138
122 190
122 189
122 163
122 165
122 197
122 168
122 167
122 169
122 178
122 196
122 132
122 139
122 134
122 177
122 136
122 162
122 145
122 156
122 182
122 173
123 132
123 161
123 169
123 148
123 157
123 131
123 168
123 151
123 126
123 142
123 178
123 156
123 159
123 197
123 135
123 141
123 136
123 138
123 140
123 175
123 143
124 125
124 126
124 136
124 130
124 160
124 132
124 137
124 152
124 169
124 175
124 161
124 176
124 127
124 131
124 168
124 139
124 155
124 141
124 140
124 156
124 151
124 148
124 170
124 178
124 157
124 150
124 193
124 192
124 145
124 143
124 196
124 187
124 163
124 182
124 138
125 131
125 170
125 155
125 138
125 152
125 126
125 167
125 196
125 143
125 148
125 133
125 129
125 140
125 161
125 132
125 165
125 175
125 141
125 160
125 139
125 168
125 178
125 169
125 159
125 128
125 142
125 130
126 151
126 150
126 183
126 158
126 171
126 131
126 198
126 203
126 180
126 134
126 193
126 129
126 204
126 206
126 179
126 152
126 128
126 149
126 182
126 167
126 195
126 166
126 201
126 197
126 170
126 176
126 207
126 174
126 138
126 178
126 181
126 168
126 133
126 169
126 192
126 148
126 143
126 205
126 141
126 127
126 202
126 160
126 188
126 163
126 190
126 136
126 146
126 130
126 153
126 145
126 132
126 139
126 155
126 135
126 140
126 162
126 191
126 189
126 144
126 175
126 177
127 165
127 156
127 129
127 137
127 132
127 201
127 193
127 178
127 131
127 160
127 170
127 155
127 142
127 175
127 143
127 169
127 192
127 135
127 139
127 145
127 183
127 141
127 136
127 140
127 157
127 159
127 128
127 168
127 187
127 182
127 130
128 148
128 138
128 155
128 159
128 178
128 136
128 165
128 139
128 162
128 137
128 135
128 183
128 177
128 145
128 166
128 173
128 156
128 140
128 163
128 133
128 146
128 142
128 168
128 170
128 161
128 149
128 131
129 130
129 178
129 167
129 157
129 154
129 191
129 142
129 139
129 133
129 192
129 187
129 136
129 150
129 168
129 137
129 159
129 145
129 141
129 161
129 143
129 205
129 132
129 138
129 155
129 170
129 190
129 169
129 193
129 140
129 184
129 188
129 180
129 181
129 162
129 171
129 156
129 198
129 176
129 175
129 131
129 134
129 152
129 135
129 148
130 149
130 156
130 190
130 192
130 141
130 150
130 139
130 167
130 187
130 160
130 143
130 178
130 201
130 138
130 168
130 198
130 181
130 157
130 151
130 189
130 176
130 166
130 152
130 133
130 155
130 131
130 132
130 191
130 169
130 203
130 136
130 184
130 148
130 170
130 171
130 205
130 182
130 134
130 193
130 137
130 145
130 161
130 206
130 188
130 140
130 197
130 175
130 162
130 147
130 195
130 180
130 153
130 159
130 202
130 173
130 146
131 132
131 170
131 175
131 178
131 177
131 142
131 133
131 182
131 197
131 140
131 198
131 139
131 156
131 163
131 151
131 193
131 146
131 185
131 143
131 169
131 138
131 160
131 200
131 141
131 162
131 135
131 184
131 134
131 136
131 155
131 183
131 145
132 141
132 135
132 155
132 169
132 184
132 178
132 136
132 170
132 162
132 151
132 133
132 159
132 182
132 140
132 146
132 193
132 160
132 138
132 198
132 142
132 168
132 156
132 143
132 163
132 180
132 139
133 155
133 183
133 154
133 167
133 187
133 177
133 135
133 156
133 152
133 170
133 139
133 178
133 175
133 145
133 157
133 147
133 141
133 168
133 146
133 140
133 192
133 159
133 136
133 185
133 160
133 163
133 169
133 142
134 168
134 152
134 169
134 183
134 156
134 166
134 159
134 141
134 177
134 193
134 136
134 192
134 139
134 187
134 148
134 167
134 163
134 154
134 160
134 155
135 160
135 145
135 159
135 178
135 198
135 167
135 157
135 163
135 142
135 168
135 175
135 156
135 170
135 143
135 148
135 177
135 146
135 139
135 141
135 162
135 155
135 182
135 136
135 197
135 200
136 137
136 146
136 139
136 182
136 183
136 165
136 157
136 166
136 140
136 150
136 173
136 178
136 199
136 170
136 156
136 149
136 159
136 198
136 196
136 161
136 192
136 138
136 162
136 155
136 145
136 143
136 141
136 179
136 168
136 184
136 160
136 177
136 154
136 142
136 152
136 169
136 175
136 148
137 146
137 192
137 140
137 170
137 141
137 155
137 178
137 148
137 149
137 175
137 161
137 168
137 166
137 183
137 165
137 167
137 182
137 177
137 197
137 139
137 160
137 156
137 193
137 173
138 177
138 148
138 140
138 178
138 141
138 175
138 193
138 155
138 183
138 160
138 156
138 159
138 192
138 182
138 162
138 151
138 170
138 169
138 145
138 161
138 139
138 168
138 150
139 140
139 159
139 155
139 142
139 189
139 192
139 171
139 193
139 170
139 177
139 184
139 198
139 169
139 153
139 156
139 196
139 182
139 162
139 151
139 187
139 145
139 190
139 163
139 147
139 148
139 197
139 178
139 160
139 161
139 183
139 168
139 141
139 176
139 166
139 175
139 167
139 149
139 185
139 143
139 157
139 173
140 188
140 167
140 205
140 157
140 178
140 151
140 184
140 160
140 175
140 165
140 169
140 187
140 164
140 183
140 179
140 181
140 182
140 170
140 148
140 155
140 198
140 161
140 154
140 149
140 156
140 152
140 143
140 144
140 142
140 186
140 147
140 195
140 146
140 163
140 168
140 192
140 141
140 197
140 145
140 191
140 173
140 180
140 201
140 159
140 206
140 171
140 193
140 176
140 150
140 190
140 204
141 148
141 166
141 168
141 175
141 193
141 142
141 178
141 176
141 151
141 169
141 156
141 143
141 182
141 155
141 160
141 187
141 145
141 197
141 184
141 164
141 167
141 192
141 163
141 161
141 159
141 149
141 170
141 146
141 165
141 154
142 155
142 168
142 200
142 169
142 197
142 156
142 151
142 161
142 165
142 154
142 160
142 143
142 167
142 175
142 164
142 146
142 163
142 159
142 148
142 184
142 182
142 192
143 144
143 160
143 151
143 201
143 155
143 188
143 148
143 156
143 193
143 152
143 184
143 157
143 146
143 182
143 187
143 191
143 145
143 165
143 198
143 159
143 197
143 154
143 161
143 149
143 150
143 168
143 178
143 175
143 176
143 185
143 170
143 163
143 169
143 204
143 190
143 167
143 192
144 145
144 206
144 201
144 152
144 150
144 174
144 190
144 205
144 204
144 180
144 195
144 207
145 146
145 176
145 159
145 171
145 164
145 163
145 191
145 156
145 165
145 166
145 186
145 178
145 183
145 170
145 192
145 188
145 174
145 175
145 196
145 168
145 169
145 152
145 179
145 173
145 154
145 187
145 157
145 149
145 185
145 160
145 158
145 204
145 195
145 151
145 194
145 198
145 199
145 161
145 155
145 182
145 167
145 162
145 184
145 201
145 193
145 148
145 200
146 169
146 162
146 167
146 152
146 170
146 159
146 183
146 166
146 155
146 150
146 148
146 178
146 201
147 148
147 156
147 168
147 179
147 188
147 178
147 173
147 177
147 190
147 197
147 206
147 150
147 169
147 152
148 155
148 167
148 175
148 191
148 154
148 166
148 170
148 168
148 192
148 157
148 150
148 184
148 182
148 197
148 159
148 156
148 169
148 165
148 160
148 178
148 163
148 152
148 198
148 193
148 176
148 149
149 160
149 178
149 170
149 175
149 169
149 167
149 187
149 159
149 168
149 182
149 161
149 156
149 155
150 160
150 183
150 159
150 193
150 152
150 205
150 166
150 175
150 180
150 170
150 177
150 176
150 153
150 190
150 201
150 197
151 197
151 178
151 202
151 159
151 175
151 170
151 156
152 168
152 194
152 176
152 195
152 205
152 189
152 160
152 162
152 170
152 177
152 153
152 175
152 171
152 186
152 206
152 203
152 158
152 190
152 159
152 180
152 181
152 193
152 179
152 173
152 183
152 188
152 204
152 201
152 174
152 207
152 166
153 155
153 171
153 201
153 193
153 168
153 192
153 156
153 175
153 179
153 180
153 170
154 155
154 184
154 159
154 160
154 180
154 168
154 169
154 156
154 167
154 188
154 178
154 162
154 161
154 175
154 205
155 178
155 168
155 189
155 184
155 167
155 177
155 156
155 159
155 173
155 164
155 169
155 198
155 183
155 157
155 197
155 161
155 182
155 166
155 165
155 185
155 200
155 201
155 175
155 170
155 179
155 162
155 160
156 168
156 185
156 200
156 164
156 163
156 191
156 166
156 157
156 199
156 170
156 162
156 177
156 178
156 169
156 187
156 183
156 159
156 167
156 197
156 161
156 184
156 182
156 175
156 196
156 160
157 185
157 192
157 175
157 169
157 178
157 168
157 170
157 159
157 187
158 188
158 201
158 186
158 166
158 195
158 180
158 171
158 190
158 207
158 177
158 168
159 168
159 161
159 175
159 178
159 165
159 167
159 183
159 192
159 184
159 182
159 173
159 187
159 174
159 177
159 163
159 169
159 197
159 198
159 170
159 160
159 196
159 166
159 193
160 161
160 175
160 190
160 201
160 178
160 184
160 169
160 170
160 168
160 167
160 166
160 180
160 165
160 205
160 179
161 168
161 178
161 170
161 183
161 162
161 175
161 167
161 193
161 198
161 163
161 191
161 187
161 177
161 166
162 183
162 177
162 173
162 178
162 165
162 208
162 166
162 170
162 198
162 168
162 199
162 182
163 175
163 170
163 192
163 183
163 173
163 184
163 167
164 166
165 166
165 169
165 178
165 183
165 177
165 175
165 193
165 168
165 184
166 173
166 201
166 193
166 177
166 182
166 198
166 205
166 167
166 179
166 186
166 180
166 174
166 199
166 208
166 183
166 170
166 188
167 169
167 191
167 193
167 175
167 187
167 173
168 190
168 169
168 170
168 188
168 195
168 174
168 177
168 191
168 178
168 175
168 201
168 205
168 179
168 194
168 198
168 180
168 183
169 193
169 183
169 172
169 179
169 202
169 182
169 178
169 192
169 197
169 184
169 187
169 200
169 176
169 175
169 191
169 170
170 204
170 198
170 205
170 197
170 196
170 178
170 192
170 182
170 173
170 188
170 184
170 189
170 183
170 177
170 175
170 180
170 176
170 187
170 195
170 193
170 191
171 181
171 190
171 194
171 206
171 178
171 180
171 188
171 201
171 204
171 179
173 183
173 178
173 177
174 188
174 177
174 201
174 179
174 195
175 193
175 177
175 178
175 176
175 182
175 192
175 198
175 191
175 187
176 182
176 197
176 188
176 192
177 190
177 192
177 183
177 178
177 195
177 179
177 186
177 188
177 199
178 189
178 185
178 183
178 198
178 191
178 193
179 203
179 201
179 180
179 183
179 188
180 181
180 186
180 201
180 206
180 193
180 204
180 194
180 188
180 190
180 195
180 205
180 207
180 203
181 190
181 193
181 201
181 188
181 206
182 197
183 192
183 203
183 189
183 199
183 198
183 196
186 190
186 205
187 197
188 201
188 195
188 207
188 190
188 204
188 206
188 205
189 209
189 201
190 204
190 195
190 192
190 205
190 206
190 201
190 193
190 209
191 192
192 193
192 198
192 197
192 203
193 197
193 201
193 196
193 205
193 206
194 201
195 201
195 207
195 204
195 205
201 203
201 207
201 202
201 206
201 205
201 204
202 207
204 205
