0 1
0 2
0 3
0 4
0 5
0 6
0 7
1 2
1 3
1 4
1 5
1 6
1 7
2 3
2 4
2 5
2 6
2 7
3 4
3 5
3 6
3 7
4 5
4 6
4 7
5 6
5 7
6 7
6 12
6 592
7 13
7 16
8 9
8 10
8 11
8 12
8 13
8 16
8 238
8 239
9 10
9 11
9 12
9 13
9 16
9 239
10 11
12 13
12 14
12 15
12 16
12 17
12 27
12 33
12 36
12 52
12 64
12 104
13 14
13 15
13 16
13 18
13 27
13 28
13 34
13 37
13 47
13 104
13 105
13 618
14 15
14 16
15 16
16 18
16 28
16 34
16 44
16 65
16 620
17 18
17 19
17 20
17 444
17 450
17 451
18 19
18 20
18 445
19 20
21 22
21 23
21 27
21 28
22 23
24 25
24 26
24 27
25 26
25 28
26 691
27 28
27 29
27 30
27 33
27 36
27 51
27 530
28 29
28 30
28 34
28 52
30 31
30 32
31 32
33 34
33 35
33 36
33 37
33 51
33 56
33 62
33 75
33 76
33 78
33 79
33 83
33 113
34 35
34 37
34 51
34 52
34 61
34 62
34 76
34 78
34 99
35 691
36 37
36 38
36 61
36 75
36 108
36 186
36 326
37 38
37 60
37 62
37 76
37 128
37 129
37 556
37 561
39 40
39 41
39 42
40 41
40 42
40 62
40 550
40 551
41 42
43 44
43 45
43 51
43 52
43 54
43 64
43 65
43 78
43 497
43 590
43 591
43 634
43 720
44 45
44 56
44 65
45 322
46 47
46 48
46 49
46 50
46 51
46 315
46 497
47 48
47 49
47 50
47 52
48 49
48 50
48 55
49 50
49 56
49 68
49 69
51 52
51 53
51 54
51 64
51 78
51 91
51 488
52 53
52 54
52 56
52 65
52 68
52 69
52 78
52 79
52 92
52 489
53 54
54 65
54 78
54 79
54 92
54 94
54 489
54 558
55 56
55 57
55 58
55 59
55 60
55 61
55 62
55 64
55 98
55 104
55 318
56 57
56 58
56 59
56 60
56 61
56 62
56 318
56 319
57 58
57 59
57 60
58 59
58 60
59 60
61 62
61 63
61 64
61 75
61 98
61 318
61 319
61 440
61 450
62 63
62 65
62 69
62 76
62 318
62 319
62 441
62 451
64 65
64 66
64 67
64 78
64 79
64 83
64 222
64 450
65 66
65 67
65 79
65 99
65 106
65 451
66 67
68 69
68 70
68 71
68 79
68 179
68 227
68 492
68 515
69 70
69 71
69 78
69 79
69 179
69 227
69 232
69 492
70 71
72 73
72 74
72 75
72 76
72 77
72 78
72 79
72 80
72 81
72 82
73 74
73 75
73 76
73 77
73 78
73 79
73 80
73 81
73 82
74 75
74 76
74 77
74 78
74 79
74 80
74 81
74 82
75 76
75 77
75 78
75 79
75 80
75 81
75 82
75 499
76 77
76 78
76 79
76 80
76 81
76 82
77 78
77 79
77 80
77 81
77 82
78 79
78 80
78 81
78 82
78 83
78 87
78 128
78 198
78 230
78 474
78 497
78 510
78 590
78 591
78 592
78 611
78 617
78 717
79 80
79 81
79 82
79 611
79 718
79 721
80 81
80 82
80 83
81 82
83 84
83 85
83 86
83 87
83 128
83 175
83 370
83 592
83 593
83 634
83 720
84 85
84 86
84 88
84 92
84 114
84 227
84 243
84 449
84 483
84 592
84 593
85 86
87 88
87 89
87 90
87 91
87 149
87 151
87 157
87 166
87 178
87 182
87 183
87 242
87 493
88 89
88 90
88 92
88 150
88 167
88 178
88 179
88 181
88 182
88 243
88 418
89 90
91 92
91 93
91 94
91 175
91 176
91 497
91 498
91 499
91 505
91 610
91 611
92 93
92 94
92 102
92 176
92 282
92 499
92 505
92 610
92 611
93 94
94 723
95 96
95 97
95 134
95 450
95 451
95 494
95 634
96 97
96 99
96 451
96 635
98 99
98 100
98 101
98 102
98 103
98 104
98 108
98 113
98 399
98 612
98 634
99 100
99 101
99 102
99 103
99 105
99 108
99 114
99 117
99 149
99 150
99 239
99 635
100 101
100 102
100 103
101 102
101 103
102 103
102 105
102 108
102 114
102 117
102 204
102 441
102 590
102 591
104 105
104 106
104 107
104 108
104 109
104 113
104 114
104 116
105 106
105 107
105 108
105 109
105 110
105 114
105 117
105 135
105 592
106 107
106 108
107 108
109 110
109 111
109 112
110 111
110 112
110 232
111 112
111 632
113 114
113 115
113 116
113 134
113 143
113 169
113 186
114 115
114 116
114 117
114 129
114 138
114 583
116 117
116 118
116 119
116 120
117 118
117 119
117 120
117 634
117 635
118 119
118 120
119 120
121 122
121 123
121 124
121 125
121 126
121 127
121 128
121 129
121 630
121 634
122 123
122 124
122 125
122 126
122 127
122 128
122 129
122 635
123 124
123 125
123 126
123 127
123 128
123 129
124 125
124 126
124 127
124 128
124 129
125 126
125 127
125 128
125 129
126 127
126 128
126 129
127 128
127 129
128 129
128 499
128 592
128 593
130 131
130 132
130 133
130 134
130 135
130 138
130 617
130 618
130 620
131 132
131 133
131 135
131 138
131 148
131 618
131 620
132 133
134 135
134 136
134 137
134 138
134 149
134 222
134 510
134 617
134 618
135 136
135 137
135 138
135 148
135 150
135 511
135 617
135 618
136 137
136 138
137 138
138 140
138 148
138 591
138 617
139 140
139 141
139 142
140 141
140 142
141 142
143 144
143 145
143 146
143 147
143 148
143 151
143 154
143 169
143 171
143 175
144 145
144 146
144 147
144 148
144 150
144 170
144 186
144 583
144 721
145 146
145 147
145 148
146 147
146 148
147 148
148 150
148 170
148 230
148 590
148 721
149 150
149 151
149 152
149 153
149 154
149 155
149 156
149 157
149 158
149 159
149 169
149 170
149 173
149 175
150 151
150 152
150 153
150 154
150 155
150 156
150 157
150 158
150 160
150 170
150 236
150 254
151 152
151 153
151 154
151 155
151 156
151 157
151 158
151 162
151 169
151 171
151 175
151 190
151 370
151 393
152 153
152 154
152 155
152 156
152 157
152 158
152 176
153 154
153 155
153 156
153 157
153 158
154 155
154 156
154 157
154 158
154 169
154 175
154 178
154 182
154 226
155 156
155 157
155 158
155 505
156 157
156 158
157 158
157 450
157 596
159 160
159 161
159 162
159 163
159 164
159 165
159 166
159 536
159 585
159 596
159 597
159 689
160 161
160 162
160 163
160 164
160 165
160 167
160 208
160 536
160 678
160 689
160 690
161 162
161 163
161 164
161 165
162 163
162 164
162 165
162 166
162 536
162 596
162 600
162 689
163 164
163 165
163 167
163 536
163 597
164 165
166 167
166 168
166 169
166 182
166 405
166 620
167 168
167 170
167 620
169 170
169 171
169 172
169 173
169 175
169 182
169 203
169 318
169 405
169 593
170 171
170 172
170 173
170 176
170 187
170 195
170 203
170 405
170 593
170 721
171 172
171 444
173 174
173 175
173 176
173 182
173 591
174 590
174 591
175 176
175 177
175 182
175 183
175 194
175 226
176 177
176 183
176 187
176 191
176 195
178 179
178 180
178 181
178 182
178 183
178 370
179 180
179 181
179 183
179 208
179 415
179 418
180 181
182 183
182 184
182 185
182 190
183 184
183 185
183 191
183 195
183 200
183 204
183 208
183 418
183 593
184 185
186 187
186 188
186 189
186 190
186 191
186 192
186 193
186 194
186 195
186 196
186 197
186 198
186 199
186 203
186 230
186 255
186 490
186 494
186 497
186 658
187 188
187 189
187 190
187 191
187 192
187 193
187 194
187 195
187 196
187 197
187 198
187 199
187 231
187 232
187 491
187 494
187 497
187 498
188 189
188 190
188 191
188 192
188 193
188 194
188 195
188 196
188 197
188 198
188 199
189 190
189 191
189 192
189 193
189 194
189 195
189 196
189 197
189 198
189 199
190 191
190 192
190 193
190 194
190 195
190 196
190 197
190 198
190 199
190 490
190 494
190 497
190 499
191 192
191 193
191 194
191 195
191 196
191 197
191 198
191 199
191 231
191 491
191 494
191 495
191 497
191 498
192 193
192 194
192 195
192 196
192 197
192 198
192 199
193 194
193 195
193 196
193 197
193 198
193 199
194 195
194 196
194 197
194 198
194 199
194 203
194 207
194 221
194 230
194 490
194 494
194 497
195 196
195 197
195 198
195 199
195 204
195 222
195 491
195 494
195 497
196 197
196 198
196 199
197 198
197 199
198 199
198 494
198 495
198 497
198 498
198 499
198 505
199 495
199 505
200 201
200 202
201 202
203 204
203 205
203 206
203 207
203 596
204 205
204 206
204 207
205 206
206 407
206 414
207 208
207 209
207 210
207 211
207 212
207 529
207 548
207 600
207 642
207 648
208 209
208 210
208 211
208 212
208 220
208 642
208 643
208 648
208 649
209 210
209 211
209 212
210 211
210 212
211 212
213 214
213 215
213 230
213 231
213 232
213 591
214 215
214 231
214 232
214 591
216 217
216 218
216 219
216 220
216 230
216 231
216 232
217 218
217 219
217 220
217 230
217 231
217 232
217 428
218 219
218 220
219 220
220 231
220 232
220 282
221 222
221 223
221 224
221 225
221 226
221 230
221 242
221 258
221 275
221 287
222 223
222 224
222 225
222 227
222 231
222 445
222 448
222 452
223 224
223 225
223 550
223 551
223 618
224 225
226 227
226 228
226 229
226 230
226 497
226 505
227 228
227 229
227 230
227 231
227 232
227 590
227 592
227 593
228 229
230 231
230 232
230 233
230 234
230 235
230 499
230 720
231 232
231 233
231 234
231 235
232 233
232 234
232 235
232 428
233 234
233 235
234 235
236 237
236 254
236 255
236 281
237 255
237 417
238 239
238 240
238 241
238 242
238 258
238 410
238 417
238 418
238 427
238 453
239 240
239 241
239 243
239 246
239 258
239 259
239 409
239 417
239 418
239 454
240 241
242 243
242 244
242 245
242 246
242 251
242 254
242 370
242 375
242 418
242 592
243 244
243 245
243 246
243 251
243 252
243 254
243 255
243 371
243 418
243 592
243 723
244 245
244 246
244 371
245 246
246 251
246 252
246 255
246 371
246 418
246 592
247 248
247 249
247 250
247 592
248 249
248 250
249 250
251 252
251 253
251 498
251 499
251 505
252 253
254 255
254 256
254 257
254 258
254 359
254 417
254 418
254 427
254 537
255 256
255 257
255 258
255 259
255 282
255 417
255 418
256 257
258 259
258 260
258 417
259 260
261 262
261 263
261 264
261 265
261 266
261 267
261 268
261 269
261 270
261 351
262 263
262 264
262 265
262 266
262 267
262 268
262 269
262 270
262 276
262 407
262 411
263 264
263 265
263 266
263 267
263 268
263 269
263 270
264 265
264 266
264 267
264 268
264 269
264 270
265 266
265 267
265 268
265 269
265 270
266 267
266 268
266 269
266 270
266 299
266 307
266 355
266 402
267 268
267 269
267 270
267 300
267 352
267 391
268 269
268 270
269 270
270 517
271 272
271 273
271 274
271 307
271 309
271 344
272 273
272 274
272 310
272 312
273 274
275 276
275 277
275 278
275 279
275 281
275 287
275 299
275 300
275 315
276 277
276 278
276 279
276 280
276 281
276 288
276 290
276 299
276 300
276 301
276 311
276 312
276 316
276 323
277 278
279 280
279 294
279 299
279 300
279 301
279 304
279 309
279 310
279 311
279 312
279 315
279 316
279 386
279 402
280 295
280 299
280 300
280 301
280 304
280 305
280 309
281 282
281 283
281 284
281 285
281 286
281 287
281 288
281 292
281 294
281 299
281 308
281 318
281 323
281 430
281 617
282 283
282 284
282 285
282 286
282 287
282 288
282 294
282 295
282 300
282 301
282 318
282 593
283 284
283 285
283 286
284 285
284 286
285 286
287 288
287 289
287 290
287 291
287 292
287 293
287 294
287 299
287 306
287 318
287 322
287 323
288 289
288 290
288 291
288 292
288 293
288 295
288 300
288 318
288 319
288 323
289 290
289 291
289 292
289 293
290 291
290 292
290 293
290 301
291 292
291 293
292 293
293 417
294 295
294 296
294 297
294 298
295 296
295 297
295 298
295 323
295 391
295 405
295 406
296 297
296 298
297 298
297 346
298 618
299 300
299 301
299 302
299 303
299 304
299 309
299 310
299 311
299 312
299 315
299 316
299 409
299 544
300 301
300 302
300 303
300 304
300 308
300 309
300 310
300 312
300 315
300 316
300 337
300 409
301 302
301 303
301 304
301 305
301 309
301 407
302 303
304 305
304 306
304 309
304 310
304 311
304 312
304 315
304 316
305 306
305 323
307 308
307 309
307 322
307 326
307 336
307 344
307 346
308 337
308 338
308 345
308 347
308 400
308 704
309 310
309 311
309 312
309 313
309 314
309 315
309 316
309 317
309 322
309 344
309 345
309 346
309 704
310 311
310 312
310 313
310 314
310 315
310 316
310 317
310 323
310 344
310 345
310 347
311 312
311 313
311 314
311 315
311 316
311 317
311 323
311 345
311 355
311 711
312 313
312 314
312 315
312 316
312 317
312 323
312 345
312 347
312 356
312 387
312 704
313 314
313 315
313 316
313 317
314 315
314 316
314 317
315 316
315 317
315 323
315 345
315 346
315 392
315 401
316 317
316 323
316 337
316 345
316 347
318 319
318 320
318 321
318 322
318 323
318 336
318 386
318 390
319 320
319 321
319 323
319 347
320 321
322 323
322 324
322 325
322 344
322 345
322 346
322 347
322 393
322 401
323 324
323 325
323 336
323 344
323 345
323 347
323 383
324 325
326 327
326 328
326 329
326 330
326 344
326 345
326 346
327 328
327 329
327 330
327 345
328 329
328 330
328 347
329 330
329 347
331 332
331 333
331 334
331 335
331 336
331 346
331 402
331 403
332 333
332 334
332 335
332 336
332 337
332 338
332 403
333 334
333 335
334 335
336 337
336 338
336 339
336 340
336 341
336 342
336 343
336 346
336 402
336 403
336 626
336 642
337 338
337 339
337 340
337 341
337 342
337 343
337 345
337 347
337 403
337 704
338 339
338 340
338 341
338 342
338 343
338 345
338 347
338 403
338 704
339 340
339 341
339 342
339 343
339 403
340 341
340 342
340 343
341 342
341 343
342 343
344 345
344 346
344 347
344 348
344 349
344 350
344 704
345 346
345 347
345 348
345 349
345 350
345 618
345 704
346 347
346 348
346 349
346 350
346 393
346 401
346 704
347 348
347 349
347 350
347 352
347 387
347 394
347 411
347 718
348 349
348 350
349 350
351 352
351 353
351 354
351 355
351 356
351 359
351 361
351 362
351 386
351 390
351 704
352 353
352 354
352 355
352 356
352 360
352 361
352 371
352 387
352 388
352 391
352 409
353 354
355 356
355 357
355 358
355 359
355 360
355 361
355 370
355 396
355 397
355 399
355 402
355 704
356 357
356 358
356 359
356 360
356 361
356 371
356 388
356 396
356 397
356 399
356 712
357 358
357 359
357 360
358 359
358 360
359 360
359 390
359 391
359 689
360 387
360 388
360 390
360 391
360 403
361 362
361 363
361 382
361 383
361 386
361 387
361 388
361 403
362 363
362 382
362 383
364 365
364 366
364 367
364 368
364 369
364 370
364 371
365 366
365 367
365 368
365 369
365 371
366 367
366 368
366 369
367 368
367 369
368 369
370 371
370 372
370 373
370 374
370 375
370 382
370 386
370 387
370 388
370 390
370 391
370 542
371 372
371 373
371 374
371 375
371 376
371 383
371 390
371 391
371 704
372 373
372 374
373 374
375 376
375 377
375 378
375 379
375 390
375 592
376 377
376 378
376 379
376 390
376 391
376 406
376 407
376 409
376 410
376 411
376 414
376 415
376 592
377 378
377 379
378 379
380 381
380 390
380 391
382 383
382 384
382 385
382 386
382 387
382 390
382 391
382 392
383 384
383 385
383 386
383 387
383 388
383 391
384 385
385 386
385 387
385 388
386 387
386 388
386 389
386 390
387 388
387 389
387 390
387 391
387 704
388 389
388 390
388 391
390 391
390 392
391 392
391 400
391 401
391 409
393 394
393 395
393 402
393 403
394 395
394 403
396 397
396 398
397 398
399 400
399 401
399 402
399 403
400 401
400 403
402 403
402 404
403 404
403 659
405 406
405 407
405 408
405 409
405 410
405 411
405 412
405 413
405 414
405 415
405 421
405 444
405 450
405 600
405 704
405 720
406 407
406 408
406 409
406 410
406 411
406 412
406 413
406 414
406 415
406 444
406 445
406 454
406 704
406 705
406 707
406 712
406 718
406 721
407 408
407 409
407 410
407 411
407 412
407 413
407 414
407 415
407 444
407 450
407 464
407 505
407 704
407 705
407 723
408 409
408 410
408 411
408 412
408 413
408 414
409 410
409 411
409 412
409 413
409 414
409 415
409 704
409 705
409 711
409 712
409 723
410 411
410 412
410 413
410 414
410 415
410 438
410 444
410 499
410 704
410 705
411 412
411 413
411 414
411 415
411 450
411 451
412 413
412 414
413 414
413 450
414 415
414 444
414 450
414 451
414 458
414 464
414 505
414 704
414 723
415 416
415 417
415 418
415 458
415 460
415 472
417 418
417 419
417 420
418 419
418 420
419 420
421 422
421 423
421 457
421 591
422 423
422 590
422 591
422 723
424 425
424 426
424 427
424 428
425 426
427 428
427 429
427 430
427 499
427 529
427 582
428 429
428 430
428 582
430 431
430 432
430 433
430 434
430 435
430 436
430 437
430 438
430 439
431 432
431 433
431 434
431 435
431 436
431 437
431 438
431 439
431 445
432 433
432 434
432 435
432 436
432 437
432 438
432 439
433 434
433 435
433 436
433 437
433 438
433 439
434 435
434 436
434 437
434 438
434 439
435 436
435 437
435 438
435 439
435 499
436 437
436 438
436 439
437 438
437 439
438 439
440 441
440 442
440 443
440 444
440 445
440 450
440 451
440 507
440 550
440 551
441 442
441 443
441 445
441 550
441 551
442 443
444 445
444 446
444 447
444 450
444 451
444 499
445 446
445 447
445 450
445 551
446 447
448 449
448 468
448 530
448 592
449 593
450 451
450 452
450 499
450 576
451 452
451 510
451 511
451 514
451 558
453 454
453 455
453 456
454 455
454 456
454 458
455 456
457 458
457 459
457 460
457 461
457 462
457 463
457 464
457 465
457 466
457 467
457 472
457 488
458 459
458 460
458 461
458 462
458 463
458 464
458 465
458 466
458 467
458 472
459 460
459 461
459 462
459 463
459 464
459 465
459 466
460 461
460 462
460 463
460 464
460 465
460 466
460 469
460 472
460 477
460 483
461 462
461 463
461 464
461 465
461 466
461 468
461 472
462 463
462 464
462 465
462 466
463 464
463 465
463 466
464 465
464 466
464 469
464 472
464 505
464 506
464 723
465 466
468 469
468 470
468 471
468 472
468 542
469 470
469 471
469 472
469 601
470 471
472 473
472 596
472 597
473 499
473 596
474 475
474 476
474 477
474 478
474 479
474 480
474 481
474 482
474 483
474 484
474 485
474 486
474 487
475 476
475 477
475 478
475 479
475 480
475 481
475 482
475 483
475 484
475 485
475 486
475 487
475 498
476 477
476 478
476 479
476 480
476 481
476 482
476 483
476 484
476 485
476 486
476 487
476 499
476 592
477 478
477 479
477 480
477 481
477 482
477 483
477 484
477 485
477 486
477 487
478 479
478 480
478 481
478 482
478 483
478 484
478 485
478 486
478 487
479 480
479 481
479 482
479 483
479 484
479 485
479 486
479 487
480 481
480 482
480 483
480 484
480 485
480 486
480 487
481 482
481 483
481 484
481 485
481 486
481 487
482 483
482 484
482 485
482 486
482 487
483 484
483 485
483 486
483 487
484 485
484 486
484 487
485 486
485 487
486 487
488 489
488 490
488 491
488 492
488 493
489 490
489 491
489 492
489 493
489 507
490 491
490 492
490 493
490 499
491 492
491 493
492 493
494 495
494 496
494 497
494 498
494 499
494 505
494 507
494 508
494 509
494 510
494 515
494 529
494 561
495 496
495 497
495 498
495 507
495 509
495 611
497 498
497 499
497 500
497 501
497 502
497 503
497 504
497 505
497 506
497 507
497 617
498 499
498 500
498 501
498 502
498 503
498 504
498 505
498 506
498 507
498 515
498 561
498 565
498 590
499 500
499 501
499 502
499 503
499 504
499 505
499 506
499 507
499 600
499 637
500 501
500 502
500 503
500 504
500 505
500 506
501 502
501 503
501 504
501 505
501 506
502 503
502 504
502 505
502 506
503 504
503 505
503 506
504 505
504 506
505 506
505 507
505 515
505 518
507 508
507 509
507 510
507 515
507 518
507 581
507 585
507 610
508 509
509 618
510 511
510 512
510 513
510 514
510 550
510 551
510 592
510 617
511 512
511 513
511 514
511 550
511 551
512 513
512 514
513 514
514 597
514 620
515 516
515 517
515 518
515 522
515 529
515 530
515 561
515 565
515 581
515 585
515 590
515 605
515 613
515 652
516 561
517 518
517 519
517 520
517 521
517 528
517 600
517 698
518 519
518 520
518 521
518 522
518 524
518 528
518 529
518 530
518 545
518 561
518 585
518 610
518 699
519 520
519 521
520 521
522 530
523 524
523 525
523 526
523 527
523 528
523 529
523 530
524 525
524 526
524 527
524 528
525 526
525 527
525 528
525 530
525 654
526 527
526 528
527 528
529 530
529 531
529 532
529 533
529 534
529 535
529 537
529 544
529 561
529 689
530 531
530 532
530 533
530 534
530 535
531 532
531 533
531 534
532 533
532 534
533 534
535 536
535 596
537 538
537 539
537 540
537 541
538 539
538 540
538 541
539 540
539 541
540 541
542 543
542 550
543 551
543 611
543 659
544 545
544 546
544 547
544 630
544 631
544 632
544 651
544 670
545 546
545 547
545 630
545 631
545 632
545 651
545 652
546 547
548 549
550 551
550 552
550 553
550 556
550 565
550 581
551 552
551 553
551 556
551 581
552 553
554 555
554 556
554 557
554 558
554 559
554 560
555 556
555 557
555 558
555 559
555 560
556 557
556 558
556 559
556 560
557 558
557 559
557 560
558 559
558 560
559 560
561 562
561 563
561 564
561 565
561 566
561 581
561 610
561 719
562 563
562 564
562 565
563 564
563 565
564 565
565 569
565 610
565 611
565 617
566 567
566 568
566 569
566 570
566 571
566 572
566 573
567 568
567 569
567 570
567 571
567 572
567 573
568 569
568 570
568 571
568 572
568 573
569 570
569 571
569 572
569 573
569 610
569 611
570 571
570 572
570 573
571 572
571 573
572 573
574 575
574 576
574 577
574 578
574 579
574 580
574 581
574 617
574 618
575 576
575 577
575 578
575 579
575 580
575 618
575 620
576 577
576 578
576 579
576 580
577 578
577 579
577 580
578 579
578 580
579 580
581 582
581 583
581 613
582 583
582 584
583 584
585 586
585 587
585 588
585 589
585 679
586 587
586 588
586 589
587 588
587 589
588 589
590 591
590 593
591 593
592 593
592 594
592 595
592 617
593 594
593 595
594 595
596 597
596 598
596 599
596 600
596 601
596 602
596 603
596 604
596 605
596 658
596 659
596 664
596 670
596 679
597 598
597 599
597 600
597 601
597 602
597 603
597 604
597 605
597 624
597 658
597 659
598 599
598 600
598 601
598 602
598 603
598 604
599 600
599 601
599 602
599 603
599 604
600 601
600 602
600 603
600 604
601 602
601 603
601 604
602 603
602 604
603 604
605 606
605 607
605 608
605 609
605 611
606 607
606 608
606 609
606 611
607 608
607 609
608 609
610 611
611 613
612 613
612 614
612 615
612 616
612 617
613 614
613 615
613 616
613 617
613 618
613 620
614 615
614 616
615 616
617 618
617 619
617 620
617 621
617 624
618 619
618 620
618 624
619 620
621 622
621 623
622 623
624 625
626 627
626 628
626 629
626 630
626 631
626 632
626 651
626 652
626 694
627 628
627 629
627 632
628 629
630 631
630 632
630 633
630 651
630 652
630 654
630 664
630 665
630 666
630 679
631 632
631 633
631 651
631 652
631 654
631 655
631 664
631 665
631 690
632 633
632 645
632 651
632 664
634 635
634 636
634 637
635 636
635 637
635 638
637 638
637 639
637 640
637 641
637 658
638 639
638 640
638 641
639 640
639 641
640 641
642 643
642 644
642 645
642 646
642 647
643 644
643 645
643 646
643 647
644 645
644 646
644 647
645 646
645 647
646 647
648 649
648 650
649 650
649 690
651 652
651 653
651 654
651 670
651 674
652 653
652 654
652 655
652 665
652 671
652 675
652 680
652 692
652 695
654 655
654 656
654 657
654 664
654 665
654 674
654 678
654 679
654 680
654 698
655 656
655 657
655 665
655 675
655 678
655 679
655 680
656 657
658 659
658 660
658 661
658 662
658 663
658 664
658 665
659 660
659 661
659 662
659 663
659 664
659 665
659 680
660 661
660 662
660 663
661 662
661 663
662 663
664 665
664 666
664 667
664 668
664 669
664 670
665 666
665 667
665 668
665 669
665 671
666 667
666 668
666 669
666 691
667 668
667 669
668 669
670 671
670 672
670 673
670 679
671 672
671 673
671 675
671 680
672 673
674 675
674 676
674 677
674 678
674 679
674 680
674 694
675 676
675 677
675 678
675 680
676 677
676 678
677 678
679 680
679 681
679 682
679 683
679 684
679 685
680 681
680 682
680 683
680 684
680 685
680 695
681 682
681 683
681 684
681 685
682 683
682 684
682 685
683 684
683 685
684 685
686 687
686 688
686 689
686 690
686 691
686 692
686 694
687 688
687 692
687 695
689 690
689 691
689 692
689 693
689 694
689 695
689 698
690 691
690 692
690 693
690 694
690 695
690 698
691 692
691 693
691 694
691 698
692 693
692 694
692 695
692 698
692 699
694 695
694 696
694 697
694 698
695 696
695 697
695 698
695 699
696 697
698 699
698 700
698 701
698 702
698 703
699 700
699 701
699 702
699 703
700 701
700 702
700 703
701 702
701 703
702 703
704 705
704 706
704 707
704 708
704 709
704 710
704 717
704 718
704 720
704 721
704 723
705 706
705 707
705 708
705 709
705 710
705 718
705 721
706 707
706 708
706 709
706 710
707 708
707 709
707 710
708 709
708 710
709 710
711 712
711 713
711 714
711 715
711 716
711 717
711 718
712 713
712 714
712 715
712 716
712 718
713 714
713 715
713 716
714 715
714 716
715 716
717 718
717 719
717 720
717 721
717 723
718 719
718 721
720 721
720 722
720 723
721 722
721 723
722 723
