0 1
0 2
0 3
0 4
0 5
0 6
0 7
0 8
0 9
0 48
0 89
0 144
0 331
0 332
0 333
0 350
1 2
1 3
1 4
1 5
1 6
1 7
1 8
1 9
1 48
1 87
1 89
1 90
1 107
2 3
2 4
2 5
2 6
2 7
2 8
2 9
2 16
2 111
2 118
2 123
2 124
3 4
3 5
3 6
3 7
3 8
3 9
3 112
3 119
3 125
4 5
4 6
4 7
4 8
4 9
5 6
5 7
5 8
5 9
6 7
6 8
6 9
7 8
7 9
8 9
10 11
10 12
10 13
10 14
10 16
10 17
10 21
10 22
10 73
10 515
11 12
11 13
11 15
11 17
11 22
12 13
14 15
14 16
14 17
14 18
14 19
14 20
14 21
14 22
14 23
14 24
14 42
14 65
14 66
14 515
15 16
15 17
15 18
15 19
15 20
15 21
15 22
15 23
15 25
15 30
15 34
15 36
15 63
15 64
15 77
15 111
15 118
15 129
15 333
16 17
16 18
16 19
16 20
16 21
16 22
16 23
16 24
16 36
16 64
16 65
16 129
16 144
16 280
16 560
17 18
17 19
17 20
17 21
17 22
17 23
17 25
17 27
17 29
17 30
17 34
17 63
17 72
17 77
17 445
18 19
18 20
18 21
18 22
18 23
19 20
19 21
19 22
19 23
20 21
20 22
20 23
21 22
21 23
21 29
21 36
21 38
21 63
21 65
21 76
21 133
21 268
21 406
22 23
22 25
22 29
22 30
22 54
22 64
22 72
22 444
22 445
24 25
24 26
24 27
24 28
24 71
24 72
24 73
24 144
24 145
24 146
24 147
25 26
25 27
25 28
25 72
26 27
26 28
26 497
27 28
29 30
29 31
29 32
29 33
29 34
29 35
29 42
30 31
30 32
30 33
30 34
30 35
30 43
30 107
30 210
31 32
31 33
31 34
31 35
32 33
32 34
32 35
33 34
33 35
34 35
34 88
34 559
35 193
36 37
36 38
36 39
36 40
36 41
36 47
36 87
36 88
36 89
36 90
37 38
37 39
37 40
37 41
37 43
37 47
37 48
37 54
37 88
37 90
38 39
38 40
38 41
39 40
39 41
40 41
42 43
42 44
42 45
42 46
42 47
42 48
42 53
42 63
42 357
43 44
43 45
43 48
43 53
43 54
43 147
43 564
44 47
45 46
45 47
45 48
45 49
45 50
45 51
45 52
45 53
45 129
45 543
45 547
46 47
46 48
46 49
46 50
46 51
46 52
46 53
46 129
46 543
46 547
47 48
47 49
47 50
47 51
47 52
47 53
47 87
47 92
47 580
48 49
48 50
48 51
48 52
48 53
48 54
48 77
48 95
48 129
48 187
48 564
49 50
49 51
49 52
50 51
50 52
51 52
53 54
53 55
53 56
53 57
53 58
53 87
53 88
53 110
53 215
54 55
54 56
54 57
54 58
54 87
54 88
54 110
54 215
55 56
55 57
55 58
56 57
56 58
57 58
59 60
59 61
59 62
59 65
59 106
60 61
60 62
60 66
60 67
60 106
60 107
61 62
61 215
63 64
63 228
63 231
65 66
65 67
65 68
65 69
65 70
65 87
65 106
66 67
66 68
66 69
66 70
66 72
66 73
66 87
66 88
67 68
67 69
67 70
67 72
67 73
67 88
68 69
68 70
68 435
68 436
69 70
71 72
71 73
71 74
71 75
71 103
71 105
72 73
72 74
72 75
72 129
72 144
72 262
72 317
73 74
73 75
74 75
76 77
76 78
76 79
76 80
76 87
76 89
76 90
77 78
77 79
77 80
77 88
77 90
77 106
77 107
77 199
77 210
77 350
78 79
78 80
79 80
81 82
81 83
81 84
81 85
81 86
82 83
82 84
82 85
82 86
83 84
83 85
83 86
84 85
84 86
85 86
86 106
86 107
87 88
87 89
87 90
87 91
87 92
87 93
87 94
87 106
87 107
87 588
88 89
88 90
88 91
88 92
88 93
88 94
88 95
88 225
89 90
89 91
89 92
89 93
89 94
89 106
89 107
90 91
90 92
90 93
90 94
90 107
91 92
91 93
91 94
92 93
92 94
93 94
95 96
95 97
95 98
95 99
95 100
95 101
95 102
95 104
96 97
96 98
96 99
96 100
96 101
96 102
96 103
96 104
96 105
96 106
96 188
97 98
97 99
97 100
97 101
97 102
98 99
98 100
98 101
98 102
99 100
99 101
99 102
100 101
100 102
100 410
101 102
103 104
103 105
103 107
104 105
104 106
104 107
105 106
105 107
106 107
106 108
106 109
106 110
106 129
106 144
106 295
107 108
107 109
107 110
107 180
108 109
108 110
109 110
111 112
111 113
111 114
111 115
111 116
111 117
111 118
111 119
111 123
111 551
111 558
111 572
111 573
112 113
112 114
112 115
112 116
112 117
112 118
112 119
112 124
112 125
112 130
112 170
112 561
113 114
113 115
113 116
113 117
114 115
114 116
114 117
115 116
115 117
116 117
116 187
116 198
116 199
116 202
116 558
116 559
116 560
117 199
117 558
117 561
117 570
117 573
118 119
118 120
118 121
118 122
118 123
118 129
118 130
118 187
118 558
118 559
118 560
118 561
118 573
119 120
119 121
119 122
119 124
119 125
119 130
119 188
119 199
119 571
120 121
120 122
121 122
123 124
123 125
123 129
123 192
123 198
123 202
123 558
123 559
123 570
123 573
124 125
124 130
124 192
124 202
124 203
124 559
125 130
126 127
126 128
126 198
126 284
126 558
127 128
127 130
127 387
129 130
129 182
129 187
129 188
129 192
129 198
129 202
129 228
129 229
129 231
129 234
129 235
129 239
129 265
129 266
129 272
129 273
129 285
129 315
129 331
129 337
129 353
129 357
129 358
129 450
129 451
129 471
129 515
129 543
129 544
129 558
129 559
129 570
129 571
129 573
129 576
129 588
129 597
130 182
130 187
130 188
130 193
130 198
130 202
130 235
130 285
130 472
130 473
130 474
130 515
130 540
130 559
130 561
130 571
130 589
131 132
131 133
131 134
131 268
131 269
131 272
131 273
131 558
131 559
131 560
132 133
132 134
132 560
133 134
133 268
133 272
135 136
135 137
135 138
135 139
135 140
135 158
135 169
135 173
135 187
135 256
135 265
135 306
135 325
135 570
136 137
136 138
136 139
136 140
137 138
137 139
137 140
138 139
138 140
138 256
138 257
138 265
138 306
138 326
138 573
139 140
139 173
139 180
139 256
139 257
139 265
139 266
139 306
139 326
139 496
139 533
139 534
139 573
140 265
140 266
140 268
141 142
141 143
141 144
141 146
141 158
141 179
141 192
141 576
141 588
142 143
142 144
142 145
142 147
142 158
143 147
144 145
144 146
144 147
144 148
144 149
144 150
144 151
144 152
144 155
144 156
144 157
144 158
144 159
144 173
144 174
144 175
144 395
145 146
145 147
145 148
145 149
145 150
145 151
145 152
145 159
145 173
145 174
145 176
145 180
145 395
146 147
146 148
146 149
146 150
146 151
146 152
146 155
146 202
147 148
147 149
147 150
147 151
147 152
147 155
147 156
147 157
147 159
147 202
147 559
147 571
148 149
148 150
148 151
148 152
149 150
149 151
149 152
150 151
150 152
151 152
151 159
153 154
153 155
153 156
153 157
154 155
154 156
154 157
154 357
154 358
154 473
155 156
155 157
155 175
155 214
156 157
156 175
156 451
158 159
158 160
158 173
158 174
158 175
158 484
158 618
159 160
159 174
159 227
159 483
159 484
161 162
161 163
161 164
161 165
161 166
161 167
161 168
161 175
162 163
162 164
162 165
162 166
162 167
162 168
162 215
162 370
163 164
163 165
163 166
163 167
163 168
163 498
164 165
164 166
164 167
164 168
165 166
165 167
165 168
166 167
166 168
167 168
169 170
169 171
169 172
169 173
169 175
169 187
169 470
170 171
170 172
170 174
170 180
170 187
170 188
171 172
173 174
173 175
173 176
173 177
173 178
173 179
173 180
173 182
173 187
173 361
173 470
173 607
174 175
174 176
174 177
174 178
174 179
174 180
174 187
174 188
174 361
174 470
174 607
175 176
175 177
175 178
175 470
175 607
176 177
176 178
177 178
179 180
179 181
179 182
179 183
179 187
179 234
179 331
179 332
179 471
180 181
180 183
180 187
180 188
180 235
180 361
180 472
180 529
182 183
182 184
182 185
182 186
182 187
182 188
182 214
183 184
183 185
183 186
183 187
183 188
184 185
184 186
185 186
187 188
187 189
187 190
187 191
187 192
187 193
187 214
187 228
187 229
187 240
187 331
187 353
187 570
187 576
187 580
187 588
188 189
188 190
188 191
188 192
188 193
188 199
188 214
188 235
188 361
188 470
188 551
188 552
188 553
188 607
189 190
189 191
190 191
190 235
192 193
192 194
192 195
192 196
192 197
192 198
192 199
192 202
192 203
192 209
192 210
192 211
192 239
192 240
192 246
192 265
192 266
192 320
192 322
192 340
192 345
192 346
192 350
192 547
192 570
192 601
193 194
193 195
193 196
193 197
193 198
193 199
193 202
193 203
193 209
193 210
193 240
193 266
193 321
193 333
193 340
193 346
193 350
193 472
193 601
193 623
193 631
194 195
194 196
194 197
194 202
195 196
195 197
195 198
195 203
196 197
197 198
197 199
197 204
197 205
197 211
197 238
197 306
197 307
197 333
197 339
198 199
198 200
198 201
198 202
198 203
198 209
198 210
198 214
198 234
198 332
198 333
198 340
198 356
198 469
198 547
198 588
198 601
199 200
199 201
199 202
199 203
199 214
199 321
199 322
199 333
199 340
199 356
199 559
199 601
199 609
200 201
201 203
202 203
202 204
202 209
202 210
202 246
202 253
202 321
202 324
202 339
202 547
202 588
202 632
202 639
202 640
203 204
203 206
203 209
203 240
203 253
203 269
203 321
203 340
203 644
204 337
205 206
205 207
205 208
206 207
206 208
206 220
207 208
209 210
209 211
209 212
209 213
209 214
209 215
209 218
209 219
209 220
209 228
209 234
209 235
209 239
209 240
209 435
209 471
209 580
210 211
210 212
210 213
210 214
210 215
210 218
210 219
210 220
210 228
210 229
210 230
210 235
210 239
210 240
210 320
210 436
210 473
210 559
210 592
211 212
211 213
211 214
211 215
211 218
211 219
211 220
211 230
211 234
211 235
211 239
211 269
211 421
211 473
211 593
212 213
214 215
214 216
214 217
214 218
214 219
214 220
214 234
214 246
214 265
214 276
214 294
214 323
214 324
214 332
214 349
214 451
214 495
215 216
215 217
215 219
215 220
215 229
215 231
215 235
215 240
215 359
215 415
215 465
215 472
215 473
215 474
215 484
215 495
215 592
216 217
217 220
218 219
218 220
218 221
218 222
218 223
219 220
219 221
219 222
219 223
219 231
219 239
219 240
220 221
220 222
220 223
220 231
220 235
220 240
220 474
220 592
221 222
221 223
222 223
224 225
224 226
224 227
225 226
225 227
226 227
228 229
228 230
228 231
228 232
228 233
228 234
228 235
228 236
228 237
228 238
228 239
228 240
228 272
228 276
228 277
228 284
228 293
228 315
228 440
228 450
228 451
228 498
228 558
228 610
229 230
229 231
229 232
229 233
229 234
229 235
229 236
229 237
229 238
229 239
229 240
229 293
230 231
230 232
230 233
230 234
230 235
230 236
230 237
230 238
230 240
230 250
230 294
230 353
231 232
231 233
231 234
231 235
231 236
231 237
231 238
231 239
231 240
231 610
232 233
232 234
232 235
232 236
232 237
232 238
233 234
233 235
233 236
233 237
233 238
234 235
234 236
234 237
234 238
234 240
234 311
234 315
234 331
234 332
234 434
234 515
234 543
234 560
235 236
235 237
235 238
235 239
235 240
235 326
235 333
235 440
235 514
235 515
235 516
235 552
236 237
236 238
237 238
238 240
238 543
239 240
239 241
239 242
239 252
239 295
239 332
239 451
239 471
239 576
239 588
240 241
240 242
240 277
241 242
243 244
243 245
243 265
243 315
243 588
244 245
244 252
244 253
244 316
246 247
246 248
246 249
246 250
246 251
246 252
246 265
246 266
246 285
246 331
246 332
246 543
246 570
246 577
246 588
247 248
247 249
247 250
247 251
247 252
247 439
248 249
248 250
248 251
249 250
249 251
250 251
252 253
252 254
252 255
252 256
252 257
252 261
252 262
252 285
252 322
252 369
252 576
252 577
252 588
253 254
253 255
253 257
253 262
253 322
253 436
253 576
253 577
254 255
256 257
256 258
256 259
256 260
256 265
256 266
256 307
256 533
256 534
257 258
257 259
257 260
257 266
257 307
257 309
257 533
257 534
258 259
258 260
259 260
261 262
261 263
261 264
261 265
261 266
261 358
262 263
262 264
262 309
262 359
263 264
265 266
265 267
265 306
265 307
265 576
265 577
266 266
266 267
266 306
266 307
266 309
268 269
268 270
268 271
268 272
268 273
268 276
268 278
268 280
268 289
268 310
269 270
269 271
269 272
269 273
269 276
269 277
269 281
269 285
269 310
270 271
272 273
272 274
272 275
272 276
272 277
272 278
272 279
272 310
273 274
273 275
273 277
273 278
273 279
273 285
273 293
273 296
273 300
273 310
274 275
276 277
276 278
276 280
276 281
276 284
276 285
276 287
276 288
276 471
276 580
277 278
277 279
277 280
277 281
277 285
277 288
277 471
278 279
280 281
280 282
280 283
280 284
280 285
280 434
280 435
281 282
281 283
281 284
281 285
281 435
282 283
283 315
284 285
284 286
284 287
284 288
284 293
284 294
284 306
284 307
284 311
284 313
284 434
284 580
285 286
285 287
285 288
286 287
286 288
287 288
287 369
287 450
287 543
287 544
288 307
288 309
289 290
289 291
289 292
290 291
290 292
291 292
293 294
293 295
293 296
293 297
293 298
293 299
293 300
293 301
293 302
293 303
293 304
293 305
293 331
294 295
294 296
294 297
294 298
294 299
294 300
294 301
294 302
294 303
294 304
294 305
294 309
295 296
295 297
295 298
295 299
295 300
295 301
295 302
295 303
295 304
295 305
295 331
295 332
296 297
296 298
296 299
296 300
296 301
296 302
296 303
296 304
296 305
297 298
297 299
297 300
297 301
297 302
297 303
297 304
297 305
298 299
298 300
298 301
298 302
298 303
298 304
298 305
299 300
299 301
299 302
299 303
299 304
299 305
299 543
300 301
300 302
300 303
300 304
300 305
301 302
301 303
301 304
301 305
302 303
302 304
302 305
303 304
303 305
304 305
306 307
306 308
306 309
307 308
307 309
308 309
310 311
310 312
310 313
310 314
311 312
311 313
311 314
312 313
312 314
313 314
315 316
315 317
315 318
315 319
315 331
315 533
315 588
316 317
316 318
316 319
316 340
317 318
317 319
318 319
320 321
320 322
321 322
323 324
325 326
325 327
325 328
325 329
325 330
326 327
326 328
326 329
326 330
326 333
327 328
327 329
327 330
328 329
328 330
329 330
329 337
329 358
331 332
331 333
331 334
331 335
331 336
331 337
331 338
331 345
331 601
332 333
332 334
332 335
332 336
332 337
332 338
332 349
332 356
332 601
333 334
333 335
333 336
333 337
333 338
333 349
334 335
334 336
334 337
334 338
335 336
335 337
335 338
336 337
336 338
337 338
337 347
337 350
337 351
337 468
337 534
338 346
338 347
338 351
338 598
338 601
339 340
339 341
339 342
340 341
340 342
341 342
343 344
344 543
345 346
345 347
345 348
345 350
346 347
346 348
346 350
346 588
347 348
349 350
349 351
349 352
350 351
350 352
350 354
350 405
351 352
353 354
353 355
353 356
354 355
354 356
355 356
357 358
357 359
357 360
357 435
357 444
357 450
357 452
357 461
357 471
357 484
357 496
358 359
358 360
358 395
358 406
358 444
358 451
358 461
358 484
358 588
359 360
359 403
359 444
359 445
359 461
359 472
359 480
359 484
359 496
359 499
361 362
361 363
361 470
361 473
361 474
362 363
364 365
364 366
364 367
365 366
365 367
366 367
367 543
368 370
369 370
369 371
369 372
369 381
369 451
369 460
369 547
369 588
369 628
370 371
370 372
370 373
370 374
370 380
370 382
370 424
371 372
373 374
373 375
373 376
373 377
373 378
373 439
374 375
374 376
374 377
374 378
375 376
375 377
375 378
376 377
376 378
377 378
379 380
379 381
379 382
379 383
379 384
379 385
379 424
379 439
379 450
380 381
380 382
380 383
380 384
380 385
380 450
380 452
381 382
381 383
381 384
381 385
381 435
381 440
381 498
382 383
382 384
382 385
382 424
382 435
382 440
383 384
383 385
384 385
386 387
386 498
387 388
387 389
387 395
387 396
387 452
388 389
388 390
388 391
388 392
389 390
389 391
389 392
390 391
390 392
391 392
393 394
393 498
395 396
395 397
395 398
396 397
396 398
397 398
399 400
399 401
399 402
399 403
399 405
399 406
399 407
399 451
399 570
400 401
400 402
400 403
400 405
400 406
401 402
401 403
402 403
404 405
404 406
404 407
404 408
404 409
404 451
405 406
405 407
405 408
405 409
405 628
405 629
406 407
406 408
406 409
406 410
406 412
406 454
406 458
406 463
407 408
407 409
407 412
407 452
407 454
408 409
410 411
410 412
410 458
410 486
411 412
411 451
411 452
412 413
412 434
412 436
413 436
414 415
414 416
414 417
414 418
414 427
414 428
414 434
414 435
414 436
414 440
415 416
415 417
415 418
415 434
415 435
415 436
415 440
415 499
416 417
416 418
417 418
419 420
419 421
419 422
419 423
419 427
419 428
420 421
420 422
420 423
421 422
421 423
422 423
424 425
424 426
424 435
424 436
424 440
424 445
424 461
424 462
425 426
427 428
427 429
427 430
427 431
427 434
427 447
428 429
428 430
428 431
428 433
428 435
428 436
428 447
428 452
428 456
429 430
429 431
430 431
431 515
432 433
432 434
432 436
433 435
433 436
434 435
434 436
434 437
434 438
434 444
434 445
434 580
435 436
435 437
435 438
435 445
435 461
435 462
435 581
436 437
436 438
436 440
436 445
436 461
436 462
436 629
437 438
439 440
439 441
439 442
439 443
439 456
439 457
439 498
440 441
440 442
440 443
440 445
440 451
440 452
440 482
440 483
440 499
440 506
441 442
441 443
442 443
444 445
444 450
444 498
444 499
445 450
445 452
445 499
446 447
446 448
446 449
446 450
446 454
446 570
447 448
447 449
447 452
448 449
450 451
450 452
450 453
450 454
450 455
450 588
451 451
451 452
451 453
451 454
451 455
451 486
451 498
451 563
451 576
452 453
452 454
452 455
453 454
453 455
454 455
454 499
454 566
456 457
456 458
456 459
456 460
456 499
457 458
457 459
457 460
458 459
458 460
459 460
461 462
461 463
461 464
462 463
462 464
463 464
466 467
466 468
466 469
467 468
467 469
468 469
470 471
471 472
471 473
471 474
471 475
471 476
471 477
471 478
471 528
472 473
472 474
472 475
472 476
472 477
472 478
473 474
473 475
473 476
473 477
473 478
474 475
474 476
474 477
474 478
474 598
475 476
475 477
475 478
476 477
476 478
477 478
479 480
480 482
481 482
482 483
482 484
483 484
483 485
484 485
486 487
486 488
486 489
486 490
486 491
486 492
486 496
486 505
486 506
487 488
487 489
487 490
487 491
487 492
488 489
488 490
488 491
488 492
489 490
489 491
489 492
490 491
490 492
491 492
493 494
493 495
493 496
494 495
495 496
495 497
496 497
496 501
496 505
496 506
497 501
497 502
498 499
498 628
498 629
499 628
499 629
500 501
500 502
500 503
500 504
500 505
500 506
500 576
501 502
501 503
501 504
501 505
501 506
502 503
502 504
503 504
505 506
505 507
505 560
506 507
508 509
508 510
508 511
508 512
508 513
509 510
509 511
509 512
509 513
509 515
509 517
510 511
510 512
510 513
511 512
511 513
512 513
514 515
514 516
514 517
514 518
514 519
514 520
514 521
514 522
514 523
514 524
514 525
514 526
514 527
514 551
514 552
514 594
515 516
515 517
515 518
515 519
515 520
515 521
515 522
515 523
515 524
515 525
515 526
515 527
515 560
515 561
515 594
515 597
516 517
516 518
516 519
516 520
516 521
516 522
516 523
516 524
516 525
516 526
516 527
516 552
516 594
517 518
517 519
517 520
517 521
517 522
517 523
517 524
517 525
517 526
517 527
518 519
518 520
518 521
518 522
518 523
518 524
518 525
518 526
518 527
519 520
519 521
519 522
519 523
519 524
519 525
519 526
519 527
520 521
520 522
520 523
520 524
520 525
520 526
520 527
521 522
521 523
521 524
521 525
521 526
521 527
522 523
522 524
522 525
522 526
522 527
523 524
523 525
523 526
523 527
524 525
524 526
524 527
525 526
525 527
526 527
528 529
528 530
528 531
528 532
528 588
529 530
529 531
529 532
530 531
530 532
531 532
533 534
533 535
533 536
533 537
533 538
533 539
533 558
534 535
534 536
534 537
534 538
534 539
534 540
534 563
535 536
535 537
535 538
536 537
536 538
537 538
539 540
539 541
539 542
539 543
539 558
539 571
540 541
540 542
540 543
540 544
540 571
541 542
543 544
543 545
543 546
543 547
543 560
544 545
544 546
544 548
544 549
544 550
544 552
545 546
547 548
547 549
547 550
547 559
548 549
548 550
548 571
549 550
551 552
551 553
551 554
552 553
552 554
553 554
555 556
555 557
555 576
556 557
558 559
558 560
558 561
558 562
558 563
558 570
558 571
558 573
559 560
559 561
559 562
559 563
559 570
559 571
560 561
560 562
560 563
560 570
560 573
560 580
560 635
561 562
561 563
561 565
561 570
561 571
561 573
563 564
563 565
563 566
563 567
563 568
563 569
563 570
563 571
563 573
564 565
564 566
564 567
564 568
564 569
565 566
565 567
565 568
565 569
565 571
566 567
566 568
566 569
567 568
567 569
568 569
570 571
570 572
570 573
571 572
571 573
572 573
574 575
574 577
576 577
576 578
576 579
576 592
576 593
577 578
577 579
577 593
578 579
580 581
580 582
580 583
580 584
580 585
580 586
580 587
581 582
581 583
581 584
581 585
581 586
581 587
582 583
582 584
582 585
582 586
582 587
583 584
583 585
583 586
583 587
584 585
584 586
584 587
585 586
585 587
586 587
588 589
588 590
588 591
589 590
589 591
590 591
592 593
594 595
594 596
595 596
597 598
597 599
597 600
597 601
598 599
598 600
598 601
599 600
599 601
600 601
602 603
602 604
602 605
602 606
602 607
603 604
603 605
603 606
603 607
604 605
604 606
604 607
605 606
605 607
606 607
608 609
610 611
610 612
610 613
610 614
610 615
610 616
610 617
611 612
611 613
611 614
611 615
611 616
611 617
612 613
612 614
612 615
612 616
612 617
613 614
613 615
613 616
613 617
614 615
614 616
614 617
615 616
615 617
616 617
618 619
618 620
618 621
619 620
619 621
620 621
622 623
622 624
622 625
622 626
622 627
623 624
623 625
623 626
623 627
624 625
624 626
624 627
625 626
625 627
626 627
628 629
628 630
629 630
631 632
631 633
631 634
632 633
632 634
633 634
635 636
635 637
635 638
636 637
636 638
637 638
639 640
639 641
639 642
639 643
639 644
640 641
640 642
640 643
640 644
641 642
641 643
641 644
642 643
642 644
643 644
