0 1
0 2
0 3
0 4
0 5
0 6
0 90
0 331
1 2
1 3
1 4
1 6
1 308
2 3
2 4
3 4
5 6
5 13
5 19
5 20
5 93
5 127
5 221
5 322
5 331
5 408
6 13
6 20
6 93
6 129
6 164
6 323
6 408
7 8
7 9
7 10
7 11
7 12
7 19
7 23
7 24
7 70
7 84
7 93
7 94
7 115
7 136
7 221
7 222
7 380
7 409
8 9
8 10
8 11
8 12
8 24
8 94
8 136
8 137
8 222
8 369
9 10
9 11
9 12
10 11
10 12
11 12
13 14
13 15
13 16
13 17
13 18
13 288
13 289
13 290
13 307
14 15
14 16
14 17
14 18
14 288
14 289
14 290
15 16
15 17
15 18
16 17
16 18
16 288
16 289
16 290
17 18
17 19
17 288
17 289
17 290
19 20
19 21
19 22
19 23
19 25
19 223
19 252
20 21
20 22
20 23
20 24
20 30
20 70
20 109
20 127
21 22
23 24
23 25
23 29
23 70
23 83
23 210
23 409
24 25
24 30
24 70
26 27
26 28
26 32
26 36
26 49
26 50
26 52
26 56
26 83
26 124
26 391
27 28
27 31
27 32
27 36
29 30
31 32
31 33
31 34
31 35
31 36
31 37
31 38
31 41
31 42
32 33
32 34
32 35
32 36
32 37
32 38
32 41
33 34
33 35
33 36
33 37
33 38
34 35
34 36
34 37
34 38
35 36
35 37
35 38
36 37
36 38
36 41
36 42
37 38
39 40
39 41
39 42
39 43
39 44
39 45
40 41
40 42
40 43
40 44
40 45
41 42
41 43
41 44
41 45
42 43
42 44
42 45
43 44
43 45
44 45
46 47
46 48
46 116
46 124
46 125
46 132
46 182
47 48
47 116
47 132
47 144
47 331
47 332
49 50
49 51
49 52
49 64
49 70
49 81
49 83
49 84
49 413
49 415
50 51
50 52
50 64
50 81
50 83
50 156
50 183
50 336
50 413
50 415
51 52
51 64
51 83
51 119
51 413
51 415
52 64
52 70
52 182
53 54
53 55
53 57
53 83
53 84
53 385
54 55
56 57
56 58
56 59
56 60
56 61
56 62
56 63
56 70
56 71
56 76
56 83
56 84
56 185
56 307
56 308
57 58
57 59
57 60
57 61
57 62
57 63
57 70
57 71
57 76
57 84
57 94
57 185
57 194
57 307
57 308
58 59
58 60
58 61
58 62
58 63
58 70
58 71
58 76
58 94
58 185
58 307
58 308
58 408
59 60
59 61
59 62
59 63
59 70
59 307
60 61
60 62
60 63
60 70
60 71
60 76
60 83
60 84
60 184
60 185
60 288
60 307
60 308
60 309
60 310
60 314
60 372
61 62
61 63
62 63
64 65
64 66
64 67
64 68
64 69
65 66
65 67
65 68
65 69
66 67
66 68
66 69
67 68
67 69
68 69
70 71
70 72
70 73
70 74
70 160
70 184
70 185
70 210
70 233
70 285
70 311
70 380
71 72
71 73
71 74
71 140
71 184
71 185
71 304
72 73
72 74
73 74
75 76
75 77
75 78
75 184
75 343
76 77
76 78
76 84
76 184
76 323
77 78
79 80
79 81
79 82
80 81
80 82
81 82
81 83
81 84
83 84
83 85
83 313
83 314
83 380
83 385
84 85
84 184
86 87
87 323
87 367
88 89
89 90
90 91
90 92
90 111
90 112
90 119
90 120
90 235
90 331
90 332
90 336
90 337
90 394
91 92
91 112
91 120
91 331
91 332
91 337
91 339
91 340
93 94
93 95
93 96
93 97
93 98
93 99
93 100
93 102
93 125
93 160
93 185
93 317
93 322
94 95
94 96
94 97
94 98
94 99
94 101
94 125
94 308
94 317
94 318
94 319
94 320
95 96
95 97
95 98
95 99
96 97
96 98
96 99
97 98
97 99
98 99
100 101
100 102
100 103
100 124
100 181
101 102
101 103
101 125
101 233
101 285
102 103
102 124
102 157
103 348
104 105
104 106
104 107
104 185
105 106
105 107
106 107
108 109
108 110
109 110
109 125
111 112
111 113
111 114
111 119
111 120
111 124
111 336
111 337
112 113
112 114
112 119
112 120
112 332
112 337
113 114
113 367
115 116
115 117
115 118
115 132
115 140
115 181
115 182
116 117
116 118
116 125
116 132
116 133
116 137
116 140
116 144
116 182
116 252
116 253
116 331
116 332
117 118
119 120
119 121
119 122
119 123
119 170
119 181
119 200
119 331
119 367
119 388
119 389
119 390
119 391
120 121
120 122
120 123
120 201
120 331
120 332
120 337
120 391
121 122
121 123
122 123
124 125
124 126
124 181
124 182
124 260
124 331
124 390
124 391
125 126
125 128
125 144
125 182
125 183
125 233
125 331
125 348
127 128
127 129
127 130
127 131
127 221
127 307
127 322
128 129
128 130
128 131
129 130
129 131
130 131
132 133
132 134
132 135
133 134
133 135
133 136
133 137
133 144
134 135
136 137
136 138
136 139
136 140
136 146
136 221
136 348
136 381
136 385
137 138
137 139
137 140
137 141
137 144
137 147
137 148
137 348
137 367
138 139
138 148
140 141
140 142
140 144
140 170
140 187
140 220
140 227
140 248
140 274
140 299
140 409
141 142
141 239
141 240
141 367
142 367
143 144
143 145
144 145
144 182
144 331
144 332
146 147
146 148
146 149
146 150
146 151
146 152
146 153
146 187
146 371
146 380
146 385
147 148
147 149
147 150
147 151
147 153
147 381
148 149
148 150
148 151
149 150
149 151
150 151
152 153
152 154
152 155
152 160
152 162
152 167
152 221
152 256
152 371
152 380
152 385
152 398
152 400
153 154
153 155
153 156
153 160
153 162
153 371
153 372
153 381
153 401
154 155
156 157
156 158
156 159
157 158
157 159
157 390
158 159
160 161
160 162
160 168
160 185
160 187
160 222
160 247
160 303
160 398
160 409
162 256
162 367
163 164
163 165
163 166
163 184
163 322
163 323
164 165
164 166
164 184
164 185
165 166
166 184
167 168
167 169
168 169
168 322
168 323
170 171
170 172
170 173
170 174
170 175
170 176
170 188
170 210
171 172
171 173
171 174
171 175
171 176
171 187
171 188
171 189
171 200
171 210
171 211
171 213
171 215
172 173
172 174
172 175
172 176
172 348
173 174
173 175
173 176
174 175
174 176
175 176
177 178
177 179
177 180
177 182
177 391
178 179
178 180
179 180
181 182
181 183
181 184
182 183
182 184
183 292
183 293
184 185
184 186
184 187
184 301
184 322
184 323
184 325
185 186
185 304
187 188
187 189
187 190
187 191
187 192
187 201
187 210
187 221
187 222
187 233
187 289
188 189
188 190
188 191
188 192
188 201
188 222
189 190
189 191
189 192
189 200
189 219
189 222
190 191
190 192
191 192
193 194
193 195
193 210
193 311
193 313
193 314
194 195
194 201
194 210
194 289
194 311
194 367
196 197
196 198
197 198
197 367
199 367
199 390
200 201
200 202
200 203
200 204
200 219
200 220
200 331
200 332
200 383
201 202
201 203
201 204
201 211
201 217
201 220
201 332
201 337
201 351
202 203
202 204
203 204
205 206
205 207
205 208
205 209
206 207
206 208
206 209
206 213
206 215
207 208
207 209
208 209
210 211
210 212
210 213
210 214
210 215
210 216
210 227
210 247
210 248
210 281
210 282
210 322
210 323
210 365
211 212
211 213
211 214
211 215
211 216
211 367
212 213
212 214
212 215
212 216
212 218
212 220
212 247
212 338
212 368
212 384
212 417
212 418
213 214
213 215
213 216
213 243
213 247
213 248
214 215
214 216
215 216
215 220
215 248
215 281
215 282
215 367
215 368
217 218
217 219
217 220
218 219
218 220
218 308
218 349
219 220
220 349
221 222
221 223
221 224
221 225
221 348
221 385
221 409
222 223
222 224
222 225
222 233
223 224
223 225
224 225
224 322
226 233
227 228
227 229
227 230
227 231
227 232
227 233
227 311
228 229
228 230
228 231
228 232
228 233
228 308
229 230
229 231
229 232
230 231
230 232
231 232
233 234
233 235
233 236
233 237
233 238
233 239
233 240
233 247
233 248
233 304
233 308
233 349
234 235
234 236
234 237
234 238
234 239
234 264
234 294
235 236
235 237
235 238
236 237
236 238
237 238
239 240
239 241
239 248
239 256
240 241
240 248
240 323
242 243
242 244
242 245
242 246
243 244
243 245
243 246
243 319
244 245
244 246
245 246
247 248
247 249
247 250
247 251
247 311
247 317
248 249
248 250
248 251
248 318
248 319
249 250
249 251
250 251
252 253
252 254
252 255
253 254
253 255
254 255
256 257
256 258
256 259
256 289
256 307
256 317
257 258
257 259
257 270
257 271
257 272
257 290
257 307
257 312
258 259
260 261
260 262
260 263
260 271
260 272
260 312
260 317
260 319
261 262
261 263
261 269
261 270
261 271
261 272
261 308
261 318
261 319
261 320
262 263
262 304
264 265
264 266
264 267
264 268
264 269
264 288
264 289
264 317
265 266
265 267
265 268
265 286
265 289
265 317
265 318
265 320
266 267
266 268
267 268
267 272
269 270
269 271
269 272
269 273
269 285
269 288
269 289
269 290
269 308
269 311
269 350
269 351
269 354
270 271
270 272
270 273
270 285
270 288
270 289
270 290
270 304
270 308
270 311
270 312
270 350
270 351
270 355
271 272
271 273
271 290
271 351
271 355
272 273
272 290
272 351
272 355
274 275
274 276
274 277
274 285
274 288
274 289
274 314
274 349
275 276
275 277
275 285
275 286
275 308
275 312
275 348
275 349
276 277
276 286
277 285
277 286
278 279
278 280
279 280
279 390
281 282
281 283
281 284
281 331
281 348
281 349
281 423
282 283
282 284
282 343
282 344
282 349
282 423
283 284
285 286
285 287
285 288
285 290
285 293
285 308
285 311
285 313
285 314
285 350
285 351
286 287
286 288
286 289
286 290
286 308
286 311
286 312
286 313
286 314
288 289
288 290
288 291
288 303
288 304
288 308
288 314
288 338
288 350
288 351
288 354
289 290
289 291
289 303
289 304
289 307
289 308
289 313
289 314
289 350
289 354
290 291
290 303
290 304
290 307
290 308
290 312
290 314
290 320
290 351
290 407
293 294
293 295
293 296
293 297
293 307
294 295
294 296
294 297
295 296
295 297
296 297
298 299
298 300
298 301
298 302
298 303
298 312
298 348
298 383
299 300
299 301
299 302
299 303
299 311
300 301
300 302
300 348
301 302
303 304
303 305
303 306
303 307
303 308
303 311
303 313
303 376
303 402
303 403
303 407
303 408
304 305
304 306
304 307
304 308
304 314
304 351
304 402
304 403
304 407
304 408
305 306
307 308
307 309
307 310
307 311
307 314
307 372
307 407
308 309
308 310
308 311
308 314
308 318
308 372
308 408
309 310
311 312
311 313
311 314
311 315
311 316
311 331
311 383
311 409
311 410
312 313
312 314
312 315
312 316
312 331
312 350
312 351
312 367
313 314
313 315
313 316
313 331
313 350
313 423
314 315
314 316
314 331
314 350
314 423
315 316
317 318
317 319
317 320
317 321
317 354
318 319
318 320
318 321
318 408
319 320
319 321
320 321
322 323
322 324
322 325
322 326
322 429
323 324
323 325
323 326
323 332
323 348
323 367
324 325
324 326
325 326
327 328
327 329
327 330
327 349
328 329
328 330
328 349
329 330
329 367
331 332
331 333
331 334
331 335
331 336
331 337
331 338
331 390
331 391
332 333
332 334
332 335
332 337
332 391
333 334
333 335
334 335
336 337
336 338
336 339
336 340
336 341
336 342
336 369
337 338
337 339
337 340
337 341
337 342
337 344
337 367
338 339
338 340
338 341
338 342
338 344
338 348
339 340
339 341
339 342
340 341
340 342
341 342
343 344
343 345
343 346
343 347
343 369
344 345
344 346
344 347
344 365
344 367
345 346
345 347
346 347
348 349
348 385
348 391
348 423
349 408
349 432
349 433
350 351
350 352
350 353
350 380
350 381
350 383
351 352
351 353
351 382
352 353
354 355
354 356
354 357
355 356
355 357
355 367
356 357
358 359
358 360
358 361
358 362
359 360
359 361
359 362
360 361
360 362
360 367
361 362
363 364
363 367
365 366
365 367
367 368
367 369
367 370
367 371
367 372
367 380
367 381
367 408
367 410
367 425
368 369
370 371
370 372
370 373
370 374
371 372
371 373
371 374
371 381
371 385
372 373
372 374
372 381
373 374
375 376
375 377
375 378
375 379
376 377
376 378
376 379
377 378
377 379
378 379
380 381
380 382
380 383
380 384
380 385
380 386
380 387
380 422
381 382
381 383
381 384
381 385
381 386
381 387
381 422
382 383
382 384
382 385
382 386
382 387
382 422
383 384
383 385
383 386
383 387
384 385
384 386
384 387
385 386
385 387
385 409
385 422
386 387
388 389
388 390
388 391
388 392
388 393
389 390
389 391
389 392
389 393
390 391
390 392
390 393
391 392
391 393
392 393
394 395
394 396
394 397
395 396
395 397
396 397
398 399
400 401
402 403
402 404
402 405
402 406
402 407
402 408
403 404
403 405
403 406
403 407
403 408
404 405
404 406
404 407
404 408
405 406
405 407
405 408
406 407
406 408
407 408
409 410
409 411
409 412
410 411
410 412
411 412
413 414
415 416
417 418
417 419
417 420
417 421
418 419
418 420
418 421
419 420
419 421
420 421
424 425
424 426
424 427
424 428
425 426
425 427
425 428
426 427
426 428
427 428
429 430
429 431
430 431
432 433
