0 1
0 2
0 3
0 4
0 5
0 6
0 11
0 12
0 131
0 173
0 189
0 204
0 267
0 271
0 360
0 376
0 377
1 2
1 3
1 4
1 5
1 6
1 132
1 205
1 267
1 360
1 377
2 3
2 4
2 5
2 6
2 10
2 12
2 13
2 131
2 264
2 267
2 357
2 360
3 4
3 5
4 5
5 376
6 7
6 8
6 9
6 10
6 406
7 8
7 9
7 10
8 9
8 10
9 10
9 286
9 287
11 12
11 13
11 14
11 21
11 22
11 23
11 24
11 107
11 131
11 375
11 396
11 592
11 597
12 13
12 14
12 21
12 22
12 23
12 24
12 375
12 592
12 598
13 14
13 328
13 592
13 597
14 21
14 22
14 24
15 16
15 17
15 33
15 35
15 37
15 38
15 425
15 427
15 428
15 466
16 17
16 32
16 330
16 428
16 466
17 131
17 550
17 551
17 554
18 19
18 20
18 32
18 33
18 34
18 35
18 37
18 38
18 46
19 20
21 22
21 23
21 24
21 25
21 26
21 27
21 28
21 29
21 127
21 128
21 131
21 132
21 137
21 153
21 179
21 329
21 333
21 380
21 453
22 23
22 24
22 25
22 26
22 27
22 28
22 29
22 127
22 131
22 135
22 136
22 138
22 329
23 24
23 25
23 26
23 27
23 28
23 29
23 37
23 38
23 48
23 127
23 131
23 135
23 189
23 554
23 555
23 596
24 25
24 26
24 27
24 28
24 29
24 30
24 31
24 48
24 71
24 132
24 381
24 548
25 26
25 27
26 27
28 29
28 30
28 31
28 48
28 127
28 131
28 573
29 30
29 31
29 131
29 574
30 31
32 33
32 34
32 35
32 36
32 37
32 38
32 39
32 40
32 137
33 34
33 35
33 36
33 37
33 38
33 39
33 40
33 381
33 433
33 434
34 35
34 36
34 37
34 38
34 39
34 40
34 51
34 55
34 550
34 551
34 560
34 570
35 36
35 37
35 38
35 39
35 40
35 555
36 37
36 38
36 39
37 38
37 39
37 40
37 550
37 555
38 39
38 40
38 551
38 555
40 41
40 42
40 43
40 44
40 45
40 46
40 527
40 548
40 549
41 42
41 43
41 44
41 45
41 46
41 555
42 43
42 44
42 45
43 44
43 45
44 45
46 47
46 48
46 49
46 51
46 55
46 71
46 72
46 137
46 588
47 48
47 49
48 49
48 548
48 588
48 603
50 51
50 52
50 53
50 54
51 52
51 53
51 54
51 85
51 180
52 53
52 54
53 54
55 56
55 57
55 58
55 204
55 205
55 550
56 57
56 58
56 205
57 58
59 60
59 61
59 62
59 63
59 64
59 65
59 66
59 67
59 71
59 74
59 89
59 137
59 189
59 488
59 489
59 490
59 494
59 573
59 592
60 61
60 62
60 63
60 64
60 65
60 66
60 67
60 74
60 75
60 85
60 89
60 488
60 494
60 592
60 593
61 62
61 63
61 64
61 65
61 66
61 67
62 63
62 64
62 65
62 66
62 67
62 74
62 455
62 488
63 64
63 65
63 66
63 67
63 75
63 77
63 89
64 65
64 66
64 67
65 66
65 67
66 67
66 73
66 89
66 385
66 431
66 488
66 494
66 534
68 69
68 70
68 78
68 84
68 85
69 70
69 78
69 79
71 72
71 73
71 78
71 79
71 84
71 85
71 86
72 73
72 78
72 79
72 84
72 85
72 86
74 75
74 488
75 85
76 77
78 79
78 80
78 81
78 82
78 83
78 84
78 85
78 86
78 98
78 230
78 304
78 333
78 449
78 564
79 80
79 81
79 82
79 83
79 84
79 85
79 86
79 98
79 230
79 304
80 81
80 82
80 83
81 82
81 83
82 83
84 85
84 86
84 87
84 88
84 137
84 189
84 243
84 617
85 86
85 87
85 88
85 137
86 87
86 88
86 91
86 308
86 326
87 88
89 90
89 91
89 92
90 91
90 92
91 92
93 94
93 95
93 96
93 97
93 195
93 527
94 95
94 96
94 97
95 96
95 97
96 97
98 99
98 100
98 101
98 102
98 103
98 104
98 105
98 461
99 100
99 101
99 102
99 103
99 104
99 105
99 461
100 101
100 102
100 103
100 104
100 105
101 102
101 103
101 104
101 105
102 103
102 104
102 105
103 104
103 105
104 105
106 107
106 108
106 109
107 108
107 109
108 109
108 545
110 111
110 112
110 113
110 114
110 115
110 195
110 286
110 287
110 291
110 292
110 348
111 112
111 113
111 114
111 115
111 180
111 287
111 292
111 330
112 113
112 114
112 115
112 195
112 211
113 114
113 115
113 323
113 332
114 115
114 214
116 117
116 118
116 183
116 195
116 286
116 287
116 291
116 292
117 118
117 292
118 182
118 264
119 120
119 121
119 122
119 123
119 127
119 128
119 262
119 272
120 121
120 122
120 123
120 262
120 263
120 264
120 271
120 272
120 329
121 122
121 123
122 123
124 125
124 126
124 127
124 128
124 132
124 183
124 184
124 257
124 380
124 381
124 441
124 596
124 597
125 126
125 127
125 128
125 131
125 132
125 184
125 257
125 381
125 406
125 597
127 128
127 129
127 130
127 131
127 132
127 133
127 134
127 135
127 136
127 204
127 340
127 592
127 593
127 597
127 631
128 129
128 130
128 131
128 132
128 133
128 134
128 135
128 136
128 204
128 592
128 593
128 596
128 597
128 631
129 130
129 131
129 132
129 133
129 134
129 135
129 136
130 131
130 132
130 133
130 134
130 135
130 136
131 132
131 133
131 134
131 135
131 136
131 180
131 204
131 205
131 441
131 442
131 592
131 593
131 597
131 631
132 133
132 134
132 135
132 136
132 205
132 593
132 597
132 631
133 134
133 135
133 136
134 135
134 136
135 136
137 138
137 139
137 140
137 141
137 142
137 143
137 144
137 145
137 146
137 147
137 148
137 161
137 162
137 163
137 167
137 168
137 169
137 173
137 174
137 179
137 195
137 249
137 286
137 291
137 302
137 303
137 304
137 312
137 329
137 355
137 376
137 392
137 393
137 399
137 406
137 407
137 420
137 433
137 434
137 449
137 465
137 466
137 469
137 470
137 488
137 534
137 564
137 565
138 139
138 140
138 141
138 142
138 143
138 144
138 145
138 146
138 167
139 140
139 141
139 142
139 143
139 144
139 145
139 146
139 148
140 141
140 142
140 143
140 144
140 145
140 146
141 142
141 143
141 144
141 145
141 146
142 143
142 144
142 145
142 146
143 144
143 145
143 146
144 145
144 146
144 147
145 146
147 148
147 149
147 150
147 151
147 152
147 153
147 157
147 161
147 189
147 330
147 335
147 336
147 417
147 511
147 543
147 551
147 561
148 149
148 150
148 151
148 152
148 157
148 161
148 162
148 163
148 167
148 168
148 189
148 543
148 555
149 150
149 151
149 152
150 151
150 152
150 168
150 189
150 366
150 534
150 535
150 539
150 540
151 152
151 190
151 366
152 167
152 168
153 154
153 155
153 156
153 337
154 155
154 156
155 156
157 158
157 159
157 160
157 174
157 179
157 189
158 159
158 160
158 179
159 160
159 179
159 180
159 214
159 560
161 162
161 163
161 164
161 165
161 166
161 167
161 168
161 169
161 174
161 175
161 302
161 303
161 304
161 392
161 406
162 163
162 164
162 165
162 166
162 167
162 168
162 169
162 175
162 205
162 302
162 303
163 164
163 165
163 166
163 167
163 168
163 169
163 175
163 205
163 302
163 303
164 165
164 166
164 167
164 168
164 169
164 214
164 304
164 566
165 166
165 167
165 168
165 169
165 214
165 304
166 167
166 168
166 169
167 168
167 169
167 175
167 203
168 169
168 203
168 264
170 171
170 172
170 173
171 172
171 173
172 173
173 179
173 271
173 534
173 535
173 539
173 540
174 175
174 176
174 177
174 178
174 179
174 182
174 312
174 568
174 578
174 584
175 176
175 177
175 178
175 179
175 203
175 568
175 569
175 571
175 574
175 578
176 177
176 178
177 178
179 180
179 181
179 182
179 193
179 194
179 222
179 281
179 333
179 336
179 510
179 529
179 548
179 549
179 550
179 551
179 554
180 181
180 182
180 193
180 194
180 195
180 196
180 281
180 548
180 550
180 551
180 554
180 555
180 578
181 182
182 193
182 194
182 203
182 351
182 548
182 568
183 184
183 185
183 189
183 193
184 185
184 190
184 193
184 194
184 407
184 517
186 187
186 188
186 189
186 249
186 434
186 560
186 561
186 564
186 565
186 566
186 578
187 188
187 249
187 263
187 433
187 567
187 578
189 190
189 191
189 192
189 193
189 194
189 196
189 222
189 561
190 191
190 192
190 194
190 196
190 222
190 223
190 254
190 255
190 530
191 192
191 564
193 194
193 195
193 196
193 197
193 198
193 199
193 200
193 210
193 211
193 212
193 215
193 219
193 342
194 195
194 196
194 197
194 198
194 199
194 200
194 210
194 215
194 219
194 220
194 349
195 196
195 197
195 198
195 199
195 200
195 202
195 210
195 214
195 215
195 219
195 239
195 324
195 327
195 340
195 347
195 395
195 398
195 546
196 197
196 198
196 199
196 200
196 210
196 214
196 215
197 198
197 199
197 200
198 199
198 200
199 200
201 202
201 203
202 203
204 205
204 206
204 207
204 208
204 209
204 277
204 278
204 342
205 206
205 207
205 208
205 209
205 278
206 207
206 208
206 209
207 208
207 209
208 209
210 211
210 212
210 213
210 214
210 215
210 216
210 217
210 218
210 219
210 220
210 235
210 236
210 507
210 529
210 530
210 585
211 212
211 213
211 214
211 215
211 216
211 217
211 218
211 219
211 220
211 235
211 529
212 213
212 214
212 215
212 216
212 217
212 218
212 220
212 529
212 530
213 214
213 215
213 216
213 217
213 218
214 215
214 216
214 217
214 218
214 219
214 220
214 232
214 235
214 356
214 392
214 506
214 529
214 530
214 585
214 586
215 216
215 217
215 218
215 219
215 220
215 507
215 529
215 530
215 531
215 585
216 217
216 218
217 218
219 220
219 221
219 249
219 340
219 348
220 221
220 249
220 344
222 223
222 224
222 225
222 226
222 227
222 228
222 229
222 347
222 349
222 534
222 535
222 539
222 540
223 224
223 225
223 226
223 227
223 228
223 229
223 341
223 349
224 225
224 226
224 227
224 228
224 229
225 226
225 227
225 228
225 229
226 227
226 228
226 229
227 228
227 229
228 229
228 245
230 231
230 232
230 233
230 234
230 380
231 232
231 233
231 234
232 233
232 234
233 234
235 236
235 237
235 238
235 461
235 545
236 237
236 238
237 238
239 240
239 241
239 242
239 449
239 545
239 546
240 241
240 242
240 249
241 242
243 244
243 245
243 246
243 249
243 546
244 245
244 246
244 469
245 246
245 247
245 248
245 262
245 263
245 292
245 529
245 530
246 247
246 248
246 263
246 292
246 529
247 248
249 250
249 251
249 252
249 253
249 286
249 291
249 292
249 297
249 312
249 317
249 333
249 341
249 347
249 348
249 453
249 480
249 483
249 502
250 251
250 252
250 253
251 252
251 253
252 253
253 272
253 305
254 255
254 256
255 256
257 258
257 259
257 260
257 261
258 259
258 260
258 261
258 349
259 260
259 261
260 261
262 263
262 264
262 265
262 266
262 286
262 287
262 304
262 355
263 264
263 265
263 266
263 286
263 287
263 356
264 265
264 266
264 286
264 287
264 350
264 356
265 266
267 268
267 269
267 270
267 271
267 272
267 376
268 269
268 270
268 272
268 376
269 270
271 272
271 273
271 274
271 275
271 377
271 592
272 273
272 274
272 275
272 276
272 377
272 592
273 274
275 276
275 277
275 278
275 279
275 280
275 286
275 287
276 277
276 278
276 279
276 280
277 278
277 279
277 280
278 279
278 280
279 280
281 282
281 283
281 284
281 285
281 286
281 287
282 283
282 284
282 285
282 287
283 284
283 285
284 285
286 287
286 288
286 289
286 290
286 330
286 388
286 502
286 610
287 288
287 289
287 290
287 330
287 388
287 610
287 611
288 289
288 290
289 290
291 292
291 293
291 294
291 302
291 303
291 304
291 305
291 317
291 318
291 388
291 527
291 584
292 293
292 294
292 302
292 303
292 317
292 318
292 388
292 584
293 294
295 296
295 297
295 298
296 297
296 298
297 298
299 300
299 301
299 376
300 301
302 303
302 304
302 305
302 306
302 307
302 308
302 309
302 310
302 311
302 317
302 318
302 388
302 494
302 527
302 584
302 586
303 304
303 305
303 306
303 307
303 308
303 309
303 310
303 311
303 313
303 317
303 318
303 388
303 495
303 527
303 584
303 585
304 305
304 306
304 307
304 308
304 309
304 310
304 311
304 313
304 317
304 318
304 366
304 388
304 527
304 528
304 585
305 306
305 307
305 308
305 309
305 310
305 311
305 317
305 318
305 334
305 527
305 584
305 585
306 307
306 308
306 309
306 310
306 311
307 308
307 309
307 310
307 311
308 309
308 310
308 311
309 310
309 311
310 311
312 313
312 314
312 315
312 316
312 376
312 464
312 465
313 314
313 315
313 316
313 465
314 315
314 316
314 317
314 318
315 316
315 317
315 318
317 318
317 319
317 320
317 399
317 584
318 319
318 320
319 320
321 322
321 330
323 324
323 325
323 332
325 326
325 327
325 328
325 329
325 330
325 337
325 338
325 366
325 367
325 383
325 384
326 327
326 328
327 328
328 367
329 330
329 331
329 332
329 333
329 334
329 335
329 336
329 337
329 340
329 343
329 355
329 356
329 366
329 367
329 384
329 385
329 406
329 407
329 453
329 502
329 529
330 331
330 332
330 333
330 334
330 338
330 342
330 343
330 344
330 347
330 348
330 355
330 356
330 358
330 366
330 367
330 384
330 385
330 453
330 454
330 597
331 332
331 341
331 347
331 355
331 356
331 358
332 333
332 334
332 335
332 336
332 337
332 338
332 347
332 348
332 356
332 357
332 358
332 367
332 377
332 453
333 334
333 335
333 336
333 337
333 338
333 340
333 341
333 342
333 343
333 344
333 355
333 356
333 366
333 376
333 383
333 384
333 385
333 453
333 465
333 466
333 469
333 488
334 335
334 336
334 338
334 342
334 343
334 344
334 348
334 355
334 356
334 358
334 366
334 367
334 376
334 385
334 400
334 453
334 454
335 336
335 337
335 338
335 355
335 356
335 358
335 385
336 356
337 338
337 339
337 342
337 343
337 344
337 355
337 366
337 367
337 373
337 383
337 385
338 339
338 341
338 342
338 344
338 348
338 355
338 357
338 366
340 341
340 342
340 343
340 344
340 345
340 346
340 347
340 348
340 349
340 350
340 351
340 352
340 353
340 354
340 355
340 356
340 357
340 358
340 359
340 380
340 453
341 342
341 343
341 344
341 345
341 346
341 347
341 348
341 349
341 350
341 351
341 352
341 353
341 354
341 355
341 356
341 357
341 358
341 359
341 380
341 381
341 392
341 494
341 502
341 522
341 540
342 343
342 344
342 345
342 346
342 347
342 348
342 349
342 350
342 351
342 352
342 353
342 354
342 355
342 356
342 357
342 358
342 359
342 366
342 376
342 406
342 449
342 588
343 344
343 345
343 346
343 347
343 348
343 349
343 350
343 351
343 352
343 353
343 354
343 355
343 356
343 357
343 358
343 359
343 366
343 367
343 589
344 345
344 346
344 347
344 348
344 349
344 350
344 351
344 352
344 353
344 354
344 355
344 356
344 357
344 358
344 359
344 363
344 366
344 367
345 346
345 347
345 348
345 349
345 350
345 351
345 352
345 353
345 354
345 355
345 356
345 357
345 358
345 359
346 347
346 348
346 349
346 350
346 351
346 352
346 353
346 354
346 355
346 356
346 357
346 358
346 359
347 348
347 349
347 350
347 351
347 352
347 353
347 354
347 355
347 356
347 357
347 358
347 359
347 392
347 406
347 481
347 488
347 502
347 522
347 539
347 545
347 564
348 349
348 350
348 351
348 352
348 353
348 354
348 355
348 356
348 357
348 358
348 359
348 502
349 350
349 351
349 352
349 353
349 354
349 355
349 356
349 357
349 358
349 359
349 365
349 366
349 367
349 377
349 384
349 502
349 503
349 504
349 505
349 589
350 351
350 352
350 353
350 354
350 355
350 356
350 357
350 358
350 359
351 352
351 353
351 354
351 355
351 356
351 357
351 358
351 359
352 353
352 354
352 355
352 356
352 357
352 358
352 359
353 354
353 355
353 356
353 357
353 358
353 359
354 355
354 356
354 357
354 358
354 359
355 356
355 357
355 358
355 359
355 366
355 367
355 373
355 374
355 375
355 376
355 377
355 380
355 383
355 384
355 453
356 357
356 358
356 359
356 366
356 367
356 373
356 374
356 375
356 376
356 377
356 381
356 453
356 454
356 502
357 358
357 359
357 377
358 359
358 366
358 367
358 373
358 374
358 375
358 377
358 381
358 453
359 376
360 361
360 362
360 376
360 406
361 362
362 376
362 377
363 364
363 365
364 365
365 366
365 377
366 367
366 368
366 376
366 377
366 380
366 383
366 385
366 386
366 399
366 417
366 418
366 436
366 498
367 368
367 376
367 377
367 381
367 386
367 435
367 444
367 498
369 370
369 371
369 372
369 566
370 371
370 372
371 372
373 374
373 375
374 375
376 377
376 378
376 379
376 380
376 381
376 383
376 453
377 378
377 379
377 381
377 386
378 379
380 381
380 382
380 399
380 425
380 564
381 382
381 399
381 447
382 545
383 384
383 385
383 386
383 387
383 399
383 406
383 407
383 413
384 385
384 386
384 387
384 392
384 393
384 406
384 414
385 386
385 387
385 406
386 387
386 406
386 407
386 441
388 389
388 390
388 391
388 392
388 393
388 406
388 407
388 449
389 390
389 391
389 392
389 393
389 406
390 391
392 393
392 394
392 395
392 398
392 399
392 400
392 406
392 453
392 454
392 461
392 625
393 394
393 395
393 396
393 398
393 400
394 395
396 397
396 398
396 407
397 398
399 400
399 401
399 402
399 403
399 404
399 405
399 406
399 420
400 401
400 402
400 403
400 404
400 405
400 406
400 407
400 414
400 422
401 402
401 403
401 404
401 405
402 403
402 404
402 405
403 404
403 405
404 405
406 407
406 408
406 409
406 410
406 441
406 488
406 494
406 534
406 539
406 578
407 408
407 409
407 410
407 442
407 457
407 578
408 409
408 410
409 410
411 412
411 566
413 414
413 415
413 416
413 417
413 418
413 419
413 614
414 415
414 416
414 417
414 418
414 419
414 615
415 416
415 417
415 418
415 419
416 417
416 418
416 419
417 418
417 419
418 419
420 421
420 422
420 423
420 424
421 422
421 423
421 424
422 423
422 424
423 424
425 426
425 427
425 428
425 429
425 430
425 431
425 432
425 433
425 434
425 441
425 442
425 449
425 564
426 427
426 428
426 429
426 430
426 431
426 432
426 433
426 434
426 618
427 428
427 429
427 430
427 431
427 432
427 433
427 451
427 483
428 429
428 430
428 431
428 432
428 433
429 430
429 431
429 432
430 431
430 432
431 432
433 434
433 441
433 442
433 449
433 450
433 454
433 469
434 441
434 442
434 450
434 469
434 555
435 436
435 437
435 438
435 439
435 440
436 437
436 438
436 439
436 440
437 438
437 439
437 440
438 439
438 440
439 440
441 442
441 443
441 444
441 445
441 446
441 447
441 448
441 449
441 450
442 443
442 444
442 445
442 446
442 447
442 448
442 449
442 450
443 444
443 445
443 446
443 447
443 448
444 445
444 446
444 447
444 448
445 446
445 447
445 448
446 447
446 448
447 448
448 449
449 450
449 451
449 452
449 469
449 494
449 502
450 451
450 452
450 462
450 490
450 555
451 452
453 454
453 469
455 456
455 457
456 457
456 464
456 466
457 462
457 464
457 465
457 466
458 459
458 460
458 465
458 466
458 488
458 490
459 460
459 488
459 490
461 462
461 463
461 464
461 465
461 466
461 469
461 477
461 479
461 480
461 486
462 463
462 464
462 465
462 466
462 479
462 480
462 482
462 486
462 495
464 465
464 466
464 467
464 468
464 469
464 472
464 473
464 474
464 477
464 486
464 488
464 494
465 466
465 467
465 468
465 472
465 473
465 474
465 477
465 478
465 486
465 488
465 495
466 467
466 468
466 472
466 473
466 477
466 478
466 486
466 488
466 490
466 495
467 468
469 470
469 471
469 479
469 489
470 471
470 479
470 480
470 490
470 495
470 499
472 473
472 474
472 475
472 476
472 477
472 478
473 474
473 475
473 476
473 477
473 478
474 475
474 476
474 477
474 478
475 476
475 477
475 478
476 477
476 478
477 478
479 480
479 481
479 482
479 483
479 484
479 488
479 490
480 481
480 482
480 483
480 484
480 489
480 490
481 482
481 483
481 484
482 483
482 484
482 488
482 490
483 484
485 486
485 487
486 487
488 489
488 490
488 491
488 492
488 493
488 494
488 495
488 502
488 631
489 490
489 491
489 492
489 493
489 495
490 491
490 492
490 493
490 494
490 495
491 492
491 493
492 493
494 495
494 496
494 497
495 496
495 497
496 497
498 499
498 500
498 501
499 500
499 501
500 501
502 503
502 504
502 505
503 504
503 505
504 505
506 507
506 508
506 509
507 508
507 509
508 509
510 511
510 512
510 513
510 514
510 515
511 512
511 513
511 514
511 515
512 513
512 514
512 515
513 514
513 515
514 515
516 517
516 518
516 519
516 520
516 521
516 527
517 518
517 519
517 520
517 521
518 519
518 520
518 521
519 520
519 521
520 521
522 523
522 524
522 525
522 526
522 551
523 524
523 525
523 526
523 566
524 525
524 526
524 545
525 526
527 528
527 584
529 530
529 531
529 532
529 533
529 534
529 535
529 540
529 545
529 546
530 531
530 532
530 533
530 545
530 546
531 532
531 533
531 560
532 533
534 535
534 536
534 537
534 538
534 539
534 540
534 541
534 542
534 543
534 544
534 545
535 536
535 537
535 538
535 539
535 540
535 541
535 542
535 543
535 544
535 545
536 537
536 538
536 539
536 540
536 541
536 542
536 543
536 544
537 538
537 539
537 540
537 541
537 542
537 543
537 544
538 539
538 540
538 541
538 542
538 543
538 544
539 540
539 541
539 542
539 543
539 544
539 568
540 541
540 542
540 543
540 544
540 545
541 542
541 543
541 544
542 543
542 544
543 544
543 546
544 546
545 546
545 547
546 547
547 566
548 549
548 550
548 551
548 552
548 553
548 554
548 555
548 556
548 557
548 558
548 559
548 577
548 603
549 550
549 551
549 552
549 553
549 554
549 555
549 556
549 557
549 558
549 559
549 603
550 551
550 552
550 553
550 554
550 555
550 556
550 557
550 558
550 559
551 552
551 553
551 554
551 555
551 556
551 557
551 558
551 559
552 553
552 554
552 555
552 556
552 557
552 558
552 559
553 554
553 555
553 556
553 557
553 558
553 559
554 555
554 556
554 557
554 558
554 559
555 556
555 557
555 558
555 559
555 604
556 557
556 558
556 559
557 558
557 559
558 559
560 561
560 562
560 563
560 564
560 577
560 584
561 562
561 563
561 564
561 577
561 584
561 601
562 563
564 565
564 566
564 567
564 568
564 574
564 578
564 588
564 591
565 566
565 567
565 574
565 578
565 589
565 591
566 567
566 574
567 574
567 591
568 569
568 570
568 571
568 572
569 570
569 571
569 572
570 571
570 572
571 572
573 574
573 575
573 576
574 575
574 576
575 576
577 578
577 579
578 579
578 580
580 581
580 582
580 583
581 582
581 583
582 583
584 585
584 586
584 587
585 586
585 587
586 587
588 589
588 590
588 591
589 590
589 591
590 591
592 593
592 594
592 595
593 594
593 595
594 595
596 597
596 598
596 599
596 600
597 598
597 599
597 600
598 599
598 600
599 600
601 602
603 604
603 605
603 606
603 607
603 608
604 605
604 606
604 607
604 608
605 606
605 607
605 608
606 607
606 608
607 608
609 610
609 611
609 612
609 613
610 611
610 612
610 613
611 612
611 613
612 613
614 615
614 616
615 616
617 618
617 619
617 620
618 619
618 620
619 620
621 622
621 623
621 624
621 625
621 626
621 627
621 628
622 623
622 624
622 625
622 626
622 627
622 628
623 624
623 625
623 626
623 627
623 628
624 625
624 626
624 627
624 628
625 626
625 627
625 628
626 627
626 628
627 628
629 630
629 631
629 632
630 631
630 632
631 632
