0 1
0 2
0 3
0 4
0 5
0 6
0 7
0 8
0 9
0 10
0 11
0 12
0 13
0 14
0 15
0 16
0 17
0 355
0 356
0 494
0 513
0 639
0 1054
0 1055
0 1056
0 1060
1 2
1 3
1 4
1 5
1 6
1 7
1 8
1 9
1 10
1 11
1 12
1 13
1 14
1 15
1 16
1 17
1 384
1 385
2 3
2 4
2 5
2 6
2 7
2 8
2 9
2 10
2 11
2 12
2 13
2 14
2 15
2 381
2 511
3 4
3 5
3 6
3 7
3 8
3 9
3 10
3 11
3 12
3 13
3 14
3 15
4 5
4 6
4 7
4 8
4 9
4 10
4 11
4 12
4 13
4 14
4 15
4 243
5 6
5 7
5 8
5 9
5 10
5 11
5 12
5 13
5 14
5 15
6 7
6 8
6 9
6 10
6 11
6 12
6 13
6 14
6 15
7 8
7 9
7 10
7 11
7 12
7 13
7 14
7 15
7 381
7 461
7 492
7 511
7 1432
8 9
8 10
8 11
8 12
8 13
8 14
8 15
8 493
8 494
8 516
9 10
9 11
9 12
9 13
9 14
9 15
10 11
10 12
10 13
10 14
10 15
11 12
11 13
11 14
11 15
12 13
12 14
12 15
13 14
13 15
14 15
16 17
16 18
16 24
16 33
16 34
16 614
17 18
17 20
17 28
17 33
18 21
18 24
18 28
18 29
18 32
19 1156
20 21
20 22
20 23
20 24
20 28
20 60
20 120
20 523
20 1346
20 1414
21 22
21 23
21 24
21 121
21 1106
21 1333
21 1346
21 1404
22 23
22 66
24 25
24 26
24 27
24 29
24 33
24 762
24 1307
24 1368
24 1466
24 1469
24 1472
24 1550
25 26
25 27
26 27
28 29
28 30
28 31
29 30
29 31
30 31
32 33
32 34
32 35
32 36
32 37
32 38
32 39
32 40
32 41
32 42
32 43
32 44
32 45
32 46
32 47
32 48
32 49
32 50
32 51
32 52
32 53
32 54
32 55
32 56
32 57
32 58
32 59
32 61
32 97
32 99
33 34
33 35
33 36
33 37
33 38
33 39
33 40
33 41
33 42
33 43
33 44
33 45
33 46
33 47
33 48
33 49
33 50
33 51
33 52
33 53
33 54
33 55
33 56
33 57
33 58
33 59
33 60
33 61
33 62
33 64
33 66
33 70
33 74
33 84
33 85
33 88
33 89
33 194
33 311
33 528
33 529
33 530
33 531
33 532
33 548
33 589
33 590
33 1422
34 35
34 36
34 37
34 38
34 39
34 40
34 41
34 42
34 43
34 44
34 45
34 46
34 47
34 48
34 49
34 50
34 51
34 52
34 53
34 54
34 55
34 56
34 57
34 58
34 59
34 85
34 89
35 36
35 37
35 38
35 39
35 40
35 41
35 42
35 43
35 44
35 45
35 46
35 47
35 48
35 49
35 50
35 51
35 52
35 53
35 54
35 55
35 56
35 57
35 58
35 59
36 37
36 38
36 39
36 40
36 41
36 42
36 43
36 44
36 45
36 46
36 47
36 48
36 49
36 50
36 51
36 52
36 53
36 54
36 55
36 56
36 57
36 58
36 59
36 60
37 38
37 39
37 40
37 41
37 42
37 43
37 44
37 45
37 46
37 47
37 48
37 49
37 50
37 51
37 52
37 53
37 54
37 55
37 56
37 57
37 58
37 59
37 60
37 1113
38 39
38 40
38 41
38 42
38 43
38 44
38 45
38 46
38 47
38 48
38 49
38 50
38 51
38 52
38 53
38 54
38 55
38 56
38 57
38 58
38 59
39 40
39 41
39 42
39 43
39 44
39 45
39 46
39 47
39 48
39 49
39 50
39 51
39 52
39 53
39 54
39 55
39 56
39 57
39 58
39 59
40 41
40 42
40 43
40 44
40 45
40 46
40 47
40 48
40 49
40 50
40 51
40 52
40 53
40 54
40 55
40 56
40 57
40 58
40 59
40 528
41 42
41 43
41 44
41 45
41 46
41 47
41 48
41 49
41 50
41 51
41 52
41 53
41 54
41 55
41 56
41 57
41 58
41 59
42 43
42 44
42 45
42 46
42 47
42 48
42 49
42 50
42 51
42 52
42 53
42 54
42 55
42 56
42 57
42 58
42 59
43 44
43 45
43 46
43 47
43 48
43 49
43 50
43 51
43 52
43 53
43 54
43 55
43 56
43 57
43 58
43 59
44 45
44 46
44 47
44 48
44 49
44 50
44 51
44 52
44 53
44 54
44 55
44 56
44 57
44 58
44 59
44 530
45 46
45 47
45 48
45 49
45 50
45 51
45 52
45 53
45 54
45 55
45 56
45 57
45 58
45 59
45 1109
45 1113
46 47
46 48
46 49
46 50
46 51
46 52
46 53
46 54
46 55
46 56
46 57
46 58
46 59
47 48
47 49
47 50
47 51
47 52
47 53
47 54
47 55
47 56
47 57
47 58
47 59
47 1109
48 49
48 50
48 51
48 52
48 53
48 54
48 55
48 56
48 57
48 58
48 59
48 143
48 146
49 50
49 51
49 52
49 53
49 54
49 55
49 56
49 57
49 58
49 59
49 61
50 51
50 52
50 53
50 54
50 55
50 56
50 57
50 58
50 59
51 52
51 53
51 54
51 55
51 56
51 57
51 58
51 59
52 53
52 54
52 55
52 56
52 57
52 58
52 59
53 54
53 55
53 56
53 57
53 58
53 59
53 1054
54 55
54 56
54 57
54 58
54 59
55 56
55 57
55 58
55 59
56 57
56 58
56 59
57 58
57 59
58 59
60 61
60 62
60 63
60 64
60 65
60 66
60 67
60 68
60 69
60 76
60 97
60 98
60 99
60 120
60 138
60 554
60 560
60 642
60 995
60 1319
60 1362
60 1422
60 1498
61 62
61 63
61 64
61 65
61 66
61 67
61 68
61 69
61 70
61 76
61 97
61 98
61 99
61 143
61 1422
61 1498
62 63
62 64
62 65
62 66
62 67
62 68
62 69
62 97
62 98
62 1422
62 1498
63 64
63 65
63 66
63 67
63 68
63 69
63 120
63 241
64 65
64 66
64 67
64 68
64 69
64 98
64 1422
64 1423
64 1498
65 66
65 67
65 68
65 69
66 67
66 68
66 69
66 98
66 422
66 423
66 1279
66 1422
66 1498
67 68
67 69
68 69
70 71
70 72
70 73
70 74
70 75
70 76
70 77
70 78
70 79
70 105
70 120
70 121
70 284
70 311
70 548
70 757
70 1095
70 1106
70 1119
70 1214
70 1362
71 72
71 73
71 74
71 75
71 76
71 77
71 78
71 79
71 105
71 120
71 1095
71 1119
71 1120
72 73
72 74
72 75
72 76
72 77
72 78
72 79
73 74
73 75
73 76
73 77
73 78
73 79
74 75
74 76
74 77
74 78
74 79
74 101
74 105
74 1095
74 1119
74 1120
75 76
75 77
75 78
75 79
75 121
75 561
75 731
75 863
75 1096
76 77
76 78
76 79
76 99
76 121
76 194
76 560
76 938
76 939
76 1119
76 1155
77 78
77 79
78 79
80 81
80 82
80 83
80 146
80 218
80 1346
81 82
81 83
81 217
82 83
82 146
84 85
84 86
84 87
84 88
84 89
84 90
84 91
84 92
84 105
84 121
84 124
84 191
84 222
84 281
84 291
84 528
84 589
84 612
84 846
84 1013
84 1030
84 1106
84 1362
84 1414
84 1438
84 1504
85 86
85 87
85 88
85 89
85 90
85 91
85 92
85 93
85 124
85 222
85 284
85 529
85 581
85 613
85 704
85 1092
85 1149
85 1438
85 1439
85 1504
86 87
86 88
86 89
86 90
86 91
87 88
87 89
87 90
87 91
88 89
88 90
88 91
88 92
88 375
88 589
88 1030
88 1106
88 1119
88 1161
89 90
89 91
89 92
89 93
89 222
89 529
89 590
90 91
92 93
92 94
92 95
92 96
92 539
93 94
93 95
93 96
93 537
94 95
94 96
95 96
96 191
96 192
97 98
97 99
97 100
97 910
97 1362
98 99
98 100
98 106
98 233
98 530
98 910
99 100
99 106
99 194
99 531
99 910
100 146
101 102
101 103
101 104
101 105
101 106
101 332
102 103
102 104
102 106
102 1482
103 104
105 106
105 107
105 108
105 109
105 140
105 905
105 1106
105 1119
106 107
106 108
106 151
106 157
106 704
106 1414
106 1482
107 108
109 110
109 111
109 112
109 113
109 114
109 115
109 116
109 117
109 118
109 119
109 237
110 111
110 112
110 113
110 114
110 115
110 116
110 117
110 118
110 119
111 112
111 113
111 114
111 115
111 116
111 117
111 118
111 119
112 113
112 114
112 115
112 116
112 117
112 118
112 119
113 114
113 115
113 116
113 117
113 118
113 119
114 115
114 116
114 117
114 118
114 119
115 116
115 117
115 118
115 119
116 117
116 118
116 119
117 118
117 119
118 119
120 121
120 122
120 123
120 237
120 284
120 671
120 672
120 818
120 920
120 1060
120 1114
120 1212
120 1326
121 122
121 123
121 1022
121 1060
121 1512
122 123
124 125
124 126
124 127
124 128
124 129
124 130
124 131
124 262
125 126
125 127
125 128
125 129
125 130
125 131
126 127
126 128
126 129
126 130
126 131
127 128
127 129
127 130
127 131
128 129
128 130
128 131
129 130
129 131
130 131
130 1025
131 641
132 133
132 134
132 135
132 136
132 137
132 138
132 139
132 143
132 146
132 147
132 216
132 218
132 289
132 1054
132 1208
132 1209
132 1398
133 134
133 135
133 136
133 137
133 138
133 139
133 143
133 148
134 135
134 136
134 137
134 138
134 139
135 136
135 137
135 138
135 139
136 137
136 138
136 139
136 146
137 138
137 139
138 139
138 1155
139 148
140 141
140 142
140 146
141 142
141 143
141 166
141 1482
142 808
143 144
143 145
143 146
143 147
143 1187
143 1188
143 1415
144 145
144 146
145 146
146 181
146 224
146 1187
146 1252
146 1269
147 148
147 149
147 150
147 237
147 265
147 392
147 1087
147 1106
147 1379
148 149
148 150
148 473
148 1087
148 1111
148 1407
149 150
151 152
151 153
151 154
151 155
151 156
151 157
151 172
151 255
151 607
151 1092
151 1415
151 1416
151 1432
152 153
152 154
152 155
152 157
152 173
152 256
152 1415
152 1417
152 1432
153 154
153 155
153 173
154 155
156 157
156 158
156 159
156 160
156 191
156 862
156 883
156 1012
156 1013
156 1106
156 1509
157 158
157 159
157 160
157 192
157 863
157 870
157 1013
157 1106
157 1509
158 159
158 160
159 160
161 162
161 163
161 164
161 165
161 166
161 172
161 200
161 368
161 595
161 699
161 862
161 870
161 871
161 1020
162 163
162 164
162 165
162 166
162 173
162 178
162 179
162 181
162 198
162 368
162 699
163 164
163 165
164 165
166 167
166 172
166 173
166 178
166 194
166 198
167 168
167 169
167 170
167 171
167 172
167 173
167 178
167 194
167 203
167 1095
167 1106
167 1447
168 169
168 170
168 171
168 172
168 173
168 178
168 179
168 938
168 939
168 1448
169 170
169 171
170 171
170 173
172 173
172 174
172 175
172 176
172 177
172 178
172 198
172 255
172 256
172 257
172 311
172 345
172 382
172 726
172 1048
172 1106
172 1119
172 1285
172 1286
173 174
173 175
173 176
173 177
173 178
173 223
173 255
173 256
173 257
173 258
173 345
173 383
173 384
173 385
173 847
173 852
173 1047
173 1119
173 1419
174 175
174 176
174 177
175 176
175 177
176 177
177 393
178 179
178 180
178 181
178 182
178 191
178 241
179 180
179 181
179 182
179 242
180 181
180 182
181 182
183 184
183 185
183 186
183 187
183 188
183 189
183 190
183 356
184 185
184 186
184 187
184 188
184 189
184 190
185 186
185 187
185 188
185 189
185 190
186 187
186 188
186 189
186 190
187 188
187 189
187 190
188 189
188 190
189 190
191 192
191 198
191 492
191 528
191 671
191 712
191 792
191 1028
191 1030
191 1060
191 1414
191 1422
191 1520
192 198
192 1061
192 1087
192 1109
192 1460
193 194
193 195
193 196
193 197
193 218
193 659
193 1379
194 195
194 196
194 197
194 217
194 530
194 531
194 570
194 646
194 866
194 1311
194 1380
195 196
195 197
196 197
198 199
198 200
198 601
199 200
199 379
199 709
200 595
201 202
201 203
201 204
201 205
202 203
202 204
202 205
203 204
203 205
203 607
203 641
203 748
203 767
203 1012
203 1060
203 1195
203 1373
203 1447
204 205
205 395
205 1226
206 207
206 208
206 209
206 210
206 1028
206 1029
206 1030
206 1031
206 1035
206 1036
206 1039
206 1043
206 1044
207 208
207 209
207 210
207 1029
207 1035
207 1036
208 209
208 210
208 267
209 210
211 212
211 213
211 214
211 215
212 213
212 214
212 215
212 1036
213 214
213 215
214 215
216 217
216 218
216 219
216 220
216 265
216 565
216 912
216 950
216 1209
217 218
217 219
217 220
217 418
217 431
217 884
217 1156
217 1174
217 1527
218 219
218 220
218 225
218 240
218 417
218 430
218 882
218 1173
218 1208
218 1526
219 220
219 401
219 555
219 1209
221 222
221 223
221 224
221 657
221 658
221 659
222 223
222 224
223 224
225 226
225 227
225 228
225 229
225 230
225 231
225 232
226 227
226 228
226 229
226 230
226 231
226 232
227 228
227 229
227 230
227 231
227 232
228 229
228 230
228 231
228 232
228 1452
229 230
229 231
229 232
230 231
230 232
231 232
233 234
233 235
233 236
233 237
233 238
233 239
233 240
233 242
233 672
233 1114
234 235
234 236
234 237
234 238
234 239
234 240
234 241
234 330
234 788
234 1386
235 236
235 237
235 238
235 239
235 240
236 237
236 238
236 239
236 240
236 242
236 243
236 1114
237 238
237 239
237 240
237 242
237 466
237 671
237 778
237 1051
237 1085
237 1229
238 239
238 240
239 240
241 242
241 243
241 244
241 261
241 349
241 368
241 851
242 243
242 244
242 350
242 851
242 1031
242 1107
242 1178
242 1327
243 244
243 246
243 289
243 296
243 533
243 921
243 1106
243 1327
245 246
245 247
245 255
245 256
245 350
245 663
245 665
246 247
248 249
248 250
248 251
248 252
248 253
248 254
248 382
249 250
249 251
249 252
249 253
249 254
250 251
250 252
250 253
250 254
251 252
251 253
251 254
252 253
252 254
252 395
252 1226
253 254
254 1044
255 256
255 257
255 258
255 259
255 260
255 265
255 276
255 277
255 284
255 289
255 328
255 382
255 920
255 1092
256 257
256 258
256 259
256 260
256 266
256 277
256 329
256 383
256 921
257 257
257 258
257 259
257 260
257 383
257 1060
257 1447
258 259
258 260
258 383
258 1092
258 1448
259 260
261 262
261 263
261 264
261 311
261 426
261 589
261 671
261 1051
261 1052
261 1095
262 263
262 264
262 393
262 426
262 1051
262 1095
263 264
265 266
265 267
265 268
265 269
265 270
265 271
265 272
265 273
265 274
265 275
265 280
265 281
265 284
265 285
265 286
265 289
265 291
265 296
265 305
265 309
265 328
265 329
265 398
265 417
265 437
265 1137
265 1326
265 1327
266 267
266 268
266 269
266 270
266 271
266 272
266 273
266 274
266 275
266 277
266 280
266 281
266 285
266 287
266 290
266 297
266 301
266 306
266 329
266 830
266 1327
267 268
267 269
267 270
267 271
267 272
267 273
267 274
267 275
267 280
267 284
267 289
267 296
267 309
267 315
267 935
267 1043
267 1051
267 1451
267 1465
267 1474
268 269
268 270
268 271
268 272
268 273
268 274
268 275
268 277
268 281
268 285
268 290
268 297
268 301
268 316
268 329
268 936
268 1044
268 1466
269 270
269 271
269 272
269 273
269 274
269 275
270 271
270 272
270 273
270 274
270 275
271 272
271 273
271 274
271 275
271 1244
272 273
272 274
272 275
273 274
273 275
274 275
275 277
275 281
275 285
275 287
275 290
275 306
275 316
275 329
275 936
275 1466
275 1474
276 277
276 278
276 279
276 284
276 296
276 309
277 278
277 279
277 281
277 287
277 290
277 297
277 301
278 279
280 281
280 282
280 283
280 284
280 285
280 291
280 296
280 304
280 306
280 308
280 309
280 315
280 1012
280 1327
280 1434
280 1539
281 282
281 283
281 285
281 287
281 290
281 291
281 297
281 301
281 1327
281 1448
281 1539
282 283
284 285
284 286
284 287
284 288
284 289
284 296
284 304
284 305
284 306
284 308
284 309
284 328
284 330
284 1028
284 1030
284 1106
284 1114
284 1326
285 286
285 287
285 288
285 290
285 301
285 381
286 287
286 288
286 296
286 297
287 288
287 297
287 301
287 306
287 329
287 427
287 1327
289 290
289 291
289 292
289 293
289 294
289 295
289 296
289 297
289 298
289 299
289 300
289 301
289 302
289 303
289 304
289 309
289 312
289 329
289 1069
289 1106
289 1326
289 1327
289 1329
290 291
290 292
290 293
290 294
290 295
290 296
290 297
290 298
290 299
290 300
290 301
290 302
290 303
290 306
290 329
290 427
290 880
290 1327
290 1329
291 292
291 293
291 294
291 295
291 296
291 297
291 298
291 299
291 300
291 301
291 302
291 303
291 449
291 935
291 1326
291 1327
292 293
292 294
292 295
292 296
292 297
292 298
292 299
292 300
292 301
292 302
292 303
292 399
292 642
293 294
293 295
293 296
293 297
293 298
293 299
293 300
293 301
293 302
293 303
294 295
294 296
294 297
294 298
294 299
294 300
294 301
294 302
294 303
295 296
295 297
295 298
295 299
295 300
295 301
295 302
295 303
296 297
296 298
296 299
296 300
296 301
296 302
296 303
296 305
296 309
296 311
296 328
296 338
296 898
296 1326
297 298
297 299
297 300
297 301
297 302
297 303
297 306
297 312
297 329
297 427
297 1327
298 299
298 300
298 301
298 302
298 303
299 300
299 301
299 302
299 303
300 301
300 302
300 303
300 309
300 392
301 302
301 303
301 306
301 316
301 329
302 303
304 305
304 306
304 307
304 308
304 309
304 310
304 392
304 1327
305 306
305 307
305 308
305 309
305 310
305 1208
306 307
306 308
306 309
306 310
306 1557
307 308
307 309
307 310
308 309
308 310
308 1557
309 310
309 311
309 328
309 355
309 977
309 1326
311 312
311 313
311 314
311 315
311 316
311 493
311 590
311 879
311 1106
311 1119
311 1326
311 1328
311 1351
311 1526
312 313
312 314
312 315
312 316
312 322
312 369
312 494
312 1106
312 1111
312 1119
312 1326
312 1328
313 314
315 316
315 317
315 318
315 319
315 320
315 494
315 497
316 317
316 318
316 319
316 320
317 318
317 319
317 320
318 319
318 320
319 320
319 355
321 322
321 323
321 324
321 325
321 326
321 327
321 398
322 323
322 324
322 325
322 326
322 327
322 399
323 324
323 325
323 326
323 327
324 325
324 326
324 327
325 326
325 327
326 327
328 329
328 330
328 331
328 332
328 333
328 334
328 335
328 336
328 338
328 339
328 382
328 385
328 1258
328 1460
329 330
329 331
329 332
329 333
329 334
329 335
329 336
329 338
329 339
329 346
329 381
329 384
329 1055
329 1106
330 331
330 332
330 333
330 334
330 335
330 336
330 338
330 407
330 1021
330 1085
331 332
331 333
331 334
331 335
331 338
331 339
331 383
331 384
331 385
331 1404
332 333
332 334
332 335
332 336
332 338
332 339
332 688
332 1060
332 1095
332 1106
333 334
333 336
333 338
333 339
333 853
335 336
335 337
335 338
335 384
335 762
336 337
336 338
336 339
336 383
336 386
338 339
338 340
338 341
338 342
338 343
338 344
338 382
338 384
338 417
338 1021
339 340
339 341
339 342
339 343
339 344
339 384
339 385
339 417
339 418
339 1052
340 341
340 342
340 343
340 344
341 342
341 343
341 344
342 343
342 344
343 344
345 346
345 347
345 348
346 347
346 348
346 384
346 385
347 348
349 350
349 351
349 352
349 353
349 354
349 488
349 489
349 589
349 595
349 662
349 988
349 1020
349 1238
349 1327
349 1468
349 1487
350 351
350 352
350 353
350 354
350 369
350 476
350 488
350 489
350 590
350 596
350 664
350 1165
351 352
351 353
351 354
351 1399
352 353
352 354
352 369
352 434
352 460
352 469
352 489
352 590
352 650
352 708
352 1326
352 1515
353 354
353 476
353 489
353 590
353 664
353 708
353 1326
355 356
355 357
355 358
355 359
355 360
355 361
355 392
355 497
355 904
355 1301
355 1406
355 1539
356 357
356 358
356 359
356 360
356 361
356 363
356 366
356 392
356 1106
356 1509
357 358
357 359
357 360
357 361
358 359
358 360
358 361
359 360
359 361
360 361
362 363
362 364
362 365
362 366
362 367
362 398
363 364
363 365
363 366
363 367
363 399
363 454
364 365
364 366
364 367
365 366
365 367
365 393
365 395
366 367
368 369
368 370
368 371
368 372
368 1465
369 370
369 371
369 372
369 454
369 512
369 1465
369 1466
370 371
370 372
371 372
373 374
373 375
373 376
373 377
373 382
373 762
373 1028
373 1030
374 375
374 376
374 377
374 454
374 762
375 376
375 377
376 377
377 1040
378 379
378 380
378 381
379 380
379 381
379 384
379 385
379 467
379 1106
380 381
381 383
381 384
381 385
381 458
381 459
381 466
381 467
381 498
381 502
382 383
382 384
382 385
382 392
382 458
382 461
382 466
382 1370
382 1485
383 384
383 385
383 423
383 458
383 461
383 462
383 466
383 467
383 1486
384 385
384 399
384 427
384 459
384 467
384 473
384 476
384 480
385 399
385 459
385 461
385 467
385 473
385 502
386 387
386 388
386 389
386 390
386 391
386 392
386 461
387 388
387 389
387 390
387 391
387 451
387 454
388 389
388 390
388 391
389 390
389 391
390 391
392 393
392 394
392 395
392 396
392 397
392 398
392 401
392 442
392 449
392 488
392 654
392 706
392 707
392 1069
392 1326
392 1520
392 1539
393 394
393 395
393 396
393 397
393 398
393 399
393 411
393 427
393 476
393 489
393 707
393 835
393 1516
393 1518
393 1520
393 1521
393 1539
394 395
394 396
394 397
395 396
395 397
395 398
395 411
395 1066
395 1074
395 1226
395 1520
395 1539
396 397
398 399
398 400
398 417
398 426
398 442
398 451
398 452
398 497
398 641
398 708
398 1006
398 1520
399 400
399 418
399 427
399 443
399 451
399 454
399 709
399 1007
399 1232
399 1234
399 1521
401 402
401 403
401 404
401 405
401 406
401 407
401 408
401 409
401 410
401 411
402 403
402 404
402 405
402 406
402 407
402 408
402 409
402 410
402 411
403 404
403 405
403 406
403 407
403 408
403 409
403 410
403 411
403 1043
404 405
404 406
404 407
404 408
404 409
404 410
404 411
404 1040
404 1044
405 406
405 407
405 408
405 409
405 410
405 411
406 407
406 408
406 409
406 410
406 411
407 408
407 409
407 410
407 411
408 409
408 410
408 411
408 1040
409 410
409 411
410 411
411 531
412 413
412 414
412 415
412 416
412 430
413 414
413 415
413 416
413 427
413 430
414 415
414 416
415 416
417 418
417 419
417 420
417 421
418 419
418 420
418 421
418 1232
418 1234
419 420
419 421
420 421
422 423
422 424
422 425
423 424
423 425
423 427
424 425
426 427
426 428
426 429
426 430
426 435
426 511
426 1028
426 1051
426 1052
426 1060
426 1061
426 1106
426 1485
426 1487
427 428
427 429
427 430
427 431
427 435
427 494
427 1055
427 1486
427 1493
428 429
428 431
429 501
430 431
430 432
430 433
430 434
430 435
430 436
430 462
430 511
430 512
430 513
430 708
430 1021
430 1173
430 1422
430 1423
431 432
431 433
431 434
431 435
431 436
431 437
431 438
431 511
431 512
431 513
431 748
431 755
431 1054
431 1055
432 433
432 434
432 435
432 436
433 434
433 435
433 436
434 435
434 436
434 511
435 436
435 512
437 438
437 439
437 440
437 441
437 1029
437 1035
437 1052
437 1193
437 1194
437 1196
438 439
438 440
438 441
438 1028
438 1029
438 1030
438 1035
438 1036
438 1039
438 1040
439 440
439 441
440 441
442 443
442 444
442 445
442 446
442 447
442 448
442 451
442 497
442 1427
443 444
443 445
443 446
443 447
443 448
443 451
443 454
443 1428
444 445
444 446
444 447
444 448
445 446
445 447
445 448
446 447
446 448
447 448
449 450
451 452
451 453
451 454
451 455
451 456
451 457
451 466
451 497
452 453
452 454
452 455
452 456
452 457
453 454
453 455
453 456
453 457
454 455
454 456
454 457
454 462
454 467
454 498
455 456
455 457
456 457
458 459
458 460
458 492
458 1384
459 460
459 461
459 462
459 483
460 461
460 1025
461 462
461 463
461 464
461 465
461 467
461 472
461 473
461 476
461 716
461 776
461 994
462 463
462 464
462 465
462 467
462 476
462 480
462 493
462 494
463 464
463 465
464 465
466 467
466 468
466 469
466 470
466 471
466 492
466 1106
467 468
467 469
467 470
467 471
467 483
468 469
468 470
468 471
469 470
469 471
469 650
469 664
470 471
472 473
472 474
472 492
473 474
475 476
475 477
475 478
476 477
476 478
476 483
476 489
476 493
476 494
477 478
479 480
479 481
479 482
479 483
479 492
479 831
479 1485
480 481
480 482
480 483
480 494
480 1486
480 1493
481 482
483 484
483 485
483 486
483 487
483 492
483 493
483 509
483 902
483 903
483 1109
484 485
484 486
484 487
485 486
485 487
486 487
488 489
488 490
488 491
488 589
488 590
488 662
488 663
488 664
488 1515
489 490
489 491
489 493
489 590
489 591
489 663
490 491
490 513
492 493
492 494
492 495
492 496
492 516
492 1106
493 494
493 495
493 496
493 512
493 516
493 1106
493 1284
494 495
494 496
494 516
494 1106
495 496
497 498
497 499
497 500
497 501
497 504
497 569
497 1054
497 1055
497 1106
497 1481
498 498
498 499
498 500
498 501
498 504
498 532
498 1003
498 1055
498 1061
498 1481
498 1482
499 500
499 501
500 501
501 504
501 1054
501 1055
501 1056
501 1058
501 1061
501 1092
502 503
504 505
504 506
504 507
504 511
504 1054
504 1481
505 506
505 507
505 513
506 507
506 1482
508 509
508 510
509 510
510 513
511 512
511 513
511 514
511 515
511 538
511 633
511 677
511 681
511 682
511 683
511 723
511 748
511 1054
511 1060
512 513
512 514
512 515
512 516
512 1054
512 1055
512 1169
512 1462
512 1552
513 514
513 515
513 533
513 684
513 804
513 1150
513 1159
513 1506
514 515
516 517
516 865
516 1106
516 1154
516 1169
516 1477
516 1567
518 519
518 520
518 521
519 520
519 521
519 530
520 521
522 523
522 524
522 525
522 526
522 527
522 536
522 538
522 595
522 983
522 1039
523 524
523 525
523 526
523 527
523 536
523 537
523 539
523 599
523 642
523 1039
524 525
524 526
524 527
525 526
525 527
526 527
528 529
528 530
528 531
528 532
528 533
528 534
528 535
528 536
528 538
528 539
528 589
528 607
528 608
528 657
528 658
528 659
528 662
528 676
528 1535
529 529
529 530
529 531
529 532
529 533
529 534
529 535
529 537
529 596
529 662
529 676
529 1017
529 1536
530 531
530 532
530 533
530 534
530 535
530 545
530 564
530 565
530 589
530 590
530 646
530 651
530 676
530 1017
530 1106
530 1362
530 1536
531 532
531 533
531 534
531 535
531 589
531 658
531 676
531 907
531 1536
532 533
532 534
532 535
532 590
532 866
532 1115
532 1536
533 534
533 535
534 535
536 537
536 538
536 539
536 540
536 541
536 542
536 543
536 548
536 607
536 671
536 672
536 910
536 911
536 1362
537 538
537 539
537 540
537 541
537 542
537 543
537 548
537 549
537 555
537 561
537 651
537 663
537 672
538 539
538 540
538 541
538 542
538 543
538 544
538 548
538 607
538 608
538 650
538 651
538 662
538 671
538 905
538 908
538 1177
538 1178
539 540
539 541
539 542
539 543
539 544
539 548
539 549
539 554
539 555
539 560
539 646
539 651
539 662
539 663
539 671
539 906
539 908
540 541
540 542
540 543
541 542
541 543
542 543
544 545
544 546
544 547
544 548
544 577
544 585
545 546
545 547
545 578
545 585
546 547
548 549
548 550
548 551
548 552
548 553
548 554
548 560
548 645
548 650
548 715
548 994
548 1095
549 550
549 551
549 552
549 553
549 554
549 555
549 560
549 561
549 614
549 615
549 623
549 642
549 645
549 646
549 767
549 1095
550 551
550 552
550 553
550 853
550 939
551 552
551 553
552 553
554 555
554 556
554 557
554 558
554 559
554 560
554 576
554 584
554 595
554 599
554 614
554 1095
554 1100
554 1164
554 1432
555 556
555 557
555 558
555 559
555 561
555 564
555 578
555 615
555 646
555 655
555 1096
555 1101
555 1432
556 557
556 558
556 559
557 558
557 559
558 559
560 561
560 562
560 563
560 565
560 576
560 584
560 595
560 600
560 635
560 699
560 789
560 1095
560 1244
561 562
561 563
561 564
561 577
561 578
561 585
561 596
561 601
561 620
561 635
561 1096
562 563
564 565
564 566
564 567
564 568
564 596
564 635
564 638
564 642
564 672
564 846
564 847
564 1516
564 1518
564 1519
565 566
565 567
565 568
565 595
565 607
565 608
565 635
565 846
565 847
565 1414
565 1427
565 1428
565 1515
566 567
566 568
567 568
569 570
569 571
569 572
569 573
569 574
569 575
569 584
569 607
569 608
569 663
569 665
569 937
569 1286
569 1287
570 571
570 572
570 573
570 574
570 575
570 578
570 584
571 572
571 573
571 574
571 575
571 585
572 573
572 574
572 575
573 574
573 575
574 575
576 577
576 578
576 579
576 580
576 584
576 585
576 595
577 578
577 579
577 580
577 581
577 584
577 585
577 596
577 1054
577 1055
577 1106
578 579
578 580
578 585
578 590
578 596
578 672
579 580
580 1051
581 582
581 583
581 584
581 585
581 672
582 583
584 585
584 595
584 664
584 1060
584 1173
584 1423
584 1487
585 590
585 596
585 601
585 635
586 587
586 588
586 590
586 591
586 599
586 600
587 588
589 590
589 591
589 592
589 593
589 594
589 595
589 600
589 1060
589 1379
589 1485
589 1493
590 591
590 592
590 593
590 594
590 788
590 1060
590 1379
590 1486
591 592
591 593
591 594
591 604
592 593
592 594
593 594
595 596
595 597
595 598
595 873
595 932
595 1485
595 1487
596 597
596 598
596 599
596 626
596 672
597 598
599 600
599 601
599 602
599 603
599 604
599 605
599 606
599 709
599 1265
599 1485
599 1486
599 1487
599 1493
600 601
600 602
600 603
600 604
600 605
600 606
600 1085
600 1106
600 1485
601 602
601 603
601 604
601 605
601 606
601 744
601 1106
601 1287
601 1493
602 603
602 604
602 605
602 606
603 604
603 605
603 606
604 605
604 606
605 606
605 639
607 608
607 609
607 610
607 611
607 632
607 634
607 676
607 683
607 1028
607 1030
607 1039
607 1535
607 1536
608 609
608 610
608 611
608 632
608 634
608 655
608 672
608 676
608 683
608 717
608 1030
608 1039
608 1083
609 610
609 611
610 611
612 613
613 1417
614 615
614 616
614 617
614 618
614 788
615 616
615 617
615 618
616 617
616 618
617 618
618 714
619 620
619 621
619 622
619 1035
619 1208
620 621
620 622
620 1035
621 622
623 624
623 625
624 625
626 627
626 628
626 629
626 630
626 634
626 638
626 639
626 640
626 641
627 628
627 629
627 630
627 634
627 641
627 642
628 629
628 630
629 630
631 632
631 633
631 635
631 638
631 639
631 640
631 641
631 712
631 713
632 633
632 635
632 638
632 640
632 642
632 1384
633 642
634 635
634 636
634 637
634 641
634 642
634 651
634 708
634 715
634 721
635 636
635 637
635 641
635 642
635 650
635 651
635 1287
636 637
638 639
638 640
638 712
638 713
638 722
639 640
639 642
639 712
639 713
639 721
639 722
639 723
639 1458
640 712
640 722
640 725
640 767
641 642
641 643
641 644
641 712
641 1054
641 1447
642 643
642 644
642 668
642 716
642 722
642 863
642 883
642 994
642 1106
643 644
645 646
645 647
645 648
645 649
645 650
645 651
645 654
645 658
645 662
645 671
645 672
645 1020
645 1095
645 1114
645 1155
645 1164
645 1173
645 1398
646 647
646 648
646 649
646 650
646 651
646 654
646 658
646 665
647 648
647 649
648 649
650 651
650 652
650 653
650 654
650 662
650 663
650 664
650 665
651 652
651 653
651 658
651 662
651 663
651 664
651 665
651 749
651 1044
652 653
654 655
654 656
654 657
654 658
654 662
654 664
654 1414
655 656
655 658
655 662
655 663
655 664
657 658
657 659
657 660
657 661
657 662
657 663
657 683
657 1030
657 1039
657 1060
657 1093
657 1224
657 1551
658 659
658 660
658 661
658 662
658 663
658 665
658 683
658 1030
658 1040
658 1044
658 1115
658 1551
659 660
659 661
659 662
659 663
659 665
659 683
659 1443
659 1551
660 661
660 664
662 663
662 664
662 665
662 666
662 667
662 804
662 1422
662 1504
662 1515
663 664
663 665
663 666
663 667
663 1516
663 1518
663 1519
664 665
664 666
664 667
664 1178
664 1265
664 1371
664 1419
664 1423
665 666
665 667
665 744
665 1423
666 667
668 669
668 670
668 1028
668 1030
668 1043
668 1044
668 1400
669 670
669 1060
670 1109
670 1199
671 672
671 673
671 674
671 675
671 676
671 677
671 1164
671 1181
671 1526
671 1531
672 673
672 674
672 675
672 676
672 677
672 678
672 1526
672 1531
673 674
673 675
673 676
674 675
674 676
675 676
677 678
677 679
677 680
678 679
678 680
678 1031
679 680
681 682
681 683
681 684
681 685
681 1029
681 1039
682 683
682 684
682 685
682 1029
683 684
683 685
683 1043
684 685
684 1040
686 687
686 688
686 689
686 690
687 688
687 689
687 690
687 1400
688 689
688 690
689 690
691 692
691 713
691 731
691 793
691 863
691 892
693 736
693 737
694 695
694 696
694 697
694 698
694 1106
694 1107
695 696
695 697
695 698
695 1106
695 1107
696 697
696 698
697 698
699 700
699 701
699 702
699 703
699 704
699 705
699 706
699 707
699 792
699 831
699 879
700 701
700 702
700 703
700 704
700 705
700 707
700 880
701 702
701 703
701 704
701 705
701 707
702 703
702 704
702 705
703 704
703 705
704 705
706 707
706 1161
706 1173
707 1380
708 709
708 710
708 711
708 714
708 789
709 710
709 711
709 714
710 711
712 713
712 714
712 716
712 717
712 721
712 722
712 1054
713 714
713 717
713 721
713 722
713 730
713 731
713 1106
713 1107
714 716
714 717
714 721
714 722
715 716
715 717
715 718
715 719
715 720
715 737
715 789
715 1054
716 717
716 718
716 719
716 720
716 1379
716 1380
717 718
717 719
717 720
717 1380
718 719
718 720
719 720
721 722
721 723
721 724
721 725
721 1164
722 723
722 724
722 725
723 724
723 725
724 725
726 727
726 728
726 729
726 731
727 728
727 729
727 855
728 729
728 982
730 731
730 732
730 733
730 734
730 735
730 736
730 737
730 738
730 862
730 912
730 997
730 1003
730 1006
730 1030
730 1083
730 1119
731 732
731 733
731 734
731 735
731 736
731 737
731 738
731 788
731 789
731 793
731 863
731 884
731 919
731 997
731 998
731 1003
731 1061
732 733
732 734
732 735
732 736
732 737
732 738
733 734
733 735
733 736
733 737
733 738
734 735
734 736
734 737
734 738
735 736
735 737
735 738
736 737
736 738
736 806
736 1003
736 1006
736 1007
737 738
737 739
737 797
737 816
737 858
737 862
737 863
737 946
737 1003
737 1007
739 740
739 943
741 742
741 743
741 744
741 745
741 746
741 792
741 793
741 797
741 798
741 801
742 743
742 744
742 745
742 746
742 793
742 797
742 798
742 801
743 744
743 745
743 746
743 747
744 745
744 746
745 746
746 831
747 748
747 749
747 750
747 751
747 752
747 988
747 989
747 995
747 1286
747 1331
748 749
748 750
748 751
748 752
748 766
748 886
748 920
748 921
748 923
748 988
748 995
748 1060
748 1286
749 750
749 751
749 752
749 767
749 921
749 988
749 989
749 1036
749 1279
750 751
750 752
751 752
752 758
752 988
752 989
752 1286
752 1331
753 754
753 755
753 756
753 762
753 766
754 755
754 756
754 767
755 756
757 758
757 759
757 760
757 761
757 762
757 763
757 766
757 1260
757 1265
757 1266
758 759
758 760
758 761
758 763
758 767
758 769
758 1266
759 760
759 761
759 1260
760 761
760 808
761 939
762 763
762 764
762 765
762 766
762 1195
762 1362
762 1363
762 1535
762 1536
763 764
763 765
764 765
766 767
766 768
766 769
766 770
766 771
766 772
766 773
766 774
766 923
766 994
766 996
766 1258
766 1291
767 768
767 769
767 770
767 771
767 772
767 773
767 774
767 924
767 994
767 995
767 996
767 1287
767 1292
768 769
768 770
768 771
768 772
768 773
768 774
768 923
768 924
768 1085
768 1106
768 1107
768 1244
768 1291
768 1292
769 770
769 771
769 772
769 773
769 774
769 1115
769 1170
769 1287
769 1292
769 1296
769 1308
770 771
770 772
770 773
770 774
771 772
771 773
771 774
772 773
772 774
773 774
775 1286
776 777
776 778
776 779
776 780
776 781
776 808
776 938
776 939
777 778
777 779
777 780
777 781
778 779
778 780
778 781
778 1113
779 780
779 781
780 781
780 1113
782 783
782 784
782 785
782 786
783 784
783 785
784 785
786 787
786 788
786 789
786 790
786 791
786 792
786 803
786 804
786 873
786 928
786 942
786 979
786 997
787 788
787 789
787 790
787 791
787 792
787 793
787 866
787 924
787 928
787 979
787 997
787 998
788 789
788 790
788 791
788 808
788 928
788 932
788 964
788 1003
788 1263
789 790
789 791
789 808
789 893
789 928
789 965
789 998
789 1000
789 1003
790 791
790 1260
791 792
792 793
792 794
792 795
792 796
792 797
792 798
792 799
792 800
792 801
792 804
792 805
793 794
793 795
793 796
793 797
793 798
793 799
793 800
793 801
793 804
793 805
794 795
794 796
794 797
794 798
794 799
794 800
794 801
795 796
795 797
795 798
795 799
795 800
795 801
796 797
796 798
796 799
796 800
796 801
797 798
797 799
797 800
797 801
797 804
797 805
797 933
798 799
798 800
798 801
798 804
798 805
798 932
798 933
798 1301
799 800
799 801
800 801
801 804
801 805
802 803
802 804
802 805
802 806
802 807
803 804
803 805
803 806
803 807
804 805
804 806
804 807
804 809
805 806
805 807
805 809
805 816
806 807
808 809
808 810
808 811
808 812
808 816
808 823
808 830
808 831
808 832
808 912
808 913
808 920
808 1224
808 1244
809 810
809 811
809 812
809 813
809 822
809 823
809 830
809 831
809 832
809 835
809 837
809 863
810 811
810 812
811 812
813 814
813 815
813 816
813 817
813 822
813 823
813 830
813 1414
814 815
814 816
814 817
814 822
814 823
814 830
815 816
815 817
816 817
816 822
816 823
816 912
816 933
816 1234
816 1303
818 819
818 820
818 821
818 823
818 995
819 820
819 821
819 823
820 821
822 823
822 824
822 825
822 830
822 831
822 832
823 824
823 825
823 826
823 827
823 830
823 831
823 832
823 874
823 887
823 921
824 825
826 827
826 828
826 829
826 832
827 828
827 829
827 830
827 832
828 829
830 831
830 832
830 833
830 834
830 887
831 832
831 833
831 834
831 994
831 1085
831 1106
832 833
832 834
833 834
834 1388
835 836
835 837
835 838
835 839
835 873
835 874
835 956
835 1031
835 1107
836 837
836 838
836 839
837 838
837 839
837 842
837 853
837 864
837 874
837 921
837 956
837 960
837 969
838 839
840 841
840 842
840 843
840 844
840 845
840 1400
841 842
841 843
841 844
841 845
842 843
842 844
842 845
843 844
843 845
844 845
846 847
846 848
846 849
846 850
846 865
846 871
846 1155
846 1224
846 1226
846 1229
846 1233
846 1244
847 848
847 849
847 850
847 865
847 871
847 887
847 921
847 965
847 1222
847 1224
847 1232
848 849
848 850
849 850
851 852
851 853
851 854
851 920
851 921
852 853
852 854
852 855
852 887
852 920
852 921
853 854
853 855
853 920
853 921
854 855
854 856
854 857
854 920
854 921
854 1188
855 856
855 857
855 883
855 920
855 921
856 857
858 859
858 860
858 861
859 860
859 861
860 861
862 863
862 864
862 870
862 871
862 873
862 874
862 879
862 880
863 864
863 883
863 1061
863 1428
865 866
865 867
865 868
865 869
865 1020
865 1109
866 867
866 868
866 869
866 1109
866 1157
866 1385
866 1386
866 1387
867 868
867 869
868 869
870 871
870 872
870 942
870 943
870 950
870 951
870 954
870 1149
871 872
871 942
871 943
871 951
871 954
871 980
873 874
873 875
873 876
873 877
873 878
873 879
873 880
873 1054
874 875
874 876
874 877
874 878
874 879
874 880
874 883
874 984
875 876
875 877
875 878
876 877
876 878
877 878
879 880
879 881
879 920
880 881
880 883
880 884
882 883
882 884
882 885
882 886
882 892
882 1083
882 1106
882 1229
883 884
883 885
883 886
883 887
883 888
883 1225
883 1232
884 885
884 886
884 1232
884 1234
886 887
886 888
886 889
886 890
886 891
886 892
886 920
886 1229
887 888
887 889
887 890
887 891
887 892
887 1061
887 1225
888 889
888 890
888 891
888 892
889 890
889 891
889 892
890 891
890 892
891 892
892 1265
893 894
893 895
893 896
893 897
893 1265
894 895
894 896
894 897
895 896
895 897
896 897
898 899
898 900
898 901
899 900
899 901
900 901
900 942
900 943
901 943
902 910
902 1017
902 1019
903 904
903 910
903 911
903 1013
903 1017
903 1019
904 1021
905 906
905 907
905 908
905 909
905 910
905 911
905 1012
905 1013
905 1022
905 1026
906 907
906 908
906 909
906 910
906 911
906 1022
906 1031
907 908
907 909
907 910
907 911
908 909
908 910
908 911
908 1012
909 910
909 911
910 911
910 1020
911 1019
912 913
912 914
912 915
912 916
912 917
912 919
913 914
913 915
913 916
913 917
914 915
914 916
914 917
915 916
915 917
916 917
918 919
919 1003
920 921
920 922
920 923
920 1229
920 1286
921 922
921 1225
921 1286
921 1287
923 924
923 925
923 926
923 927
923 937
923 994
923 995
923 1224
923 1225
923 1229
923 1265
923 1286
923 1287
924 925
924 926
924 927
924 994
924 995
924 996
924 1224
924 1225
924 1232
924 1234
924 1287
925 926
925 927
926 927
927 1113
927 1157
927 1234
928 929
928 930
928 931
928 932
928 933
928 934
928 942
929 930
929 931
929 932
929 933
929 934
930 931
930 932
930 933
930 934
931 932
931 933
931 934
932 933
932 934
933 934
935 936
935 1465
937 938
937 939
937 940
937 941
937 1244
937 1273
938 939
938 940
938 941
938 970
938 983
939 940
939 941
939 947
940 941
942 943
942 944
943 944
943 955
943 957
943 980
943 1106
945 946
945 947
945 948
945 949
946 947
946 948
946 949
947 948
947 949
948 949
950 951
950 952
950 953
950 1224
950 1229
950 1231
950 1233
950 1427
951 952
951 953
951 1230
951 1232
951 1234
952 953
952 1012
954 955
956 957
956 958
956 959
956 960
956 961
956 962
956 963
957 958
957 959
957 960
957 961
957 962
957 963
958 959
958 960
958 961
958 962
958 963
959 960
959 961
959 962
959 963
960 961
960 962
960 963
961 962
961 963
962 963
964 965
964 966
964 967
964 968
965 966
965 967
965 968
966 967
966 968
967 968
969 970
969 971
969 972
970 971
970 972
971 972
973 974
973 975
973 976
973 980
973 982
973 1233
973 1250
974 975
974 976
974 980
974 983
974 984
974 1250
974 1261
975 976
977 978
977 980
977 983
978 983
978 984
979 980
979 981
979 982
979 983
979 984
979 985
979 1244
980 981
980 982
980 983
980 984
980 985
980 1251
980 1301
981 982
981 983
981 984
981 985
981 1465
982 983
982 984
982 985
982 1240
982 1251
982 1301
982 1310
983 984
983 985
984 985
984 1251
986 987
986 1111
988 989
988 990
988 991
988 992
988 993
988 1244
988 1288
989 990
989 991
989 992
989 993
989 1287
989 1288
990 991
990 992
990 993
991 992
991 993
992 993
994 995
994 996
994 1106
994 1137
994 1258
994 1291
995 996
995 1106
995 1260
997 998
997 999
997 1000
997 1001
997 1002
998 999
998 1000
998 1001
998 1002
999 1000
999 1001
999 1002
1000 1001
1000 1002
1000 1225
1001 1002
1003 1004
1003 1005
1003 1006
1003 1007
1004 1005
1006 1007
1006 1008
1006 1009
1006 1010
1006 1011
1006 1106
1006 1532
1007 1008
1007 1009
1007 1010
1007 1011
1007 1107
1007 1532
1008 1009
1008 1010
1008 1011
1009 1010
1009 1011
1010 1011
1012 1013
1012 1014
1012 1015
1012 1016
1012 1019
1012 1020
1012 1021
1012 1022
1012 1025
1012 1026
1012 1106
1012 1181
1012 1515
1013 1014
1013 1015
1013 1016
1013 1019
1013 1020
1013 1021
1013 1022
1013 1025
1013 1026
1013 1030
1013 1031
1014 1015
1014 1016
1015 1016
1017 1018
1017 1019
1017 1020
1017 1022
1017 1025
1017 1026
1018 1019
1019 1020
1019 1021
1019 1022
1019 1023
1019 1024
1019 1025
1019 1026
1019 1027
1019 1106
1019 1169
1019 1170
1020 1021
1020 1022
1020 1023
1020 1024
1020 1025
1020 1026
1020 1027
1020 1085
1020 1169
1020 1170
1020 1485
1021 1022
1021 1023
1021 1024
1021 1025
1021 1026
1021 1027
1021 1030
1021 1035
1021 1043
1021 1060
1021 1106
1021 1371
1021 1373
1021 1447
1021 1465
1021 1485
1021 1486
1022 1023
1022 1024
1022 1025
1022 1026
1022 1027
1022 1035
1022 1106
1022 1169
1022 1448
1022 1466
1023 1024
1023 1025
1023 1026
1023 1027
1024 1025
1024 1026
1024 1027
1025 1026
1025 1027
1025 1060
1025 1106
1025 1169
1025 1173
1026 1027
1026 1169
1028 1029
1028 1030
1028 1031
1028 1032
1028 1033
1028 1034
1028 1035
1028 1036
1028 1037
1028 1038
1028 1039
1028 1040
1028 1041
1028 1042
1028 1043
1028 1044
1028 1045
1028 1046
1028 1083
1028 1193
1029 1030
1029 1031
1029 1032
1029 1033
1029 1034
1029 1035
1029 1036
1029 1037
1029 1038
1029 1039
1029 1040
1029 1041
1029 1042
1029 1043
1029 1044
1029 1045
1029 1046
1030 1031
1030 1032
1030 1033
1030 1034
1030 1035
1030 1036
1030 1037
1030 1038
1030 1039
1030 1040
1030 1041
1030 1042
1030 1043
1030 1044
1030 1045
1030 1046
1030 1051
1030 1055
1030 1083
1030 1193
1030 1195
1030 1199
1030 1200
1031 1032
1031 1033
1031 1034
1031 1035
1031 1036
1031 1037
1031 1038
1031 1039
1031 1040
1031 1041
1031 1042
1031 1043
1031 1044
1031 1045
1031 1046
1031 1051
1031 1052
1031 1055
1031 1056
1031 1061
1031 1092
1031 1107
1031 1193
1031 1194
1031 1196
1032 1033
1032 1034
1032 1035
1032 1036
1032 1037
1032 1038
1032 1039
1032 1040
1032 1041
1032 1042
1032 1043
1032 1044
1032 1045
1032 1046
1033 1034
1033 1035
1033 1036
1033 1037
1033 1038
1033 1039
1033 1040
1033 1041
1033 1042
1033 1043
1033 1044
1033 1045
1033 1046
1034 1035
1034 1036
1034 1037
1034 1038
1034 1039
1034 1040
1034 1041
1034 1042
1034 1043
1034 1044
1034 1045
1034 1046
1035 1036
1035 1037
1035 1038
1035 1039
1035 1040
1035 1041
1035 1042
1035 1043
1035 1044
1035 1045
1035 1046
1035 1164
1035 1451
1036 1037
1036 1038
1036 1039
1036 1040
1036 1041
1036 1042
1036 1043
1036 1044
1036 1045
1036 1046
1036 1064
1036 1065
1037 1038
1037 1039
1037 1040
1037 1041
1037 1042
1037 1043
1037 1044
1037 1045
1037 1046
1038 1039
1038 1040
1038 1041
1038 1042
1038 1043
1038 1044
1038 1045
1038 1046
1039 1040
1039 1041
1039 1042
1039 1043
1039 1044
1039 1045
1039 1046
1039 1055
1039 1536
1040 1041
1040 1042
1040 1043
1040 1044
1040 1045
1040 1046
1040 1194
1040 1471
1041 1042
1041 1043
1041 1044
1041 1045
1041 1046
1042 1043
1042 1044
1042 1045
1042 1046
1043 1044
1043 1045
1043 1046
1043 1047
1043 1054
1043 1064
1043 1474
1044 1044
1044 1045
1044 1046
1044 1054
1044 1064
1045 1046
1047 1048
1047 1049
1047 1050
1047 1055
1047 1114
1048 1049
1048 1050
1048 1386
1049 1050
1049 1051
1049 1052
1051 1052
1051 1053
1051 1055
1051 1060
1051 1106
1052 1053
1052 1055
1052 1061
1052 1106
1052 1134
1052 1309
1054 1055
1054 1056
1054 1057
1054 1058
1054 1059
1054 1060
1054 1061
1054 1062
1054 1063
1054 1106
1054 1362
1054 1481
1054 1485
1055 1056
1055 1057
1055 1058
1055 1059
1055 1060
1055 1061
1055 1062
1055 1063
1055 1064
1055 1106
1055 1107
1055 1481
1055 1482
1055 1486
1055 1493
1056 1057
1056 1058
1056 1059
1056 1060
1056 1061
1056 1062
1056 1063
1056 1064
1056 1106
1056 1107
1057 1058
1057 1059
1057 1060
1057 1061
1057 1062
1057 1063
1058 1059
1058 1060
1058 1061
1058 1062
1058 1063
1059 1060
1059 1061
1059 1062
1059 1063
1060 1061
1060 1062
1060 1063
1060 1085
1060 1106
1060 1110
1060 1447
1061 1062
1061 1063
1061 1107
1062 1063
1064 1065
1064 1066
1064 1067
1064 1068
1064 1092
1065 1066
1065 1067
1065 1068
1066 1067
1066 1068
1067 1068
1069 1070
1069 1071
1069 1072
1069 1073
1069 1074
1069 1075
1069 1076
1069 1077
1069 1078
1069 1079
1069 1080
1069 1081
1069 1082
1069 1092
1070 1071
1070 1072
1070 1073
1070 1074
1070 1075
1070 1076
1070 1077
1070 1078
1070 1079
1070 1080
1070 1081
1070 1082
1071 1072
1071 1073
1071 1074
1071 1075
1071 1076
1071 1077
1071 1078
1071 1079
1071 1080
1071 1081
1071 1082
1072 1073
1072 1074
1072 1075
1072 1076
1072 1077
1072 1078
1072 1079
1072 1080
1072 1081
1072 1082
1073 1074
1073 1075
1073 1076
1073 1077
1073 1078
1073 1079
1073 1080
1073 1081
1073 1082
1074 1075
1074 1076
1074 1077
1074 1078
1074 1079
1074 1080
1074 1081
1074 1082
1075 1076
1075 1077
1075 1078
1075 1079
1075 1080
1075 1081
1075 1082
1076 1077
1076 1078
1076 1079
1076 1080
1076 1081
1076 1082
1077 1078
1077 1079
1077 1080
1077 1081
1077 1082
1078 1079
1078 1080
1078 1081
1078 1082
1079 1080
1079 1081
1079 1082
1080 1081
1080 1082
1081 1082
1083 1084
1083 1085
1083 1086
1083 1106
1083 1447
1084 1085
1084 1086
1084 1092
1084 1448
1085 1086
1087 1088
1087 1089
1087 1090
1087 1091
1087 1092
1087 1115
1087 1386
1087 1388
1088 1089
1088 1090
1088 1091
1088 1115
1089 1090
1089 1091
1090 1091
1092 1094
1092 1295
1093 1094
1093 1265
1095 1096
1095 1097
1095 1098
1095 1099
1095 1100
1095 1101
1095 1102
1095 1103
1095 1104
1095 1105
1095 1244
1095 1379
1096 1097
1096 1098
1096 1099
1096 1100
1096 1101
1096 1102
1096 1103
1096 1104
1096 1105
1097 1098
1097 1099
1097 1100
1097 1101
1097 1102
1097 1103
1097 1104
1097 1105
1098 1099
1098 1100
1098 1101
1098 1102
1098 1103
1098 1104
1098 1105
1099 1100
1099 1101
1099 1102
1099 1103
1099 1104
1099 1105
1100 1101
1100 1102
1100 1103
1100 1104
1100 1105
1101 1102
1101 1103
1101 1104
1101 1105
1102 1103
1102 1104
1102 1105
1103 1104
1103 1105
1104 1105
1106 1107
1106 1108
1106 1346
1106 1371
1106 1414
1106 1416
1106 1485
1106 1524
1107 1108
1107 1417
1109 1110
1109 1118
1109 1399
1109 1422
1110 1111
1110 1113
1110 1195
1110 1199
1110 1200
1110 1384
1110 1385
1110 1388
1111 1112
1111 1113
1111 1384
1111 1385
1111 1386
1111 1387
1112 1113
1113 1115
1113 1126
1113 1159
1113 1392
1114 1115
1114 1116
1114 1117
1114 1118
1114 1128
1115 1116
1115 1117
1115 1118
1115 1155
1115 1156
1115 1380
1116 1117
1116 1118
1117 1118
1119 1120
1119 1121
1119 1122
1119 1123
1119 1124
1119 1125
1119 1126
1119 1127
1119 1128
1119 1129
1119 1130
1119 1131
1119 1132
1119 1133
1119 1134
1119 1135
1119 1136
1119 1137
1119 1138
1119 1139
1119 1140
1119 1141
1119 1142
1119 1143
1119 1144
1119 1145
1119 1146
1119 1147
1119 1155
1119 1156
1119 1157
1119 1326
1119 1346
1119 1415
1119 1416
1120 1121
1120 1122
1120 1123
1120 1124
1120 1125
1120 1126
1120 1127
1120 1128
1120 1129
1120 1130
1120 1131
1120 1132
1120 1133
1120 1134
1120 1135
1120 1136
1120 1137
1120 1138
1120 1139
1120 1140
1120 1141
1120 1142
1120 1143
1120 1144
1120 1145
1120 1146
1120 1147
1120 1156
1120 1326
1120 1415
1120 1417
1121 1122
1121 1123
1121 1124
1121 1125
1121 1126
1121 1127
1121 1128
1121 1129
1121 1130
1121 1131
1121 1132
1121 1133
1121 1134
1121 1135
1121 1136
1121 1137
1121 1138
1121 1139
1121 1140
1121 1141
1121 1142
1121 1143
1121 1144
1121 1145
1121 1146
1121 1147
1122 1123
1122 1124
1122 1125
1122 1126
1122 1127
1122 1128
1122 1129
1122 1130
1122 1131
1122 1132
1122 1133
1122 1134
1122 1135
1122 1136
1122 1137
1122 1138
1122 1139
1122 1140
1122 1141
1122 1142
1122 1143
1122 1144
1122 1145
1122 1146
1122 1147
1123 1124
1123 1125
1123 1126
1123 1127
1123 1128
1123 1129
1123 1130
1123 1131
1123 1132
1123 1133
1123 1134
1123 1135
1123 1136
1123 1137
1123 1138
1123 1139
1123 1140
1123 1141
1123 1142
1123 1143
1123 1144
1123 1145
1123 1146
1123 1147
1124 1125
1124 1126
1124 1127
1124 1128
1124 1129
1124 1130
1124 1131
1124 1132
1124 1133
1124 1134
1124 1135
1124 1136
1124 1137
1124 1138
1124 1139
1124 1140
1124 1141
1124 1142
1124 1143
1124 1144
1124 1145
1124 1146
1124 1147
1124 1414
1125 1126
1125 1127
1125 1128
1125 1129
1125 1130
1125 1131
1125 1132
1125 1133
1125 1134
1125 1135
1125 1136
1125 1137
1125 1138
1125 1139
1125 1140
1125 1141
1125 1142
1125 1143
1125 1144
1125 1145
1125 1146
1125 1147
1126 1127
1126 1128
1126 1129
1126 1130
1126 1131
1126 1132
1126 1133
1126 1134
1126 1135
1126 1136
1126 1137
1126 1138
1126 1139
1126 1140
1126 1141
1126 1142
1126 1143
1126 1144
1126 1145
1126 1146
1126 1147
1126 1157
1127 1128
1127 1129
1127 1130
1127 1131
1127 1132
1127 1133
1127 1134
1127 1135
1127 1136
1127 1137
1127 1138
1127 1139
1127 1140
1127 1141
1127 1142
1127 1143
1127 1144
1127 1145
1127 1146
1127 1147
1128 1129
1128 1130
1128 1131
1128 1132
1128 1133
1128 1134
1128 1135
1128 1136
1128 1137
1128 1138
1128 1139
1128 1140
1128 1141
1128 1142
1128 1143
1128 1144
1128 1145
1128 1146
1128 1147
1129 1130
1129 1131
1129 1132
1129 1133
1129 1134
1129 1135
1129 1136
1129 1137
1129 1138
1129 1139
1129 1140
1129 1141
1129 1142
1129 1143
1129 1144
1129 1145
1129 1146
1129 1147
1130 1131
1130 1132
1130 1133
1130 1134
1130 1135
1130 1136
1130 1137
1130 1138
1130 1139
1130 1140
1130 1141
1130 1142
1130 1143
1130 1144
1130 1145
1130 1146
1130 1147
1131 1132
1131 1133
1131 1134
1131 1135
1131 1136
1131 1137
1131 1138
1131 1139
1131 1140
1131 1141
1131 1142
1131 1143
1131 1144
1131 1145
1131 1146
1131 1147
1132 1133
1132 1134
1132 1135
1132 1136
1132 1137
1132 1138
1132 1139
1132 1140
1132 1141
1132 1142
1132 1143
1132 1144
1132 1145
1132 1146
1132 1147
1133 1134
1133 1135
1133 1136
1133 1137
1133 1138
1133 1139
1133 1140
1133 1141
1133 1142
1133 1143
1133 1144
1133 1145
1133 1146
1133 1147
1133 1515
1134 1135
1134 1136
1134 1137
1134 1138
1134 1139
1134 1140
1134 1141
1134 1142
1134 1143
1134 1144
1134 1145
1134 1146
1134 1147
1134 1155
1135 1136
1135 1137
1135 1138
1135 1139
1135 1140
1135 1141
1135 1142
1135 1143
1135 1144
1135 1145
1135 1146
1135 1147
1136 1137
1136 1138
1136 1139
1136 1140
1136 1141
1136 1142
1136 1143
1136 1144
1136 1145
1136 1146
1136 1147
1137 1138
1137 1139
1137 1140
1137 1141
1137 1142
1137 1143
1137 1144
1137 1145
1137 1146
1137 1147
1138 1139
1138 1140
1138 1141
1138 1142
1138 1143
1138 1144
1138 1145
1138 1146
1138 1147
1139 1140
1139 1141
1139 1142
1139 1143
1139 1144
1139 1145
1139 1146
1139 1147
1140 1141
1140 1142
1140 1143
1140 1144
1140 1145
1140 1146
1140 1147
1141 1142
1141 1143
1141 1144
1141 1145
1141 1146
1141 1147
1142 1143
1142 1144
1142 1145
1142 1146
1142 1147
1143 1144
1143 1145
1143 1146
1143 1147
1143 1427
1143 1451
1144 1145
1144 1146
1144 1147
1144 1155
1144 1157
1145 1146
1145 1147
1146 1147
1147 1156
1148 1149
1148 1150
1148 1151
1148 1152
1148 1153
1148 1154
1148 1156
1148 1157
1148 1223
1148 1333
1148 1346
1148 1380
1149 1150
1149 1151
1149 1152
1149 1153
1149 1154
1149 1156
1149 1333
1149 1342
1149 1347
1149 1372
1149 1374
1149 1380
1150 1151
1150 1152
1150 1153
1150 1154
1151 1152
1151 1153
1151 1154
1152 1153
1152 1154
1153 1154
1155 1156
1155 1157
1155 1158
1155 1159
1155 1160
1155 1193
1155 1250
1155 1351
1156 1157
1156 1158
1156 1159
1156 1160
1156 1245
1157 1158
1157 1159
1157 1160
1157 1392
1158 1159
1158 1160
1158 1209
1158 1329
1159 1160
1159 1387
1161 1162
1161 1163
1161 1164
1161 1165
1161 1166
1161 1170
1161 1173
1161 1174
1161 1346
1162 1163
1164 1165
1164 1166
1164 1167
1164 1168
1164 1169
1164 1170
1164 1173
1164 1174
1164 1177
1164 1526
1165 1166
1165 1167
1165 1168
1165 1169
1165 1170
1165 1173
1165 1174
1165 1178
1165 1346
1165 1347
1166 1167
1166 1168
1166 1169
1166 1170
1166 1174
1166 1178
1166 1179
1166 1359
1166 1375
1167 1168
1169 1170
1169 1171
1169 1172
1169 1173
1169 1174
1169 1175
1169 1176
1169 1177
1169 1178
1169 1286
1169 1288
1169 1346
1169 1481
1170 1171
1170 1172
1170 1173
1170 1174
1170 1175
1170 1176
1170 1178
1170 1288
1170 1337
1170 1347
1170 1370
1170 1373
1170 1374
1170 1482
1171 1172
1171 1173
1171 1174
1171 1175
1171 1176
1172 1173
1172 1174
1172 1175
1172 1176
1173 1174
1173 1175
1173 1176
1173 1177
1173 1178
1173 1386
1173 1388
1174 1175
1174 1176
1174 1178
1174 1347
1174 1370
1174 1388
1175 1176
1177 1178
1177 1179
1177 1180
1177 1447
1178 1179
1178 1180
1178 1448
1179 1180
1179 1372
1181 1182
1181 1183
1181 1184
1181 1185
1181 1186
1181 1326
1181 1336
1181 1337
1181 1341
1181 1342
1181 1346
1181 1347
1182 1183
1182 1184
1182 1185
1182 1186
1182 1327
1182 1336
1182 1337
1182 1341
1182 1342
1182 1346
1182 1347
1182 1370
1182 1372
1182 1374
1183 1184
1183 1185
1183 1186
1184 1185
1184 1186
1185 1186
1187 1188
1187 1189
1187 1190
1187 1191
1187 1192
1187 1336
1187 1341
1188 1189
1188 1190
1188 1191
1188 1192
1189 1190
1189 1191
1189 1192
1190 1191
1190 1192
1191 1192
1193 1194
1193 1195
1193 1196
1193 1197
1193 1198
1193 1199
1193 1200
1193 1201
1193 1202
1193 1333
1194 1195
1194 1196
1194 1197
1194 1198
1194 1199
1194 1200
1194 1201
1194 1202
1194 1312
1195 1196
1195 1197
1195 1198
1195 1199
1195 1200
1195 1201
1195 1202
1195 1273
1195 1311
1195 1312
1195 1316
1195 1333
1195 1414
1195 1416
1196 1197
1196 1198
1196 1199
1196 1200
1196 1201
1196 1202
1196 1312
1196 1333
1197 1198
1197 1199
1197 1200
1197 1201
1197 1202
1198 1199
1198 1200
1198 1201
1198 1202
1199 1200
1199 1201
1199 1202
1199 1244
1199 1273
1200 1201
1200 1202
1200 1273
1200 1314
1200 1329
1200 1527
1201 1202
1203 1204
1203 1205
1203 1206
1203 1207
1204 1205
1204 1206
1204 1207
1204 1323
1204 1324
1205 1206
1205 1207
1205 1323
1206 1207
1208 1209
1208 1210
1208 1211
1208 1311
1208 1312
1208 1319
1208 1320
1208 1323
1208 1326
1208 1327
1208 1329
1209 1210
1209 1211
1209 1311
1209 1312
1209 1319
1209 1320
1209 1323
1209 1324
1209 1329
1210 1211
1212 1213
1214 1215
1214 1216
1214 1231
1214 1260
1214 1261
1214 1287
1215 1216
1215 1230
1215 1261
1215 1286
1215 1287
1217 1218
1217 1219
1217 1220
1217 1221
1217 1233
1217 1520
1218 1219
1218 1220
1218 1221
1218 1222
1218 1223
1218 1225
1218 1226
1218 1521
1219 1220
1219 1221
1220 1221
1220 1222
1220 1226
1222 1223
1222 1224
1222 1225
1222 1226
1222 1227
1222 1228
1222 1229
1222 1231
1222 1234
1222 1301
1222 1302
1223 1224
1223 1225
1223 1226
1223 1227
1223 1228
1223 1229
1223 1230
1223 1302
1224 1225
1224 1226
1224 1227
1224 1228
1224 1229
1224 1233
1224 1244
1224 1302
1224 1326
1224 1327
1224 1366
1225 1226
1225 1227
1225 1228
1225 1230
1225 1232
1225 1233
1225 1234
1225 1302
1225 1327
1225 1329
1226 1227
1226 1228
1226 1230
1226 1234
1226 1298
1226 1301
1226 1303
1227 1228
1229 1230
1229 1231
1229 1232
1229 1233
1229 1234
1229 1235
1229 1236
1229 1237
1229 1301
1229 1387
1230 1231
1230 1232
1230 1233
1230 1234
1230 1235
1230 1236
1230 1237
1230 1244
1230 1245
1230 1292
1230 1302
1230 1387
1231 1232
1231 1233
1231 1234
1231 1235
1231 1236
1231 1237
1231 1244
1231 1291
1231 1301
1232 1233
1232 1234
1232 1235
1232 1236
1232 1237
1232 1292
1233 1234
1233 1235
1233 1236
1233 1237
1233 1240
1233 1295
1233 1296
1233 1297
1233 1301
1234 1235
1234 1236
1234 1237
1234 1251
1234 1272
1234 1278
1234 1287
1234 1292
1235 1236
1235 1237
1236 1237
1238 1239
1238 1240
1239 1241
1240 1241
1240 1242
1240 1243
1240 1245
1240 1250
1240 1251
1240 1252
1240 1258
1240 1259
1240 1260
1240 1261
1240 1266
1240 1269
1240 1288
1241 1242
1241 1243
1241 1245
1241 1250
1241 1251
1241 1252
1241 1258
1241 1259
1241 1260
1241 1261
1241 1265
1241 1266
1241 1269
1241 1288
1242 1243
1244 1245
1244 1246
1244 1247
1244 1248
1244 1249
1244 1250
1244 1251
1244 1252
1244 1258
1244 1265
1244 1301
1244 1302
1245 1246
1245 1247
1245 1248
1245 1249
1245 1250
1245 1251
1245 1259
1245 1265
1245 1266
1245 1269
1245 1288
1245 1301
1246 1247
1246 1248
1246 1249
1247 1248
1247 1249
1248 1249
1250 1251
1250 1252
1250 1253
1250 1254
1250 1255
1250 1256
1250 1257
1250 1258
1250 1260
1250 1265
1250 1266
1250 1269
1250 1301
1250 1485
1251 1252
1251 1253
1251 1254
1251 1255
1251 1256
1251 1257
1251 1258
1251 1259
1251 1260
1251 1261
1251 1265
1251 1266
1251 1269
1251 1301
1252 1253
1252 1254
1252 1255
1252 1256
1252 1257
1252 1260
1252 1261
1252 1269
1252 1288
1252 1301
1252 1303
1253 1254
1253 1255
1253 1256
1253 1257
1254 1255
1254 1256
1254 1257
1255 1256
1255 1257
1256 1257
1258 1259
1258 1260
1258 1261
1258 1262
1258 1263
1258 1264
1258 1265
1258 1266
1258 1286
1258 1295
1259 1260
1259 1261
1259 1262
1259 1263
1259 1264
1259 1266
1260 1261
1260 1262
1260 1263
1260 1264
1260 1265
1260 1266
1260 1267
1260 1269
1260 1297
1261 1262
1261 1263
1261 1264
1261 1265
1261 1266
1261 1267
1261 1269
1261 1272
1262 1263
1262 1264
1263 1264
1265 1266
1265 1267
1265 1268
1265 1269
1265 1270
1265 1414
1266 1267
1266 1268
1266 1269
1266 1270
1266 1519
1267 1268
1267 1269
1267 1270
1268 1269
1268 1270
1269 1270
1269 1288
1271 1272
1271 1273
1271 1274
1271 1275
1271 1276
1272 1273
1272 1274
1272 1275
1272 1276
1273 1274
1273 1275
1273 1276
1274 1275
1274 1276
1275 1276
1277 1278
1277 1279
1277 1280
1277 1281
1277 1282
1277 1283
1277 1284
1277 1285
1278 1279
1278 1280
1278 1281
1278 1282
1278 1283
1278 1284
1278 1285
1279 1280
1279 1281
1279 1282
1279 1283
1279 1284
1279 1285
1280 1281
1280 1282
1280 1283
1280 1284
1280 1285
1281 1282
1281 1283
1281 1284
1281 1285
1282 1283
1282 1284
1282 1285
1283 1284
1283 1285
1284 1285
1286 1287
1286 1288
1286 1289
1286 1290
1287 1288
1287 1289
1287 1290
1287 1292
1288 1289
1288 1290
1288 1295
1289 1290
1291 1292
1291 1293
1291 1294
1292 1293
1292 1294
1293 1294
1295 1296
1295 1297
1295 1298
1295 1299
1295 1300
1296 1297
1296 1298
1296 1299
1296 1300
1297 1298
1297 1299
1297 1300
1298 1299
1298 1300
1299 1300
1301 1302
1301 1303
1301 1304
1301 1305
1301 1306
1301 1447
1302 1303
1302 1304
1302 1305
1302 1306
1302 1448
1303 1304
1303 1305
1303 1306
1304 1305
1304 1306
1305 1306
1307 1308
1307 1309
1307 1310
1308 1309
1308 1310
1309 1310
1311 1312
1311 1313
1311 1314
1311 1315
1311 1316
1311 1317
1311 1318
1311 1346
1311 1379
1312 1313
1312 1314
1312 1315
1312 1316
1312 1317
1312 1318
1313 1314
1313 1315
1313 1316
1313 1317
1313 1318
1314 1315
1314 1316
1314 1317
1314 1318
1315 1316
1315 1317
1315 1318
1316 1317
1316 1318
1317 1318
1319 1320
1319 1321
1319 1322
1319 1323
1320 1321
1320 1322
1321 1322
1323 1324
1323 1325
1323 1326
1323 1327
1323 1329
1324 1325
1324 1326
1324 1327
1324 1329
1324 1466
1326 1327
1326 1328
1326 1329
1326 1330
1326 1331
1326 1332
1327 1328
1327 1329
1327 1330
1327 1331
1327 1332
1328 1329
1328 1330
1328 1331
1328 1451
1329 1330
1329 1331
1330 1331
1332 1333
1332 1334
1332 1335
1333 1334
1333 1335
1333 1351
1333 1352
1333 1407
1333 1427
1334 1335
1336 1337
1336 1338
1336 1339
1336 1340
1336 1341
1336 1342
1336 1343
1336 1344
1336 1345
1336 1346
1336 1347
1336 1523
1336 1545
1337 1338
1337 1339
1337 1340
1337 1341
1337 1342
1337 1343
1337 1344
1337 1345
1337 1347
1337 1375
1338 1339
1338 1340
1338 1341
1338 1342
1338 1343
1338 1344
1338 1345
1339 1340
1339 1341
1339 1342
1339 1343
1339 1344
1339 1345
1340 1341
1340 1342
1340 1343
1340 1344
1340 1345
1341 1342
1341 1343
1341 1344
1341 1345
1341 1347
1341 1523
1341 1545
1342 1343
1342 1344
1342 1345
1342 1346
1342 1347
1342 1375
1343 1344
1343 1345
1344 1345
1346 1347
1346 1348
1346 1349
1346 1350
1346 1356
1346 1362
1346 1370
1346 1373
1346 1374
1346 1414
1347 1348
1347 1349
1347 1350
1347 1375
1348 1349
1348 1350
1349 1350
1351 1352
1351 1353
1351 1354
1351 1355
1352 1353
1352 1354
1352 1355
1353 1354
1353 1355
1354 1355
1356 1357
1356 1358
1356 1359
1356 1360
1356 1361
1357 1358
1357 1359
1357 1360
1357 1361
1358 1359
1358 1360
1358 1361
1359 1360
1359 1361
1360 1361
1362 1363
1362 1364
1362 1365
1362 1366
1362 1367
1362 1368
1362 1369
1363 1364
1363 1365
1363 1366
1363 1367
1363 1368
1363 1369
1364 1365
1364 1366
1364 1367
1364 1368
1364 1369
1365 1366
1365 1367
1365 1368
1365 1369
1366 1367
1366 1368
1366 1369
1367 1368
1367 1369
1368 1369
1370 1371
1370 1372
1370 1373
1370 1374
1370 1375
1370 1376
1370 1377
1370 1378
1370 1398
1370 1399
1370 1400
1371 1372
1371 1373
1371 1374
1371 1375
1371 1376
1371 1377
1371 1378
1371 1400
1371 1422
1371 1423
1372 1373
1372 1374
1372 1375
1372 1376
1372 1377
1372 1378
1372 1400
1373 1374
1373 1375
1373 1376
1373 1377
1373 1378
1373 1400
1374 1375
1374 1376
1374 1377
1374 1378
1374 1400
1375 1376
1375 1377
1375 1378
1375 1398
1375 1399
1375 1400
1376 1377
1376 1378
1377 1378
1379 1380
1379 1381
1379 1382
1379 1383
1380 1381
1380 1382
1380 1383
1381 1382
1381 1383
1382 1383
1384 1385
1384 1386
1384 1387
1384 1388
1384 1389
1384 1390
1384 1391
1384 1392
1384 1393
1384 1394
1385 1386
1385 1387
1385 1388
1385 1389
1385 1390
1385 1391
1385 1392
1385 1393
1385 1394
1386 1387
1386 1388
1386 1389
1386 1390
1386 1391
1386 1392
1386 1393
1386 1394
1386 1397
1387 1388
1387 1389
1387 1390
1387 1391
1387 1392
1387 1393
1387 1394
1388 1389
1388 1390
1388 1391
1388 1392
1388 1393
1388 1395
1388 1423
1388 1487
1389 1390
1389 1391
1389 1392
1389 1393
1390 1391
1390 1392
1390 1393
1391 1392
1391 1393
1392 1393
1395 1396
1395 1397
1396 1397
1396 1423
1398 1399
1398 1400
1398 1401
1398 1402
1399 1400
1399 1401
1399 1402
1400 1401
1400 1402
1401 1402
1403 1404
1403 1405
1403 1416
1403 1427
1404 1405
1404 1415
1404 1417
1404 1428
1406 1407
1406 1408
1406 1409
1406 1416
1406 1427
1406 1447
1406 1448
1407 1408
1407 1409
1407 1417
1408 1409
1410 1411
1410 1412
1410 1413
1410 1416
1410 1417
1411 1412
1411 1413
1411 1417
1412 1413
1414 1415
1414 1416
1414 1417
1414 1418
1414 1427
1414 1428
1414 1431
1414 1447
1414 1481
1414 1487
1414 1515
1414 1516
1414 1520
1415 1416
1415 1417
1415 1418
1415 1428
1415 1448
1415 1482
1415 1485
1415 1486
1415 1516
1415 1518
1415 1519
1415 1521
1416 1417
1416 1418
1416 1427
1416 1481
1416 1482
1416 1485
1416 1539
1417 1418
1417 1428
1417 1482
1417 1486
1419 1420
1419 1421
1419 1422
1419 1447
1420 1421
1422 1423
1422 1424
1422 1425
1422 1426
1422 1504
1423 1424
1423 1425
1423 1426
1424 1425
1424 1426
1425 1426
1427 1428
1427 1429
1427 1430
1427 1431
1427 1447
1427 1451
1427 1460
1428 1429
1428 1430
1428 1431
1428 1448
1428 1451
1428 1452
1428 1460
1428 1461
1429 1430
1429 1431
1430 1431
1432 1433
1432 1434
1432 1435
1432 1436
1432 1437
1432 1447
1432 1460
1433 1434
1433 1435
1433 1436
1433 1437
1433 1439
1433 1442
1433 1443
1433 1448
1433 1452
1434 1435
1434 1436
1434 1437
1435 1436
1435 1437
1436 1437
1438 1439
1438 1440
1438 1441
1438 1442
1438 1443
1438 1444
1438 1445
1438 1446
1438 1451
1438 1452
1439 1440
1439 1441
1439 1442
1439 1443
1439 1444
1439 1445
1439 1446
1439 1452
1439 1466
1440 1441
1440 1442
1440 1443
1440 1444
1440 1445
1440 1446
1441 1442
1441 1443
1441 1444
1441 1445
1441 1446
1442 1443
1442 1444
1442 1445
1442 1446
1443 1444
1443 1445
1443 1446
1444 1445
1444 1446
1445 1446
1447 1448
1447 1449
1447 1450
1447 1451
1447 1452
1448 1449
1448 1450
1448 1451
1448 1452
1449 1450
1451 1452
1451 1453
1451 1454
1451 1455
1451 1456
1451 1457
1451 1459
1451 1460
1451 1461
1452 1453
1452 1454
1452 1455
1452 1456
1452 1457
1452 1460
1452 1461
1453 1454
1453 1455
1453 1456
1453 1457
1454 1455
1454 1456
1454 1457
1455 1456
1455 1457
1456 1457
1458 1459
1458 1460
1458 1461
1459 1460
1459 1461
1460 1461
1462 1463
1462 1464
1463 1464
1465 1466
1465 1467
1465 1468
1465 1550
1466 1467
1466 1468
1466 1469
1466 1471
1466 1550
1468 1469
1468 1470
1468 1471
1468 1472
1468 1473
1468 1474
1468 1475
1468 1476
1469 1470
1469 1471
1469 1472
1469 1473
1469 1474
1469 1475
1469 1476
1470 1471
1470 1472
1470 1473
1470 1474
1470 1475
1470 1476
1471 1472
1471 1473
1471 1474
1471 1475
1471 1476
1472 1473
1472 1474
1472 1475
1472 1476
1473 1474
1473 1475
1473 1476
1474 1475
1474 1476
1475 1476
1477 1478
1477 1479
1477 1480
1478 1479
1478 1480
1479 1480
1481 1482
1481 1483
1481 1484
1481 1485
1481 1487
1481 1493
1481 1515
1481 1516
1481 1520
1482 1483
1482 1484
1482 1486
1482 1493
1482 1515
1482 1516
1482 1518
1482 1519
1482 1520
1482 1521
1483 1484
1485 1486
1485 1487
1485 1488
1485 1489
1485 1490
1485 1491
1485 1492
1485 1493
1485 1494
1485 1515
1485 1516
1485 1518
1485 1520
1485 1521
1486 1487
1486 1488
1486 1489
1486 1490
1486 1491
1486 1492
1486 1493
1486 1494
1486 1516
1486 1518
1486 1519
1487 1488
1487 1489
1487 1490
1487 1491
1487 1492
1487 1493
1487 1494
1487 1515
1487 1520
1487 1526
1488 1489
1488 1490
1488 1491
1488 1492
1488 1493
1488 1494
1489 1490
1489 1491
1489 1492
1489 1493
1489 1494
1490 1491
1490 1492
1490 1493
1490 1494
1491 1492
1491 1493
1491 1494
1492 1493
1492 1494
1493 1494
1493 1516
1495 1496
1495 1497
1495 1498
1496 1497
1496 1498
1497 1498
1499 1500
1499 1501
1499 1502
1499 1503
1499 1515
1500 1501
1500 1502
1500 1503
1500 1516
1500 1518
1500 1519
1501 1502
1501 1503
1502 1503
1504 1505
1504 1506
1504 1507
1504 1508
1505 1506
1505 1507
1505 1508
1506 1507
1506 1508
1507 1508
1509 1510
1509 1511
1510 1511
1512 1513
1512 1514
1513 1514
1515 1516
1515 1517
1515 1518
1515 1519
1515 1520
1515 1521
1515 1526
1515 1540
1516 1517
1516 1518
1516 1519
1516 1521
1516 1527
1516 1540
1517 1518
1517 1519
1518 1519
1518 1521
1518 1527
1518 1540
1519 1521
1519 1527
1519 1540
1520 1521
1520 1522
1520 1523
1520 1524
1520 1525
1520 1526
1520 1539
1521 1522
1521 1523
1521 1524
1521 1525
1521 1527
1521 1540
1522 1523
1522 1524
1522 1525
1523 1524
1523 1525
1524 1525
1526 1527
1526 1528
1526 1529
1526 1530
1527 1528
1527 1529
1527 1530
1528 1529
1528 1530
1529 1530
1532 1533
1532 1534
1533 1534
1535 1536
1535 1537
1535 1538
1536 1537
1536 1538
1537 1538
1539 1540
1539 1541
1539 1542
1539 1543
1539 1544
1539 1545
1539 1546
1539 1547
1539 1548
1540 1541
1540 1542
1540 1543
1540 1544
1540 1545
1540 1546
1540 1547
1540 1548
1541 1542
1541 1543
1541 1544
1541 1545
1541 1546
1541 1547
1541 1548
1542 1543
1542 1544
1542 1545
1542 1546
1542 1547
1542 1548
1543 1544
1543 1545
1543 1546
1543 1547
1543 1548
1544 1545
1544 1546
1544 1547
1544 1548
1545 1546
1545 1547
1545 1548
1546 1547
1546 1548
1547 1548
1549 1550
1549 1551
1549 1552
1549 1553
1549 1554
1549 1555
1549 1556
1550 1551
1550 1552
1550 1553
1550 1554
1550 1555
1550 1556
1551 1552
1551 1553
1551 1554
1551 1555
1551 1556
1552 1553
1552 1554
1552 1555
1552 1556
1553 1554
1553 1555
1553 1556
1554 1555
1554 1556
1555 1556
1557 1558
1557 1559
1557 1560
1557 1561
1557 1562
1557 1563
1557 1564
1557 1565
1558 1559
1558 1560
1558 1561
1558 1562
1558 1563
1558 1564
1558 1565
1559 1560
1559 1561
1559 1562
1559 1563
1559 1564
1559 1565
1560 1561
1560 1562
1560 1563
1560 1564
1560 1565
1561 1562
1561 1563
1561 1564
1561 1565
1562 1563
1562 1564
1562 1565
1563 1564
1563 1565
1564 1565
1566 1567
1566 1568
1566 1569
1567 1568
1567 1569
1568 1569
