0 1
0 2
0 53
0 62
0 68
0 431
0 450
0 536
0 537
0 614
0 716
0 1062
1 2
1 37
1 536
1 537
1 539
3 4
3 5
3 6
3 7
3 8
3 9
3 11
3 25
3 26
3 49
3 53
3 58
3 87
3 109
3 209
3 431
3 566
3 766
4 5
4 6
4 7
4 8
4 9
4 11
4 25
4 26
4 49
4 62
4 63
4 629
4 766
5 6
5 7
5 8
5 9
6 7
6 8
6 9
7 8
7 9
7 16
7 25
7 49
7 62
7 63
7 111
7 444
7 478
7 628
7 629
7 766
8 9
8 62
8 63
8 455
8 766
10 11
10 12
10 13
10 14
10 15
10 69
11 12
11 13
11 14
11 15
11 17
11 48
11 49
11 497
11 566
11 612
12 13
12 14
12 15
12 20
12 21
12 26
12 47
12 50
12 1126
13 14
13 15
14 15
16 17
16 18
16 19
16 20
16 21
16 25
16 30
16 81
16 104
16 431
16 628
16 629
16 1091
17 18
17 19
17 20
17 37
17 49
17 629
18 19
18 25
18 928
20 21
20 22
20 23
20 24
20 89
20 416
20 507
21 22
21 23
21 24
21 59
21 435
22 23
22 24
23 24
23 25
23 89
23 94
24 25
25 26
25 27
25 28
25 29
25 30
25 81
25 82
25 213
26 27
26 28
26 29
26 30
26 58
26 59
26 80
26 82
26 130
26 564
26 766
26 981
27 28
27 29
27 30
28 29
28 30
29 30
31 32
31 33
31 34
31 35
31 129
31 130
32 33
32 34
32 35
33 34
33 35
34 35
36 37
36 38
36 39
36 40
36 41
36 42
36 73
36 87
36 88
36 90
36 106
36 147
36 148
36 361
36 431
36 666
37 38
37 39
37 40
37 41
37 42
37 82
37 87
37 90
37 147
37 148
38 39
38 40
38 41
38 42
38 87
38 88
38 89
38 94
38 95
38 566
39 40
39 41
39 42
39 87
39 89
39 677
40 41
40 42
41 42
43 44
43 45
43 46
43 47
43 68
43 69
44 45
44 46
44 47
45 46
45 47
46 47
48 49
48 50
48 51
48 52
48 58
48 129
48 130
48 431
48 432
48 538
48 548
48 572
49 50
49 51
49 52
49 53
49 54
49 58
49 59
49 129
49 130
49 147
49 417
49 445
49 504
49 507
49 512
49 514
49 538
49 539
49 543
49 548
50 51
50 52
50 54
50 60
50 108
50 147
50 156
50 589
51 52
53 54
53 55
53 56
53 57
53 58
53 59
53 68
53 94
53 213
53 214
53 913
54 55
54 56
54 57
54 58
54 59
54 60
54 62
54 63
54 213
55 56
55 57
56 57
58 59
58 60
58 61
58 63
58 68
58 538
58 766
59 60
59 61
59 65
59 74
59 448
59 449
59 512
59 514
59 538
59 539
59 766
60 61
60 95
62 63
62 64
62 65
62 66
62 67
63 64
63 65
63 66
63 67
63 543
64 65
64 66
64 67
64 251
65 66
65 67
66 67
68 69
68 70
68 71
68 72
68 81
68 82
68 126
68 130
68 427
68 431
68 1047
68 1049
69 70
69 71
69 72
69 74
69 120
69 130
69 134
69 1047
69 1053
70 71
70 72
71 72
71 427
73 74
73 75
73 76
74 75
74 76
74 88
74 105
75 76
77 78
77 79
77 80
77 81
77 82
77 83
77 84
77 85
77 86
78 79
78 80
78 81
78 82
78 83
78 84
78 85
78 86
79 80
79 81
79 82
79 83
79 84
79 85
79 86
79 87
79 129
79 130
80 81
80 82
80 83
80 84
80 85
80 86
80 88
80 416
81 82
81 83
81 84
81 85
81 86
81 94
81 121
81 125
81 487
81 795
82 83
82 84
82 85
82 86
82 126
82 134
83 84
83 85
83 86
84 85
84 86
85 86
87 88
87 89
87 90
87 91
87 92
87 93
87 94
87 95
87 96
87 97
87 98
87 99
87 104
87 147
87 148
87 572
87 907
88 89
88 90
88 91
88 92
88 93
88 94
88 95
88 96
88 97
88 99
88 148
89 90
89 91
89 92
89 93
89 94
89 95
89 96
89 97
89 98
89 99
89 100
89 125
89 129
89 431
89 666
89 796
90 91
90 92
90 93
90 94
90 95
90 96
90 97
90 98
90 99
90 125
90 129
91 92
91 93
91 94
91 95
91 96
91 97
92 93
92 94
92 95
92 96
92 97
93 94
93 95
93 96
93 97
93 120
94 95
94 96
94 97
94 129
94 130
94 338
95 96
95 97
95 99
95 130
95 339
96 97
98 99
98 100
98 101
98 102
98 103
99 100
99 101
99 102
99 103
99 130
100 101
100 102
100 103
101 102
101 103
102 103
104 105
104 106
104 107
104 108
104 109
104 110
104 407
104 408
104 459
104 460
104 478
104 485
104 508
104 1069
104 1079
105 106
105 107
105 108
105 109
105 110
105 459
105 460
105 567
105 1037
106 107
106 108
106 109
106 110
106 193
106 450
106 478
106 485
106 508
106 509
106 566
106 568
106 773
106 778
106 1042
107 108
107 109
107 110
107 194
107 552
107 556
107 560
107 564
109 110
109 111
109 112
109 393
109 394
109 450
109 478
109 479
109 803
109 1036
109 1037
109 1047
110 111
110 112
110 153
110 394
110 440
110 543
110 552
110 556
110 560
110 1037
111 112
111 175
111 200
111 373
113 114
113 115
113 116
113 117
113 118
113 119
113 120
113 121
114 115
114 116
114 117
114 118
114 119
114 121
115 116
115 117
115 118
115 435
115 436
115 744
116 117
116 118
116 134
117 118
119 120
119 121
119 122
119 123
119 124
119 126
119 130
119 134
119 459
119 460
120 121
120 122
120 123
120 124
120 130
120 134
120 148
120 707
121 122
121 123
121 124
121 130
121 134
121 197
121 339
122 123
122 124
123 124
125 126
125 127
125 128
125 129
125 130
125 423
125 427
125 435
126 127
126 128
126 129
126 130
126 134
126 257
126 416
126 417
126 424
126 428
126 436
127 128
129 130
129 131
129 132
129 133
129 134
129 251
129 568
129 1049
130 131
130 132
130 133
130 134
130 445
130 573
130 745
130 871
131 132
131 133
132 133
134 135
134 136
134 137
135 136
135 137
136 137
138 139
138 140
138 141
138 142
138 143
138 144
138 145
138 146
138 744
138 745
139 140
139 141
139 142
139 143
139 144
139 145
139 146
140 141
140 142
140 143
140 144
140 145
140 146
141 142
141 143
141 144
141 145
141 146
142 143
142 144
142 145
142 146
143 144
143 145
143 146
144 145
144 146
145 146
147 148
147 149
147 150
147 151
147 559
148 149
148 150
148 151
149 150
149 151
149 376
150 151
152 153
152 154
152 155
152 156
152 157
152 913
153 154
153 155
153 156
153 158
153 560
154 155
154 156
155 156
155 252
157 158
157 173
157 185
157 213
157 220
157 258
157 316
157 320
157 325
157 496
157 497
157 511
157 600
157 639
157 650
157 656
157 886
157 911
158 160
158 174
158 176
158 214
158 219
158 321
158 326
158 352
158 497
158 512
158 552
158 598
158 651
158 657
158 687
158 887
159 160
159 161
159 162
159 163
159 164
160 161
160 162
160 163
160 164
161 162
161 163
161 164
162 163
162 164
163 164
165 166
165 167
165 200
165 414
165 509
165 1047
166 167
166 176
166 203
167 200
167 373
167 650
168 169
168 170
168 171
168 172
168 173
168 175
168 256
168 257
169 170
169 171
169 172
169 174
169 175
169 176
169 186
169 203
169 436
170 171
170 172
171 172
173 174
173 175
173 176
173 177
173 185
173 193
173 197
173 202
173 213
174 175
174 176
174 178
174 186
174 194
174 198
174 201
174 203
174 214
175 176
175 177
175 178
175 185
175 293
175 376
175 423
175 427
175 551
175 565
176 178
176 186
176 194
176 198
176 203
176 214
177 178
177 179
177 180
177 181
177 182
177 183
177 184
178 179
178 180
178 181
178 182
178 183
178 184
178 186
179 180
179 181
179 182
179 183
179 184
179 251
179 256
179 436
180 181
180 182
180 183
180 184
180 394
180 436
181 182
181 183
181 184
182 183
182 184
182 864
183 184
184 376
185 186
185 187
185 188
185 189
185 190
185 193
185 197
185 202
185 213
185 218
185 220
185 224
185 508
186 187
186 188
186 189
186 190
186 194
186 201
186 394
186 424
186 457
186 509
186 1048
187 188
187 189
187 190
188 189
188 190
189 190
191 192
191 200
191 203
192 203
193 194
193 195
193 196
193 202
193 478
193 508
193 509
193 611
193 890
193 913
193 1049
193 1053
194 195
194 196
194 201
194 214
194 221
194 479
194 509
194 542
194 584
194 611
194 612
194 891
194 1053
194 1054
195 196
195 504
195 865
197 198
197 199
197 200
197 202
198 199
198 201
198 203
198 215
198 362
200 201
200 202
200 203
200 204
200 224
200 458
200 468
200 571
200 611
201 202
201 203
201 214
202 203
202 213
202 224
202 600
203 205
203 210
203 215
203 224
203 600
203 601
204 205
206 207
206 208
206 224
207 208
207 224
209 210
209 211
209 212
209 224
209 305
209 313
209 314
209 346
209 347
209 393
209 414
209 460
209 464
209 466
209 933
209 967
210 211
210 212
210 219
210 224
210 416
210 464
211 212
213 214
213 215
213 216
213 217
213 220
213 228
213 305
213 356
213 360
213 414
213 450
213 457
213 459
213 711
213 790
213 859
213 907
213 947
214 215
214 216
214 217
214 219
214 221
214 228
214 357
214 451
214 457
214 488
214 790
214 791
214 857
214 859
214 860
214 948
215 216
215 217
215 219
215 252
215 348
215 352
215 353
215 357
215 402
215 403
215 404
215 451
215 457
215 459
215 460
215 791
215 860
216 217
218 219
218 220
218 346
218 427
219 221
219 224
219 321
219 424
219 436
219 467
219 637
219 642
220 221
220 222
220 223
220 224
220 228
220 421
220 542
220 543
220 544
220 545
220 551
220 555
220 559
220 560
221 222
221 223
221 224
221 228
221 229
221 233
221 234
221 422
221 542
221 543
221 552
221 556
221 559
221 560
222 223
224 225
224 226
224 227
224 234
224 330
224 439
224 723
224 1024
225 226
225 227
226 227
228 229
228 230
228 231
228 232
228 233
228 236
228 237
228 266
228 267
228 329
228 346
228 347
228 600
228 606
229 230
229 231
229 232
229 233
229 234
229 257
229 330
229 341
229 347
229 352
229 362
229 509
229 603
229 1113
230 231
230 232
231 232
233 234
233 235
233 237
233 329
233 330
233 341
233 346
233 347
233 348
233 352
233 509
233 598
233 600
233 601
233 602
233 603
233 606
233 607
233 611
234 235
234 237
234 329
234 340
234 346
234 509
236 237
236 238
236 239
236 240
236 241
236 242
236 243
236 244
236 245
236 246
236 247
236 248
236 249
236 250
236 256
236 257
236 329
236 600
236 601
236 602
236 603
236 606
236 607
237 238
237 239
237 240
237 241
237 242
237 243
237 244
237 245
237 246
237 247
237 248
237 249
237 250
237 257
237 603
238 239
238 240
238 241
238 242
238 243
238 244
238 245
238 246
238 247
238 248
238 249
238 250
239 240
239 241
239 242
239 243
239 244
239 245
239 246
239 247
239 248
239 249
239 250
240 241
240 242
240 243
240 244
240 245
240 246
240 247
240 248
240 249
240 250
241 242
241 243
241 244
241 245
241 246
241 247
241 248
241 249
241 250
242 243
242 244
242 245
242 246
242 247
242 248
242 249
242 250
243 244
243 245
243 246
243 247
243 248
243 249
243 250
244 245
244 246
244 247
244 248
244 249
244 250
245 246
245 247
245 248
245 249
245 250
245 256
246 247
246 248
246 249
246 250
246 257
247 248
247 249
247 250
248 249
248 250
249 250
251 252
251 253
251 254
251 255
251 256
251 257
251 258
251 259
251 260
251 262
251 297
251 341
251 538
251 819
252 253
252 254
252 255
252 256
252 257
252 258
252 259
252 262
252 341
252 681
252 819
253 254
253 255
253 256
253 257
254 255
254 256
254 257
255 256
255 257
256 257
256 258
256 262
256 293
256 294
256 297
256 305
256 338
256 346
256 347
256 348
256 352
256 660
256 819
256 820
256 821
257 259
257 263
257 299
257 306
257 348
257 695
258 259
258 260
258 261
258 262
258 288
258 305
258 819
258 820
258 821
258 1066
259 260
259 261
259 263
259 417
259 821
260 261
262 263
262 264
262 265
262 280
262 283
262 293
262 297
262 339
262 819
262 890
263 264
263 265
263 273
263 274
263 281
263 282
263 294
263 299
263 306
263 366
263 891
264 265
266 267
266 268
266 269
266 270
266 271
266 329
267 268
267 269
267 270
267 271
267 329
267 330
268 269
268 270
268 271
269 270
269 271
270 271
272 273
272 280
272 286
272 293
272 294
272 600
272 611
272 612
272 855
273 281
273 287
273 289
273 313
273 314
273 348
273 517
274 280
274 281
275 276
275 277
275 278
275 279
275 280
275 286
275 288
275 612
275 666
276 277
276 278
276 279
276 281
276 287
276 289
277 278
277 279
278 279
280 281
280 282
280 288
280 300
280 305
280 311
280 313
280 612
281 282
281 283
281 287
281 300
281 301
281 306
281 312
281 314
282 283
282 284
282 285
282 329
282 435
282 602
282 855
282 857
283 284
283 285
283 287
283 289
283 612
283 857
284 285
286 287
286 288
286 289
286 290
286 291
286 292
286 297
286 313
286 314
286 628
286 854
287 288
287 289
287 290
287 291
287 292
287 301
287 306
287 311
287 314
287 321
287 628
287 629
288 289
288 290
288 291
288 292
288 297
288 313
288 628
288 650
289 290
289 291
289 292
289 301
289 314
289 321
289 629
290 291
290 292
291 292
293 294
293 295
293 296
293 297
293 298
293 299
293 313
293 314
293 316
293 317
293 386
293 548
293 799
293 819
293 913
294 295
294 296
294 297
294 298
294 299
294 313
294 314
294 317
294 330
294 377
294 386
294 819
295 296
295 297
295 298
295 299
296 297
296 298
296 299
297 298
297 299
297 311
297 717
297 718
297 819
297 820
298 299
298 662
299 330
300 301
300 302
300 303
300 304
300 311
300 329
300 373
300 602
300 844
300 873
300 876
300 877
300 994
301 302
301 303
301 304
301 306
301 312
301 377
301 381
301 845
301 877
301 878
302 303
302 304
303 304
305 306
305 307
305 308
305 309
305 310
305 311
305 379
305 398
305 400
305 402
305 403
305 404
305 450
305 538
305 542
305 572
305 628
305 655
305 667
305 680
305 766
305 808
305 809
305 907
305 913
305 967
305 1018
305 1047
306 307
306 308
306 309
306 310
306 312
306 538
306 628
306 667
306 680
306 791
306 808
306 809
307 308
307 309
307 310
307 825
308 309
308 310
308 377
308 403
309 310
311 312
311 313
311 316
311 803
311 823
311 864
312 314
312 317
312 414
312 552
312 614
312 629
312 633
312 638
312 642
312 651
312 657
312 717
312 784
312 790
312 791
312 804
312 824
312 849
313 314
313 315
313 317
313 385
313 439
313 464
313 466
313 716
313 848
313 859
313 942
313 1099
314 315
314 317
314 330
314 385
314 629
314 716
314 859
314 942
316 317
316 318
316 319
316 464
316 466
316 628
317 318
317 319
317 677
318 319
320 321
320 322
320 323
320 324
320 628
321 322
321 323
321 324
321 352
321 628
322 323
322 324
323 324
324 370
324 543
324 545
325 326
325 327
325 328
325 347
326 327
326 328
326 329
326 330
326 347
326 348
326 352
326 353
326 362
327 328
329 330
329 331
329 332
329 333
329 334
329 353
329 533
329 600
329 602
329 711
330 331
330 332
330 333
330 334
330 340
330 341
330 348
330 352
331 332
331 333
331 334
332 333
332 334
333 334
335 336
335 337
335 502
336 337
338 339
338 414
338 423
338 427
340 341
340 342
340 343
340 344
340 345
340 346
340 347
340 348
340 352
340 353
340 423
340 606
340 1079
341 342
341 343
341 344
341 345
341 347
342 343
342 344
342 345
343 344
343 345
344 345
346 347
346 348
346 349
346 350
346 351
346 352
346 353
346 354
346 355
346 439
346 606
346 627
346 837
346 1018
347 348
347 349
347 350
347 351
347 352
347 353
347 354
347 355
347 356
347 414
347 572
347 627
348 349
348 350
348 351
348 352
348 353
348 354
348 355
349 350
349 351
349 352
349 353
349 354
349 355
350 351
350 352
350 353
350 354
350 355
351 352
351 353
351 354
351 355
352 353
352 354
352 355
352 572
352 981
353 354
353 355
353 414
353 420
354 355
356 357
356 358
356 359
356 464
357 358
357 359
357 465
358 359
360 361
360 362
360 363
360 364
360 376
360 407
360 450
360 566
360 600
360 611
360 619
360 773
361 362
361 363
361 364
361 415
361 448
361 450
361 459
361 566
361 628
361 667
361 701
361 773
361 774
362 363
362 364
362 400
362 408
362 416
362 417
362 450
362 451
362 454
362 457
362 458
362 566
362 773
362 774
363 364
365 366
365 367
366 367
368 369
368 370
368 371
368 372
368 373
368 374
368 375
368 376
368 377
368 378
368 398
368 439
368 509
368 660
368 661
368 662
368 671
368 816
368 913
368 1023
368 1099
368 1100
369 370
369 371
369 372
369 373
369 374
369 375
369 376
369 377
369 378
369 393
369 398
369 414
369 508
369 518
369 572
369 597
369 632
369 660
369 662
369 671
369 688
369 716
369 816
369 1084
369 1099
370 371
370 372
370 373
370 374
370 375
370 376
370 377
370 378
370 381
370 394
370 400
370 403
370 572
370 657
370 660
370 661
370 663
370 667
370 671
370 705
370 800
370 816
370 1084
371 372
371 373
371 374
371 375
371 376
371 377
371 378
372 373
372 374
372 375
372 376
372 377
372 378
373 374
373 375
373 376
373 377
373 378
373 398
373 400
373 572
373 662
373 671
373 734
373 805
373 816
373 892
373 1106
374 375
374 376
374 377
374 378
374 400
374 402
374 405
374 629
374 657
374 663
374 672
374 673
374 723
374 800
374 802
374 816
375 376
375 377
375 378
376 377
376 378
376 400
376 409
376 441
376 544
376 550
376 572
376 662
376 671
376 719
376 800
376 807
376 816
376 835
376 1106
377 378
377 400
377 402
377 404
377 661
377 663
377 667
377 816
378 508
379 380
379 381
379 382
379 383
379 384
379 385
379 415
379 416
379 417
379 600
379 612
379 696
380 381
380 382
380 383
380 384
380 385
380 386
380 389
380 390
380 695
380 848
380 849
380 851
380 860
381 382
381 383
381 384
381 385
381 386
381 389
381 398
381 399
381 402
381 404
381 424
381 601
381 612
381 695
381 768
381 848
381 849
381 851
381 860
382 383
382 384
383 384
384 417
384 612
385 386
385 387
385 388
385 389
385 398
385 407
385 439
385 491
385 600
385 695
385 696
385 767
385 848
386 387
386 388
386 389
386 390
386 400
386 439
386 491
386 543
386 601
386 611
386 612
386 695
386 696
386 742
386 768
386 849
387 388
389 390
389 391
389 392
389 393
389 394
389 436
389 600
389 611
390 391
390 392
390 440
390 611
390 612
390 696
390 855
391 392
391 427
393 394
393 395
393 396
393 397
393 398
393 400
393 402
393 414
393 417
393 439
393 450
393 484
393 491
393 536
393 555
393 612
394 395
394 396
394 397
394 398
394 399
394 400
394 402
394 403
394 404
394 451
394 491
394 492
394 536
394 555
394 556
395 396
395 397
396 397
398 399
398 400
398 401
398 402
398 403
398 404
398 405
398 406
398 416
398 417
398 423
398 424
398 440
398 491
398 536
398 537
398 538
398 539
398 612
398 890
399 400
399 401
399 402
399 403
399 404
399 405
399 406
399 440
400 401
400 402
400 403
400 404
400 405
400 406
400 417
400 440
400 491
400 492
400 536
400 539
401 402
401 403
401 404
401 405
401 406
401 691
401 825
402 403
402 404
402 405
402 406
402 410
402 447
402 491
402 536
402 539
402 696
402 801
402 890
403 404
403 405
403 406
403 410
403 412
403 491
403 536
403 539
403 801
403 822
403 890
404 405
404 406
404 407
404 408
404 410
404 417
404 424
404 491
404 536
404 537
404 539
404 799
404 800
404 801
404 890
404 1047
405 406
407 408
407 409
407 410
407 411
407 416
407 424
407 435
407 536
407 537
407 538
407 539
408 409
408 410
408 411
408 417
408 537
408 538
408 612
408 717
408 968
408 1019
408 1102
408 1103
409 410
409 411
410 411
412 413
412 464
412 467
414 415
414 416
414 417
414 418
414 419
414 420
414 421
414 422
414 423
414 424
414 425
414 426
414 427
414 428
414 429
414 430
414 431
414 432
414 433
414 434
414 435
414 436
414 437
414 438
414 439
414 440
414 441
414 442
414 443
414 446
414 483
414 491
414 536
414 542
414 566
414 716
414 790
414 799
414 823
414 1028
414 1047
415 416
415 417
415 418
415 419
415 420
415 421
415 422
415 423
415 424
415 425
415 426
415 427
415 428
415 429
415 430
415 431
415 432
415 433
415 434
415 435
415 436
415 437
415 438
415 439
415 440
415 441
415 442
415 443
415 478
415 484
415 548
415 570
415 695
415 808
415 882
415 928
415 1018
415 1030
415 1049
415 1057
415 1126
416 417
416 418
416 419
416 420
416 421
416 422
416 423
416 424
416 425
416 426
416 427
416 428
416 429
416 430
416 431
416 432
416 433
416 434
416 435
416 436
416 437
416 438
416 439
416 440
416 441
416 442
416 443
416 451
416 467
416 478
416 483
416 799
417 418
417 419
417 420
417 421
417 422
417 423
417 424
417 425
417 426
417 427
417 428
417 429
417 430
417 431
417 432
417 433
417 434
417 435
417 436
417 437
417 438
417 439
417 440
417 441
417 442
417 443
417 451
417 479
417 509
417 537
417 657
417 800
417 883
417 1028
417 1029
417 1030
417 1050
418 419
418 420
418 421
418 422
418 423
418 424
418 425
418 426
418 427
418 428
418 429
418 430
418 431
418 432
418 433
418 434
418 435
418 436
418 437
418 438
418 439
418 440
418 441
418 442
418 443
419 420
419 421
419 422
419 423
419 424
419 425
419 426
419 427
419 428
419 429
419 430
419 431
419 432
419 433
419 434
419 435
419 436
419 437
419 438
419 439
419 440
419 441
419 442
419 443
420 421
420 422
420 423
420 424
420 425
420 426
420 427
420 428
420 429
420 430
420 431
420 432
420 433
420 434
420 435
420 436
420 437
420 438
420 439
420 440
420 441
420 442
420 443
420 602
420 606
421 422
421 423
421 424
421 425
421 426
421 427
421 428
421 429
421 430
421 431
421 432
421 433
421 434
421 435
421 436
421 437
421 438
421 439
421 440
421 441
421 442
421 443
421 507
421 790
422 423
422 424
422 425
422 426
422 427
422 428
422 429
422 430
422 431
422 432
422 433
422 434
422 435
422 436
422 437
422 438
422 439
422 440
422 441
422 442
422 443
423 424
423 425
423 426
423 427
423 428
423 429
423 430
423 431
423 432
423 433
423 434
423 435
423 436
423 437
423 438
423 439
423 440
423 441
423 442
423 443
423 491
423 536
423 606
423 886
423 1018
423 1042
423 1071
424 425
424 426
424 427
424 428
424 429
424 430
424 431
424 432
424 433
424 434
424 435
424 436
424 437
424 438
424 439
424 440
424 441
424 442
424 443
424 491
424 536
424 641
424 801
424 882
424 883
424 1024
424 1031
424 1092
424 1100
425 426
425 427
425 428
425 429
425 430
425 431
425 432
425 433
425 434
425 435
425 436
425 437
425 438
425 439
425 440
425 441
425 442
425 443
426 427
426 428
426 429
426 430
426 431
426 432
426 433
426 434
426 435
426 436
426 437
426 438
426 439
426 440
426 441
426 442
426 443
427 428
427 429
427 430
427 431
427 432
427 433
427 434
427 435
427 436
427 437
427 438
427 439
427 440
427 441
427 442
427 443
427 450
427 491
427 536
427 606
427 672
427 716
427 1018
427 1047
428 429
428 430
428 431
428 432
428 433
428 434
428 435
428 436
428 437
428 438
428 439
428 440
428 441
428 442
428 443
429 430
429 431
429 432
429 433
429 434
429 435
429 436
429 437
429 438
429 439
429 440
429 441
429 442
429 443
430 431
430 432
430 433
430 434
430 435
430 436
430 437
430 438
430 439
430 440
430 441
430 442
430 443
430 874
431 432
431 433
431 434
431 435
431 436
431 437
431 438
431 439
431 440
431 441
431 442
431 443
431 508
431 685
431 695
431 967
431 1030
432 433
432 434
432 435
432 436
432 437
432 438
432 439
432 440
432 441
432 442
432 443
432 684
433 434
433 435
433 436
433 437
433 438
433 439
433 440
433 441
433 442
433 443
434 435
434 436
434 437
434 438
434 439
434 440
434 441
434 442
434 443
435 436
435 437
435 438
435 439
435 440
435 441
435 442
435 443
435 641
435 799
435 882
435 1036
435 1047
435 1092
436 437
436 438
436 439
436 440
436 441
436 442
436 443
436 479
436 536
436 882
437 438
437 439
437 440
437 441
437 442
437 443
437 1042
438 439
438 440
438 441
438 442
438 443
439 440
439 441
439 442
439 443
439 597
439 600
439 612
439 632
439 633
439 695
439 823
439 824
439 967
439 1028
439 1037
440 441
440 442
440 443
440 451
440 491
440 536
440 632
440 633
440 641
440 642
440 687
440 800
440 882
440 1029
440 1037
440 1047
440 1048
441 442
441 443
441 684
442 443
443 584
444 445
446 447
448 449
448 450
448 451
448 452
448 453
448 454
448 455
448 456
449 450
449 451
449 452
449 453
449 454
449 455
449 456
449 465
449 566
449 567
449 568
449 569
450 451
450 452
450 453
450 454
450 455
450 456
450 457
450 460
450 542
450 597
450 716
450 773
450 913
450 1028
450 1112
451 452
451 453
451 454
451 455
451 456
451 467
451 573
452 453
452 454
452 455
452 456
453 454
453 455
453 456
454 455
454 456
454 933
455 456
457 458
457 459
458 568
459 460
459 461
459 462
459 463
459 466
459 467
459 566
459 1049
460 461
460 462
460 463
460 467
460 507
461 462
461 463
462 463
464 465
464 466
464 467
464 468
464 513
464 572
464 619
464 766
464 795
464 796
464 859
464 860
465 466
465 467
465 468
465 513
466 467
466 468
466 511
466 572
466 600
466 859
467 468
467 479
467 573
467 584
469 470
469 471
469 472
469 473
469 474
469 475
469 476
469 477
469 968
470 471
470 472
470 473
470 474
470 475
470 476
470 477
471 472
471 473
471 474
471 475
471 476
471 477
472 473
472 474
472 475
472 476
472 477
473 474
473 475
473 476
473 477
474 475
474 476
474 477
474 968
475 476
475 477
476 477
478 479
478 480
478 481
478 482
478 716
479 480
479 481
479 482
479 543
480 481
480 482
481 482
483 508
484 485
484 486
484 790
484 913
485 486
487 488
487 489
487 490
487 496
487 701
487 752
487 755
487 756
487 844
487 865
487 866
487 872
487 907
487 941
487 1058
488 489
488 490
488 552
488 752
488 756
488 866
488 921
488 922
488 941
488 942
488 1058
489 490
491 492
491 493
491 494
491 495
491 536
491 537
491 538
491 539
491 612
492 493
492 494
492 495
492 537
492 538
492 539
493 494
493 495
493 544
494 495
496 497
496 498
496 499
496 500
496 501
496 502
496 725
496 901
496 902
496 919
496 920
496 921
496 974
496 976
496 1057
496 1062
497 498
497 499
497 500
497 501
497 502
497 504
497 507
497 509
497 902
497 908
497 919
497 920
497 921
497 922
497 974
497 998
498 499
498 500
498 501
499 500
499 501
500 501
502 503
502 504
502 505
502 506
502 507
502 542
502 848
502 890
502 901
502 974
502 980
502 981
502 998
502 1106
503 504
503 505
503 506
503 507
503 568
503 909
503 921
503 994
504 505
504 506
504 507
504 864
504 901
504 974
504 1091
504 1107
505 506
505 507
506 507
507 749
507 865
507 866
507 974
507 975
507 998
508 509
508 510
508 516
508 534
508 536
508 542
508 544
508 548
508 551
508 724
508 828
508 1106
508 1122
509 510
509 543
509 545
509 671
509 1029
509 1047
511 512
511 513
511 514
511 515
511 516
511 517
511 572
511 573
511 928
511 929
512 513
512 514
512 515
512 516
512 517
512 525
512 572
512 584
512 766
512 918
512 929
513 514
513 515
513 516
513 517
513 525
513 572
513 606
513 856
513 907
513 908
513 917
513 918
513 928
513 929
514 515
514 516
514 517
514 572
514 573
514 766
514 918
514 929
515 516
515 517
516 517
516 538
516 544
516 559
516 572
516 573
516 611
516 856
516 909
516 917
516 918
516 921
516 928
516 929
517 519
517 525
517 572
517 573
517 907
517 908
517 918
517 928
517 930
518 519
518 520
518 521
518 577
518 578
518 600
519 520
519 521
519 584
519 864
519 865
520 521
520 606
522 523
523 536
523 537
523 584
524 525
524 526
524 527
524 583
524 913
524 1091
525 526
525 527
525 583
525 584
526 527
528 529
528 530
528 531
528 532
528 533
528 534
528 535
528 992
529 530
529 531
529 532
529 533
529 534
529 535
529 537
529 992
530 531
530 532
530 533
530 534
530 535
530 865
531 532
531 533
531 534
531 535
532 533
532 534
532 535
532 603
532 607
533 534
533 535
534 535
536 537
536 538
536 539
536 540
536 541
536 799
536 800
536 823
537 538
537 539
537 540
537 541
537 799
537 800
537 823
537 824
538 539
538 540
538 541
538 628
538 684
538 685
538 799
538 800
538 823
538 824
539 540
539 541
539 685
539 799
539 824
540 541
542 543
542 544
542 545
542 546
542 547
542 548
542 549
542 550
542 551
542 552
542 555
542 556
542 559
542 566
542 790
542 823
542 933
542 1047
543 544
543 545
543 546
543 547
543 548
543 549
543 550
543 551
543 552
543 555
543 556
543 559
543 560
543 584
543 933
543 934
543 1029
544 545
544 546
544 547
544 548
544 549
544 550
544 551
544 555
544 556
544 559
544 571
544 606
544 672
544 846
544 867
545 546
545 547
545 548
545 549
545 550
545 551
545 552
545 555
545 556
545 559
545 860
546 547
546 548
546 549
546 550
547 548
547 549
547 550
548 549
548 550
548 559
548 913
549 550
549 559
549 560
551 552
551 553
551 554
552 553
552 554
553 554
555 556
555 557
555 558
555 559
555 560
555 886
556 557
556 558
557 558
559 560
559 561
559 562
559 563
559 564
559 565
559 770
559 771
559 1036
560 561
560 562
560 563
560 564
560 565
560 770
561 562
561 563
561 564
561 565
562 563
562 564
562 565
563 564
563 565
564 565
566 567
566 568
566 569
566 570
566 571
566 744
566 773
566 947
566 1047
567 568
567 569
567 570
567 571
567 573
567 773
567 877
567 1029
568 569
568 570
568 571
568 773
568 904
569 570
569 571
569 774
569 877
570 571
572 573
572 574
572 575
572 576
572 577
572 600
572 611
572 666
572 679
572 917
572 928
572 929
572 953
572 954
572 955
572 956
572 1057
572 1062
572 1069
573 574
573 575
573 576
573 866
573 917
573 918
573 928
573 929
574 575
574 576
575 576
577 578
577 579
577 580
577 581
577 582
577 583
577 594
577 595
577 597
577 988
578 579
578 580
578 581
578 582
578 583
578 584
578 594
578 595
578 598
578 902
578 988
578 993
579 580
579 581
579 582
579 956
579 981
580 581
580 582
580 910
581 582
583 584
583 585
583 586
583 587
583 594
583 1084
584 585
584 586
584 587
584 594
584 595
584 868
584 896
584 908
584 909
584 910
584 924
584 995
584 1002
584 1089
585 586
585 587
586 587
588 589
588 590
588 907
588 908
589 590
591 592
591 593
591 796
592 593
594 595
594 596
594 600
594 886
594 928
594 929
595 596
595 601
595 753
595 796
595 929
597 598
597 599
597 600
597 601
597 602
597 603
597 606
597 607
597 612
597 711
597 712
597 848
597 849
597 913
597 914
598 599
598 600
598 602
598 612
598 619
598 620
598 712
598 849
598 860
599 600
599 612
599 619
599 620
599 849
599 860
600 601
600 602
600 603
600 604
600 605
600 606
600 607
600 608
600 609
600 610
600 611
600 612
600 613
600 619
600 655
600 848
600 913
601 602
601 603
601 604
601 605
601 606
601 607
601 608
601 609
601 610
601 612
601 619
601 620
601 621
601 767
601 771
601 785
601 791
601 849
602 603
602 604
602 605
602 606
602 607
602 608
602 609
602 610
602 619
602 620
602 672
602 784
602 938
603 604
603 605
603 606
603 607
603 608
603 609
603 610
603 612
603 613
603 619
603 849
603 860
604 605
604 606
604 607
604 608
604 609
604 610
605 606
605 607
605 608
605 609
605 610
606 607
606 608
606 609
606 610
606 619
606 971
607 608
607 609
607 610
607 612
607 619
607 620
607 860
608 609
608 610
609 610
611 612
611 613
611 767
611 768
611 784
611 795
611 844
611 848
611 859
611 860
611 1079
612 613
612 741
612 800
612 844
612 848
612 850
612 860
614 615
614 616
614 617
614 618
614 790
614 791
614 933
614 934
615 616
615 617
615 618
615 666
615 791
615 844
615 845
615 934
616 617
616 618
617 618
619 620
619 621
619 622
619 623
619 624
619 625
619 626
619 627
619 628
620 621
620 622
620 623
620 624
620 625
620 626
620 627
620 629
621 622
621 623
621 624
621 625
621 626
621 627
622 623
622 624
622 625
622 626
622 627
623 624
623 625
623 626
623 627
624 625
624 626
624 627
625 626
625 627
626 627
628 629
628 630
628 631
628 650
628 651
628 656
628 657
628 660
628 808
628 809
629 630
629 631
629 650
629 651
629 654
629 657
629 666
629 667
629 738
629 785
630 631
632 633
632 634
632 635
632 636
632 677
632 770
632 771
633 634
633 635
633 636
633 677
633 770
633 771
634 635
634 636
635 636
637 638
637 639
637 640
637 716
638 639
638 640
638 716
639 640
641 642
641 643
641 644
641 645
641 646
641 647
641 648
641 649
641 687
641 716
642 643
642 644
642 645
642 646
642 647
642 648
642 649
642 716
643 644
643 645
643 646
643 647
643 648
643 649
644 645
644 646
644 647
644 648
644 649
645 646
645 647
645 648
645 649
646 647
646 648
646 649
647 648
647 649
648 649
650 651
650 652
650 653
650 654
650 655
650 656
650 657
650 672
650 673
650 777
650 846
651 652
651 653
651 654
651 655
651 656
651 657
651 673
651 774
652 653
652 654
652 655
653 654
653 655
654 655
656 657
656 658
656 659
656 666
657 658
657 659
657 667
658 659
660 661
660 662
660 663
660 664
660 665
660 666
660 667
660 671
660 695
660 696
661 662
661 663
661 664
661 665
661 666
661 667
661 671
661 673
661 695
661 696
662 663
662 664
662 665
662 666
662 667
662 671
662 672
662 696
663 664
663 665
663 667
663 671
663 673
663 696
664 665
666 667
666 668
666 669
666 670
666 671
666 695
666 723
666 724
666 859
667 668
667 669
667 670
667 671
667 673
667 677
667 685
667 696
667 723
668 669
668 670
668 671
669 670
669 671
670 671
672 673
672 674
672 675
672 676
672 684
672 695
673 674
673 675
673 676
673 677
673 685
673 695
673 696
674 675
674 676
675 676
677 678
677 680
677 681
679 680
679 681
679 682
679 683
679 825
680 681
680 682
680 683
681 682
681 683
682 683
684 685
684 686
684 687
684 691
684 786
684 787
684 795
684 886
685 686
685 687
685 691
685 692
685 701
685 718
685 784
685 786
687 688
687 689
687 690
687 691
687 692
687 701
687 773
687 832
687 837
687 838
687 842
687 1122
688 689
688 690
689 690
691 692
691 693
691 694
691 701
691 805
691 825
691 832
691 837
691 838
691 842
691 1122
692 693
692 694
692 701
692 832
692 837
692 842
693 694
695 696
695 697
695 698
695 699
695 700
696 697
696 698
696 699
696 700
697 698
697 699
697 700
698 699
698 700
699 700
701 702
701 703
701 712
701 717
701 718
701 755
701 773
701 864
701 865
701 866
701 936
702 703
704 705
704 706
705 706
705 716
705 718
705 1067
707 708
707 709
707 710
707 825
708 709
708 710
709 710
711 712
711 713
711 714
711 715
711 716
711 733
711 786
711 936
712 713
712 714
712 715
712 718
712 733
712 936
712 1123
713 714
713 715
714 715
716 717
716 718
716 719
716 720
716 721
716 722
716 725
716 864
717 718
717 719
717 720
717 721
717 722
717 733
717 800
718 719
718 720
718 721
718 722
718 723
718 733
719 720
719 721
719 722
720 721
720 722
721 722
723 724
723 725
723 726
723 727
723 728
723 729
723 730
723 731
724 725
724 726
724 727
724 728
724 729
724 730
724 731
725 726
725 727
725 728
725 729
725 730
725 731
726 727
726 728
726 729
726 730
726 731
727 728
727 729
727 730
727 731
728 729
728 730
728 731
729 730
729 731
730 731
732 733
732 734
732 735
732 736
732 790
732 791
732 936
732 997
733 734
733 735
733 736
733 936
733 997
734 735
734 736
735 736
737 738
737 739
738 739
740 741
740 742
740 743
741 742
741 743
741 745
741 767
741 768
741 855
741 857
742 743
742 745
742 857
744 745
744 746
744 747
744 796
745 746
745 747
745 796
745 800
746 747
748 749
748 750
748 751
748 993
748 994
749 750
749 751
749 994
750 751
752 753
752 754
752 759
752 760
752 907
752 908
752 941
753 754
753 760
753 816
753 907
753 941
755 756
755 757
755 758
755 997
756 757
756 758
757 758
759 760
759 761
759 762
759 763
759 825
759 942
759 1097
759 1099
760 761
760 762
760 763
760 942
760 1092
760 1098
760 1100
761 762
761 763
762 763
764 765
764 766
765 766
767 768
767 769
767 773
767 786
767 844
767 848
767 1001
768 769
768 844
768 848
768 1002
768 1015
770 771
770 772
771 772
773 774
773 775
773 776
773 777
774 775
774 776
774 777
774 778
774 779
774 780
775 776
775 777
776 777
778 779
778 780
778 781
778 782
778 783
778 790
778 834
778 842
778 1028
778 1122
778 1123
779 780
779 781
779 782
779 783
779 785
779 842
779 1028
779 1123
780 781
780 782
780 783
780 785
780 839
780 842
780 843
781 782
781 783
782 783
782 825
784 785
784 786
784 787
784 788
784 789
784 790
784 791
785 786
785 787
785 788
785 789
785 791
786 787
786 788
786 789
786 855
786 1019
787 788
787 789
787 1019
788 789
790 791
790 792
790 793
790 794
790 844
790 871
791 792
791 793
791 794
791 844
791 845
791 849
792 793
792 794
793 794
795 796
795 797
795 798
795 929
795 933
795 934
795 1001
795 1018
795 1062
796 797
796 798
796 816
796 929
796 934
797 798
799 800
799 801
799 802
800 801
800 802
801 802
803 804
803 805
803 806
803 807
803 819
803 821
803 823
803 824
803 825
803 826
804 805
804 806
804 807
804 809
804 821
804 823
804 824
804 838
805 806
805 807
806 807
808 809
808 810
808 811
808 812
808 813
808 814
808 816
808 844
808 1038
809 810
809 811
809 812
809 813
809 814
809 816
810 811
810 812
810 813
810 814
811 812
811 813
811 814
812 813
812 814
813 814
813 953
814 954
815 816
815 817
815 818
816 817
816 818
817 818
819 820
819 821
819 822
819 823
819 824
819 838
819 844
820 821
820 822
820 823
820 824
820 833
820 837
820 838
821 822
821 823
821 824
821 826
821 829
821 833
821 838
823 824
823 825
823 826
823 827
823 832
823 837
823 873
824 825
824 826
824 827
824 833
824 837
824 838
824 871
824 873
824 874
825 826
825 827
825 832
825 833
825 838
825 873
825 874
825 1046
826 827
826 833
826 838
828 829
828 830
828 831
828 837
828 871
828 873
828 874
829 830
829 831
829 1067
830 831
832 833
832 834
832 835
832 836
832 837
832 871
832 873
832 876
833 834
833 835
833 836
833 837
833 838
833 871
833 873
833 874
833 877
833 878
834 835
834 836
834 838
834 876
835 836
835 1042
837 838
837 839
837 840
837 841
837 842
837 843
837 859
837 876
837 877
838 839
838 840
838 841
838 842
838 843
838 878
839 840
839 841
839 842
839 843
839 874
840 841
840 842
840 843
841 842
841 843
842 843
844 845
844 846
844 847
844 848
844 849
844 855
845 846
845 847
845 848
845 849
845 854
846 847
846 873
848 849
848 850
848 851
848 852
848 853
848 855
848 857
849 850
849 851
849 852
849 853
849 855
849 857
850 851
850 852
850 853
851 852
851 853
852 853
854 855
854 856
854 857
854 858
855 856
855 857
855 858
856 857
856 858
857 858
859 860
859 861
859 862
859 863
860 861
860 862
860 863
861 862
861 863
862 863
864 865
864 866
864 867
864 868
864 869
864 870
864 1028
864 1080
865 866
865 867
865 868
865 869
865 870
865 924
865 1095
866 867
866 868
866 869
866 870
866 929
867 868
867 869
867 870
868 869
868 870
869 870
871 872
871 873
871 874
871 875
871 1023
871 1024
872 873
872 874
872 875
873 874
873 875
874 875
876 877
876 878
876 879
876 880
876 881
876 947
877 878
877 879
877 880
877 881
877 1001
877 1002
877 1027
878 879
878 880
878 881
878 1001
879 880
879 881
880 881
882 883
882 884
882 885
882 886
882 887
882 967
882 1019
882 1029
882 1030
882 1039
883 884
883 885
883 886
883 887
883 967
883 1019
883 1028
883 1029
883 1039
884 885
886 887
886 888
886 889
886 1018
886 1019
886 1023
886 1042
886 1079
886 1084
887 888
887 889
887 1001
887 1002
887 1018
887 1019
887 1038
887 1039
887 1043
888 889
890 891
890 892
890 893
890 894
890 895
890 896
890 933
890 934
891 892
891 893
891 894
891 895
891 896
891 934
892 893
892 894
892 895
892 896
893 894
893 895
893 896
894 895
894 896
895 896
895 984
896 985
897 898
897 899
897 900
897 1067
898 899
898 900
898 1067
899 900
901 902
901 903
901 904
901 905
901 906
901 993
902 903
902 904
902 905
902 906
903 904
903 905
903 906
903 913
903 914
903 1084
904 905
904 906
904 908
904 909
904 910
904 913
904 914
904 1084
905 906
907 908
907 909
907 910
907 911
907 912
907 917
907 921
907 928
907 1028
907 1079
907 1080
908 909
908 910
908 911
908 912
908 917
908 921
908 929
908 1028
908 1029
908 1057
908 1079
908 1080
909 910
909 911
909 912
909 921
909 978
909 1079
909 1080
909 1081
909 1104
910 911
910 912
910 1079
910 1080
910 1081
911 912
913 914
913 915
913 916
913 920
913 934
913 947
913 948
913 949
913 1018
913 1099
914 915
914 916
914 920
914 935
914 936
914 947
914 948
914 964
915 916
917 918
917 919
917 928
917 929
917 953
917 956
917 992
918 928
918 929
918 953
918 954
919 920
919 921
919 981
919 998
919 1069
919 1070
919 1080
920 921
920 922
920 929
920 998
920 1070
920 1080
921 922
921 923
922 923
924 925
924 926
924 927
924 929
924 998
925 926
925 927
926 927
928 929
928 930
928 931
928 932
928 953
928 955
929 930
929 931
929 932
929 954
930 931
930 932
931 932
933 934
933 935
933 936
933 937
933 938
933 939
933 940
933 1028
933 1066
933 1067
933 1080
934 935
934 936
934 937
934 938
934 939
934 940
934 1058
934 1080
934 1081
935 936
935 937
935 938
935 939
935 940
936 937
936 938
936 939
936 940
936 1135
937 938
937 939
937 940
938 939
938 940
939 940
941 942
941 943
941 944
941 945
941 946
941 1079
942 943
942 944
942 945
942 946
943 944
943 945
943 946
944 945
944 946
945 946
947 948
947 949
947 950
947 951
947 952
947 953
947 954
947 955
947 956
947 1066
948 949
948 950
948 951
948 952
948 953
948 954
948 955
948 956
948 993
948 998
949 950
949 951
949 952
950 951
950 952
951 952
953 954
953 955
953 956
953 957
953 958
953 959
953 960
953 961
953 1097
954 955
954 956
954 957
954 958
954 959
954 960
955 956
955 957
955 958
955 959
955 960
955 964
956 957
956 958
956 959
956 960
956 961
956 962
956 964
956 985
956 999
957 958
957 959
957 960
958 959
958 960
959 960
961 962
961 997
961 1070
962 1070
963 964
963 965
963 966
964 965
964 966
965 966
967 968
967 969
968 1063
969 970
969 971
969 972
969 973
970 971
970 972
970 973
970 1103
971 972
971 973
972 973
974 975
974 976
974 977
974 978
974 979
975 976
975 977
975 978
975 979
976 977
976 978
976 979
977 978
977 979
978 979
980 981
980 982
980 983
980 984
980 985
980 1028
980 1029
980 1099
980 1102
980 1116
981 982
981 983
981 984
981 985
981 1080
981 1100
982 983
984 985
984 986
984 987
984 988
985 986
985 987
985 988
986 987
986 988
987 988
988 997
989 990
989 991
989 1091
989 1092
990 991
992 993
992 994
992 995
992 996
992 997
992 998
992 1027
992 1047
993 994
993 995
993 996
993 997
993 998
993 1047
993 1048
993 1058
994 995
994 996
994 997
994 1057
994 1058
994 1084
994 1106
995 996
995 997
995 998
995 1057
995 1072
997 998
997 999
997 1000
997 1001
997 1047
997 1062
997 1063
997 1069
997 1074
998 999
998 1000
998 1036
998 1047
998 1062
998 1063
998 1067
999 1000
1001 1002
1001 1003
1001 1004
1001 1014
1001 1015
1001 1019
1002 1003
1002 1004
1002 1015
1002 1019
1002 1024
1003 1004
1005 1006
1005 1007
1005 1008
1005 1009
1005 1014
1005 1015
1006 1007
1006 1008
1006 1009
1006 1015
1007 1008
1007 1009
1008 1009
1010 1011
1010 1012
1010 1013
1010 1014
1010 1015
1011 1012
1011 1013
1011 1015
1012 1013
1014 1015
1014 1016
1014 1017
1014 1024
1014 1031
1015 1016
1015 1017
1016 1017
1018 1019
1018 1020
1018 1021
1018 1022
1018 1030
1018 1037
1018 1038
1018 1042
1018 1047
1019 1020
1019 1021
1019 1022
1019 1023
1019 1029
1019 1031
1019 1037
1019 1039
1019 1042
1019 1043
1019 1050
1019 1095
1019 1100
1020 1021
1020 1022
1020 1081
1021 1022
1023 1024
1023 1025
1023 1026
1023 1027
1023 1028
1023 1037
1023 1038
1023 1042
1023 1047
1024 1025
1024 1026
1024 1027
1024 1028
1024 1029
1024 1031
1024 1038
1024 1039
1024 1042
1024 1047
1024 1050
1025 1026
1025 1027
1026 1027
1028 1029
1028 1030
1028 1031
1028 1032
1028 1033
1028 1034
1028 1035
1028 1036
1028 1037
1028 1038
1028 1039
1028 1042
1028 1043
1028 1047
1028 1048
1029 1030
1029 1031
1029 1032
1029 1033
1029 1034
1029 1035
1029 1036
1029 1037
1029 1050
1030 1031
1030 1032
1030 1033
1030 1034
1030 1035
1030 1038
1030 1047
1030 1049
1030 1066
1031 1032
1031 1033
1031 1034
1031 1035
1031 1036
1031 1037
1031 1038
1031 1042
1031 1043
1031 1047
1031 1050
1032 1033
1032 1034
1032 1035
1033 1034
1033 1035
1034 1035
1036 1037
1036 1038
1036 1039
1036 1040
1036 1041
1036 1042
1036 1043
1036 1044
1036 1045
1036 1046
1036 1047
1036 1049
1036 1050
1037 1038
1037 1039
1037 1040
1037 1041
1037 1042
1037 1043
1037 1044
1037 1045
1037 1046
1037 1047
1037 1048
1037 1050
1038 1039
1038 1040
1038 1041
1038 1042
1038 1043
1038 1044
1038 1045
1038 1046
1038 1047
1038 1048
1038 1106
1039 1040
1039 1041
1039 1042
1039 1043
1039 1044
1039 1045
1039 1046
1039 1047
1040 1041
1040 1042
1040 1043
1040 1044
1040 1045
1040 1046
1041 1042
1041 1043
1041 1044
1041 1045
1041 1046
1042 1043
1042 1044
1042 1045
1042 1046
1042 1047
1042 1106
1043 1044
1043 1045
1043 1046
1043 1047
1043 1054
1044 1045
1044 1046
1045 1046
1047 1048
1047 1049
1047 1050
1047 1051
1047 1052
1047 1053
1047 1054
1047 1055
1047 1056
1048 1049
1048 1050
1048 1051
1048 1052
1048 1053
1048 1054
1048 1055
1048 1056
1049 1050
1049 1051
1049 1052
1049 1053
1049 1054
1049 1055
1049 1056
1049 1066
1049 1091
1049 1092
1050 1051
1050 1052
1050 1053
1050 1054
1050 1055
1050 1056
1051 1052
1051 1053
1051 1054
1051 1055
1051 1056
1052 1053
1052 1054
1052 1055
1052 1056
1053 1054
1053 1055
1053 1056
1054 1055
1054 1056
1055 1056
1057 1058
1057 1059
1057 1060
1057 1061
1057 1066
1057 1067
1057 1069
1057 1070
1058 1059
1058 1060
1058 1061
1058 1066
1058 1067
1058 1070
1059 1060
1059 1061
1060 1061
1062 1063
1062 1064
1062 1065
1062 1066
1062 1067
1062 1069
1062 1070
1063 1064
1063 1065
1063 1066
1063 1067
1063 1069
1064 1065
1066 1067
1066 1068
1066 1069
1067 1068
1067 1069
1067 1070
1069 1070
1069 1071
1069 1072
1069 1073
1069 1080
1069 1089
1070 1071
1070 1072
1070 1073
1070 1079
1071 1072
1071 1073
1071 1081
1072 1073
1072 1081
1074 1075
1074 1076
1074 1077
1074 1078
1074 1080
1074 1081
1075 1076
1075 1077
1075 1078
1076 1077
1076 1078
1077 1078
1079 1080
1079 1081
1079 1082
1079 1083
1080 1081
1080 1082
1080 1083
1081 1082
1081 1083
1081 1093
1082 1083
1084 1085
1084 1086
1084 1087
1084 1088
1084 1089
1084 1090
1084 1095
1084 1097
1084 1098
1084 1102
1085 1086
1085 1087
1085 1088
1085 1089
1085 1090
1086 1087
1086 1088
1086 1089
1086 1090
1087 1088
1087 1089
1087 1090
1088 1089
1088 1090
1089 1090
1089 1092
1090 1092
1091 1092
1091 1093
1091 1094
1091 1097
1091 1098
1091 1099
1091 1100
1091 1102
1091 1103
1092 1093
1092 1094
1092 1098
1092 1099
1092 1100
1092 1102
1093 1094
1095 1096
1097 1098
1099 1100
1099 1101
1099 1102
1099 1103
1100 1101
1100 1102
1100 1103
1102 1103
1102 1104
1103 1104
1105 1106
1105 1107
1105 1108
1105 1109
1105 1110
1105 1111
1106 1107
1106 1108
1106 1109
1106 1110
1106 1111
1107 1108
1107 1109
1107 1110
1107 1111
1108 1109
1108 1110
1108 1111
1109 1110
1109 1111
1110 1111
1112 1113
1112 1114
1112 1115
1113 1114
1113 1115
1114 1115
1116 1117
1116 1118
1116 1119
1116 1120
1116 1121
1117 1118
1117 1119
1117 1120
1117 1121
1118 1119
1118 1120
1118 1121
1119 1120
1119 1121
1120 1121
1122 1123
1122 1124
1122 1125
1123 1124
1123 1125
1124 1125
1126 1127
1126 1128
1126 1129
1126 1130
1126 1131
1127 1128
1127 1129
1127 1130
1127 1131
1128 1129
1128 1130
1128 1131
1129 1130
1129 1131
1130 1131
1132 1133
1132 1134
1132 1135
1133 1134
1133 1135
1134 1135
