0 1
0 2
0 3
0 4
0 5
0 9
0 14
0 15
0 16
0 17
0 39
0 44
0 47
0 77
0 132
0 184
0 251
0 307
0 334
0 366
0 905
0 1047
1 2
1 3
1 4
1 5
1 15
1 16
1 17
1 39
1 40
1 44
1 45
1 47
1 184
1 307
1 308
1 905
2 3
2 4
2 5
2 8
2 11
2 14
2 16
2 17
2 22
2 31
2 34
2 39
2 44
2 51
2 52
2 102
2 109
2 110
2 124
2 137
2 169
2 175
2 181
2 307
2 388
2 1089
2 1102
3 4
3 5
3 6
3 8
3 12
3 14
3 15
3 16
3 17
3 22
3 27
3 32
3 35
3 40
3 45
3 49
3 125
3 157
3 173
3 176
3 177
3 550
3 608
3 1089
5 6
5 7
5 8
5 9
5 10
5 13
5 14
5 15
5 17
5 22
5 26
5 31
5 34
5 35
5 44
5 45
5 51
5 64
5 66
5 67
5 77
5 82
5 102
5 103
5 104
5 105
5 109
5 110
5 116
5 117
5 124
5 132
5 136
5 144
5 148
5 151
5 157
5 175
5 181
5 186
5 208
5 215
5 242
5 247
5 255
5 256
5 261
5 285
5 289
5 291
5 301
5 323
5 334
5 339
5 347
5 360
5 362
5 375
5 377
5 399
5 446
5 478
5 490
5 498
5 516
5 517
5 544
5 563
5 564
5 607
5 616
5 629
5 630
5 634
5 649
5 662
5 666
5 670
5 674
5 675
5 683
5 684
5 693
5 699
5 754
5 759
5 785
5 816
5 839
5 873
5 887
5 931
5 936
5 954
5 968
5 998
5 999
5 1038
5 1039
5 1061
5 1063
5 1064
5 1074
5 1076
5 1078
5 1079
5 1085
5 1094
5 1095
5 1102
5 1103
5 1116
5 1119
5 1158
5 1159
6 7
6 8
6 9
6 10
6 15
6 17
6 22
6 24
6 27
6 32
6 45
6 49
6 52
6 96
6 110
6 125
6 145
6 176
6 247
6 251
6 255
6 334
6 348
6 361
6 517
6 663
6 923
6 931
6 956
6 999
6 1038
6 1039
6 1062
6 1064
6 1075
6 1077
6 1079
6 1086
7 8
7 9
7 10
8 9
8 10
8 13
8 17
8 22
8 33
8 49
8 96
8 252
8 260
8 272
8 334
8 361
8 680
9 10
11 12
11 13
12 13
13 498
13 541
14 15
14 16
14 17
14 21
14 22
14 156
14 234
14 255
14 285
14 323
14 388
14 1089
14 1090
15 16
15 17
15 21
15 22
15 52
15 430
15 1089
15 1090
16 17
16 18
16 19
16 20
16 22
16 31
16 34
16 44
16 255
16 256
16 799
17 18
17 19
17 20
17 22
17 27
17 32
17 35
17 44
17 45
17 51
17 52
17 67
17 104
17 256
18 19
18 20
18 33
18 183
18 1122
19 20
21 22
21 51
21 255
22 40
22 45
22 56
22 64
22 191
22 255
22 334
22 339
22 347
22 914
22 915
23 24
23 25
23 26
23 27
23 31
23 34
24 25
24 26
24 32
24 33
24 35
25 338
26 27
26 28
26 29
26 30
26 31
26 32
26 33
26 34
26 35
26 36
26 37
26 38
26 39
26 51
26 69
26 74
26 151
26 184
26 608
26 789
26 1029
26 1089
27 28
27 29
27 30
27 31
27 32
27 33
27 34
27 35
27 36
27 37
27 38
27 50
27 70
27 96
27 132
27 286
27 962
27 1089
27 1090
27 1146
28 29
28 30
28 31
28 32
28 33
28 34
28 35
28 36
28 37
28 38
29 30
29 31
29 32
29 33
29 34
29 35
29 36
29 37
29 38
30 31
30 32
30 33
30 34
30 35
30 36
30 37
30 38
31 32
31 33
31 34
31 35
31 36
31 37
31 38
31 50
31 55
31 74
31 95
31 97
31 285
31 414
31 1089
31 1146
32 33
32 34
32 35
32 36
32 37
32 38
32 50
32 52
32 55
32 96
32 235
32 286
32 415
32 1089
32 1090
32 1146
33 34
33 35
33 36
33 37
33 38
33 39
33 49
33 52
33 135
33 169
33 371
33 382
33 1089
33 1093
33 1146
34 35
34 36
34 37
34 38
34 50
34 55
34 74
34 285
34 1089
35 36
35 37
35 38
35 39
35 44
35 52
35 133
35 166
35 184
35 342
35 382
35 1089
35 1146
36 37
36 38
37 38
39 40
39 41
39 42
39 43
39 44
39 45
39 251
39 634
40 41
40 42
40 43
40 45
40 52
40 252
41 42
41 43
42 43
44 45
44 46
44 47
44 148
44 1089
44 1130
45 46
45 47
45 439
45 608
45 1071
45 1075
45 1130
45 1131
47 48
47 49
47 50
48 49
48 50
49 50
49 52
50 51
50 82
50 656
51 52
51 53
51 54
51 55
51 56
51 102
51 148
51 285
51 608
51 1102
51 1146
52 53
52 54
52 55
52 56
52 162
52 184
52 190
52 370
52 418
53 54
53 55
53 56
54 55
54 56
55 56
55 64
56 63
56 339
57 58
57 59
57 60
57 61
57 62
57 63
57 77
58 59
58 60
58 61
58 62
58 78
58 1126
59 60
59 61
59 62
60 61
60 62
61 62
63 64
63 65
63 66
63 67
63 91
63 95
63 215
63 216
63 269
63 352
63 1119
63 1120
63 1126
63 1148
64 65
64 75
64 84
64 92
64 148
64 204
64 1072
64 1089
66 67
66 68
66 75
66 78
66 84
66 92
66 204
66 225
66 1094
66 1119
67 68
67 70
67 78
67 82
67 84
67 92
67 204
67 1119
67 1167
69 70
69 71
69 72
69 73
69 77
69 137
69 156
69 407
69 754
69 755
69 756
69 757
69 787
70 71
70 72
70 73
70 78
70 177
70 755
71 72
71 73
72 73
74 208
74 209
74 890
74 891
74 1154
74 1155
75 76
77 78
77 79
77 80
77 81
77 208
77 360
77 654
77 738
77 1089
78 79
78 80
78 81
78 93
78 110
78 116
78 117
78 132
78 205
78 209
78 626
78 705
78 1089
78 1090
78 1149
79 80
79 81
80 81
82 84
82 89
82 148
82 162
82 209
82 692
83 84
83 85
83 86
83 87
83 102
83 695
83 1078
83 1079
84 85
84 86
84 87
85 86
85 87
86 87
87 110
88 89
88 90
88 132
88 133
88 151
88 152
88 175
88 407
89 90
89 133
89 152
89 176
89 177
91 92
91 93
91 94
91 116
91 117
91 124
91 125
91 169
91 222
92 93
92 94
92 182
92 183
92 219
92 1120
93 94
93 1122
93 1159
95 96
95 97
95 98
95 99
95 100
95 101
95 102
95 103
95 104
95 105
96 97
96 98
96 99
96 100
96 101
96 102
97 98
97 99
97 100
97 101
97 109
98 99
98 100
98 101
99 100
99 101
100 101
102 103
102 104
102 105
102 106
102 107
102 108
102 204
102 224
102 360
102 679
102 1078
102 1098
103 104
103 105
103 106
103 107
103 108
103 110
103 224
103 225
103 227
103 285
103 485
103 621
103 680
103 752
103 1095
103 1098
103 1099
104 105
104 106
104 107
104 108
104 110
104 449
104 680
104 1079
104 1099
105 106
105 107
105 108
105 109
105 110
105 449
105 679
105 1078
105 1098
106 107
106 108
107 108
109 110
109 111
109 112
109 113
109 114
109 115
109 216
109 222
109 261
109 890
109 1057
109 1078
109 1079
109 1098
110 111
110 112
110 113
110 114
110 115
110 261
110 891
110 936
110 1053
110 1078
110 1079
110 1098
111 112
111 113
111 114
111 115
112 113
112 114
112 115
112 124
113 114
113 115
114 115
116 117
116 118
116 119
116 120
116 189
116 190
116 208
116 230
116 285
116 360
116 629
117 118
117 119
117 120
117 190
117 208
117 230
118 119
118 120
119 120
121 122
121 123
122 123
122 124
122 156
123 125
124 125
124 126
124 132
124 133
124 208
124 1052
125 126
125 128
125 133
125 208
125 209
125 215
125 1052
127 128
127 129
127 130
127 131
127 215
127 218
127 219
127 615
128 129
128 130
128 131
128 191
128 216
129 130
129 131
130 131
131 224
131 225
132 133
132 134
132 135
132 136
132 148
132 151
132 407
132 410
132 1154
133 134
133 135
133 136
133 137
133 148
133 149
133 151
133 152
133 190
133 209
133 408
133 410
133 468
133 1155
134 135
134 181
136 137
136 138
136 139
136 144
136 151
136 172
136 186
136 189
136 229
136 234
136 351
136 410
137 138
137 139
137 145
137 148
137 149
137 208
137 351
137 410
137 468
139 140
139 141
139 142
139 143
139 144
139 145
139 151
139 629
140 141
140 142
140 143
140 145
140 152
140 190
140 286
140 1155
141 142
141 143
142 143
144 145
144 151
144 155
144 172
144 276
144 285
144 607
145 151
145 152
145 155
145 173
145 187
145 285
145 339
145 469
145 898
145 905
146 147
147 152
147 621
148 149
148 150
148 151
148 152
148 156
148 157
148 175
148 181
148 186
148 261
148 289
148 323
148 699
148 799
148 845
148 873
148 890
148 891
148 1116
149 150
149 151
149 152
149 156
149 176
149 177
149 187
149 223
149 292
151 152
151 153
151 154
151 155
151 156
151 169
151 181
151 198
151 407
151 899
151 926
151 930
151 931
151 935
151 1154
152 153
152 154
152 155
152 157
152 187
152 898
152 926
152 927
152 931
152 975
153 154
154 756
155 256
155 262
156 157
156 158
156 159
156 160
156 161
156 169
156 170
156 181
156 218
156 281
156 318
156 399
156 402
156 894
156 954
157 158
157 159
157 160
157 170
157 176
157 177
157 181
157 182
157 187
157 190
157 276
157 617
157 1089
158 159
158 160
159 160
159 170
161 162
161 163
161 164
161 175
161 323
161 845
161 846
162 163
162 164
162 170
162 176
162 177
162 517
163 164
165 166
165 167
165 168
166 167
166 168
166 170
166 176
167 168
169 170
169 171
169 181
169 184
169 198
169 234
169 247
169 291
169 1061
170 171
170 173
170 176
170 177
170 205
170 277
170 282
170 285
170 292
170 342
172 173
172 174
172 175
172 176
172 265
172 285
172 877
172 878
173 174
173 175
173 176
173 177
173 265
173 266
173 286
173 1155
175 176
175 177
175 178
175 251
175 259
175 276
175 281
175 285
175 307
175 395
175 635
175 656
175 759
175 954
175 1134
175 1146
176 177
176 178
176 285
176 657
176 981
176 1018
176 1134
176 1135
176 1146
177 178
177 285
177 362
177 657
177 981
177 1018
177 1134
179 180
180 256
181 182
181 183
181 186
181 247
181 285
181 625
181 1021
181 1040
181 1057
181 1082
181 1092
182 183
182 187
182 190
182 235
182 245
182 1057
183 249
183 1057
183 1080
183 1122
184 185
186 187
186 188
186 189
186 230
186 234
186 261
186 276
186 285
186 323
186 351
186 360
186 361
186 362
186 381
186 1089
187 188
187 235
187 351
187 379
187 534
189 190
189 191
189 192
189 193
189 194
189 195
189 196
189 197
189 198
189 199
189 208
189 218
189 229
189 230
189 247
189 281
189 469
189 1035
189 1052
189 1098
190 191
190 192
190 193
190 194
190 195
190 196
190 199
190 205
190 209
190 219
190 229
190 230
190 261
190 262
190 265
190 266
190 291
190 292
190 378
190 1052
190 1053
190 1098
191 192
191 193
191 194
191 195
191 196
191 198
191 199
191 205
191 209
191 229
191 230
191 1052
191 1098
192 193
192 194
192 195
192 196
193 194
193 195
193 196
194 195
194 196
195 196
198 199
198 200
198 201
198 202
198 203
198 215
198 234
198 247
198 251
198 307
198 359
198 375
198 414
198 415
198 763
198 1017
198 1102
199 200
199 201
199 202
199 203
199 205
199 209
199 216
199 219
199 223
199 225
199 230
199 235
199 375
199 414
199 415
199 763
199 1017
200 201
200 202
200 203
201 202
201 203
202 203
204 205
204 206
204 207
204 208
204 215
204 222
204 229
204 338
205 206
205 207
205 209
205 216
205 218
205 219
205 223
205 225
205 230
205 265
206 207
208 209
208 210
208 211
208 212
208 215
208 218
208 219
208 222
208 224
208 229
208 234
208 247
208 251
208 281
208 291
208 307
208 785
208 1078
209 210
209 211
209 212
209 216
209 219
209 223
209 225
209 230
209 235
209 282
210 211
210 212
211 212
213 214
213 225
215 216
215 217
215 218
215 222
215 229
215 291
215 329
215 458
215 732
215 771
216 217
216 219
216 223
216 378
216 732
216 771
216 874
216 963
216 1117
218 219
218 220
218 221
218 222
218 223
218 224
218 229
218 261
218 291
218 395
218 399
218 427
219 220
219 221
219 222
219 223
219 230
219 522
220 221
222 223
222 224
222 291
222 314
222 780
222 1092
222 1148
223 1092
224 225
224 226
224 227
224 234
224 255
225 226
225 339
225 1087
227 228
229 230
229 231
229 232
229 233
229 234
229 251
229 265
229 269
229 281
229 289
229 395
229 712
229 1052
230 231
230 232
230 233
230 235
230 252
230 261
230 265
230 291
230 292
230 522
230 655
230 1052
231 232
231 233
232 233
234 235
234 236
234 237
234 239
234 242
234 251
234 255
234 285
234 291
234 297
234 521
234 1047
234 1094
235 236
235 237
235 240
235 242
235 248
235 256
235 270
235 292
235 1048
235 1053
236 237
238 239
238 240
238 241
239 240
239 241
240 241
242 243
242 244
242 247
242 251
242 255
242 285
242 291
242 323
243 244
243 270
245 246
247 248
247 249
247 250
247 251
247 252
247 255
247 256
247 257
247 259
247 261
247 265
247 269
247 285
247 289
247 985
247 998
247 1126
248 249
248 250
248 251
248 252
248 255
248 256
248 257
248 259
248 262
248 270
248 282
248 286
248 290
248 644
248 943
248 998
248 1020
249 250
249 251
249 252
249 255
249 256
249 259
249 986
251 252
251 253
251 254
251 255
251 256
251 257
251 259
251 261
251 265
251 269
251 281
251 285
251 289
251 291
251 348
251 377
251 674
252 253
252 254
252 255
252 256
252 257
252 259
252 262
252 266
252 270
252 282
252 286
252 290
252 292
252 294
252 378
253 254
254 255
255 256
255 257
255 258
255 259
255 261
255 265
255 269
255 291
255 544
255 754
255 756
255 1040
256 257
256 258
256 259
256 262
256 270
256 276
256 285
256 292
256 352
256 378
256 544
257 258
257 259
257 262
257 266
257 286
259 260
259 262
259 266
259 270
259 282
259 286
259 290
259 292
259 348
259 352
261 262
261 263
261 264
261 265
261 281
261 285
261 289
261 291
261 307
261 308
261 347
261 377
261 378
261 399
261 400
261 773
262 263
262 264
262 266
262 270
262 282
262 290
262 298
262 348
262 378
262 400
262 408
262 498
262 826
262 1108
263 264
265 266
265 267
265 268
265 269
265 270
265 281
265 285
265 289
265 307
265 347
265 1107
266 267
266 268
266 270
266 282
266 290
266 292
266 307
266 308
266 347
266 348
266 718
266 1038
266 1107
266 1108
267 268
269 270
269 271
269 281
269 285
269 289
269 291
269 338
269 341
269 347
269 1116
269 1119
269 1123
270 271
270 282
270 286
270 338
270 341
270 1117
272 273
272 274
272 275
272 339
273 274
273 275
274 275
276 277
276 278
276 279
276 280
276 285
276 286
276 347
276 348
276 1154
276 1155
277 278
277 279
277 280
277 339
278 279
278 280
279 280
281 282
281 283
281 284
281 285
281 289
281 1126
281 1147
282 283
282 284
282 286
282 290
282 292
282 1147
283 284
285 286
285 287
285 288
285 289
285 291
285 347
285 378
285 414
285 629
285 630
285 643
285 662
285 666
285 670
285 692
285 898
285 899
285 922
285 930
285 931
285 954
285 970
285 971
285 998
285 1019
285 1126
285 1154
285 1155
286 287
286 288
286 289
286 290
286 292
286 683
286 922
286 931
286 969
286 971
286 999
286 1020
287 288
289 290
289 291
289 292
289 293
289 1158
289 1162
290 291
290 292
290 293
290 1158
290 1162
290 1163
291 292
291 293
291 347
291 614
291 629
291 759
291 1158
291 1162
292 293
292 339
292 1158
292 1162
294 295
294 296
294 684
295 296
297 298
297 299
297 300
298 299
298 300
299 300
301 302
301 303
301 304
301 305
301 306
301 329
301 338
301 699
301 700
302 303
302 304
302 305
302 306
302 308
302 324
303 304
303 305
303 306
303 446
304 305
304 306
305 306
307 308
307 309
307 310
307 314
307 318
307 319
307 323
307 329
307 330
307 347
307 533
308 309
308 310
308 314
308 315
308 319
308 323
308 324
308 329
308 330
308 334
308 335
308 345
309 310
311 312
311 313
311 324
312 313
312 324
314 315
314 316
314 317
314 324
314 329
314 338
315 316
315 317
315 329
315 330
315 362
316 317
318 319
318 320
318 321
318 322
318 323
318 329
319 320
319 321
319 322
319 324
319 329
319 330
320 321
320 322
321 322
323 324
323 325
323 326
323 327
323 328
323 329
323 330
323 334
323 347
323 362
323 378
323 651
323 699
323 700
323 806
323 905
324 325
324 326
324 327
324 328
324 330
324 334
324 335
324 361
324 533
325 326
325 327
325 328
326 327
326 328
327 328
329 330
329 331
329 332
329 333
329 334
329 335
329 360
329 361
329 458
329 635
330 331
330 332
330 333
330 335
330 339
330 361
330 362
330 375
330 376
330 457
330 479
330 703
331 332
331 333
332 333
334 335
334 336
334 337
334 360
334 361
334 362
334 375
334 516
334 629
334 1119
335 336
335 337
335 376
336 337
338 339
338 340
338 341
338 423
338 609
338 1116
338 1119
338 1126
338 1148
339 340
339 342
339 347
339 348
339 356
339 479
339 630
339 650
339 663
339 800
339 964
339 1043
341 342
341 343
341 344
341 1116
341 1117
341 1154
342 343
342 344
342 1117
343 344
345 346
347 348
347 349
347 360
347 377
347 381
347 444
347 756
347 1119
347 1154
348 349
348 351
348 362
348 381
348 1116
348 1134
348 1155
350 351
350 352
350 353
350 354
350 355
351 352
351 353
351 354
351 355
351 674
351 1116
351 1117
352 353
352 354
352 355
353 354
353 355
354 355
356 357
358 359
359 414
360 361
360 362
360 363
360 364
360 365
360 366
360 374
360 375
360 376
360 377
360 378
360 485
361 362
361 363
361 364
361 365
361 374
361 375
361 376
361 378
361 415
361 479
361 1044
362 363
362 364
362 365
362 374
362 376
362 394
362 1044
363 364
363 365
364 365
366 367
366 368
366 369
366 1154
367 368
367 369
368 369
370 371
370 372
370 373
370 374
370 375
371 372
371 373
371 374
371 376
371 378
372 373
372 374
373 374
374 507
375 376
375 377
375 1017
376 378
376 391
376 415
376 1017
377 378
377 407
377 414
377 452
377 1019
378 415
379 380
379 381
379 382
379 383
379 384
379 385
380 381
380 382
380 383
380 384
380 385
380 1095
381 382
381 383
381 384
381 385
382 383
382 384
382 385
383 384
383 385
384 385
386 387
386 388
386 389
387 388
387 389
388 389
388 563
388 564
388 867
388 1126
390 391
390 392
390 393
390 394
390 399
390 407
391 392
391 393
391 394
391 400
391 408
392 393
392 394
393 394
395 396
395 397
395 398
395 399
395 400
395 954
395 955
395 958
396 397
396 398
396 400
396 408
396 955
396 956
397 398
399 400
399 401
399 402
399 407
399 414
399 540
399 954
399 955
399 956
399 958
399 998
400 401
400 403
400 408
400 415
400 954
400 955
400 956
400 958
402 403
402 404
402 405
402 406
402 407
402 629
402 954
402 955
402 958
403 404
403 405
403 406
403 408
403 630
403 631
403 634
403 955
403 958
404 405
404 406
405 406
407 408
407 409
407 410
407 411
407 412
407 413
407 414
407 468
407 540
407 544
407 553
407 654
408 409
408 410
408 411
408 412
408 413
408 415
408 541
409 410
409 411
409 412
409 413
410 411
410 412
410 413
411 412
411 413
412 413
414 415
414 416
414 417
414 478
414 498
414 540
414 553
414 560
414 1017
415 416
415 417
415 541
415 560
416 417
418 419
418 420
418 607
418 683
419 420
419 498
419 564
419 607
421 422
421 423
421 424
422 423
422 424
423 424
425 426
426 1120
427 428
427 429
427 430
428 429
428 430
428 887
429 430
431 432
431 433
431 434
431 435
431 436
431 437
431 544
431 607
431 608
431 609
432 433
432 434
432 435
432 436
432 437
432 607
432 608
432 609
433 434
433 435
433 436
433 437
434 435
434 436
434 437
435 436
435 437
436 437
438 439
438 440
438 441
438 442
438 443
438 444
438 445
438 563
438 564
438 607
438 608
438 609
439 440
439 441
439 442
439 443
439 444
439 445
439 564
439 608
439 662
440 441
440 442
440 443
441 442
441 443
442 443
444 445
444 447
444 451
444 479
444 498
444 506
444 517
444 533
444 534
444 541
444 544
444 560
444 561
444 607
444 608
444 688
445 447
445 461
445 486
445 491
445 506
445 517
445 533
445 534
445 541
445 561
445 607
445 608
445 688
446 447
446 448
446 451
446 452
446 456
446 478
446 485
446 490
446 498
446 501
446 505
446 516
446 533
446 540
446 553
446 560
446 954
447 448
447 452
447 478
447 479
447 483
447 486
447 491
447 498
447 505
447 506
447 517
447 541
447 553
447 554
447 560
447 561
448 449
448 450
448 801
449 450
451 452
451 453
451 454
451 455
451 456
451 457
451 478
451 485
451 490
451 505
451 553
451 560
451 561
451 563
451 564
452 453
452 454
452 455
452 456
452 457
452 478
452 479
452 490
452 491
452 498
452 505
452 506
452 507
452 553
452 554
452 560
452 561
453 454
453 455
453 456
453 457
454 455
454 456
454 457
455 456
455 457
456 457
456 1158
458 459
458 505
458 544
458 563
458 564
458 728
460 461
460 462
460 463
460 464
460 465
460 466
460 467
460 468
460 482
460 483
460 485
460 549
461 462
461 463
461 464
461 465
461 466
461 467
461 469
461 473
461 482
461 483
461 485
461 486
462 463
462 464
462 465
462 466
462 467
463 464
463 465
463 466
463 467
464 465
464 466
464 467
465 466
465 467
466 467
468 469
468 470
468 471
468 472
468 485
468 486
468 502
469 470
469 471
469 472
470 471
470 472
471 472
473 474
473 475
473 476
473 477
473 478
473 479
473 554
474 475
474 476
474 477
475 476
475 477
476 477
478 479
478 480
478 481
478 485
478 490
478 491
478 498
478 501
478 502
478 516
478 533
478 540
478 553
478 560
478 635
478 695
478 746
479 480
479 481
479 486
479 491
479 498
479 502
479 505
479 506
479 507
479 516
479 517
479 534
479 541
479 545
479 554
479 561
479 695
479 746
480 481
482 483
482 484
482 485
482 490
482 839
483 484
483 485
483 486
483 491
484 486
485 486
485 487
485 488
485 489
485 490
485 491
485 501
485 502
485 505
485 516
485 533
485 534
485 545
485 553
485 560
485 561
486 487
486 488
486 489
486 491
486 498
486 502
486 505
486 517
486 534
486 545
486 561
487 488
487 489
488 489
490 491
490 492
490 493
490 494
490 495
490 496
490 497
490 498
490 501
490 505
490 516
490 533
490 540
490 544
490 553
490 560
490 687
490 772
491 492
491 493
491 494
491 495
491 496
491 497
491 498
491 501
491 502
491 505
491 506
491 507
491 517
491 533
491 534
491 541
491 545
491 554
491 561
491 772
491 773
492 493
492 494
492 495
492 496
492 497
493 494
493 495
493 496
493 497
494 495
494 496
494 497
495 496
495 497
496 497
498 499
498 500
498 501
498 506
498 517
498 533
498 561
498 687
499 500
501 502
501 503
501 504
501 505
501 544
501 560
501 687
501 772
502 503
502 504
502 516
502 533
502 597
503 504
505 506
505 516
505 533
505 540
505 544
505 553
505 561
506 507
506 541
506 545
506 554
507 508
507 509
507 510
507 511
507 513
507 517
508 509
508 510
508 511
509 510
509 511
510 511
512 513
512 514
512 515
512 516
512 553
512 560
513 514
513 515
513 517
513 890
514 515
516 517
516 518
516 519
516 520
516 525
516 533
516 540
516 544
516 549
516 553
516 563
516 571
516 629
517 518
517 519
517 520
517 526
517 534
517 541
517 550
517 554
517 561
517 630
518 519
518 520
519 520
521 522
521 523
521 524
521 525
521 526
521 527
521 528
522 523
522 524
522 525
522 526
522 527
522 528
523 524
523 525
523 526
523 527
523 528
524 525
524 526
524 527
524 528
525 526
525 527
525 528
525 544
526 527
526 528
527 528
529 530
529 531
529 532
529 1126
530 531
530 532
531 532
533 534
533 535
533 536
533 537
533 540
533 544
533 553
533 560
533 597
533 603
533 858
534 535
534 536
534 537
534 541
534 545
534 554
534 561
534 597
534 603
534 604
534 623
534 713
535 536
535 537
536 537
538 539
538 540
538 541
540 541
540 542
540 543
540 544
540 553
540 563
540 609
540 687
540 712
540 1063
541 542
541 543
541 545
541 549
541 554
541 561
541 657
541 662
542 543
544 545
544 546
544 547
544 548
544 549
544 550
544 553
544 560
544 563
544 571
544 1078
544 1146
545 546
545 547
545 548
545 549
545 553
545 554
545 561
545 757
545 1079
546 547
546 548
547 548
549 550
549 551
549 552
550 551
550 552
550 554
550 564
551 552
553 554
553 555
553 556
553 557
553 558
553 559
553 560
553 561
554 555
554 556
554 557
554 558
554 559
554 560
554 561
554 564
555 556
555 557
555 558
555 559
556 557
556 558
556 559
557 558
557 559
558 559
560 561
560 562
561 562
563 564
563 565
563 566
563 567
563 568
563 569
563 570
563 580
563 607
563 629
564 565
564 566
564 567
564 568
564 569
564 570
564 604
564 629
564 773
565 566
565 567
565 568
565 569
565 570
565 609
565 801
566 567
566 568
566 569
566 570
567 568
567 569
567 570
568 569
568 570
569 570
571 572
571 573
571 574
571 575
571 576
571 577
571 578
571 579
572 573
572 574
572 575
572 576
572 577
572 578
572 579
572 608
572 700
573 574
573 575
573 576
573 577
573 578
573 579
574 575
574 576
574 577
574 578
574 579
575 576
575 577
575 578
575 579
576 577
576 578
576 579
577 578
577 579
578 579
580 581
580 582
580 583
580 584
580 585
580 586
580 587
580 588
580 589
580 590
580 591
580 592
580 593
580 594
580 595
580 596
580 597
580 832
581 582
581 583
581 584
581 585
581 586
581 587
581 588
581 589
581 590
581 591
581 592
581 593
581 594
581 595
581 596
581 597
581 1159
582 583
582 584
582 585
582 586
582 587
582 588
582 589
582 590
582 591
582 592
582 593
582 594
582 595
582 596
582 597
583 584
583 585
583 586
583 587
583 588
583 589
583 590
583 591
583 592
583 593
583 594
583 595
583 596
583 597
584 585
584 586
584 587
584 588
584 589
584 590
584 591
584 592
584 593
584 594
584 595
584 596
584 597
584 1126
585 586
585 587
585 588
585 589
585 590
585 591
585 592
585 593
585 594
585 595
585 596
585 597
586 587
586 588
586 589
586 590
586 591
586 592
586 593
586 594
586 595
586 596
586 597
587 588
587 589
587 590
587 591
587 592
587 593
587 594
587 595
587 596
587 597
588 589
588 590
588 591
588 592
588 593
588 594
588 595
588 596
588 597
589 590
589 591
589 592
589 593
589 594
589 595
589 596
589 597
590 591
590 592
590 593
590 594
590 595
590 596
590 597
591 592
591 593
591 594
591 595
591 596
591 597
592 593
592 594
592 595
592 596
592 597
593 594
593 595
593 596
593 597
594 595
594 596
594 597
595 596
595 597
596 597
598 599
598 600
599 600
599 609
601 602
601 603
601 604
601 605
601 606
602 603
602 604
602 605
602 606
603 604
603 605
603 606
603 607
604 605
604 606
604 607
604 608
604 609
605 606
605 609
606 693
606 694
606 729
607 608
607 609
607 610
607 611
607 612
607 613
607 629
607 772
608 609
608 610
608 611
608 612
608 613
608 629
608 630
608 680
609 610
609 611
609 612
609 613
609 629
610 611
610 612
610 613
611 612
611 613
612 613
614 615
614 616
614 617
614 618
614 619
614 625
614 629
614 751
614 763
614 777
614 845
614 1028
615 616
615 617
615 618
615 619
615 625
615 626
615 629
615 657
615 662
615 751
615 752
615 777
615 845
615 1028
615 1029
616 617
616 618
616 619
616 625
616 626
616 629
616 751
616 777
616 999
616 1004
617 618
617 619
618 619
620 621
620 622
620 623
620 624
620 832
620 833
621 622
621 623
621 624
621 626
621 740
621 741
621 795
621 837
622 623
622 624
622 626
622 656
622 795
622 806
622 837
622 839
622 985
622 989
622 993
622 1096
623 624
623 626
623 629
623 705
623 792
623 795
623 820
623 838
623 839
623 912
625 626
625 627
625 628
625 629
626 627
626 628
627 628
629 630
629 631
629 632
629 633
629 634
629 635
629 651
629 662
629 663
629 683
629 693
630 631
630 632
630 633
630 634
630 636
630 663
630 688
630 700
630 773
630 954
631 632
631 633
631 634
631 663
631 947
631 954
631 955
631 1004
632 633
632 634
633 634
633 674
633 675
634 663
634 955
635 636
635 637
635 638
635 640
635 641
635 644
635 645
635 946
635 950
635 1035
635 1102
636 637
636 638
636 640
636 644
636 648
636 946
636 950
636 999
636 1036
636 1102
637 638
639 640
639 641
639 642
639 1154
640 641
640 642
641 642
643 644
643 645
643 646
643 647
643 648
643 733
643 734
644 645
644 646
644 647
644 648
645 646
645 647
645 648
646 647
646 648
647 648
649 650
649 655
649 837
649 906
649 996
649 999
649 1033
649 1034
651 652
651 653
651 654
651 656
651 662
651 759
651 899
651 914
651 998
651 1001
652 653
652 833
654 655
654 656
654 657
654 883
655 657
656 657
656 658
656 659
656 660
656 661
656 662
656 666
656 667
656 709
656 785
656 877
656 881
656 899
656 923
656 1089
657 658
657 659
657 660
657 661
657 662
657 663
657 666
657 870
657 873
657 877
657 878
657 881
657 882
657 900
657 923
657 996
658 659
658 660
658 661
659 660
659 661
660 661
660 873
660 874
662 663
662 664
662 665
662 666
662 667
662 873
662 874
662 881
662 1119
663 664
663 665
663 666
663 667
663 670
663 699
663 700
663 712
663 713
663 873
663 881
663 1120
664 665
666 667
666 668
666 669
666 670
666 671
666 693
666 695
666 712
666 733
666 754
666 873
666 874
666 886
666 922
666 923
666 1006
666 1154
667 668
667 669
667 670
667 671
667 705
667 734
667 832
667 833
667 874
667 884
667 887
667 923
667 1019
668 669
670 671
670 672
670 673
670 674
670 683
670 693
670 699
670 832
670 833
670 883
670 884
670 894
671 672
671 673
671 674
671 675
671 705
671 832
671 833
671 884
671 887
672 673
674 675
674 676
674 677
674 678
674 693
674 788
674 799
674 816
674 838
674 883
674 1028
675 676
675 677
675 678
675 788
675 943
675 1038
676 677
676 678
677 678
679 680
679 681
679 682
679 695
680 681
680 682
681 682
681 801
683 684
683 685
683 686
683 693
683 694
683 699
683 712
683 733
683 819
684 685
684 686
684 693
684 694
684 700
684 705
684 710
684 760
684 807
685 686
687 688
687 689
687 690
687 691
687 696
687 699
688 689
688 690
688 691
688 692
688 696
688 700
689 690
689 691
690 691
692 693
692 694
692 695
692 699
692 705
692 757
692 759
692 760
692 768
693 694
693 695
693 696
693 697
693 698
693 699
694 695
694 696
694 697
694 698
694 699
694 700
694 811
695 696
695 697
695 698
695 704
695 705
695 759
695 767
695 768
695 877
695 1033
695 1034
696 697
696 698
696 705
696 757
696 768
696 878
696 1033
696 1034
697 698
699 700
699 701
699 704
699 705
699 712
699 746
699 754
699 755
699 756
699 757
699 759
699 799
700 701
700 705
700 760
700 862
701 785
702 703
704 705
704 706
704 707
704 708
704 754
704 756
704 760
704 832
704 867
705 706
705 707
705 708
705 734
705 755
705 757
705 760
705 800
705 868
706 707
706 708
707 708
709 710
709 711
709 712
709 733
709 754
709 759
709 816
709 817
709 819
709 820
710 711
710 734
710 817
710 884
712 713
712 714
712 715
712 716
712 717
712 728
712 733
712 754
712 759
712 760
712 763
712 785
712 787
712 806
712 816
712 819
712 845
712 855
712 861
712 867
712 869
712 873
713 714
713 715
713 716
713 717
713 729
713 734
713 741
713 755
713 757
713 760
713 786
713 788
713 800
713 807
713 820
713 833
713 840
713 846
713 856
713 862
713 869
713 887
713 1029
714 715
714 716
715 716
717 718
717 719
717 720
717 721
718 719
718 720
718 721
719 720
719 721
720 721
722 723
722 756
722 845
722 883
723 755
723 757
723 760
723 846
724 725
724 726
724 727
725 726
725 727
725 729
726 727
726 728
728 729
728 730
728 731
728 732
728 733
728 746
728 751
728 754
728 756
728 768
728 787
728 806
728 816
728 819
728 839
728 840
728 845
728 855
728 886
728 926
728 927
729 730
729 731
729 732
729 734
729 747
729 751
729 752
729 755
729 757
729 760
729 786
729 788
729 807
729 820
729 839
729 846
729 926
730 731
730 732
731 732
733 734
733 735
733 736
733 740
733 746
733 754
733 756
733 759
733 791
733 806
733 845
733 855
733 905
733 914
733 922
733 950
734 735
734 736
734 741
734 755
734 757
734 760
734 786
734 788
734 792
734 807
734 840
734 846
734 852
734 855
734 856
734 870
735 736
737 738
737 739
738 739
740 741
740 742
740 743
740 744
740 745
741 742
741 743
741 744
741 745
741 820
742 743
742 744
742 745
743 744
743 745
744 745
746 747
746 748
746 749
746 750
746 754
746 755
746 756
746 757
746 801
746 819
746 845
747 748
747 749
747 750
747 807
747 846
748 749
748 750
749 750
751 752
751 753
752 753
754 755
754 756
754 757
754 758
754 787
754 799
754 801
754 816
754 845
754 846
754 883
754 886
754 1028
754 1072
755 756
755 757
755 758
755 764
755 800
755 846
755 1029
755 1048
755 1072
756 757
756 758
756 799
756 858
756 865
756 885
756 914
756 1028
756 1072
757 758
757 760
757 1025
757 1029
757 1072
759 760
759 761
759 762
759 799
759 801
759 855
759 861
759 869
759 873
760 761
760 762
760 846
760 862
761 762
763 764
763 765
763 766
764 765
764 766
764 786
764 788
764 887
765 766
767 768
767 769
767 770
767 771
768 769
768 770
768 771
769 770
769 771
770 771
772 773
772 774
772 775
772 776
773 774
773 775
773 776
774 775
774 776
775 776
777 778
777 779
777 780
777 781
777 782
777 783
777 784
777 845
777 846
778 779
778 780
778 781
778 782
778 783
778 784
779 780
779 781
779 782
779 783
779 784
780 781
780 782
780 783
780 784
781 782
781 783
781 784
782 783
782 784
783 784
785 786
785 787
785 788
785 801
785 810
785 819
785 841
785 865
785 918
785 998
786 787
786 788
786 790
786 800
786 802
786 807
786 820
786 822
786 878
787 788
787 789
787 799
787 806
787 816
787 821
787 855
788 790
788 802
788 807
788 822
788 878
789 790
789 791
789 792
789 793
789 794
789 795
789 796
789 797
789 798
789 799
789 800
789 801
789 806
789 807
789 816
789 839
790 791
790 792
790 793
790 794
790 795
790 796
790 797
790 798
790 817
790 840
791 792
791 793
791 794
791 795
791 796
791 797
791 798
792 793
792 794
792 795
792 796
792 797
792 798
793 794
793 795
793 796
793 797
793 798
794 795
794 796
794 797
794 798
795 796
795 797
795 798
796 797
796 798
797 798
799 800
799 801
799 802
799 803
799 804
799 805
799 806
799 807
799 810
799 816
799 819
799 821
799 839
799 867
799 1089
800 801
800 802
800 803
800 804
800 805
800 806
800 807
800 811
800 817
800 820
800 822
800 887
801 802
801 803
801 804
801 805
801 806
801 810
801 816
801 821
801 841
801 865
801 885
801 950
802 803
802 804
802 805
803 804
803 805
804 805
806 807
806 808
806 809
806 810
806 816
806 819
806 821
806 839
806 858
807 808
807 809
807 811
807 817
807 820
807 822
807 833
807 840
807 862
807 887
808 809
810 811
810 812
810 813
810 814
810 815
810 816
810 819
810 839
810 867
810 890
811 812
811 813
811 814
811 815
811 817
811 820
811 884
811 887
812 813
812 814
812 815
813 814
813 815
814 815
816 817
816 818
816 819
816 820
816 839
816 840
816 851
816 855
816 867
816 886
816 890
817 818
817 819
817 820
817 822
817 838
817 840
817 851
817 868
817 884
817 891
818 819
818 820
819 820
819 832
819 839
819 851
819 858
819 885
820 833
820 840
820 851
820 856
820 878
820 887
821 822
821 823
821 824
821 845
821 877
822 823
822 824
822 846
823 824
825 826
825 827
825 828
825 829
825 830
825 831
826 827
826 828
826 829
826 830
826 831
827 828
827 829
827 830
827 831
828 829
828 830
828 831
829 830
829 831
830 831
832 833
832 834
832 835
832 836
832 837
832 838
832 839
832 841
832 865
832 873
832 877
832 883
832 886
832 894
832 904
832 985
833 834
833 835
833 836
833 837
833 838
833 839
833 840
833 846
833 856
833 870
833 884
833 887
834 835
834 836
834 837
834 838
835 836
835 837
835 838
836 837
836 838
837 838
837 839
837 840
837 883
837 886
837 890
838 840
838 884
838 891
839 840
839 841
839 842
839 843
839 855
839 869
839 873
839 883
839 886
839 890
839 973
840 841
840 842
840 843
840 846
840 866
840 870
840 874
840 884
840 887
840 891
841 842
841 843
841 858
842 843
844 877
845 846
845 847
845 848
845 858
845 873
845 877
845 1028
845 1119
846 847
846 848
846 862
846 878
846 1028
847 848
849 850
849 867
850 874
850 878
851 852
851 853
851 854
852 853
852 854
853 854
855 856
855 857
855 865
855 877
856 857
856 878
858 859
858 860
858 861
858 862
858 865
858 867
858 868
858 877
858 1006
858 1011
858 1019
859 860
859 861
859 862
859 867
859 868
859 870
859 874
859 878
859 1007
859 1012
861 862
861 863
861 864
861 865
861 867
861 868
861 869
861 873
861 877
861 881
861 930
861 935
861 942
861 946
861 950
862 863
862 864
862 867
862 868
862 870
862 874
862 878
862 931
863 864
865 866
865 867
865 868
865 869
865 873
865 877
865 883
865 885
866 867
866 868
867 868
867 869
867 873
867 877
867 881
867 890
868 870
868 874
868 882
868 884
868 890
868 891
869 870
869 871
869 872
869 877
869 886
870 871
870 872
870 878
871 872
873 874
873 875
873 876
873 877
873 878
873 881
873 882
873 890
873 894
873 996
873 1116
873 1119
874 875
874 876
874 877
874 878
874 881
874 882
874 887
874 891
874 1117
875 876
877 878
877 879
877 880
877 881
877 922
878 879
878 880
878 881
878 922
878 974
879 880
881 882
881 890
882 891
883 884
883 885
883 886
883 887
883 890
883 1017
883 1028
884 885
884 886
884 887
884 891
885 886
886 887
886 888
886 889
886 890
886 907
886 930
886 942
886 1006
887 888
887 889
887 891
887 895
887 906
887 1095
888 889
890 891
890 892
890 893
890 905
891 892
891 893
891 906
891 989
891 990
892 893
894 895
894 896
894 897
895 896
895 897
896 897
898 899
898 900
898 901
898 902
898 903
898 904
898 905
898 906
898 931
898 936
898 955
898 985
898 986
899 900
899 901
899 902
899 903
899 904
899 905
899 906
899 930
899 935
899 985
900 901
900 902
900 903
900 904
901 902
901 903
901 904
902 903
902 904
903 904
905 906
905 907
905 908
905 909
905 910
905 911
905 912
905 913
906 907
906 908
906 909
906 910
906 911
906 912
906 913
907 908
907 909
907 910
907 911
907 912
907 913
908 909
908 910
908 911
908 912
908 913
908 1126
909 910
909 911
909 912
909 913
910 911
910 912
910 913
911 912
911 913
912 913
912 935
914 915
914 916
915 916
917 918
917 919
917 920
917 921
918 919
918 920
918 921
918 1119
919 920
919 921
920 921
922 923
922 924
922 925
922 998
922 999
922 1019
923 924
923 925
923 977
923 998
923 999
923 1020
923 1038
923 1039
924 925
926 927
926 928
926 929
926 930
926 931
926 935
926 936
926 955
927 928
927 929
927 931
927 936
927 955
928 929
930 931
930 932
930 933
930 934
930 935
930 936
930 954
930 955
931 932
931 933
931 934
931 935
931 936
931 955
932 933
932 934
933 934
935 936
935 937
935 938
935 939
935 940
935 941
935 954
935 955
936 937
936 938
936 939
936 940
936 941
936 953
936 955
937 938
937 939
937 940
937 941
938 939
938 940
938 941
939 940
939 941
940 941
942 943
942 944
942 945
943 944
943 945
944 945
946 947
946 948
946 949
946 950
946 951
946 952
946 953
946 954
947 948
947 949
947 950
947 951
947 952
947 953
947 955
948 949
948 950
948 951
948 952
948 953
949 950
949 951
949 952
949 953
950 951
950 952
950 953
951 952
951 953
952 953
954 955
954 956
954 957
954 958
954 959
954 960
954 961
954 968
954 970
954 998
954 1019
955 956
955 957
955 958
955 959
955 960
955 961
955 968
955 998
955 999
955 1020
956 957
956 958
956 959
956 960
956 961
956 999
957 958
957 959
957 960
957 961
958 959
958 960
958 961
958 969
958 999
958 1020
959 960
959 961
960 961
962 963
962 964
962 965
962 966
962 967
963 964
963 965
963 966
963 967
964 965
964 966
964 967
965 966
965 967
966 967
968 969
968 970
968 971
968 972
968 998
968 1006
968 1011
968 1019
968 1020
969 970
969 971
969 972
969 999
969 1006
969 1007
969 1011
969 1012
969 1020
970 971
970 972
970 999
970 1006
970 1011
970 1019
971 972
971 999
971 1006
971 1007
971 1011
971 1012
971 1020
973 974
976 977
976 978
976 979
976 998
976 1019
976 1039
977 978
977 979
977 999
977 1019
977 1020
978 979
980 981
980 982
980 983
980 984
981 982
981 983
981 984
982 983
982 984
983 984
985 986
985 987
985 988
985 989
985 990
985 991
985 992
985 993
985 994
985 995
985 996
985 997
986 987
986 988
986 989
986 990
986 991
986 992
986 993
986 994
986 995
986 996
986 997
987 988
987 989
987 990
987 991
987 992
987 993
987 994
987 995
987 996
987 997
988 989
988 990
988 991
988 992
988 993
988 994
988 995
988 996
988 997
989 990
989 991
989 992
989 993
989 994
989 995
989 996
989 997
990 991
990 992
990 993
990 994
990 995
990 996
990 997
991 992
991 993
991 994
991 995
991 996
991 997
992 993
992 994
992 995
992 996
992 997
993 994
993 995
993 996
993 997
994 995
994 996
994 997
995 996
995 997
996 997
998 999
998 1000
998 1019
998 1020
999 1000
999 1020
1001 1002
1001 1003
1001 1004
1001 1005
1002 1003
1002 1004
1002 1005
1003 1004
1003 1005
1004 1005
1006 1007
1006 1008
1006 1009
1006 1010
1007 1008
1007 1009
1007 1010
1008 1009
1008 1010
1009 1010
1011 1012
1011 1013
1011 1014
1011 1119
1012 1013
1012 1014
1013 1014
1015 1016
1015 1038
1015 1039
1016 1038
1017 1018
1019 1020
1019 1021
1019 1022
1019 1023
1019 1061
1019 1071
1019 1074
1020 1021
1020 1022
1020 1023
1020 1038
1020 1039
1020 1062
1020 1071
1021 1022
1021 1023
1022 1023
1024 1025
1024 1026
1024 1027
1025 1026
1025 1027
1026 1027
1028 1029
1028 1030
1028 1031
1028 1032
1029 1030
1029 1031
1029 1032
1030 1031
1030 1032
1031 1032
1033 1034
1033 1035
1033 1036
1033 1037
1034 1035
1034 1036
1034 1037
1035 1036
1035 1037
1036 1037
1038 1039
1040 1041
1040 1042
1041 1042
1043 1044
1043 1045
1043 1046
1044 1045
1044 1046
1045 1046
1047 1048
1047 1049
1047 1050
1047 1051
1047 1116
1048 1049
1048 1050
1048 1051
1049 1050
1049 1051
1050 1051
1052 1053
1052 1054
1052 1055
1052 1056
1053 1054
1053 1055
1053 1056
1054 1055
1054 1056
1055 1056
1057 1058
1057 1059
1057 1060
1057 1061
1057 1063
1058 1059
1058 1060
1058 1062
1059 1060
1061 1062
1061 1063
1061 1064
1061 1065
1061 1066
1061 1074
1061 1076
1061 1085
1062 1063
1062 1064
1062 1065
1062 1066
1062 1074
1062 1075
1062 1076
1062 1077
1062 1086
1063 1064
1063 1065
1063 1066
1063 1074
1064 1065
1064 1066
1064 1071
1064 1074
1064 1075
1064 1086
1065 1066
1067 1068
1067 1069
1067 1070
1067 1071
1067 1074
1067 1075
1067 1076
1068 1069
1068 1070
1068 1071
1068 1075
1068 1077
1069 1070
1069 1071
1070 1071
1071 1074
1071 1077
1072 1073
1074 1075
1074 1076
1074 1077
1074 1078
1074 1079
1075 1076
1075 1077
1075 1079
1076 1077
1078 1079
1078 1080
1078 1081
1078 1102
1079 1080
1079 1081
1079 1103
1080 1081
1082 1083
1082 1084
1083 1084
1085 1086
1085 1089
1085 1094
1085 1102
1086 1090
1086 1095
1086 1102
1086 1103
1087 1088
1089 1090
1089 1091
1089 1092
1089 1093
1089 1094
1089 1102
1090 1091
1090 1092
1090 1093
1090 1094
1090 1095
1091 1092
1091 1093
1092 1093
1094 1095
1094 1096
1094 1097
1094 1102
1094 1103
1094 1116
1095 1096
1095 1097
1095 1103
1096 1097
1098 1099
1098 1100
1098 1101
1099 1100
1099 1101
1099 1159
1100 1101
1102 1103
1102 1104
1102 1105
1102 1106
1102 1107
1102 1158
1103 1104
1103 1105
1103 1106
1103 1108
1103 1159
1104 1105
1104 1106
1105 1106
1107 1108
1108 1159
1109 1110
1109 1111
1109 1112
1109 1113
1109 1114
1109 1115
1110 1111
1110 1112
1110 1113
1110 1114
1110 1115
1110 1119
1110 1120
1110 1122
1111 1112
1111 1113
1111 1114
1111 1115
1112 1113
1112 1114
1112 1115
1112 1122
1113 1114
1113 1115
1114 1115
1116 1117
1116 1118
1116 1119
1116 1126
1116 1130
1116 1148
1117 1118
1117 1119
1117 1120
1117 1122
1117 1126
1117 1127
1117 1148
1117 1149
1119 1120
1119 1121
1119 1122
1119 1123
1119 1124
1119 1125
1119 1126
1119 1127
1119 1146
1120 1121
1120 1122
1120 1123
1120 1124
1120 1125
1120 1126
1120 1146
1121 1122
1121 1123
1121 1124
1121 1125
1122 1123
1122 1124
1122 1125
1122 1126
1122 1147
1122 1149
1123 1124
1123 1125
1124 1125
1126 1127
1126 1128
1126 1129
1126 1135
1126 1137
1126 1148
1127 1128
1127 1129
1127 1131
1127 1135
1127 1137
1127 1138
1127 1145
1128 1129
1130 1131
1130 1132
1130 1133
1131 1132
1131 1133
1132 1133
1134 1135
1134 1136
1135 1136
1137 1138
1137 1139
1137 1140
1137 1141
1137 1142
1137 1143
1137 1144
1137 1145
1138 1139
1138 1140
1138 1141
1138 1142
1138 1143
1138 1144
1138 1145
1139 1140
1139 1141
1139 1142
1139 1143
1139 1144
1139 1145
1140 1141
1140 1142
1140 1143
1140 1144
1140 1145
1141 1142
1141 1143
1141 1144
1141 1145
1142 1143
1142 1144
1142 1145
1143 1144
1143 1145
1144 1145
1146 1147
1146 1148
1146 1149
1146 1150
1146 1151
1146 1152
1146 1153
1146 1158
1147 1148
1147 1149
1147 1150
1147 1151
1147 1152
1147 1153
1148 1149
1148 1150
1148 1151
1148 1152
1148 1153
1148 1158
1149 1150
1149 1151
1149 1152
1149 1153
1150 1151
1150 1152
1150 1153
1151 1152
1151 1153
1152 1153
1154 1155
1154 1156
1154 1157
1154 1158
1155 1156
1155 1157
1155 1158
1155 1159
1156 1157
1157 1158
1158 1159
1158 1160
1158 1161
1158 1162
1159 1160
1159 1161
1159 1162
1159 1163
1160 1161
1162 1163
1162 1164
1162 1165
1162 1166
1162 1167
1163 1164
1163 1165
1163 1166
1163 1167
1164 1165
1164 1166
1164 1167
1165 1166
1165 1167
1166 1167
