0 1
0 2
0 3
0 4
0 6
0 11
0 14
0 15
0 18
0 22
0 26
0 27
1 2
1 3
1 4
1 5
1 6
1 11
1 12
1 13
1 15
1 19
1 22
1 23
1 26
1 1075
2 3
2 4
3 4
5 7
5 12
5 19
5 22
5 23
5 26
5 1121
5 1132
6 7
6 8
6 9
6 10
6 11
6 13
6 14
6 15
6 18
6 19
7 8
7 9
7 10
7 12
8 9
8 10
9 10
11 12
11 13
11 14
11 15
11 16
11 17
11 18
11 19
11 22
11 23
11 113
11 1083
11 1131
11 1168
11 1188
11 1270
12 13
12 14
12 15
12 16
12 17
12 18
12 19
12 22
12 23
12 113
12 1126
12 1127
12 1131
12 1268
13 14
13 15
13 16
13 17
13 18
13 23
13 161
13 761
13 1110
13 1130
14 15
14 16
14 17
14 18
14 22
14 1169
14 1267
14 1268
15 16
15 17
15 18
15 19
15 251
15 1169
15 1270
16 17
18 19
18 20
18 21
18 22
19 20
19 21
19 22
19 23
19 26
20 21
22 23
22 24
22 25
22 68
22 69
22 399
22 472
22 489
22 947
22 954
22 1024
22 1105
22 1111
22 1112
22 1120
22 1126
22 1131
22 1145
22 1160
22 1212
22 1213
22 1277
23 24
23 25
23 68
23 948
23 1105
23 1111
23 1112
23 1120
23 1121
23 1126
23 1127
23 1131
23 1132
24 25
24 1105
24 1110
24 1114
24 1120
24 1122
24 1126
24 1130
24 1131
26 330
26 1105
26 1106
26 1254
27 28
27 29
27 30
27 31
28 29
28 30
28 31
28 40
28 69
29 30
29 31
30 31
32 33
32 34
32 35
32 36
32 41
32 43
32 1083
33 34
33 35
33 36
33 41
33 42
33 43
34 35
34 36
34 244
35 36
35 244
37 38
38 39
38 866
39 40
39 41
39 42
39 537
40 42
40 43
40 376
41 42
41 43
41 44
41 45
41 46
41 47
41 48
41 62
41 63
41 68
41 100
41 104
41 105
41 107
41 108
41 109
41 110
41 112
41 113
41 397
41 399
41 764
41 1034
41 1083
41 1084
41 1105
42 43
42 44
42 45
42 46
42 47
42 48
42 63
42 68
42 100
42 101
42 105
42 107
42 108
42 365
42 366
42 398
42 400
42 1034
43 44
43 45
43 46
43 47
43 53
43 54
43 63
43 100
43 101
43 104
43 105
43 107
43 108
43 1034
44 45
44 46
45 46
47 48
47 49
47 50
47 51
47 52
48 49
48 50
48 51
48 52
49 50
49 51
49 52
50 51
50 52
51 52
53 54
53 55
53 908
53 1219
54 55
56 57
56 58
56 59
56 60
56 61
56 133
56 136
56 163
56 166
56 227
56 531
56 535
56 910
56 1254
57 58
57 59
57 60
57 61
57 101
57 133
57 134
57 166
57 227
57 532
57 1202
58 59
58 60
58 61
58 1034
59 60
59 61
59 140
59 142
60 61
62 63
62 64
62 65
62 66
62 67
63 64
63 65
63 66
63 67
63 103
64 65
64 66
64 67
65 66
65 67
66 67
68 69
68 70
68 71
68 72
68 100
68 101
68 102
68 107
68 108
68 109
68 110
68 112
68 113
68 251
68 252
68 318
68 370
68 801
68 1034
68 1221
69 70
69 71
69 72
69 100
69 103
69 107
69 108
69 252
69 715
69 1034
69 1255
70 71
70 72
71 72
72 103
73 74
73 75
73 76
73 100
73 1137
73 1141
73 1142
73 1160
73 1163
74 75
74 76
74 1084
75 76
77 78
77 79
77 80
77 81
77 82
77 83
77 84
77 85
77 86
77 87
77 93
77 96
77 99
77 107
77 158
77 163
77 171
77 282
77 954
78 79
78 80
78 81
78 82
78 83
78 84
78 85
78 86
78 87
78 88
78 93
78 94
78 96
78 97
78 99
78 107
78 158
78 163
78 171
79 80
79 81
79 82
79 83
79 84
79 85
79 86
79 158
79 163
79 171
79 203
79 954
80 81
80 82
80 83
80 84
80 85
80 86
81 82
81 83
81 84
81 85
81 86
82 83
82 84
82 85
82 86
83 84
83 85
83 86
84 85
84 86
84 793
85 86
87 88
87 89
87 90
87 96
87 100
87 101
87 107
87 311
87 612
87 645
87 846
87 1120
87 1193
88 89
88 90
88 96
88 97
88 100
88 101
88 107
88 108
88 311
88 612
88 613
88 1120
88 1121
88 1125
88 1193
88 1194
89 90
91 92
91 93
91 94
91 95
91 945
92 93
92 94
92 95
93 94
93 95
94 95
94 577
96 97
96 98
96 99
96 100
96 107
96 998
96 1012
96 1080
96 1145
96 1196
96 1201
96 1207
96 1212
96 1277
97 98
97 99
97 100
97 101
97 107
97 122
97 572
97 1075
97 1212
97 1213
97 1277
98 99
98 227
99 100
99 101
99 122
99 998
99 1013
99 1146
99 1212
99 1277
100 101
100 102
100 103
100 107
100 108
100 109
100 110
100 112
100 113
100 238
100 393
100 480
100 511
100 955
100 958
100 1034
100 1212
101 102
101 103
101 108
101 126
101 238
101 481
101 511
101 1212
101 1213
102 103
102 115
102 210
102 238
102 393
102 480
102 511
102 870
102 1212
103 239
103 394
104 105
104 106
104 862
104 910
105 106
107 108
107 109
107 110
107 111
107 112
107 113
107 114
107 115
107 121
107 954
107 955
107 958
107 1034
107 1079
108 109
108 110
108 111
108 112
108 113
108 114
108 115
108 371
108 779
108 1034
108 1281
109 110
109 111
109 112
109 113
109 114
109 115
109 315
109 380
109 873
109 1034
109 1043
109 1093
109 1216
109 1225
109 1228
110 111
110 112
110 113
110 114
110 115
110 181
110 182
110 381
110 1034
110 1093
110 1094
110 1217
111 112
111 113
111 114
111 115
112 113
112 114
112 115
112 141
112 1034
112 1093
112 1216
113 114
113 115
113 122
113 371
113 1034
113 1217
114 115
115 724
115 862
115 1079
115 1228
116 117
116 155
118 119
118 120
118 164
118 165
118 166
119 120
119 763
120 164
120 166
121 122
121 123
121 124
121 125
121 390
121 407
121 940
121 1058
121 1059
121 1093
121 1094
122 123
122 124
122 125
122 390
122 407
122 410
122 536
122 736
122 941
122 1059
122 1245
123 124
123 125
124 125
126 127
126 128
126 129
126 130
126 131
126 132
127 128
127 129
127 130
127 131
127 132
127 268
128 129
128 130
128 131
128 132
128 134
128 220
129 130
129 131
129 132
129 134
129 136
130 131
130 132
131 132
131 134
131 136
131 139
131 140
131 142
132 134
133 134
133 135
133 136
133 137
133 138
133 139
133 140
133 142
133 268
133 737
133 1090
133 1120
134 135
134 136
134 137
134 138
134 139
134 140
134 142
134 150
134 268
134 981
135 136
135 137
135 138
136 137
136 138
136 139
136 149
136 153
136 268
137 138
138 139
138 140
138 142
139 140
139 141
139 142
139 143
139 144
139 172
139 268
139 329
139 535
139 587
139 878
139 1034
140 141
140 142
140 143
140 144
140 268
140 281
140 999
141 142
141 143
141 144
141 763
142 143
142 144
142 268
142 281
142 702
142 1008
143 144
145 146
145 147
145 148
145 149
145 220
145 710
145 737
145 918
146 147
146 148
146 150
146 164
146 166
146 220
146 1100
146 1101
147 148
149 150
149 151
149 152
149 163
149 166
149 251
149 668
149 669
149 962
149 1093
149 1221
149 1254
150 151
150 152
150 166
150 371
150 963
150 981
150 1197
151 152
151 1216
152 1221
153 154
153 155
153 156
153 157
153 351
153 778
153 783
153 788
153 789
153 817
153 898
153 947
153 948
153 954
153 1003
153 1008
153 1016
153 1017
153 1090
153 1168
154 155
154 156
154 157
154 451
154 778
154 788
154 909
154 948
154 969
154 972
154 1013
154 1017
155 156
155 157
155 719
155 768
155 778
155 779
155 783
155 784
155 788
155 937
155 948
155 963
155 972
155 1008
156 157
158 159
158 160
158 161
158 162
158 163
158 164
158 165
158 166
158 268
158 282
158 293
158 774
158 828
158 910
158 989
158 1160
158 1219
159 160
159 161
159 162
159 164
159 268
159 1219
160 161
160 162
160 165
161 162
161 1110
163 164
163 165
163 166
163 167
163 168
163 169
163 170
163 171
163 173
163 788
164 165
164 166
164 167
164 168
164 169
164 170
164 171
164 173
164 789
165 166
165 167
165 168
165 169
165 170
165 171
165 173
165 203
165 359
165 472
165 489
165 606
165 774
165 788
165 1021
165 1137
165 1254
166 167
166 168
166 169
166 170
166 171
166 172
166 173
166 598
166 788
166 1193
167 168
167 169
167 170
168 169
168 170
169 170
171 172
171 173
171 174
171 175
171 176
171 177
171 178
171 179
171 180
172 173
172 174
172 175
172 176
172 177
172 178
172 179
172 180
172 195
172 587
173 174
173 175
173 176
173 177
173 178
173 179
173 180
174 175
174 176
174 177
174 178
174 179
174 180
175 176
175 177
175 178
175 179
175 180
175 1076
176 177
176 178
176 179
176 180
177 178
177 179
177 180
178 179
178 180
179 180
181 182
181 183
181 195
181 196
181 378
181 601
181 602
181 715
181 724
181 814
181 962
181 1034
182 183
182 196
182 601
182 715
182 742
182 815
182 946
182 951
182 962
182 963
184 185
184 186
184 187
184 188
184 192
184 195
184 196
184 225
184 226
184 228
184 269
184 392
184 414
185 186
185 187
186 187
188 189
188 190
188 191
188 192
188 196
188 197
188 225
188 226
188 228
188 392
189 190
189 191
189 862
189 866
189 928
189 1153
190 191
190 192
190 929
190 932
190 933
190 1153
192 193
192 194
192 196
192 197
192 225
192 226
193 194
195 196
195 197
195 198
195 340
195 571
195 688
195 763
195 945
195 971
195 1105
196 197
196 198
196 909
196 924
196 955
196 969
196 972
197 198
197 764
197 890
197 942
197 956
197 959
199 200
199 201
199 202
199 538
199 542
199 546
199 945
199 958
200 201
200 202
200 539
200 541
200 543
200 547
200 745
200 948
201 202
203 204
203 205
203 206
203 612
203 613
203 774
203 928
203 929
204 205
204 206
205 206
207 208
207 209
207 210
207 282
207 673
207 674
208 209
208 210
209 210
211 212
211 213
211 261
211 673
211 674
212 213
212 261
212 990
214 215
214 221
215 232
216 217
216 218
216 219
216 225
216 1093
216 1094
217 218
217 219
217 221
217 225
218 219
218 870
219 232
220 221
220 222
220 223
220 224
220 228
220 866
220 918
220 1034
220 1058
220 1059
221 222
221 223
221 224
221 228
221 913
221 914
222 223
222 224
223 224
225 226
225 227
225 228
225 229
225 230
225 238
225 239
225 393
225 1087
226 227
226 228
226 229
226 230
226 239
226 245
226 287
226 527
227 228
227 229
227 230
227 246
227 567
227 568
227 950
228 229
228 230
228 232
228 244
228 245
229 230
231 232
231 233
231 234
231 260
231 340
231 341
231 728
231 730
232 233
232 234
232 261
232 337
233 234
235 236
235 237
235 244
236 237
238 239
238 240
238 241
238 244
238 329
238 330
238 333
238 340
238 341
238 797
238 798
238 1248
238 1249
239 240
239 241
239 245
239 329
239 330
239 333
239 1248
240 241
242 243
242 472
242 484
242 918
243 473
244 245
244 246
244 247
244 918
244 919
245 246
245 247
245 248
245 249
246 247
248 249
248 250
248 774
248 1075
249 250
249 302
249 304
249 596
249 1075
250 407
250 408
250 409
250 410
251 252
251 253
251 254
251 255
251 256
251 257
251 258
251 259
251 336
251 407
251 860
252 253
252 254
252 255
252 256
252 257
252 258
252 259
252 408
252 409
252 410
252 435
252 815
253 254
253 255
253 256
253 257
253 258
253 259
253 261
253 288
253 330
253 333
254 255
254 256
254 257
254 258
254 259
254 261
255 256
255 257
255 258
255 259
256 257
256 258
256 259
256 264
257 258
257 259
257 261
257 264
258 259
260 261
260 262
260 263
260 264
260 685
260 998
261 262
261 263
261 264
261 265
261 340
261 341
261 352
261 377
262 263
264 265
264 266
264 267
264 341
264 399
264 411
264 1239
265 266
265 267
265 341
265 400
265 535
265 536
265 1239
266 267
268 269
268 270
268 271
268 272
268 273
268 274
268 275
268 276
268 306
268 801
268 802
268 1245
269 270
269 271
269 272
269 273
269 274
269 275
269 276
269 282
269 304
270 271
270 272
270 273
270 274
270 275
270 288
270 289
270 1016
270 1017
270 1107
271 272
271 273
271 274
271 275
271 276
271 283
271 284
272 273
272 274
272 275
273 274
273 275
274 275
276 277
276 278
276 279
276 282
276 283
276 284
276 404
276 783
276 823
276 824
277 278
277 279
278 279
280 281
282 283
282 284
282 285
282 286
282 287
282 288
282 289
282 306
282 307
282 326
282 331
282 340
282 341
282 347
282 382
282 804
282 877
282 940
283 284
283 285
283 286
283 326
283 327
283 416
284 285
284 286
284 289
284 341
284 347
284 348
284 414
285 286
287 288
287 289
287 290
287 291
287 306
287 340
287 341
287 347
287 348
288 289
288 290
288 291
288 306
288 340
288 341
288 411
288 645
288 1034
289 290
289 291
289 341
290 291
292 293
292 304
293 294
293 295
293 418
293 510
293 989
294 295
294 409
296 297
296 298
296 299
296 300
296 301
297 298
297 299
297 300
297 301
297 302
298 299
298 300
298 301
298 302
298 319
299 300
299 301
300 301
302 327
302 400
302 766
303 304
303 305
304 305
304 414
306 307
306 308
306 309
306 310
306 311
306 312
306 318
306 319
306 326
306 336
306 347
306 349
306 359
307 308
307 309
307 310
307 311
307 312
307 318
307 319
307 340
307 341
307 347
307 348
308 309
308 310
309 310
309 1174
311 312
311 313
311 314
311 318
311 587
312 313
312 314
312 318
312 319
313 314
315 316
315 317
315 318
315 955
316 317
318 319
318 320
318 321
318 322
318 323
318 324
318 325
319 320
319 321
319 322
319 323
319 324
319 325
320 321
320 322
320 323
320 324
320 325
321 322
321 323
321 324
321 325
322 323
322 324
322 325
323 324
323 325
324 325
326 327
326 328
326 382
327 328
327 341
327 383
329 330
329 331
329 332
329 333
329 334
329 335
329 336
329 340
329 341
329 386
329 497
329 1003
329 1007
329 1012
329 1016
329 1017
330 331
330 332
330 333
330 334
330 335
330 337
330 386
330 387
331 332
331 333
331 334
331 335
332 333
332 334
332 335
333 334
333 335
333 336
333 337
334 335
336 337
336 338
336 339
336 340
336 341
336 347
336 351
336 904
336 908
336 954
336 1232
336 1246
337 338
337 339
337 341
337 348
337 352
337 376
337 383
337 398
337 905
337 909
337 1017
337 1233
337 1247
338 339
340 341
340 342
340 343
340 344
340 345
340 346
340 535
341 342
341 343
341 344
341 345
341 346
341 348
341 352
341 360
341 364
341 365
341 366
341 376
341 404
341 407
341 413
341 502
341 1278
342 343
342 344
342 345
342 346
343 344
343 345
343 346
344 345
344 346
345 346
347 348
347 349
347 350
348 349
348 350
349 350
349 382
351 352
351 353
351 354
351 355
351 359
351 365
351 370
351 375
352 353
352 354
352 356
352 360
352 365
352 366
352 371
352 376
352 398
352 400
353 354
355 356
355 357
355 358
355 397
356 357
356 358
356 365
356 398
357 358
359 360
359 361
359 362
359 397
359 407
359 434
360 361
360 362
360 365
360 366
360 398
360 408
360 409
360 410
360 435
360 941
361 362
363 364
365 366
365 367
365 368
365 369
365 371
365 376
365 392
365 397
365 398
365 399
365 400
365 435
366 367
366 368
366 369
366 371
366 376
366 387
366 392
366 398
366 400
367 368
367 369
368 369
370 371
370 372
370 373
370 374
370 397
370 443
370 1126
370 1232
371 372
371 373
371 374
371 418
372 373
372 374
373 374
375 376
375 377
375 1232
376 377
376 1232
377 814
377 815
378 379
378 1174
379 608
380 381
380 957
382 383
382 384
382 385
382 386
382 397
382 399
382 403
382 407
382 434
382 435
382 457
382 679
382 893
382 898
382 1177
383 384
383 385
383 387
383 398
383 400
383 404
383 408
383 409
383 435
383 458
383 680
383 894
383 899
383 1178
384 385
386 387
386 388
386 389
386 397
386 399
386 407
386 422
386 538
386 542
386 546
387 388
387 389
387 398
387 400
387 408
387 409
387 410
387 435
387 539
387 541
387 543
387 547
387 955
387 958
388 389
390 391
390 398
390 399
390 400
392 393
392 394
392 395
392 396
393 394
393 395
393 396
394 395
394 396
394 409
395 396
397 398
397 399
397 403
397 407
397 1155
397 1248
398 400
398 404
398 408
398 409
398 410
398 414
399 400
399 401
399 402
399 403
399 407
399 450
400 401
400 402
400 404
400 408
400 409
400 410
400 451
401 402
403 404
403 405
403 406
403 407
403 434
404 405
404 406
404 408
404 409
404 410
404 435
405 406
407 408
407 409
407 410
407 411
407 412
407 422
407 434
407 435
407 1058
407 1177
408 409
408 410
408 411
408 412
408 435
408 1059
408 1178
409 410
409 411
409 412
409 434
409 435
409 1059
409 1178
410 411
410 412
410 435
410 1059
410 1178
411 412
413 414
413 415
413 416
413 417
414 415
414 416
414 417
415 416
415 417
416 417
418 419
418 420
418 421
418 422
418 423
418 424
418 425
418 426
418 427
418 428
418 429
418 430
418 431
418 433
418 434
418 435
418 439
418 440
418 443
418 444
418 663
419 420
419 421
419 422
419 423
419 424
419 425
419 426
419 427
419 428
419 429
419 430
419 431
420 421
420 422
420 423
420 424
420 425
420 426
420 427
420 428
420 429
420 430
420 431
421 422
421 423
421 424
421 425
421 426
421 427
421 428
421 429
421 430
421 431
422 423
422 424
422 425
422 426
422 427
422 428
422 429
422 430
422 431
422 432
422 434
422 439
422 443
422 662
423 424
423 425
423 426
423 427
423 428
423 429
423 430
423 431
423 432
423 433
423 435
423 440
423 442
423 444
423 663
424 425
424 426
424 427
424 428
424 429
424 430
424 431
425 426
425 427
425 428
425 429
425 430
425 431
426 427
426 428
426 429
426 430
426 431
427 428
427 429
427 430
427 431
428 429
428 430
428 431
429 430
429 431
430 431
432 433
432 435
432 439
432 440
432 442
432 443
432 444
433 895
433 901
434 435
434 436
434 437
434 438
434 439
434 443
434 444
434 450
434 932
434 954
434 1177
435 436
435 437
435 438
435 440
435 442
435 443
435 444
435 933
435 1058
435 1059
435 1178
436 437
436 438
437 438
439 440
439 441
439 442
439 443
439 444
440 441
440 442
440 444
441 442
442 444
443 444
443 445
443 446
443 447
443 618
443 1032
443 1048
444 445
444 446
444 447
444 619
444 623
444 1033
444 1048
445 446
445 447
446 447
448 542
448 546
448 945
449 929
450 451
450 452
450 453
450 454
450 888
450 893
450 898
450 904
450 1032
451 452
451 453
451 454
451 889
451 894
451 895
451 898
451 899
451 901
451 905
452 453
452 454
453 454
455 456
455 873
455 1035
457 458
457 459
457 460
457 461
457 893
457 899
457 901
457 954
457 955
457 958
458 459
458 460
458 461
458 656
458 660
458 722
458 899
459 460
459 461
459 1254
460 461
462 463
462 464
462 465
462 763
462 764
463 464
463 465
463 764
464 465
466 467
466 468
466 469
466 472
466 763
467 468
467 469
467 473
468 469
470 471
470 472
470 531
470 571
470 1083
471 473
471 532
472 473
472 474
472 475
472 476
472 480
472 484
472 505
472 550
472 624
472 625
472 744
473 474
473 475
473 476
473 477
473 481
473 485
473 506
473 551
473 625
473 745
474 475
476 477
476 478
476 479
476 484
476 607
476 745
477 478
477 479
477 485
477 624
477 625
478 479
480 481
480 482
480 483
480 484
480 535
480 557
480 612
480 745
481 482
481 483
481 485
481 558
481 625
482 483
484 485
484 486
484 487
484 488
484 489
484 493
484 546
484 557
484 580
484 624
484 655
484 744
484 888
484 947
484 1111
484 1168
485 486
485 487
485 488
485 489
485 490
485 494
485 547
485 558
485 580
485 581
485 625
485 656
485 745
485 889
485 948
485 1112
485 1169
486 487
486 488
487 488
489 490
489 491
489 492
489 601
489 634
489 788
489 789
489 958
489 1160
490 491
490 492
490 1161
491 492
492 575
493 494
493 495
493 496
493 546
493 557
493 601
494 495
494 496
494 558
494 572
495 496
495 753
495 870
497 498
497 499
497 500
498 499
498 500
499 500
501 502
501 503
501 504
501 511
501 518
501 527
502 503
502 504
502 511
502 512
502 514
502 517
502 519
502 521
502 528
502 532
503 504
505 506
505 507
505 508
505 509
505 510
506 507
506 508
506 509
506 510
506 528
506 715
507 508
507 509
507 510
507 661
507 942
508 509
508 510
509 510
511 512
511 513
511 514
511 515
511 516
511 517
511 518
511 520
511 522
511 527
511 531
511 532
511 538
511 634
511 639
511 688
511 788
511 827
511 866
512 513
512 514
512 515
512 516
512 517
512 519
512 521
512 523
512 528
512 532
512 635
512 639
513 514
513 515
513 516
513 517
514 515
514 516
514 517
514 519
514 523
514 528
514 532
514 635
514 894
515 516
515 517
516 517
517 519
517 521
517 523
517 528
517 532
517 635
517 639
518 519
518 520
518 521
518 522
518 524
518 527
518 531
518 538
518 546
518 607
518 608
518 634
518 670
519 520
519 521
519 522
519 523
519 528
519 532
519 539
519 635
520 521
521 523
521 528
521 635
522 523
522 524
522 525
522 526
522 527
522 531
522 538
522 763
523 524
523 525
523 526
523 528
523 531
523 532
523 539
523 635
524 525
524 526
525 526
527 528
527 529
527 530
527 531
527 535
527 538
527 629
527 634
527 639
527 645
528 529
528 530
528 532
528 535
528 536
528 539
528 541
528 547
528 629
528 635
528 639
528 646
529 530
531 532
531 533
531 534
531 535
531 538
531 595
531 634
531 705
532 533
532 534
532 539
532 541
532 547
532 635
532 646
532 704
533 534
535 536
535 537
535 634
535 1083
535 1084
535 1086
536 537
536 572
536 577
536 629
536 634
536 635
537 870
538 539
538 540
538 541
538 542
538 546
538 550
538 557
538 616
538 624
538 763
538 833
539 540
539 541
539 543
539 547
539 551
539 558
539 596
539 616
539 625
539 654
539 764
539 874
540 541
541 542
541 543
541 547
541 551
541 617
541 625
541 654
541 742
541 764
541 829
541 1087
542 543
542 544
542 545
542 546
542 550
542 616
542 624
542 763
543 544
543 545
543 547
543 551
543 617
543 625
543 654
543 764
544 545
546 547
546 548
546 549
546 550
546 624
546 649
546 763
547 548
547 549
547 550
547 551
547 625
547 654
547 742
547 764
548 549
550 551
550 552
550 1090
551 552
553 554
553 555
553 556
554 555
554 556
554 863
555 556
557 558
557 559
557 560
557 616
557 645
557 728
557 886
557 1048
557 1076
558 559
558 560
558 616
558 625
558 646
558 886
558 887
558 1048
558 1077
559 560
561 562
561 563
561 564
561 565
561 566
561 601
561 1212
562 563
562 564
562 565
562 566
563 564
563 565
563 566
564 565
564 566
565 566
566 606
567 568
567 569
567 570
567 571
567 572
567 573
567 575
567 601
567 1080
568 569
568 570
568 601
568 602
568 1076
568 1077
568 1079
568 1080
569 570
571 572
571 573
571 574
571 575
571 576
571 577
571 587
571 605
571 606
571 714
571 768
571 988
571 1058
572 573
572 574
572 575
572 576
572 596
572 606
572 607
572 887
573 574
573 575
573 576
573 606
573 607
573 744
574 575
574 576
574 580
574 581
574 587
574 588
574 591
574 592
574 606
574 607
574 608
574 716
574 1217
575 576
575 597
575 606
575 611
575 1059
577 578
577 579
577 580
577 581
577 587
577 588
577 591
577 592
577 596
577 602
577 613
577 1087
578 579
580 581
580 582
580 583
580 584
580 585
580 586
580 587
580 588
580 1216
581 582
581 583
581 584
581 585
581 586
581 587
581 588
581 596
582 583
582 584
582 585
582 586
583 584
583 585
583 586
584 585
584 586
585 586
587 588
587 589
587 590
587 591
587 592
587 595
587 607
587 692
587 854
588 589
588 590
588 591
588 592
588 596
588 606
588 613
589 590
591 592
591 593
591 594
592 593
592 594
592 596
593 594
595 596
595 597
595 598
595 599
595 600
595 1034
596 597
596 598
596 599
596 600
596 606
596 619
597 598
597 599
597 600
597 1086
598 599
598 600
599 600
601 602
601 603
601 604
601 612
601 613
601 715
601 878
602 603
602 604
602 606
602 613
602 715
603 604
603 753
604 870
605 606
605 607
605 608
605 609
605 610
605 611
606 607
606 608
606 609
606 610
606 611
606 612
606 613
606 1083
606 1084
607 608
607 609
607 610
607 611
607 612
607 613
607 705
607 1016
607 1043
607 1083
607 1084
607 1086
608 609
608 610
608 611
608 612
608 613
609 610
609 611
610 611
612 613
612 614
612 615
612 928
612 932
612 1016
612 1017
612 1054
612 1058
612 1083
612 1153
613 614
613 615
613 619
613 928
613 932
613 1044
613 1059
614 615
616 617
616 618
616 619
616 623
617 618
617 619
617 623
618 619
618 620
618 621
618 622
618 623
618 873
618 940
618 1043
618 1044
618 1049
618 1093
618 1149
619 620
619 621
619 622
619 623
619 699
619 1044
619 1048
620 621
620 622
620 623
621 622
621 623
622 623
623 1044
623 1048
624 625
624 626
624 627
624 628
624 744
624 745
624 763
624 1120
624 1135
624 1232
625 626
625 627
625 628
625 635
625 745
625 764
626 627
626 628
627 628
629 634
629 635
630 631
630 632
630 633
630 635
631 632
631 633
632 633
634 635
634 636
634 637
634 638
634 645
634 646
635 636
635 637
635 638
635 645
635 646
635 983
635 1219
636 637
636 638
637 638
639 640
639 641
639 642
639 643
639 644
640 641
640 642
640 643
640 644
641 642
641 643
641 644
642 643
642 644
643 644
645 646
645 647
645 648
645 683
645 763
645 764
646 647
646 648
646 684
646 764
647 648
649 650
649 651
649 652
649 653
649 654
649 714
649 721
649 763
649 764
650 651
650 652
650 653
650 654
650 764
651 652
651 653
651 654
652 653
652 654
653 654
654 946
654 948
655 656
655 657
655 658
655 659
655 660
655 661
655 842
655 843
655 888
655 889
655 893
655 898
655 932
655 1076
656 657
656 658
656 659
656 660
656 661
656 843
656 888
656 889
656 893
656 898
656 899
657 658
657 659
657 660
657 661
658 659
658 660
658 661
659 660
659 661
660 661
660 843
660 874
660 888
660 889
660 899
660 948
661 843
661 888
661 889
661 890
661 901
661 1122
662 663
662 664
662 665
662 666
662 667
663 664
663 665
663 666
663 667
663 894
663 895
664 665
664 666
664 667
665 666
665 667
666 667
668 669
668 670
668 671
668 672
668 673
668 705
668 714
668 715
668 716
668 717
668 719
668 721
668 722
668 724
668 725
668 873
668 878
668 879
669 670
669 671
669 672
669 673
669 678
669 714
669 715
669 716
669 717
669 719
669 722
669 874
669 879
669 1178
670 671
670 672
670 673
670 674
670 688
670 714
670 715
670 724
670 737
670 873
670 1093
670 1216
671 672
671 714
671 724
671 725
671 881
671 884
673 674
673 675
673 676
673 677
673 714
673 715
673 730
673 945
673 957
673 1007
673 1012
673 1108
673 1141
674 675
674 676
674 677
674 680
674 715
674 725
674 946
674 948
674 954
674 957
674 958
675 676
675 677
676 677
678 874
678 929
679 680
679 893
679 898
679 899
679 901
679 936
679 951
679 958
681 682
681 683
681 684
681 874
682 683
682 684
683 684
683 685
683 688
683 689
683 692
684 685
684 686
684 688
684 689
684 693
685 686
685 687
685 878
685 879
685 940
685 941
685 942
685 998
685 999
685 1003
685 1013
685 1016
686 687
686 748
686 856
686 941
688 689
688 690
688 691
688 692
688 693
688 698
688 699
688 724
688 1105
689 690
689 691
689 692
689 699
689 725
689 874
689 1035
690 691
692 693
692 694
692 695
692 701
692 710
692 711
692 717
692 724
692 725
692 883
693 694
693 695
693 702
693 710
693 711
693 716
693 717
693 719
693 724
693 725
694 695
696 697
696 698
696 699
696 700
696 860
697 698
697 699
697 700
698 699
698 700
698 1034
699 700
700 711
701 702
701 703
701 706
701 707
701 710
701 711
701 1093
701 1105
701 1212
702 703
702 704
702 705
702 710
702 711
704 705
704 706
704 707
704 708
704 709
704 711
705 706
705 707
705 708
705 709
705 711
705 735
706 707
706 708
706 709
706 710
706 1201
707 708
707 709
708 709
710 711
710 712
710 713
710 728
710 1093
711 712
711 713
711 1064
712 713
714 715
714 716
714 717
714 718
714 719
714 720
714 721
714 722
714 723
714 724
714 725
714 726
714 727
714 735
714 736
714 740
714 744
714 783
714 793
714 873
714 878
714 879
714 1034
715 716
715 717
715 718
715 719
715 720
715 721
715 722
715 723
715 724
715 725
715 726
715 727
715 729
715 735
715 736
715 738
715 861
715 874
715 879
716 717
716 718
716 719
716 720
716 721
716 722
716 723
716 724
716 725
716 726
716 727
716 884
717 718
717 719
717 720
717 721
717 722
717 723
717 724
717 725
717 726
717 727
717 873
717 893
717 898
717 966
717 1093
718 719
718 720
718 721
718 722
718 723
718 724
718 725
718 726
718 727
718 1083
718 1084
718 1086
719 720
719 721
719 722
719 723
719 724
719 725
719 726
719 727
719 938
719 964
719 1008
720 721
720 722
720 723
720 724
720 725
720 726
720 727
721 722
721 723
721 724
721 725
721 726
721 727
721 740
721 878
721 879
722 723
722 724
722 725
722 726
722 727
722 742
722 879
722 881
723 724
723 725
723 726
723 727
724 725
724 726
724 727
724 744
724 873
724 879
725 726
725 727
725 878
725 879
725 919
725 948
725 958
726 727
726 744
728 729
728 730
728 731
728 732
728 733
728 734
728 735
728 837
728 840
728 860
728 861
728 862
728 863
728 866
728 867
728 870
728 871
728 1034
728 1262
728 1267
729 730
729 731
729 732
729 733
729 734
729 831
729 834
729 838
729 860
729 867
729 1267
730 731
730 732
730 733
730 734
731 732
731 733
731 734
732 733
732 734
733 734
735 736
735 737
735 738
735 739
735 747
735 755
735 878
735 904
735 1196
736 737
736 738
736 739
736 747
736 755
736 828
736 838
736 861
736 878
736 879
737 738
737 739
737 747
737 755
737 827
737 833
737 1093
738 739
738 747
738 828
738 831
738 967
740 741
740 742
740 743
740 744
740 763
740 764
741 742
741 743
742 743
742 998
742 999
742 1003
742 1008
743 1035
744 745
744 746
744 747
744 763
744 764
744 783
744 883
744 1135
744 1182
745 746
745 754
745 764
745 769
745 798
745 822
745 994
745 995
747 748
747 749
747 750
747 751
747 752
747 753
747 754
748 749
748 750
748 751
748 752
748 754
749 750
749 751
749 752
750 751
750 752
751 752
753 754
753 755
753 756
753 758
753 834
753 998
753 1040
753 1129
753 1259
754 755
754 756
754 758
754 834
754 1013
755 756
757 758
759 760
759 761
759 762
759 774
759 793
760 761
760 762
761 762
763 764
763 767
763 814
763 1043
763 1093
764 1043
764 1044
764 1094
765 766
765 767
766 767
768 769
768 770
768 771
768 772
768 773
768 774
768 788
769 770
769 771
769 772
769 773
769 783
769 793
770 771
770 772
770 773
771 772
771 773
772 773
774 775
774 776
774 777
774 778
774 788
774 789
774 793
774 954
774 1058
775 776
775 777
775 778
775 779
775 783
775 788
775 789
775 793
776 777
776 942
778 779
778 780
778 781
778 782
778 783
778 789
779 780
779 781
779 782
779 783
779 972
780 781
780 782
781 782
783 784
783 785
783 786
783 787
783 788
783 789
783 793
783 819
783 1016
784 785
784 786
784 787
784 829
784 1086
785 786
785 787
785 870
786 787
786 870
788 789
788 790
788 791
788 792
788 1016
789 790
789 791
789 792
789 1039
790 791
790 792
791 792
793 794
793 795
793 796
793 855
793 1101
794 795
794 796
795 796
797 798
797 799
797 800
797 994
797 995
798 799
798 800
799 800
801 802
801 803
802 803
804 805
804 806
804 807
804 808
804 809
804 810
804 811
804 812
804 813
804 830
804 831
804 940
804 1101
805 806
805 807
805 808
805 809
805 810
805 811
805 812
805 813
805 830
805 831
805 1101
806 807
806 808
806 809
806 810
806 811
806 812
806 813
807 808
807 809
807 810
807 811
807 812
807 813
808 809
808 810
808 811
808 812
808 813
809 810
809 811
809 812
809 813
810 811
810 812
810 813
811 812
811 813
812 813
814 815
814 816
814 817
814 1021
814 1100
815 816
815 817
815 818
815 831
815 999
815 1021
815 1022
815 1032
817 818
817 819
817 820
817 830
818 819
818 820
818 831
819 820
819 831
821 822
821 1173
822 827
822 828
822 829
822 831
822 946
822 948
822 951
822 954
822 957
822 958
823 824
823 825
823 826
823 827
824 825
824 826
824 828
824 829
825 826
827 828
827 829
827 833
827 878
827 1254
828 829
828 830
828 831
828 834
829 834
829 835
830 831
830 832
830 833
830 854
830 1090
830 1095
831 832
831 834
831 1090
831 1095
833 834
833 835
833 836
833 861
834 835
834 836
834 994
835 836
837 838
837 839
838 839
840 841
840 842
840 843
840 844
840 845
840 846
840 847
840 848
840 849
841 842
841 843
841 844
841 845
841 846
841 847
841 848
841 849
842 843
842 844
842 845
842 846
842 847
842 848
842 849
842 893
843 844
843 845
843 846
843 847
843 848
843 849
844 845
844 846
844 847
844 848
844 849
845 846
845 847
845 848
845 849
846 847
846 848
846 849
847 848
847 849
848 849
850 851
850 852
850 853
851 852
851 853
851 874
852 853
854 855
854 856
854 857
854 858
854 859
854 1083
854 1084
855 856
855 857
855 858
855 859
855 860
855 861
855 862
855 863
855 867
855 870
855 871
855 873
855 874
855 985
856 857
856 858
856 859
857 858
857 859
857 861
857 867
857 874
857 942
858 859
860 861
860 862
860 863
860 864
860 865
860 866
860 867
860 868
860 869
860 870
860 871
860 872
860 873
860 1267
861 862
861 863
861 864
861 865
861 866
861 867
861 868
861 869
861 870
861 871
861 872
861 873
861 874
861 1021
862 863
862 864
862 865
862 866
862 867
862 868
862 869
862 870
862 871
862 872
862 910
862 947
863 864
863 865
863 866
863 867
863 868
863 869
863 870
863 871
863 872
863 874
864 865
864 866
864 867
864 868
864 869
864 870
864 871
864 872
864 1064
865 866
865 867
865 868
865 869
865 870
865 871
865 872
866 867
866 868
866 869
866 870
866 871
866 872
866 873
866 874
866 1267
867 868
867 869
867 870
867 871
867 872
867 874
868 869
868 870
868 871
868 872
869 870
869 871
869 872
870 871
870 872
870 873
870 1021
870 1040
871 872
871 874
871 1021
871 1267
872 1079
873 874
873 875
873 876
873 877
873 878
873 1219
874 875
874 876
874 877
874 878
874 879
874 881
874 882
874 899
874 905
874 945
875 876
875 877
875 898
875 1221
876 877
878 879
878 880
878 881
878 898
878 1034
878 1201
879 880
879 881
879 942
880 881
882 883
882 884
882 885
882 946
882 948
882 951
882 954
882 955
882 956
882 957
882 958
883 884
883 885
884 885
884 946
884 951
884 954
884 956
884 957
884 958
886 887
886 908
886 940
887 908
887 909
887 911
888 889
888 890
888 891
888 892
888 893
888 1163
889 890
889 891
889 892
889 893
889 894
889 899
890 891
890 892
890 895
890 901
891 892
893 894
893 895
893 896
893 897
893 898
893 954
893 956
893 994
894 895
894 896
894 897
894 898
894 899
894 904
894 905
894 946
894 948
895 896
895 897
895 898
895 899
895 901
895 904
895 905
896 897
898 899
898 900
898 901
898 902
898 903
898 904
898 905
898 954
898 994
898 995
898 1076
898 1105
899 900
899 901
899 902
899 903
899 904
899 905
899 924
899 948
899 951
900 901
900 902
900 903
901 902
901 903
901 904
901 905
901 942
902 903
904 905
904 918
904 954
904 955
904 958
904 994
904 995
905 929
906 907
906 909
907 909
907 911
908 909
908 910
908 911
908 912
908 913
908 947
908 990
908 1232
908 1233
908 1244
908 1246
909 910
909 911
909 912
909 913
909 914
909 941
909 947
909 969
909 1232
909 1244
909 1246
910 911
910 912
910 914
910 919
910 1232
910 1233
910 1290
911 912
911 919
911 938
911 972
911 1232
911 1233
911 1244
911 1246
913 914
913 915
913 916
913 917
914 915
914 916
914 917
914 918
914 919
914 937
914 938
914 969
915 916
915 917
916 917
918 919
918 920
918 921
918 922
918 1149
918 1221
918 1290
919 920
919 921
919 922
919 938
919 958
919 963
919 1290
919 1291
920 921
920 922
921 922
923 924
923 925
923 926
923 927
923 928
923 929
924 925
924 926
924 927
924 928
924 929
924 938
925 926
925 927
926 927
928 929
928 930
928 931
928 932
928 933
928 947
929 930
929 931
929 932
929 937
929 938
930 931
932 933
932 934
932 935
933 934
933 935
933 945
934 935
936 937
936 938
936 939
936 947
936 948
936 962
936 963
936 1183
936 1188
936 1196
937 938
937 939
937 945
937 948
937 951
937 963
937 969
937 972
937 1177
937 1183
937 1188
937 1254
938 939
938 948
938 963
938 1177
938 1183
938 1188
940 941
940 942
940 943
940 944
940 947
941 942
941 943
941 944
941 946
941 948
941 955
942 943
942 944
942 955
942 956
942 959
943 944
943 956
945 946
945 947
945 948
945 949
945 950
945 951
945 952
945 953
945 954
945 955
945 956
945 957
945 958
945 959
945 960
945 961
946 947
946 948
946 949
946 950
946 951
946 952
946 953
946 954
946 955
946 956
946 957
946 958
946 959
946 960
946 961
946 963
947 948
947 949
947 950
947 951
947 952
947 953
947 954
947 955
947 956
947 957
947 958
947 959
947 960
947 961
948 949
948 950
948 951
948 952
948 953
948 954
948 955
948 956
948 957
948 958
948 959
948 960
948 961
949 950
949 951
949 952
949 953
949 954
949 955
949 956
949 957
949 958
949 959
949 960
949 961
950 951
950 952
950 953
950 954
950 955
950 956
950 957
950 958
950 959
950 960
950 961
950 971
950 1225
951 952
951 953
951 954
951 955
951 956
951 957
951 958
951 959
951 960
951 961
951 963
952 953
952 954
952 955
952 956
952 957
952 958
952 959
952 960
952 961
953 954
953 955
953 956
953 957
953 958
953 959
953 960
953 961
954 955
954 956
954 957
954 958
954 959
954 960
954 961
954 998
955 956
955 957
955 958
955 959
955 960
955 961
956 957
956 958
956 959
956 960
956 961
956 972
957 958
957 959
957 960
957 961
957 1093
958 959
958 960
958 961
958 963
959 960
959 961
959 990
960 961
962 963
962 964
962 965
962 969
962 971
962 972
963 964
963 965
963 969
963 972
964 965
966 967
966 968
967 968
967 990
969 970
969 971
969 972
969 973
969 974
969 981
969 989
969 999
969 1096
970 971
970 972
970 973
970 974
971 972
971 973
971 974
971 980
971 981
971 1007
971 1096
972 973
972 974
972 981
972 989
972 990
972 1096
973 974
975 976
975 984
976 989
977 978
977 979
978 979
978 990
980 981
980 982
980 983
980 984
981 982
981 983
981 984
981 985
981 989
981 990
982 983
984 985
984 986
984 987
984 988
984 994
984 1003
984 1093
984 1212
985 986
985 987
985 988
985 998
986 987
986 988
987 988
989 990
989 991
989 992
989 993
990 991
990 992
990 993
991 992
991 993
992 993
994 995
994 996
994 997
994 1007
994 1008
994 1016
994 1093
995 996
995 997
995 999
996 997
998 999
998 1000
998 1001
998 1002
998 1003
998 1004
998 1005
998 1006
998 1007
998 1008
998 1009
998 1010
998 1011
998 1012
998 1013
998 1016
998 1199
999 1000
999 1001
999 1002
999 1003
999 1004
999 1005
999 1006
999 1007
999 1008
999 1009
999 1010
999 1011
999 1012
999 1013
999 1016
1000 1001
1000 1002
1000 1003
1000 1004
1000 1005
1000 1006
1000 1007
1000 1008
1000 1009
1000 1010
1000 1011
1001 1002
1001 1003
1001 1004
1001 1005
1001 1006
1001 1007
1001 1008
1001 1009
1001 1010
1001 1011
1002 1003
1002 1004
1002 1005
1002 1006
1002 1007
1002 1008
1002 1009
1002 1010
1002 1011
1003 1004
1003 1005
1003 1006
1003 1007
1003 1008
1003 1009
1003 1010
1003 1011
1003 1012
1003 1017
1003 1205
1003 1262
1004 1005
1004 1006
1004 1007
1004 1008
1004 1009
1004 1010
1004 1011
1004 1013
1004 1016
1004 1017
1005 1006
1005 1007
1005 1008
1005 1009
1005 1010
1005 1011
1006 1007
1006 1008
1006 1009
1006 1010
1006 1011
1007 1008
1007 1009
1007 1010
1007 1011
1007 1201
1007 1205
1007 1212
1008 1009
1008 1010
1008 1011
1008 1013
1008 1071
1008 1202
1008 1204
1009 1010
1009 1011
1010 1011
1012 1013
1012 1014
1012 1015
1012 1016
1012 1017
1012 1018
1012 1019
1012 1020
1012 1034
1012 1035
1012 1212
1012 1262
1013 1014
1013 1015
1013 1016
1013 1017
1013 1018
1013 1019
1013 1020
1014 1015
1014 1016
1014 1017
1014 1018
1014 1019
1014 1020
1015 1016
1015 1017
1015 1018
1015 1019
1015 1020
1016 1017
1016 1018
1016 1019
1016 1020
1016 1024
1016 1199
1016 1212
1017 1018
1017 1019
1017 1020
1017 1024
1017 1213
1018 1019
1018 1020
1019 1020
1021 1022
1021 1023
1021 1024
1021 1025
1021 1160
1022 1023
1024 1025
1024 1026
1024 1027
1024 1028
1024 1032
1024 1033
1025 1026
1025 1027
1025 1029
1025 1033
1026 1027
1028 1029
1028 1030
1028 1031
1029 1030
1029 1031
1030 1031
1032 1033
1032 1153
1032 1154
1033 1154
1034 1035
1034 1036
1034 1037
1034 1065
1034 1076
1034 1083
1034 1100
1034 1137
1034 1201
1035 1036
1035 1037
1035 1093
1035 1094
1035 1096
1035 1099
1035 1226
1035 1233
1036 1037
1038 1039
1038 1040
1039 1040
1039 1075
1039 1076
1039 1077
1039 1079
1041 1042
1041 1043
1041 1044
1041 1045
1041 1046
1041 1047
1042 1043
1042 1044
1042 1045
1042 1046
1042 1047
1042 1106
1043 1044
1043 1045
1043 1046
1043 1047
1043 1100
1044 1045
1044 1046
1044 1047
1045 1046
1045 1047
1046 1047
1048 1049
1048 1050
1048 1051
1048 1052
1048 1053
1049 1050
1049 1051
1049 1052
1049 1053
1050 1051
1050 1052
1050 1053
1051 1052
1051 1053
1052 1053
1054 1055
1054 1056
1054 1057
1055 1056
1055 1057
1055 1219
1056 1057
1058 1059
1058 1060
1058 1061
1058 1090
1058 1225
1059 1060
1059 1061
1059 1062
1059 1064
1059 1090
1059 1091
1059 1093
1059 1094
1060 1061
1062 1063
1062 1064
1062 1070
1062 1090
1062 1091
1063 1064
1064 1071
1065 1066
1065 1067
1065 1068
1065 1069
1065 1070
1065 1071
1065 1072
1065 1073
1065 1173
1065 1174
1066 1067
1066 1068
1066 1069
1066 1070
1066 1071
1066 1072
1066 1073
1066 1173
1066 1174
1067 1068
1067 1069
1067 1070
1067 1071
1067 1072
1067 1073
1067 1174
1068 1069
1068 1070
1068 1071
1068 1072
1068 1073
1069 1070
1069 1071
1069 1072
1069 1073
1070 1071
1070 1072
1070 1073
1071 1072
1071 1073
1072 1073
1073 1220
1074 1075
1074 1076
1074 1077
1074 1078
1074 1079
1074 1080
1074 1081
1074 1082
1075 1076
1075 1077
1075 1078
1075 1079
1075 1080
1075 1081
1075 1082
1075 1101
1075 1249
1075 1277
1076 1077
1076 1078
1076 1079
1076 1080
1076 1081
1076 1082
1076 1277
1077 1078
1077 1079
1077 1080
1077 1081
1077 1082
1077 1083
1077 1084
1077 1086
1077 1087
1077 1254
1078 1079
1078 1080
1078 1081
1078 1082
1079 1080
1079 1081
1079 1082
1079 1182
1079 1193
1079 1254
1079 1277
1080 1081
1080 1082
1080 1087
1080 1242
1080 1277
1081 1082
1083 1084
1083 1085
1083 1086
1083 1087
1083 1088
1083 1089
1083 1145
1084 1085
1084 1086
1084 1087
1084 1088
1084 1089
1085 1086
1085 1087
1085 1088
1085 1089
1086 1087
1086 1088
1086 1089
1086 1242
1087 1088
1087 1089
1088 1089
1090 1091
1090 1092
1090 1093
1090 1094
1090 1095
1091 1092
1091 1093
1091 1094
1093 1094
1093 1095
1093 1100
1093 1160
1093 1212
1093 1216
1094 1095
1094 1100
1096 1097
1096 1098
1096 1101
1097 1098
1099 1100
1099 1101
1100 1101
1100 1102
1100 1103
1100 1104
1101 1102
1101 1103
1101 1104
1102 1103
1102 1104
1103 1104
1105 1106
1105 1107
1105 1108
1105 1109
1105 1110
1105 1126
1105 1127
1105 1130
1105 1131
1105 1132
1105 1135
1106 1107
1106 1108
1106 1109
1106 1110
1106 1112
1106 1126
1106 1127
1106 1130
1106 1131
1106 1132
1107 1108
1107 1109
1107 1110
1108 1109
1108 1110
1109 1110
1110 1112
1110 1113
1110 1126
1110 1127
1110 1130
1111 1112
1111 1113
1111 1114
1111 1115
1111 1116
1111 1117
1111 1118
1111 1119
1111 1126
1111 1127
1111 1130
1111 1131
1111 1201
1111 1254
1111 1277
1112 1113
1112 1114
1112 1115
1112 1116
1112 1117
1112 1118
1112 1119
1112 1127
1112 1130
1112 1132
1113 1114
1113 1115
1113 1116
1113 1117
1113 1118
1113 1119
1114 1115
1114 1116
1114 1117
1114 1118
1114 1119
1115 1116
1115 1117
1115 1118
1115 1119
1116 1117
1116 1118
1116 1119
1117 1118
1117 1119
1118 1119
1120 1121
1120 1122
1120 1123
1120 1124
1120 1125
1120 1126
1120 1127
1120 1130
1120 1131
1120 1132
1121 1122
1121 1123
1121 1124
1121 1125
1121 1127
1121 1130
1121 1131
1121 1132
1122 1123
1122 1124
1122 1125
1123 1124
1123 1125
1124 1125
1126 1127
1126 1128
1126 1129
1126 1130
1126 1131
1126 1132
1126 1133
1126 1134
1126 1135
1126 1136
1126 1188
1127 1128
1127 1129
1127 1130
1127 1131
1127 1132
1127 1133
1127 1134
1127 1135
1127 1136
1128 1129
1128 1130
1128 1131
1128 1132
1128 1133
1128 1134
1128 1135
1128 1136
1129 1130
1129 1131
1129 1132
1129 1133
1129 1134
1129 1135
1129 1136
1130 1131
1130 1132
1130 1133
1130 1134
1130 1135
1130 1136
1131 1132
1131 1133
1131 1134
1131 1135
1131 1136
1132 1133
1132 1134
1132 1135
1132 1136
1133 1134
1133 1135
1133 1136
1134 1135
1134 1136
1135 1136
1137 1138
1137 1139
1137 1140
1137 1141
1137 1142
1137 1160
1137 1163
1137 1164
1138 1139
1138 1140
1138 1160
1138 1164
1138 1184
1139 1140
1141 1142
1141 1143
1141 1144
1141 1145
1141 1163
1141 1164
1141 1239
1142 1143
1142 1144
1142 1151
1142 1163
1142 1164
1142 1269
1142 1270
1143 1144
1145 1146
1145 1147
1145 1148
1145 1160
1145 1163
1145 1168
1145 1169
1146 1147
1146 1148
1146 1161
1146 1163
1146 1164
1146 1169
1147 1148
1147 1174
1149 1150
1149 1151
1149 1152
1149 1156
1149 1163
1149 1168
1149 1201
1150 1151
1150 1152
1150 1154
1150 1156
1150 1208
1151 1152
1153 1154
1153 1155
1153 1156
1153 1157
1153 1158
1153 1159
1153 1160
1153 1163
1153 1168
1154 1155
1154 1156
1154 1157
1154 1158
1154 1159
1154 1160
1154 1164
1155 1156
1155 1157
1155 1158
1155 1159
1155 1160
1155 1164
1155 1168
1155 1169
1156 1157
1156 1158
1156 1159
1156 1160
1156 1164
1156 1169
1157 1158
1157 1159
1158 1159
1160 1161
1160 1162
1160 1163
1160 1164
1160 1165
1160 1166
1160 1167
1160 1168
1160 1169
1160 1193
1160 1212
1160 1267
1161 1162
1161 1163
1161 1164
1161 1165
1161 1166
1161 1167
1161 1169
1162 1163
1162 1164
1162 1165
1162 1166
1162 1167
1163 1164
1163 1165
1163 1166
1163 1167
1164 1165
1164 1166
1164 1167
1164 1168
1164 1169
1165 1166
1165 1167
1166 1167
1167 1168
1167 1169
1167 1277
1167 1278
1168 1169
1168 1170
1168 1171
1168 1172
1168 1266
1169 1170
1169 1171
1169 1172
1169 1184
1169 1195
1169 1208
1169 1212
1169 1213
1169 1269
1169 1284
1170 1171
1170 1172
1171 1172
1173 1174
1173 1175
1173 1176
1173 1188
1173 1189
1173 1192
1173 1212
1174 1175
1174 1176
1174 1192
1174 1205
1174 1222
1175 1176
1177 1178
1177 1179
1177 1180
1177 1181
1177 1182
1177 1188
1177 1189
1177 1192
1178 1179
1178 1180
1178 1181
1178 1182
1178 1263
1179 1180
1179 1181
1179 1182
1179 1221
1180 1181
1180 1182
1181 1182
1183 1184
1183 1185
1183 1186
1183 1187
1183 1188
1183 1189
1183 1192
1183 1197
1183 1256
1183 1262
1183 1263
1184 1185
1184 1186
1184 1187
1184 1189
1184 1194
1184 1197
1184 1199
1184 1208
1184 1213
1184 1217
1184 1256
1184 1257
1184 1262
1184 1263
1185 1186
1185 1187
1186 1187
1186 1263
1188 1189
1188 1190
1188 1191
1188 1192
1188 1194
1188 1197
1188 1201
1188 1205
1188 1207
1188 1208
1188 1212
1188 1213
1188 1216
1188 1254
1188 1256
1188 1257
1189 1190
1189 1191
1189 1192
1189 1194
1189 1196
1189 1197
1189 1199
1189 1201
1189 1202
1189 1205
1189 1208
1189 1212
1189 1213
1189 1216
1189 1217
1189 1256
1190 1191
1190 1192
1191 1192
1192 1199
1192 1205
1192 1212
1192 1217
1193 1194
1193 1195
1193 1196
1193 1197
1193 1198
1193 1199
1193 1200
1193 1201
1193 1202
1193 1203
1193 1204
1193 1205
1193 1206
1193 1207
1193 1208
1193 1209
1193 1210
1193 1211
1193 1212
1193 1213
1193 1214
1193 1215
1193 1216
1193 1217
1193 1218
1193 1254
1193 1255
1193 1262
1193 1267
1193 1278
1194 1195
1194 1196
1194 1197
1194 1198
1194 1199
1194 1200
1194 1201
1194 1202
1194 1203
1194 1204
1194 1205
1194 1206
1194 1207
1194 1208
1194 1209
1194 1210
1194 1211
1194 1212
1194 1213
1194 1214
1194 1215
1194 1216
1194 1217
1194 1218
1194 1220
1194 1254
1194 1255
1194 1262
1194 1263
1194 1268
1195 1196
1195 1197
1195 1198
1195 1199
1195 1200
1195 1201
1195 1202
1195 1203
1195 1204
1195 1205
1195 1206
1195 1207
1195 1208
1195 1209
1195 1210
1195 1211
1195 1212
1195 1213
1195 1214
1195 1215
1195 1216
1195 1217
1195 1218
1196 1197
1196 1198
1196 1199
1196 1200
1196 1201
1196 1202
1196 1203
1196 1204
1196 1205
1196 1206
1196 1207
1196 1208
1196 1209
1196 1210
1196 1211
1196 1212
1196 1213
1196 1214
1196 1215
1196 1216
1196 1217
1196 1218
1196 1254
1196 1255
1196 1256
1197 1198
1197 1199
1197 1200
1197 1201
1197 1202
1197 1203
1197 1204
1197 1205
1197 1206
1197 1207
1197 1208
1197 1209
1197 1210
1197 1211
1197 1212
1197 1213
1197 1214
1197 1215
1197 1216
1197 1217
1197 1218
1197 1219
1197 1263
1198 1199
1198 1200
1198 1201
1198 1202
1198 1203
1198 1204
1198 1205
1198 1206
1198 1207
1198 1208
1198 1209
1198 1210
1198 1211
1198 1212
1198 1213
1198 1214
1198 1215
1198 1216
1198 1217
1198 1218
1199 1200
1199 1201
1199 1202
1199 1203
1199 1204
1199 1205
1199 1206
1199 1207
1199 1208
1199 1209
1199 1210
1199 1211
1199 1212
1199 1213
1199 1214
1199 1215
1199 1216
1199 1217
1199 1218
1199 1220
1199 1222
1199 1262
1200 1201
1200 1202
1200 1203
1200 1204
1200 1205
1200 1206
1200 1207
1200 1208
1200 1209
1200 1210
1200 1211
1200 1212
1200 1213
1200 1214
1200 1215
1200 1216
1200 1217
1200 1218
1201 1202
1201 1203
1201 1204
1201 1205
1201 1206
1201 1207
1201 1208
1201 1209
1201 1210
1201 1211
1201 1212
1201 1213
1201 1214
1201 1215
1201 1216
1201 1217
1201 1218
1201 1222
1201 1254
1201 1256
1202 1203
1202 1204
1202 1205
1202 1206
1202 1207
1202 1208
1202 1209
1202 1210
1202 1211
1202 1212
1202 1213
1202 1214
1202 1215
1202 1216
1202 1217
1202 1218
1202 1222
1202 1255
1202 1257
1202 1274
1202 1277
1202 1285
1203 1204
1203 1205
1203 1206
1203 1207
1203 1208
1203 1209
1203 1210
1203 1211
1203 1212
1203 1213
1203 1214
1203 1215
1203 1216
1203 1217
1203 1218
1204 1205
1204 1206
1204 1207
1204 1208
1204 1209
1204 1210
1204 1211
1204 1212
1204 1213
1204 1214
1204 1215
1204 1216
1204 1217
1204 1218
1205 1206
1205 1207
1205 1208
1205 1209
1205 1210
1205 1211
1205 1212
1205 1213
1205 1214
1205 1215
1205 1216
1205 1217
1205 1218
1205 1221
1205 1222
1205 1254
1205 1262
1205 1263
1206 1207
1206 1208
1206 1209
1206 1210
1206 1211
1206 1212
1206 1213
1206 1214
1206 1215
1206 1216
1206 1217
1206 1218
1207 1208
1207 1209
1207 1210
1207 1211
1207 1212
1207 1213
1207 1214
1207 1215
1207 1216
1207 1217
1207 1218
1207 1219
1207 1254
1207 1255
1208 1209
1208 1210
1208 1211
1208 1212
1208 1213
1208 1214
1208 1215
1208 1216
1208 1217
1208 1218
1208 1221
1208 1222
1208 1255
1209 1210
1209 1211
1209 1212
1209 1213
1209 1214
1209 1215
1209 1216
1209 1217
1209 1218
1210 1211
1210 1212
1210 1213
1210 1214
1210 1215
1210 1216
1210 1217
1210 1218
1210 1229
1211 1212
1211 1213
1211 1214
1211 1215
1211 1216
1211 1217
1211 1218
1212 1213
1212 1214
1212 1215
1212 1216
1212 1217
1212 1218
1212 1254
1212 1257
1212 1277
1213 1214
1213 1215
1213 1216
1213 1217
1213 1218
1213 1220
1213 1222
1213 1229
1213 1255
1213 1257
1213 1262
1213 1277
1213 1278
1214 1215
1214 1216
1214 1217
1214 1218
1215 1216
1215 1217
1215 1218
1216 1217
1216 1218
1216 1254
1216 1255
1216 1262
1217 1218
1217 1220
1217 1221
1217 1222
1217 1229
1219 1220
1219 1221
1219 1222
1219 1223
1219 1224
1219 1225
1219 1226
1219 1227
1219 1228
1219 1229
1219 1254
1219 1257
1219 1267
1219 1268
1219 1277
1219 1278
1220 1221
1220 1222
1220 1223
1220 1224
1220 1225
1220 1226
1220 1227
1220 1228
1220 1229
1220 1230
1220 1254
1220 1255
1220 1257
1220 1277
1220 1278
1221 1222
1221 1223
1221 1224
1221 1225
1221 1226
1221 1227
1221 1228
1221 1229
1221 1254
1221 1277
1222 1223
1222 1224
1222 1225
1222 1226
1222 1227
1222 1228
1222 1229
1222 1233
1222 1254
1222 1255
1222 1277
1222 1278
1223 1224
1223 1225
1223 1226
1223 1227
1223 1228
1223 1229
1224 1225
1224 1226
1224 1227
1224 1228
1224 1229
1225 1226
1225 1227
1225 1228
1225 1229
1225 1230
1225 1231
1225 1254
1226 1227
1226 1228
1226 1229
1226 1230
1226 1231
1226 1232
1226 1254
1226 1255
1227 1228
1227 1229
1228 1229
1228 1254
1228 1255
1229 1254
1229 1255
1229 1277
1229 1278
1230 1231
1230 1254
1232 1233
1232 1234
1232 1235
1232 1236
1232 1237
1232 1238
1233 1234
1233 1235
1233 1236
1233 1237
1233 1238
1234 1235
1234 1236
1234 1237
1234 1238
1235 1236
1235 1237
1235 1238
1236 1237
1236 1238
1237 1238
1239 1240
1239 1241
1239 1242
1239 1243
1239 1244
1239 1245
1240 1241
1240 1242
1240 1243
1240 1244
1240 1245
1241 1242
1241 1243
1241 1244
1241 1245
1242 1243
1242 1244
1242 1245
1243 1244
1243 1245
1244 1245
1244 1256
1246 1247
1246 1248
1246 1249
1246 1250
1246 1251
1246 1252
1246 1253
1247 1248
1247 1249
1247 1250
1247 1251
1247 1252
1247 1253
1248 1249
1248 1250
1248 1251
1248 1252
1248 1253
1249 1250
1249 1251
1249 1252
1249 1253
1250 1251
1250 1252
1250 1253
1251 1252
1251 1253
1252 1253
1254 1255
1254 1256
1254 1277
1254 1278
1255 1277
1255 1278
1256 1257
1256 1258
1256 1259
1256 1260
1256 1261
1256 1262
1256 1263
1256 1264
1256 1265
1256 1284
1257 1258
1257 1259
1257 1260
1257 1261
1257 1262
1257 1263
1257 1264
1257 1265
1258 1259
1258 1260
1258 1261
1258 1262
1258 1263
1258 1264
1258 1265
1259 1260
1259 1261
1259 1262
1259 1263
1259 1264
1259 1265
1260 1261
1260 1262
1260 1263
1260 1264
1260 1265
1261 1262
1261 1263
1261 1264
1261 1265
1262 1263
1262 1264
1262 1265
1263 1264
1263 1265
1264 1265
1266 1267
1266 1268
1267 1268
1269 1270
1269 1271
1269 1272
1270 1271
1270 1272
1271 1272
1273 1274
1273 1275
1273 1276
1274 1275
1274 1276
1275 1276
1277 1278
1277 1279
1277 1280
1278 1279
1278 1280
1279 1280
1281 1282
1281 1283
1282 1283
1284 1285
1284 1286
1284 1287
1284 1288
1284 1289
1285 1286
1285 1287
1285 1288
1285 1289
1286 1287
1286 1288
1286 1289
1287 1288
1287 1289
1288 1289
1290 1291
1290 1292
1290 1293
1291 1292
1291 1293
1292 1293
