0 1
0 2
0 3
0 4
0 5
0 6
0 9
0 10
0 22
0 23
0 29
0 32
0 45
0 420
0 486
0 503
0 505
0 518
0 520
0 532
0 534
1 2
1 3
1 4
1 5
1 9
1 22
1 29
1 45
1 420
1 486
1 503
1 505
1 532
1 534
1 599
2 3
2 4
2 6
2 10
2 23
2 30
2 35
2 38
2 420
2 532
2 534
2 535
3 4
5 6
5 7
5 8
5 9
5 10
5 13
5 17
5 22
5 23
5 32
5 45
5 93
5 310
5 311
5 314
5 348
5 356
5 394
5 407
5 416
5 670
6 7
6 8
6 10
6 13
6 14
6 17
6 18
6 22
6 23
6 33
6 35
6 46
6 314
7 8
7 22
7 37
8 13
8 14
8 17
8 18
8 22
8 23
8 25
8 298
8 306
8 353
8 610
9 10
9 11
9 12
9 13
9 17
9 22
9 34
9 37
9 40
9 374
9 403
9 420
9 479
9 532
9 533
9 534
9 586
9 613
9 617
10 11
10 12
10 14
10 18
10 23
10 38
10 372
10 532
10 534
10 535
10 614
11 12
13 14
13 15
13 16
13 22
13 23
13 532
14 15
14 16
14 533
15 16
17 18
17 19
17 20
17 21
17 22
17 23
17 38
17 532
18 19
18 20
18 21
18 23
18 33
18 38
18 533
19 20
19 21
20 21
22 23
22 24
22 25
22 29
22 32
22 37
22 45
22 96
22 98
22 416
22 515
22 532
23 24
23 25
23 27
23 30
23 38
23 46
23 98
23 394
23 408
23 420
23 487
23 533
24 25
26 27
26 28
26 32
26 33
26 34
26 35
26 575
27 28
27 33
27 35
29 30
29 31
29 293
30 31
30 33
32 33
32 34
32 35
32 36
32 40
32 46
32 81
32 104
32 362
32 380
32 420
32 439
32 462
32 532
32 664
33 34
33 35
33 36
33 43
33 46
33 235
33 362
33 380
33 381
33 411
33 412
33 413
33 414
33 603
34 35
34 36
34 37
34 45
34 96
34 235
34 362
34 365
34 369
34 385
34 403
34 576
34 609
34 664
35 36
35 38
35 43
35 362
35 369
35 380
35 606
35 610
35 664
35 665
37 38
37 39
37 40
37 41
37 42
37 72
37 101
37 113
37 344
37 593
37 613
38 39
38 40
38 41
38 113
38 114
38 343
38 407
38 466
38 613
38 614
39 40
39 41
40 41
40 518
40 520
41 519
41 521
42 43
42 44
43 44
43 610
45 46
45 47
45 48
45 49
45 50
45 65
45 69
45 70
45 72
45 85
45 92
45 101
45 104
45 113
45 114
45 124
45 149
45 190
45 194
45 224
45 256
45 260
45 321
45 325
45 326
45 329
45 330
45 332
45 407
45 411
45 495
45 518
45 613
46 47
46 48
46 70
46 73
46 93
46 114
46 234
46 321
46 322
46 326
46 329
46 330
46 412
47 48
49 50
49 51
49 52
49 69
49 329
49 330
49 342
49 343
49 546
50 51
50 52
50 70
50 330
50 343
51 52
53 54
53 404
55 56
55 57
55 58
55 59
55 60
55 65
56 57
56 58
56 59
56 60
56 66
56 491
56 492
57 58
57 59
57 60
58 59
58 60
59 60
60 440
61 62
61 63
61 64
61 65
61 85
61 104
62 63
62 64
62 66
62 82
62 86
63 64
65 66
65 67
65 68
65 76
65 81
65 82
65 85
65 149
65 164
65 172
66 67
66 68
66 81
66 82
66 85
66 86
66 89
66 149
66 150
66 164
66 168
66 173
67 68
69 70
69 71
69 72
69 73
69 102
69 325
69 329
69 400
69 407
69 416
69 486
69 596
69 649
69 678
69 681
70 71
70 72
70 86
70 93
70 105
70 302
70 306
70 326
70 330
70 386
70 401
70 408
70 486
70 594
70 618
70 675
70 676
70 681
72 73
72 74
72 75
72 101
72 102
72 104
72 117
72 260
72 301
72 329
72 508
72 513
72 538
72 576
72 675
72 678
73 74
73 75
73 101
73 111
73 293
73 306
73 311
73 330
73 456
73 491
73 499
73 507
73 576
73 596
73 678
74 75
75 293
75 314
75 332
75 333
76 77
76 78
76 79
76 80
76 81
76 85
76 89
76 104
76 113
76 149
76 150
76 160
76 161
76 163
76 172
76 173
76 229
76 486
76 596
77 78
77 79
77 80
77 81
77 82
77 86
77 89
77 93
77 114
77 150
77 161
77 163
77 173
77 229
78 79
78 80
79 80
81 82
81 83
81 84
81 85
81 86
81 89
81 92
81 130
81 144
81 149
81 153
81 160
81 164
81 172
81 190
81 224
82 83
82 84
82 85
82 86
82 89
82 91
82 93
82 114
82 131
82 141
82 145
82 149
82 164
82 172
82 173
82 276
82 524
82 566
83 84
83 85
83 348
84 349
85 86
85 87
85 88
85 89
85 90
85 91
85 92
85 102
85 104
85 113
85 149
85 160
85 172
85 173
85 202
85 210
85 224
85 238
86 87
86 88
86 89
86 90
86 91
86 93
86 102
86 114
86 149
86 160
86 172
86 225
86 238
87 88
87 89
87 90
87 91
88 89
88 90
88 91
89 90
89 91
89 121
89 130
89 144
89 160
89 161
89 168
89 172
89 173
89 204
89 428
89 535
90 91
92 93
92 94
92 95
92 96
92 98
92 101
92 104
92 109
92 113
92 356
92 458
92 471
92 518
93 94
93 95
93 96
93 99
93 102
93 111
93 114
93 306
93 458
93 459
93 519
94 95
96 97
96 101
96 109
96 144
97 102
97 110
97 145
97 255
97 257
98 99
98 100
98 101
98 102
98 104
98 109
99 100
99 102
99 105
99 110
99 111
101 102
101 103
101 104
101 109
101 305
101 336
101 371
101 374
101 420
101 425
101 439
101 441
101 575
102 103
102 105
102 110
102 111
102 113
102 381
102 640
102 653
102 675
102 678
104 105
104 106
104 107
104 108
104 121
104 284
104 342
104 448
104 547
104 596
105 106
105 107
105 108
105 342
105 551
106 107
106 108
107 108
108 289
108 292
108 551
108 552
108 554
108 570
109 110
109 111
109 112
109 194
109 195
109 196
109 198
109 290
109 374
109 534
109 538
109 584
110 111
110 112
110 195
110 196
110 198
110 534
110 535
110 539
111 112
111 194
111 195
111 196
111 198
111 199
111 358
111 540
111 550
113 114
113 115
113 116
113 117
113 130
113 153
113 155
113 194
113 374
113 518
114 115
114 116
114 117
114 118
114 195
114 374
115 116
117 118
117 119
117 120
118 119
118 120
118 140
119 120
121 122
121 123
121 182
121 463
122 123
122 183
122 283
124 125
124 126
124 127
124 130
124 131
124 144
124 178
124 179
124 202
124 247
124 565
124 566
125 126
125 130
125 131
125 144
125 145
125 178
125 195
125 203
125 216
125 247
126 130
126 131
126 144
126 145
126 195
126 203
126 216
126 247
127 128
127 129
127 130
127 150
127 155
127 156
127 161
127 172
127 173
127 194
127 195
127 215
127 216
127 224
127 284
127 390
127 486
127 584
128 129
128 131
128 156
128 195
128 205
128 390
128 391
128 585
130 131
130 132
130 133
130 134
130 135
130 136
130 137
130 138
130 139
130 141
130 149
130 190
130 191
130 565
130 566
131 132
131 133
131 134
131 135
131 136
131 137
131 138
131 139
131 141
131 190
131 191
132 133
132 134
132 135
132 136
132 137
132 138
132 139
133 134
133 135
133 136
133 137
133 138
133 139
134 135
134 136
134 137
134 138
134 139
135 136
135 137
135 138
135 139
136 137
136 138
136 139
137 138
137 139
138 139
140 156
140 160
140 161
140 194
140 195
140 199
141 142
141 143
141 144
141 145
141 191
141 195
141 246
142 143
144 145
144 146
144 147
144 149
144 160
144 161
144 163
144 164
144 207
144 246
145 146
145 147
145 150
145 156
145 160
145 161
145 163
145 164
145 165
145 195
145 208
146 147
148 173
149 150
149 151
149 152
149 160
149 161
149 172
149 173
149 182
149 194
149 195
149 246
150 151
150 152
150 156
150 161
150 163
150 172
150 173
150 183
150 195
150 208
150 246
151 152
153 154
153 155
153 156
153 157
153 158
153 159
154 155
154 156
154 157
154 158
154 159
155 156
155 157
155 158
155 159
155 160
155 194
156 157
156 158
156 159
156 161
156 163
156 194
157 158
157 159
158 159
160 161
160 162
160 163
160 172
160 173
160 190
160 441
161 162
161 163
161 172
161 173
161 441
161 442
161 585
162 163
163 172
164 165
164 166
165 166
167 168
167 169
167 170
167 171
167 172
168 169
168 170
168 171
168 173
169 170
169 171
170 171
172 173
172 174
172 175
172 215
172 584
173 174
173 175
173 208
173 216
174 175
176 177
176 183
176 191
178 179
178 180
178 181
179 180
179 181
179 431
180 181
182 183
182 184
182 185
182 186
182 202
182 207
182 215
182 216
182 246
182 555
183 184
183 185
183 186
183 187
183 194
183 203
183 208
183 215
183 216
183 555
183 556
184 185
186 187
186 188
186 189
186 191
186 202
187 188
187 189
187 191
188 189
190 191
190 192
190 193
190 194
190 195
190 246
191 192
191 193
191 194
191 195
191 431
192 193
194 195
194 196
194 197
194 198
194 224
194 246
194 584
195 196
195 197
195 198
195 199
195 225
195 290
195 441
195 442
195 585
196 197
196 198
196 199
196 442
196 530
196 585
198 199
198 200
198 201
198 224
198 225
198 256
198 289
198 292
198 329
198 441
198 458
198 462
198 532
198 533
199 200
199 201
199 225
199 255
199 257
199 290
199 326
199 330
199 533
200 201
200 256
201 315
202 203
202 204
202 205
202 206
202 207
202 238
202 246
202 471
202 575
203 204
203 205
203 206
203 207
203 208
203 211
203 216
203 246
203 247
203 576
204 205
204 206
205 206
207 208
207 209
207 210
207 211
207 215
207 231
207 232
207 246
207 247
208 209
208 210
208 211
208 216
208 231
208 232
208 247
208 576
210 211
210 212
210 213
210 224
210 225
210 246
211 212
211 213
211 224
211 225
211 247
212 213
214 439
214 440
215 216
215 217
215 218
215 219
215 220
215 225
215 231
215 233
215 246
216 217
216 218
216 219
216 220
216 225
216 231
216 233
216 234
216 246
216 247
217 218
219 220
219 221
219 222
219 577
220 221
220 222
220 225
220 282
220 576
221 222
223 228
223 439
223 440
224 225
224 226
224 227
224 228
224 229
224 246
224 247
224 284
224 425
224 575
225 226
225 227
225 229
225 247
226 227
228 229
228 230
228 235
228 246
228 254
228 260
228 275
228 281
228 571
228 573
229 230
229 235
229 236
229 239
229 255
229 261
229 271
229 426
229 573
231 232
231 233
231 234
232 233
232 234
233 234
233 403
233 430
235 236
235 237
235 246
235 545
235 577
236 237
236 247
236 576
238 239
238 240
238 241
238 246
239 240
239 241
239 246
239 247
239 576
240 241
242 243
242 244
242 245
242 246
243 244
243 245
243 247
244 245
246 247
246 248
246 249
246 250
246 260
246 275
246 284
246 318
246 325
246 329
246 425
247 248
247 249
247 250
247 255
247 260
247 261
247 271
247 276
248 249
248 250
249 250
251 252
251 253
251 570
251 571
251 573
251 575
252 253
252 293
252 571
252 573
254 255
254 256
254 257
254 258
254 259
254 260
254 266
254 275
254 281
254 283
254 289
254 292
254 305
254 325
254 356
254 360
254 403
254 404
254 441
254 483
254 486
254 499
255 256
255 257
255 258
255 259
255 261
255 276
255 282
255 290
255 293
255 298
255 302
255 306
255 311
255 314
255 326
255 345
255 360
255 403
255 404
256 257
256 258
256 259
256 260
256 267
256 275
256 276
256 287
256 289
256 292
256 301
256 305
256 310
256 314
256 325
256 344
256 403
256 465
257 258
257 259
257 261
257 275
257 276
257 283
257 284
257 287
257 288
257 290
257 293
257 298
257 302
257 315
257 325
257 326
257 330
257 345
257 360
257 403
258 259
260 261
260 262
260 263
260 264
260 265
260 266
260 267
260 271
260 275
260 276
260 281
260 283
260 284
260 287
260 288
260 289
260 292
260 305
260 342
260 430
260 435
260 439
261 262
261 263
261 264
261 265
261 266
261 268
261 271
261 276
261 281
261 282
261 283
261 284
261 288
261 290
261 292
261 293
261 305
261 306
261 330
261 431
261 439
262 263
262 264
262 265
263 264
263 265
264 265
265 281
265 282
265 283
266 267
266 268
266 269
266 270
266 271
266 274
266 275
266 276
266 279
266 280
266 281
266 282
266 283
266 289
266 292
266 518
266 538
267 268
267 269
267 270
267 275
267 279
267 289
267 325
267 441
267 468
267 469
267 471
268 269
268 271
268 276
270 271
270 272
270 281
270 466
270 471
271 272
271 274
271 280
271 281
271 282
271 283
271 284
271 431
271 440
271 442
271 467
271 472
273 274
274 283
274 440
274 442
274 565
275 276
275 277
275 278
275 279
275 280
275 281
275 283
275 284
275 287
275 289
275 292
275 314
275 441
276 277
276 278
276 279
276 280
276 281
276 282
276 284
276 288
276 290
276 293
276 306
276 330
276 441
276 442
277 278
277 279
277 280
278 279
278 280
279 280
279 442
281 282
281 283
281 284
281 285
281 287
281 289
281 290
281 292
281 321
281 325
281 342
281 385
281 425
281 441
281 634
282 283
282 284
282 285
282 288
282 289
282 293
282 298
282 301
282 306
283 284
283 285
283 288
283 290
283 293
283 302
283 325
283 333
283 342
284 285
284 287
284 288
284 290
284 292
284 301
284 302
284 342
284 443
284 603
286 287
286 288
287 288
287 289
287 356
288 290
288 293
288 431
289 290
289 291
289 292
289 293
289 294
289 295
289 296
289 297
289 301
289 305
289 321
289 342
289 348
289 352
289 441
289 613
290 291
290 292
290 293
290 294
290 295
290 296
290 298
290 301
290 302
290 305
290 306
290 311
290 326
290 632
291 292
291 293
291 294
291 295
291 296
292 293
292 294
292 295
292 296
292 297
292 301
292 305
292 596
292 599
292 600
292 613
293 294
293 295
293 296
293 298
293 302
293 306
293 311
293 322
293 326
293 505
293 511
294 295
294 296
295 296
297 298
297 299
297 300
297 301
297 310
297 499
297 500
297 518
297 519
297 520
297 521
298 299
298 300
298 302
298 311
298 486
299 300
301 302
301 303
301 304
301 305
301 310
301 311
301 325
301 342
301 344
301 374
301 375
301 384
301 385
301 420
301 479
301 483
301 486
301 488
301 505
301 508
301 596
302 303
302 304
302 305
302 306
302 310
302 311
302 315
302 326
302 345
302 375
302 506
302 516
303 304
305 306
305 307
305 308
305 309
305 310
305 311
305 314
305 325
305 333
305 344
305 345
305 348
305 374
305 384
305 385
305 403
305 407
305 411
305 414
305 435
305 441
305 458
305 462
305 486
305 488
305 491
305 520
305 528
306 307
306 308
306 309
306 311
306 345
306 375
306 412
306 413
306 486
306 492
306 519
306 521
306 529
307 308
307 309
308 309
310 311
310 312
310 313
310 385
310 486
310 499
310 508
310 515
310 621
311 312
311 313
311 421
311 456
311 476
311 483
311 486
311 489
311 492
311 496
311 499
311 500
311 519
311 521
311 584
312 313
314 315
314 316
314 317
314 318
314 326
314 342
314 343
314 348
314 381
314 390
314 629
315 316
315 317
315 318
315 326
315 329
315 349
315 386
315 391
315 489
315 528
316 317
317 386
318 319
318 320
318 329
319 320
319 326
319 330
321 322
321 323
321 324
321 325
321 326
321 329
321 330
321 332
321 342
321 343
321 344
321 348
322 323
322 324
322 326
322 330
322 333
322 343
322 345
322 349
322 375
323 324
325 326
325 327
325 328
325 329
325 330
325 342
325 441
325 475
325 596
325 608
326 327
326 328
326 329
326 330
326 343
326 345
326 349
326 368
326 476
327 328
329 330
329 331
329 332
329 336
329 342
329 344
329 348
329 593
330 331
330 342
330 343
330 345
330 349
330 594
332 333
332 334
332 335
332 338
332 343
332 344
332 348
332 352
332 356
332 365
332 385
332 407
332 425
332 448
332 458
332 515
332 532
332 533
332 558
332 559
332 575
332 584
332 599
332 602
333 334
333 335
333 339
333 343
333 349
333 353
333 357
333 366
333 375
333 408
333 426
333 459
333 516
333 559
333 576
333 584
334 335
336 337
336 338
336 339
336 340
336 341
336 356
336 374
336 384
336 420
336 430
336 462
336 596
337 338
337 339
337 340
337 341
337 357
337 431
338 339
338 340
338 341
338 558
338 559
339 340
339 341
339 431
339 559
340 341
342 343
342 344
342 345
342 346
342 347
342 348
342 362
342 425
342 551
342 639
343 344
343 345
343 346
343 347
343 349
343 408
343 436
343 551
344 345
344 346
344 347
344 348
344 352
344 551
344 596
344 639
345 346
345 347
345 349
345 353
345 492
345 551
345 597
345 639
346 347
348 349
348 350
348 351
348 356
348 374
348 414
348 555
348 575
348 625
349 350
349 351
349 357
349 369
349 556
349 576
349 625
349 626
350 351
352 353
352 354
352 355
352 403
352 414
353 354
353 355
354 355
355 600
356 357
356 358
356 359
356 365
356 369
356 385
356 407
356 414
356 551
356 575
356 576
356 597
357 358
357 359
357 366
357 369
357 386
357 408
357 551
357 552
357 576
357 577
358 359
358 597
360 361
360 362
360 363
360 364
360 403
360 404
360 439
360 551
360 570
360 571
360 573
360 599
361 362
361 363
361 364
361 404
361 552
361 554
361 571
361 573
361 600
362 363
362 364
363 364
364 488
365 366
365 367
365 368
365 385
365 520
365 609
366 367
366 368
367 368
367 609
367 610
368 369
369 370
369 372
369 375
369 379
369 462
369 471
371 372
371 373
371 609
371 610
372 373
374 375
374 376
374 377
374 385
374 403
374 407
374 411
374 441
374 458
374 462
374 515
374 600
374 609
375 376
375 377
375 379
375 386
375 404
375 408
375 584
375 585
376 377
378 379
378 491
378 520
379 386
380 381
380 382
380 383
380 499
380 500
381 382
381 383
381 499
381 546
382 383
384 385
384 386
384 387
384 388
384 389
384 407
384 439
384 458
384 466
384 508
384 634
385 386
385 387
385 388
385 389
385 390
385 394
385 396
385 403
385 407
385 411
385 414
385 420
385 430
385 439
385 441
385 458
385 462
385 491
385 518
385 519
385 520
385 521
385 575
386 387
386 388
386 389
386 412
386 413
386 421
386 546
387 388
387 389
388 389
390 391
390 392
390 393
390 394
390 395
391 392
391 393
391 394
391 395
391 546
392 393
392 394
392 395
392 546
392 554
392 573
393 394
393 395
394 395
394 491
394 492
396 397
396 398
396 399
396 400
396 401
396 402
397 398
397 399
397 400
397 401
397 402
397 404
397 413
398 399
398 400
398 401
398 402
399 400
399 401
399 402
400 401
400 402
400 609
401 402
403 404
403 405
403 406
403 407
403 411
403 414
403 508
403 515
403 518
403 519
403 520
403 528
403 529
403 530
404 405
404 406
404 412
404 413
404 516
404 519
404 520
404 521
404 529
404 530
405 406
407 408
407 409
407 410
407 411
407 414
407 420
407 430
407 458
407 486
407 505
407 511
407 515
407 518
407 584
407 675
407 681
408 409
408 410
408 412
408 413
408 459
408 486
408 487
408 492
408 506
408 512
408 516
408 587
408 675
408 676
408 681
408 682
409 410
409 488
411 412
411 413
411 414
411 415
411 441
411 505
411 518
411 530
412 413
412 414
412 415
412 431
412 506
412 512
412 516
412 519
412 528
412 529
413 414
413 415
413 506
413 516
413 519
413 530
414 415
414 491
414 515
416 417
416 418
416 419
416 420
416 421
416 499
417 418
417 419
417 420
417 421
417 492
417 499
417 500
418 419
418 420
418 421
419 420
419 421
420 421
420 483
420 484
420 486
420 487
420 496
420 499
420 500
420 532
420 533
420 674
421 489
421 533
422 423
422 424
422 435
422 439
422 440
422 466
422 471
422 472
423 424
423 431
423 463
423 467
423 472
425 426
425 427
425 428
425 429
425 435
425 441
425 458
425 596
426 427
426 428
426 429
426 431
426 442
426 459
427 428
427 429
428 429
430 431
430 432
430 433
430 434
430 435
430 439
430 441
430 455
430 458
430 462
430 466
430 471
430 562
430 593
431 432
431 433
431 434
431 440
431 441
431 442
431 459
431 472
432 433
432 434
433 434
435 436
435 437
435 438
435 439
435 440
435 441
435 458
435 462
435 471
435 567
436 437
436 438
436 439
436 440
436 442
436 459
437 438
437 439
437 440
438 439
438 440
439 440
439 441
439 442
439 458
439 462
439 466
439 471
440 442
440 459
440 463
440 467
440 472
440 671
441 442
441 443
441 444
441 445
441 446
441 447
441 455
441 458
441 462
441 466
441 471
441 518
441 519
441 520
441 534
441 675
442 443
442 444
442 445
442 446
442 447
442 459
442 463
442 467
442 472
443 444
443 445
443 446
443 447
444 445
444 446
444 447
445 446
445 447
446 447
448 449
448 450
448 451
448 452
449 450
449 451
449 452
450 451
450 452
451 452
453 454
453 458
453 459
453 499
453 500
455 456
455 457
456 457
458 459
458 460
458 461
458 462
458 463
458 466
458 471
458 515
458 518
458 519
458 520
458 521
459 460
459 461
459 463
459 467
459 472
459 519
459 596
460 461
462 463
462 464
462 465
462 466
462 467
462 471
462 472
462 528
462 529
462 575
463 464
463 465
463 467
463 472
464 465
464 530
466 467
466 468
466 469
466 470
466 471
466 472
466 473
466 474
467 468
467 469
467 470
467 471
467 472
467 473
467 474
467 529
468 469
468 470
468 471
468 472
468 473
468 474
469 470
469 471
469 472
469 473
469 474
470 471
470 472
470 473
470 474
471 472
471 473
471 474
471 528
471 529
472 473
472 474
472 529
473 474
475 476
475 477
475 478
476 477
476 478
476 492
477 478
479 480
479 481
480 481
482 533
483 484
483 485
483 486
483 491
484 485
484 487
484 488
484 489
484 492
486 487
486 488
486 489
486 490
486 491
486 505
486 602
486 603
486 681
486 685
487 488
487 489
487 490
487 492
487 503
487 551
487 600
487 681
488 489
488 490
488 491
488 492
488 499
488 681
488 684
488 685
489 490
489 492
489 500
489 504
489 681
489 682
491 492
491 493
491 494
491 499
492 493
492 494
492 496
492 499
493 494
495 496
495 497
495 498
496 497
496 498
497 498
499 500
499 501
499 502
499 503
499 520
499 558
500 501
500 502
500 503
500 521
500 559
501 502
503 504
503 528
504 529
505 506
505 507
505 508
505 509
505 510
505 528
505 530
505 532
505 533
506 507
506 508
506 509
506 510
506 529
506 533
507 508
507 509
507 510
508 509
508 510
509 510
511 512
511 513
511 514
512 513
512 514
513 514
515 516
515 517
515 518
515 519
515 520
516 517
516 519
516 521
518 519
518 520
518 521
518 522
518 528
518 530
518 621
518 688
519 520
519 521
519 522
519 529
519 622
519 688
520 521
520 522
520 609
520 621
520 688
521 522
521 688
523 524
523 525
523 526
523 527
524 525
524 526
524 527
525 526
525 527
526 527
527 529
527 530
528 529
528 530
528 531
528 532
528 533
529 529
529 530
529 531
530 531
530 532
530 554
532 533
532 534
533 534
533 535
533 545
534 535
534 536
534 537
534 558
535 536
535 537
535 559
536 537
538 539
538 540
538 541
538 542
539 540
539 541
539 542
540 541
540 542
541 542
543 544
543 565
545 546
545 547
545 551
545 556
545 566
545 597
545 603
546 547
546 551
547 548
547 549
547 550
547 551
547 552
547 554
547 596
548 549
548 550
548 552
549 550
550 597
551 552
551 553
551 554
551 570
551 575
551 596
551 599
552 553
552 554
552 571
552 576
552 600
553 554
554 571
554 576
554 597
554 600
555 556
555 557
555 565
555 566
556 557
556 576
556 577
556 597
556 610
558 559
558 560
558 561
558 565
558 566
558 573
559 559
559 560
559 561
559 571
560 561
562 563
562 564
562 565
563 564
563 566
565 566
565 567
565 568
565 569
565 576
565 585
565 594
565 600
565 606
566 567
566 568
566 569
566 576
566 577
566 606
566 656
567 568
567 569
568 569
570 571
570 572
570 573
570 574
570 575
570 577
570 584
570 599
570 609
571 572
571 573
571 574
571 575
571 576
571 610
572 573
572 574
573 574
573 575
573 576
575 576
575 577
575 578
575 579
575 602
576 577
576 578
576 579
576 581
576 597
576 603
576 606
577 578
577 579
577 581
577 597
577 603
577 606
578 579
580 581
580 582
580 583
581 582
581 583
582 583
584 585
584 586
584 587
584 588
584 589
584 590
584 591
584 592
584 599
584 602
585 586
585 587
585 588
585 589
585 590
585 591
585 592
585 600
585 603
586 587
586 588
586 589
586 590
586 591
586 592
587 588
587 589
587 590
587 591
587 592
588 589
588 590
588 591
588 592
589 590
589 591
589 592
590 591
590 592
591 592
593 594
593 595
593 602
594 595
594 599
594 600
594 603
596 597
596 598
596 617
597 598
599 600
599 601
599 602
599 603
599 609
600 601
600 603
602 603
602 604
602 605
602 606
602 645
602 675
603 604
603 606
603 645
603 675
603 676
605 606
605 607
605 608
606 607
606 608
607 608
609 610
609 611
609 612
609 613
610 611
610 612
610 614
611 612
613 614
613 615
613 616
614 615
614 616
615 616
617 618
617 619
617 620
618 619
618 620
619 620
621 622
621 623
621 624
622 623
622 624
623 624
625 626
625 627
626 627
628 629
628 630
628 631
629 630
629 631
630 631
632 633
634 635
634 636
634 637
634 638
635 636
635 637
635 638
636 637
636 638
637 638
639 640
639 641
639 642
639 643
639 644
640 641
640 642
640 643
640 644
641 642
641 643
641 644
642 643
642 644
643 644
645 646
645 647
645 648
646 647
646 648
647 648
649 650
649 651
649 652
650 651
650 652
651 652
653 654
653 655
654 655
656 657
656 658
656 659
656 660
656 661
656 662
656 663
657 658
657 659
657 660
657 661
657 662
657 663
658 659
658 660
658 661
658 662
658 663
659 660
659 661
659 662
659 663
660 661
660 662
660 663
661 662
661 663
662 663
664 665
664 666
664 667
664 668
664 669
665 666
665 667
665 668
665 669
666 667
666 668
666 669
667 668
667 669
668 669
670 671
670 672
670 673
670 674
671 672
671 673
671 674
672 673
672 674
673 674
675 676
675 677
676 677
678 679
678 680
679 680
681 682
681 683
681 684
682 683
682 684
683 684
685 686
685 687
686 687
