0 1
0 2
0 3
0 4
0 5
0 266
0 483
0 484
0 521
0 525
0 544
0 546
0 559
0 566
0 569
0 610
0 633
0 634
0 668
0 677
0 683
0 684
1 2
1 3
1 4
1 5
1 431
1 484
1 545
1 560
1 669
1 678
2 3
2 4
2 5
3 4
3 5
4 5
6 7
6 8
6 9
6 10
6 41
6 520
6 642
6 643
6 677
7 8
7 9
7 10
8 9
8 10
9 10
11 12
11 13
11 14
11 15
11 16
11 19
11 33
11 89
11 377
11 378
12 13
12 14
12 20
12 34
13 14
15 16
15 17
15 18
15 19
15 20
15 25
15 33
15 83
15 89
15 256
15 257
15 258
15 575
15 576
16 17
16 18
16 19
16 20
16 25
16 26
16 34
16 256
16 257
16 533
16 575
16 576
16 587
16 614
16 656
17 18
19 20
19 21
19 22
19 23
19 24
19 31
19 33
19 84
20 21
20 22
20 23
20 24
20 31
20 34
20 591
21 22
21 23
21 24
22 23
22 24
23 24
25 26
25 27
25 28
25 29
25 30
25 31
25 32
25 83
25 84
25 245
25 246
25 615
25 633
25 634
25 637
25 638
26 27
26 28
26 29
26 30
26 31
26 32
26 245
27 28
27 29
27 30
27 31
27 32
28 29
28 30
28 31
28 32
29 30
29 31
29 32
30 31
30 32
31 32
33 34
33 35
33 36
33 41
33 45
33 409
33 414
33 415
33 418
33 525
34 35
34 36
34 42
34 119
34 409
34 441
34 449
34 670
34 677
35 36
37 38
37 39
37 40
37 45
37 46
37 544
37 546
37 566
37 569
38 39
38 40
38 545
38 547
38 560
38 567
38 574
39 40
41 42
41 43
41 44
41 45
41 53
41 57
41 65
41 69
41 70
41 73
41 74
41 75
41 76
41 83
41 361
41 516
41 517
42 43
42 44
42 46
42 65
42 66
42 69
42 70
42 74
42 75
42 76
42 84
42 90
42 95
43 44
45 46
45 47
45 48
45 49
45 53
45 54
45 56
45 69
45 73
45 94
45 118
45 425
45 426
45 469
45 544
45 546
45 553
45 555
45 559
45 561
45 566
45 569
45 668
46 47
46 48
46 49
46 57
46 395
46 545
46 547
46 551
46 555
46 556
46 560
46 562
46 567
46 573
46 574
47 48
47 49
48 49
49 468
50 51
50 52
50 53
51 52
51 559
51 561
52 516
52 517
53 54
53 55
53 56
53 57
53 62
53 136
53 137
53 221
53 361
53 401
53 425
53 426
53 477
53 491
53 520
53 536
53 544
53 546
53 547
53 555
53 556
53 559
53 561
53 566
53 569
53 575
53 576
54 55
54 56
54 57
54 61
54 102
54 137
54 405
54 406
54 407
54 426
54 521
54 537
54 554
54 560
54 562
54 567
54 678
56 57
56 58
56 59
56 73
56 102
56 131
56 311
56 442
57 58
57 59
57 66
57 70
57 102
57 424
57 567
58 59
60 61
60 62
60 63
60 64
60 216
60 231
60 402
60 404
61 62
61 63
61 64
61 217
61 218
61 311
61 367
61 401
62 63
62 64
63 64
65 66
65 67
65 68
65 69
65 70
65 74
65 75
65 414
66 67
66 68
66 70
66 76
66 84
66 90
67 68
69 70
69 71
69 72
69 73
69 74
69 75
69 76
69 83
69 89
69 94
69 126
70 71
70 72
70 73
70 76
70 84
70 90
70 95
70 99
70 105
70 127
71 72
73 74
73 75
73 76
73 77
73 78
73 79
73 83
73 87
73 89
73 90
73 94
73 339
73 385
74 75
74 76
74 77
74 79
74 84
74 87
75 76
75 77
75 78
75 83
75 87
75 369
75 418
76 77
76 79
76 87
78 79
78 80
78 81
78 82
78 83
78 95
78 266
78 452
78 532
78 533
79 80
79 81
79 82
79 84
79 127
79 533
80 81
80 82
81 82
83 84
83 85
83 86
83 87
83 94
83 98
83 104
83 276
83 633
83 637
84 85
84 86
84 90
84 127
84 276
84 633
85 86
87 88
87 89
87 90
87 94
87 95
87 126
87 127
89 90
89 91
89 92
89 93
89 94
89 95
89 130
89 131
89 687
90 91
90 92
90 93
90 94
90 95
90 127
91 92
91 93
92 93
94 95
94 96
94 97
94 98
94 130
94 131
94 136
94 245
94 367
94 436
95 96
95 97
95 99
95 367
96 97
98 99
98 100
98 101
98 102
98 103
98 169
98 221
98 284
98 346
98 347
98 357
98 425
98 579
98 637
99 100
99 101
99 102
99 103
99 123
99 178
99 579
99 580
99 581
99 584
100 101
100 102
100 103
101 102
101 103
102 103
102 123
102 126
102 544
102 545
102 546
102 547
103 637
104 105
104 106
104 107
104 108
104 109
105 106
105 107
105 108
105 109
105 453
106 107
106 108
106 109
107 108
107 109
108 109
110 111
110 112
110 113
110 114
110 115
110 119
110 123
110 140
110 205
110 362
110 386
110 419
111 112
111 113
112 113
114 115
114 116
114 117
114 118
114 119
114 122
114 140
114 141
114 145
114 157
114 357
114 358
114 587
114 606
115 116
115 117
115 119
115 123
115 141
115 150
115 158
115 170
115 174
115 185
115 358
115 362
115 587
116 117
118 119
118 120
118 121
118 122
118 123
118 126
118 141
118 169
118 174
118 178
118 179
118 339
118 340
118 350
118 366
118 532
118 533
118 581
118 587
118 668
119 120
119 121
119 123
119 125
119 141
119 168
119 170
119 174
119 178
119 179
119 340
119 351
119 354
119 580
119 584
119 587
120 121
121 168
121 188
122 123
122 124
122 125
122 126
122 127
122 130
122 131
122 136
122 137
122 168
122 339
122 350
122 372
123 124
123 125
123 126
123 127
123 130
123 131
123 136
123 137
123 168
123 339
123 340
124 125
125 127
125 137
125 149
125 150
125 179
125 189
125 201
125 202
125 339
126 127
126 128
126 129
126 130
126 131
126 136
126 137
126 277
126 321
126 337
127 128
127 129
127 131
127 136
127 137
127 164
127 277
127 315
127 316
127 386
127 395
128 129
130 131
130 132
130 133
130 134
130 135
130 136
130 149
130 153
130 276
130 294
130 516
130 532
131 132
131 133
131 134
131 135
131 136
131 137
131 149
131 213
131 311
131 373
132 133
132 134
132 135
133 134
133 135
134 135
136 137
136 138
136 139
136 145
136 153
136 157
136 405
136 499
136 500
136 541
137 138
137 139
137 157
137 158
137 162
137 168
137 405
137 500
137 541
138 139
140 141
140 142
140 168
141 142
141 157
141 158
141 166
141 168
141 170
141 174
141 178
141 179
143 144
143 145
143 146
143 147
143 148
144 145
144 146
144 147
144 148
144 166
145 146
145 147
145 148
145 166
145 409
145 516
146 147
146 148
147 148
148 311
149 150
149 151
149 152
149 687
149 688
150 151
150 152
150 166
151 152
153 154
153 155
153 156
154 155
154 156
154 166
154 168
154 169
154 170
154 174
155 156
156 610
157 158
157 159
157 160
157 161
157 162
157 169
157 174
157 357
157 499
157 500
157 541
158 159
158 160
158 161
158 162
158 170
158 174
158 205
158 358
158 500
158 541
159 160
159 161
159 162
160 161
160 162
161 162
163 164
163 165
164 165
166 167
166 367
166 368
168 169
168 170
168 171
168 172
168 173
168 174
168 175
168 176
168 178
168 185
168 544
168 545
168 551
169 170
169 171
169 172
169 173
169 174
169 175
169 176
169 315
169 346
169 347
169 377
169 550
170 171
170 172
170 173
170 174
170 175
170 176
170 178
170 179
170 185
170 346
170 546
170 547
171 172
171 173
171 174
171 175
171 176
172 173
172 174
172 175
172 176
173 174
173 175
173 176
173 668
174 175
174 176
174 178
174 179
174 185
174 187
174 188
174 189
174 549
175 176
177 178
177 179
177 180
177 368
178 179
178 180
178 182
178 185
178 192
178 579
178 580
178 581
178 584
178 587
179 180
179 182
179 185
179 192
179 587
181 182
181 183
181 187
182 183
182 188
182 189
182 331
182 332
184 185
184 186
185 186
185 187
185 188
185 189
186 581
187 188
187 189
187 190
187 193
187 324
187 405
187 579
187 651
188 189
188 190
188 194
188 319
188 324
188 366
188 580
188 656
189 190
189 194
189 319
189 324
189 330
189 651
191 192
191 193
191 194
191 195
191 196
191 197
191 198
191 199
191 200
191 201
191 202
191 203
191 347
192 193
192 194
192 195
192 196
192 197
192 198
192 199
192 200
192 201
192 202
192 203
192 311
192 351
193 194
193 195
193 196
193 197
193 198
193 199
193 200
193 201
193 202
193 203
194 195
194 196
194 197
194 198
194 199
194 200
194 201
194 202
194 203
195 196
195 197
195 198
195 199
195 200
195 201
195 202
195 203
196 197
196 198
196 199
196 200
196 201
196 202
196 203
197 198
197 199
197 200
197 201
197 202
197 203
198 199
198 200
198 201
198 202
198 203
198 288
199 200
199 201
199 202
199 203
200 201
200 202
200 203
201 202
201 203
202 203
204 205
204 206
204 207
204 208
204 216
204 217
204 218
204 315
204 316
204 331
204 425
204 426
205 206
205 207
205 208
205 315
205 331
205 332
206 207
206 208
206 218
206 258
207 208
208 316
208 404
209 210
209 211
209 218
210 211
210 409
210 414
210 584
212 213
212 214
212 215
212 216
212 217
212 218
212 331
212 332
212 394
212 401
212 409
213 214
213 215
213 217
213 218
213 315
213 316
213 331
213 332
213 401
213 409
214 215
216 217
216 218
216 219
216 222
216 256
216 294
216 307
216 335
216 381
216 512
217 218
217 219
217 223
217 246
217 257
217 381
217 382
218 219
218 330
218 381
220 221
220 222
220 240
220 245
220 289
220 315
220 407
221 245
221 246
221 254
221 257
221 289
221 298
221 391
221 392
221 452
221 477
221 702
222 223
222 224
222 225
222 226
222 230
222 249
222 575
222 576
223 224
223 225
223 227
223 231
223 575
224 225
226 227
226 228
226 229
226 230
226 231
226 245
226 249
226 288
226 488
226 489
226 651
226 683
226 684
227 228
227 229
227 230
227 231
227 246
227 250
227 254
227 488
228 229
230 231
230 232
230 233
230 245
230 249
230 256
230 284
230 307
230 324
230 448
230 452
230 525
230 683
230 684
231 232
231 233
231 241
231 246
231 249
231 250
231 281
231 289
231 489
231 683
232 233
234 235
234 236
234 237
234 238
234 239
234 581
235 236
235 237
235 238
235 239
236 237
236 238
236 239
236 246
237 238
237 239
238 239
240 241
240 242
240 243
240 244
240 245
241 242
241 243
241 244
241 245
241 246
241 250
241 289
242 243
242 244
243 244
245 246
245 247
245 248
245 373
245 532
245 633
245 634
245 637
246 247
246 248
246 250
246 257
246 289
246 633
246 634
246 637
247 248
249 250
249 251
249 252
249 377
249 659
250 251
250 252
250 257
250 295
251 252
253 254
253 255
253 289
254 255
256 257
256 258
256 259
256 260
256 261
256 289
256 294
256 307
256 308
256 575
256 576
257 258
257 259
257 260
257 262
257 289
257 295
257 307
257 308
257 467
257 468
257 509
257 576
258 259
258 260
258 262
258 308
258 330
258 526
258 576
259 260
261 262
261 263
261 264
261 265
261 266
261 294
261 481
262 263
262 264
262 265
262 267
262 295
262 481
263 264
263 265
264 265
266 267
266 268
266 269
266 270
266 292
266 294
266 307
266 323
266 483
266 484
266 508
266 520
266 610
267 268
267 269
267 270
267 272
267 292
267 295
267 365
267 484
268 269
268 270
269 270
271 272
271 273
271 274
271 275
271 284
272 273
272 274
272 275
273 274
273 275
274 275
276 277
276 278
276 279
277 278
277 279
277 441
278 279
280 281
280 282
280 283
280 284
280 288
281 282
281 283
282 283
284 285
284 286
284 287
285 286
285 287
286 287
288 289
288 290
288 292
288 488
289 290
289 292
289 570
291 292
291 293
292 293
294 295
294 296
294 297
294 299
294 303
294 307
294 456
294 460
294 462
294 469
294 477
295 296
295 297
295 303
295 308
295 391
295 461
295 462
295 463
295 512
295 698
296 297
298 299
298 300
298 301
298 302
298 303
298 304
298 305
298 306
299 300
299 301
299 302
299 303
299 304
299 305
299 306
300 301
300 302
300 303
300 304
300 305
300 306
301 302
301 303
301 304
301 305
301 306
302 303
302 304
302 305
302 306
303 304
303 305
303 306
303 461
303 579
304 305
304 306
304 463
304 580
305 306
307 308
307 309
307 310
307 448
307 449
307 452
307 453
307 456
307 460
307 620
308 309
308 310
308 443
308 448
308 449
308 452
308 461
308 463
308 621
309 310
310 463
311 312
311 313
311 314
311 327
311 382
311 517
312 313
312 314
313 314
315 316
315 317
315 318
315 319
315 325
315 327
315 377
315 392
315 394
315 395
315 399
315 406
315 561
316 317
316 318
316 319
316 327
316 332
316 392
316 394
316 395
317 318
317 319
318 319
320 321
320 394
320 395
320 440
320 441
322 323
322 324
322 325
322 326
322 460
322 461
322 525
323 324
323 325
323 326
323 395
324 325
324 326
324 469
324 525
324 532
324 533
324 546
324 569
325 326
325 532
325 533
325 537
325 553
325 555
325 584
327 328
327 329
327 330
327 332
328 329
328 330
329 330
331 332
331 333
331 334
331 391
331 449
332 333
332 334
332 336
333 334
335 336
335 337
335 338
335 377
335 378
335 405
335 407
336 337
336 338
336 405
337 338
337 440
339 340
339 341
339 342
339 343
339 344
339 345
339 346
339 347
339 544
339 545
339 546
339 551
340 341
340 342
340 343
340 344
340 345
340 545
340 547
340 551
341 342
341 343
341 344
341 345
342 343
342 344
342 345
342 520
343 344
343 345
344 345
346 347
346 348
346 349
346 407
347 348
347 349
347 361
347 544
348 349
350 351
350 352
350 353
350 357
350 361
350 401
350 430
351 352
351 354
351 357
351 362
353 354
353 355
353 356
353 357
354 355
354 356
354 357
354 358
355 356
357 358
357 359
357 360
357 361
357 362
357 367
357 368
357 391
357 405
357 406
357 407
357 409
357 415
357 430
358 359
358 360
358 361
358 367
358 405
358 406
358 407
359 360
361 362
361 363
361 364
361 365
361 579
362 363
362 364
362 365
363 364
363 365
364 365
365 516
366 462
367 368
367 369
367 370
367 371
367 378
367 386
367 409
367 414
367 415
367 573
367 574
368 369
368 370
368 371
368 373
368 386
368 406
368 410
368 415
369 370
369 371
369 409
370 371
372 373
372 374
372 375
372 376
372 405
372 407
373 374
373 375
373 376
373 377
373 378
373 405
373 406
373 407
373 410
373 415
374 375
374 376
375 376
377 378
377 379
377 380
377 399
377 406
377 414
377 415
377 436
377 649
378 379
378 380
378 402
378 406
378 436
378 649
379 380
381 382
381 383
381 384
381 441
382 383
382 384
383 384
385 386
385 387
385 388
385 394
385 401
385 402
385 405
385 409
385 448
386 387
386 388
386 394
386 395
386 401
386 402
386 404
386 405
386 406
386 407
386 409
386 415
387 388
389 390
389 394
389 395
389 402
389 610
389 611
389 616
391 392
391 393
392 393
394 395
394 396
394 397
394 398
394 402
394 536
395 396
395 397
395 398
395 401
395 402
395 404
395 406
395 431
396 397
398 399
400 401
400 402
400 404
401 402
401 403
401 404
401 406
401 426
401 452
402 403
402 404
402 426
403 404
404 415
404 595
405 406
405 407
405 408
405 409
406 407
406 408
406 410
406 415
407 408
407 620
408 621
409 410
409 411
409 412
409 413
409 414
409 415
409 416
409 417
409 418
409 419
410 411
410 412
410 413
410 414
410 415
410 416
410 417
410 418
410 419
410 532
411 412
411 413
411 414
411 415
411 416
411 417
411 418
412 413
412 414
412 415
412 416
412 417
412 418
413 414
413 415
413 416
413 417
413 418
414 415
414 416
414 417
414 418
414 419
414 436
415 416
415 417
415 418
415 419
415 517
416 417
416 418
417 418
419 420
419 421
419 422
420 421
420 422
421 422
423 424
423 440
423 584
424 452
424 453
425 426
425 427
425 428
425 429
425 430
426 427
426 428
426 429
427 428
427 429
428 429
430 431
430 432
430 433
430 434
430 436
430 481
430 491
430 544
430 592
430 611
431 432
431 433
431 434
431 437
431 441
431 481
431 541
431 592
431 611
432 433
434 435
434 437
434 554
434 627
436 437
436 438
436 439
436 620
437 438
437 439
437 441
438 439
440 441
440 447
440 521
440 536
440 550
440 597
441 447
441 536
441 537
441 545
441 597
441 642
442 443
442 444
442 445
442 446
442 447
442 448
442 452
442 460
442 525
443 444
443 445
443 446
443 447
443 449
443 453
443 461
444 445
444 446
444 447
445 446
445 447
446 447
447 461
448 449
448 450
448 451
448 452
448 453
448 454
448 455
448 456
448 460
448 461
448 462
448 463
448 520
448 525
449 450
449 451
449 452
449 453
449 454
449 455
449 460
449 461
449 463
449 503
449 551
449 621
450 451
450 452
450 453
450 454
450 455
451 452
451 453
451 454
451 455
452 453
452 454
452 455
452 456
452 460
452 461
452 462
452 520
452 525
452 532
452 533
452 536
452 537
452 544
452 546
452 553
452 554
452 555
452 559
452 561
452 566
452 569
452 573
452 574
452 575
452 579
452 620
452 642
452 698
453 454
453 455
453 456
453 460
453 521
453 526
453 533
453 537
453 551
453 554
453 556
453 560
454 455
456 457
456 458
456 459
456 462
456 516
457 458
457 459
457 463
457 517
458 459
460 461
460 462
460 463
460 464
460 465
460 466
460 520
460 525
461 462
461 463
461 464
461 465
461 466
461 470
461 513
461 521
461 621
462 463
462 464
462 465
462 466
463 464
463 465
463 466
464 465
464 466
465 466
467 468
467 469
467 470
467 471
467 472
467 512
467 513
467 516
468 469
468 470
468 471
468 472
468 474
468 509
468 512
468 513
468 517
469 470
469 471
469 472
469 474
469 508
469 512
469 632
470 471
470 472
470 474
470 502
470 504
470 509
470 512
470 513
471 472
473 474
473 475
473 476
474 475
474 476
474 517
475 476
477 478
477 479
477 480
477 483
478 479
478 480
478 481
478 484
479 480
481 482
481 483
481 484
481 491
481 495
481 592
483 484
483 485
483 486
483 487
483 488
483 499
484 485
484 486
484 487
484 489
485 486
485 487
486 487
488 489
488 490
489 490
489 491
489 495
491 492
491 493
491 494
491 495
491 496
492 493
492 494
492 495
493 494
493 495
494 495
495 496
496 497
496 498
497 498
499 500
499 501
500 501
502 503
502 504
502 505
502 506
502 507
503 504
503 505
503 506
503 507
504 505
504 506
504 507
505 506
505 507
506 507
508 509
508 510
508 511
509 510
509 511
510 511
512 513
512 514
512 515
513 514
513 515
514 515
516 517
516 518
516 519
516 545
516 655
517 518
517 519
517 656
518 519
520 521
520 522
520 523
520 524
520 525
520 569
520 597
520 615
520 642
520 643
520 683
521 522
521 523
521 524
521 526
521 570
521 627
521 643
521 683
522 523
522 524
523 524
525 526
525 527
525 528
525 529
525 530
525 531
525 532
525 533
526 527
526 528
526 529
526 530
526 531
526 533
527 528
527 529
527 530
527 531
528 529
528 530
528 531
529 530
529 531
530 531
532 533
532 534
532 535
532 536
532 544
532 545
532 553
532 559
532 566
532 567
532 569
533 534
533 535
533 537
533 545
533 547
533 551
533 554
533 556
533 559
533 562
533 566
533 678
534 535
536 537
536 538
536 539
536 540
536 544
536 553
536 555
536 559
536 561
536 569
536 597
536 620
536 621
537 538
537 539
537 540
537 545
537 547
537 551
537 554
537 556
537 562
537 567
537 597
537 598
538 539
538 540
539 540
541 542
541 543
541 544
541 545
542 543
544 545
544 546
544 547
544 548
544 549
544 550
544 551
544 552
544 553
544 566
544 569
545 546
545 547
545 548
545 549
545 550
545 551
545 552
545 553
545 554
545 556
545 567
545 573
546 547
546 548
546 549
546 550
546 551
546 552
546 555
546 566
546 569
546 579
547 548
547 549
547 550
547 551
547 552
547 554
547 556
547 567
547 568
547 574
547 578
548 549
548 550
548 551
548 552
549 550
549 551
549 552
550 551
550 552
550 584
550 668
551 552
551 553
551 556
551 568
551 570
551 578
553 554
553 555
553 556
553 557
553 558
553 559
553 560
553 561
553 562
553 566
553 567
553 569
553 575
554 555
554 556
554 557
554 558
554 559
554 560
554 562
554 566
554 567
554 569
554 570
555 556
555 557
555 558
555 559
555 566
555 569
556 557
556 558
556 559
556 562
556 566
556 569
556 570
557 558
559 560
559 561
559 562
559 563
559 564
559 565
559 566
559 567
559 569
559 573
559 574
560 561
560 562
560 563
560 564
560 565
560 566
560 567
560 569
560 570
560 573
560 574
561 562
561 563
561 564
561 565
561 566
561 569
562 563
562 564
562 565
562 566
562 567
562 568
562 569
562 570
563 564
563 565
564 565
566 567
566 568
566 569
566 575
566 576
567 568
567 569
567 570
567 573
567 574
569 570
569 571
569 572
569 573
569 575
569 576
570 571
570 572
571 572
573 574
573 575
573 592
574 580
574 591
574 592
575 576
575 577
575 578
575 580
575 592
576 577
576 578
576 579
576 591
576 610
577 578
579 580
579 581
579 582
579 583
579 584
579 585
579 586
579 587
579 588
579 615
579 633
579 634
579 659
579 687
579 698
580 581
580 582
580 583
580 584
580 585
580 586
580 587
580 588
580 634
580 660
580 688
581 582
581 583
581 584
581 585
581 586
581 587
581 588
581 659
581 665
581 687
582 583
582 584
582 585
582 586
582 587
583 584
583 585
583 586
583 587
584 585
584 586
584 587
584 588
584 660
585 586
585 587
586 587
586 610
588 589
588 590
589 590
591 592
591 593
591 594
591 595
591 596
592 593
592 594
592 595
592 596
593 594
593 595
593 596
594 595
594 596
595 596
597 598
597 599
597 600
597 601
597 602
597 603
597 604
597 605
597 642
597 643
598 599
598 600
598 601
598 602
598 603
598 604
598 605
599 600
599 601
599 602
599 603
599 604
599 605
600 601
600 602
600 603
600 604
600 605
601 602
601 603
601 604
601 605
602 603
602 604
602 605
603 604
603 605
604 605
606 607
606 608
606 609
607 608
607 609
608 609
610 611
610 612
610 613
610 614
610 631
610 633
610 642
610 651
610 665
610 683
611 612
611 613
611 614
611 616
611 634
611 638
611 643
611 669
611 688
612 613
612 614
613 614
614 616
614 638
614 643
615 616
615 617
615 618
615 619
615 620
615 633
615 637
615 638
615 642
615 643
615 687
616 617
616 618
616 619
616 634
616 638
616 643
617 618
617 619
618 619
620 621
620 622
620 623
620 633
620 637
620 642
621 622
621 623
621 634
621 638
621 643
622 623
624 625
624 626
624 634
625 626
627 628
629 630
629 631
629 632
629 642
630 631
630 632
630 634
631 632
633 634
633 635
633 636
633 637
633 638
633 642
633 677
633 683
633 687
634 635
634 636
634 637
634 638
634 643
634 683
634 684
634 688
635 636
637 638
637 639
637 640
637 641
637 642
637 668
637 687
638 639
638 640
638 641
638 643
639 640
639 641
640 641
642 643
642 644
642 659
642 683
642 687
642 695
643 644
643 684
643 688
645 646
645 647
645 648
645 683
646 647
646 648
646 684
647 648
649 650
651 652
651 653
651 654
651 655
651 656
651 657
651 658
652 653
652 654
652 655
652 656
652 657
652 658
653 654
653 655
653 656
653 657
653 658
654 655
654 656
654 657
654 658
655 656
655 657
655 658
656 657
656 658
657 658
659 660
659 661
659 662
659 668
659 677
660 661
660 662
660 678
661 662
663 664
663 665
663 666
663 667
664 665
664 666
664 667
664 678
665 666
665 667
666 667
668 669
668 670
668 677
668 678
668 687
669 670
669 677
669 678
669 688
670 677
671 672
671 673
671 674
671 675
671 676
671 677
672 673
672 674
672 675
672 676
673 674
673 675
673 676
674 675
674 676
675 676
676 678
677 678
677 679
677 687
678 679
678 680
678 688
680 681
680 682
681 682
683 684
683 685
683 686
683 687
683 691
684 685
684 686
684 688
684 691
685 686
687 688
689 690
689 691
689 692
689 693
689 694
690 691
690 692
690 693
690 694
691 692
691 693
691 694
692 693
692 694
693 694
695 696
695 697
696 697
698 699
698 700
698 701
699 700
699 701
700 701
