0 1
0 2
0 3
0 4
0 7
0 10
0 65
0 129
0 130
0 131
0 254
0 255
0 257
0 258
0 317
0 540
0 545
1 2
1 3
1 5
1 7
1 10
1 14
1 41
1 254
1 255
1 318
1 541
1 549
2 3
4 5
4 6
4 10
4 65
4 254
4 255
4 257
4 258
4 544
4 548
5 6
5 10
5 66
5 541
5 545
5 549
7 8
7 9
7 10
8 9
10 11
10 12
10 14
11 12
13 14
13 15
13 16
13 17
13 18
13 19
13 183
13 185
13 540
14 15
14 16
14 17
14 18
14 19
14 248
14 249
14 545
15 16
15 17
15 18
15 19
16 17
16 18
16 19
17 18
17 19
17 548
18 19
18 541
18 548
18 549
20 21
20 22
20 23
20 26
20 27
20 28
20 29
20 31
20 32
20 35
20 36
20 40
20 41
20 97
20 404
22 23
22 24
22 25
22 26
22 27
22 28
22 35
22 160
23 24
23 25
23 27
23 29
23 32
23 36
24 25
26 27
26 28
26 29
26 31
26 35
26 40
26 95
26 113
26 404
27 28
27 29
27 31
27 32
27 36
27 41
27 404
27 405
28 29
28 30
28 31
28 32
28 33
28 34
28 35
28 36
28 37
28 38
28 39
28 40
28 41
28 45
28 46
28 49
28 60
28 90
28 91
28 92
28 95
28 113
28 248
28 315
28 465
28 466
28 505
29 30
29 31
29 32
29 33
29 34
29 35
29 36
29 37
29 38
29 39
29 41
29 46
29 50
29 90
29 91
29 315
29 316
29 465
29 505
30 31
30 32
30 33
30 34
30 35
30 36
30 37
30 38
30 39
31 32
31 33
31 34
31 35
31 36
31 37
31 38
31 39
31 40
31 45
31 46
31 65
31 315
32 33
32 34
32 35
32 36
32 37
32 38
32 39
32 41
32 87
32 315
32 466
33 34
33 35
33 36
33 37
33 38
33 39
34 35
34 36
34 37
34 38
34 39
35 36
35 37
35 38
35 39
35 40
35 41
35 46
35 52
35 60
35 86
35 92
35 315
35 458
35 548
36 37
36 38
36 39
36 41
36 46
36 315
37 38
37 39
38 39
40 41
40 42
40 43
40 44
40 45
40 57
40 90
40 95
40 106
40 522
41 42
41 43
41 44
41 46
41 53
41 95
41 97
41 522
42 43
42 44
43 44
45 46
45 47
45 52
45 160
45 298
45 540
45 541
45 544
45 545
45 548
46 47
46 53
46 161
46 545
48 52
48 53
48 441
48 442
49 50
49 51
49 52
49 53
50 51
50 53
52 53
52 54
52 55
52 56
52 72
52 92
52 95
52 97
52 237
52 257
52 302
52 335
52 456
52 458
52 540
52 544
52 548
53 54
53 55
53 56
53 87
53 97
53 336
54 55
56 57
56 58
56 59
56 66
56 95
56 97
57 58
57 59
57 248
57 249
57 257
57 540
57 544
58 59
60 61
60 62
60 63
60 64
60 65
60 66
60 504
60 540
60 548
61 62
61 63
61 64
61 66
61 77
61 78
61 504
62 63
62 64
63 64
65 66
65 67
65 68
65 82
65 86
65 347
66 67
66 69
66 73
66 77
66 87
68 69
68 70
68 71
68 72
68 73
68 74
68 75
68 76
69 70
69 71
69 72
69 73
69 74
69 75
69 76
70 71
70 72
70 73
70 74
70 75
70 76
71 72
71 73
71 74
71 75
71 76
72 73
72 74
72 75
72 76
72 82
73 74
73 75
73 76
73 77
73 78
73 82
73 83
73 107
73 457
73 462
73 466
73 467
73 506
74 75
74 76
75 76
77 78
77 79
77 80
77 81
77 83
77 114
77 308
77 309
78 79
78 80
78 81
78 83
78 201
78 237
78 238
78 241
78 308
78 309
78 441
78 442
79 80
79 81
79 82
79 201
80 81
81 95
82 83
82 84
82 85
82 102
82 474
82 478
82 499
83 84
83 85
83 103
83 107
83 495
83 499
83 500
84 85
86 87
86 88
86 89
86 373
86 374
86 377
86 378
86 427
87 88
87 89
87 427
88 89
90 91
90 92
90 93
90 94
90 95
90 125
90 126
90 197
90 309
90 328
90 331
90 332
90 335
90 336
90 384
90 489
91 92
91 93
91 94
91 125
91 126
91 178
91 291
91 292
91 311
91 312
91 331
91 332
91 335
91 336
91 489
91 490
92 93
92 94
92 106
92 107
92 125
92 126
92 178
92 291
92 308
92 309
92 312
92 332
92 489
93 94
93 97
95 96
95 97
95 98
95 99
95 256
95 540
96 97
96 98
97 98
97 100
99 100
99 101
99 345
99 513
100 101
102 103
102 104
102 105
102 106
102 107
102 417
103 104
103 105
103 107
103 192
103 535
104 105
104 467
106 107
106 108
106 109
106 110
106 113
106 117
106 323
106 417
106 418
107 108
107 109
107 111
107 114
107 117
107 118
107 160
107 161
108 109
109 462
110 111
110 112
110 121
110 136
110 160
110 163
110 205
110 243
110 248
110 311
110 331
110 335
110 368
110 384
110 389
110 416
110 417
110 418
110 522
111 112
113 114
113 115
113 116
114 115
114 116
115 116
117 118
117 119
117 120
118 119
118 120
118 466
119 120
121 122
121 123
121 124
121 125
121 126
121 127
121 128
121 129
121 130
121 131
121 140
121 141
121 156
121 307
121 311
121 534
121 544
121 548
122 123
122 124
122 125
122 126
122 127
122 128
122 131
122 141
122 307
122 312
122 413
122 537
123 124
123 125
123 126
123 127
124 125
124 126
124 127
125 126
125 127
125 280
126 127
126 279
128 129
128 130
128 131
128 132
128 133
128 134
128 135
128 291
128 292
128 308
128 309
128 382
128 489
128 491
128 548
129 130
129 131
129 132
129 133
129 134
129 135
129 291
129 292
129 303
129 309
129 489
130 131
130 132
130 133
130 134
130 135
130 140
130 144
130 302
130 309
130 489
130 491
131 132
131 133
131 134
131 135
131 303
131 309
131 489
132 133
132 134
132 135
133 134
133 135
134 135
136 137
136 138
136 139
137 138
137 139
138 139
140 141
140 142
140 143
140 144
140 145
140 149
140 156
140 548
141 142
141 143
141 144
141 145
141 149
141 157
141 295
141 303
142 143
144 145
144 146
144 147
144 148
144 149
144 150
144 156
144 163
144 302
145 146
145 147
145 148
145 150
145 157
145 164
145 291
145 302
145 303
146 147
146 148
147 148
149 150
151 152
151 153
151 154
151 155
151 156
151 157
151 170
152 153
152 154
152 155
152 157
152 171
153 154
153 155
154 155
156 157
156 158
156 159
156 160
156 174
156 194
156 294
156 302
156 317
156 536
156 548
157 158
157 159
157 161
157 164
157 175
157 292
157 295
157 302
157 303
157 317
157 318
158 159
160 161
160 162
160 163
160 164
160 170
160 206
160 248
160 292
160 535
161 162
161 164
161 171
161 173
161 206
161 248
161 249
161 292
161 535
162 536
163 164
163 165
163 170
163 183
163 185
164 165
164 171
164 173
164 183
166 167
166 168
166 169
166 170
166 183
166 185
166 404
166 416
167 168
167 169
167 171
167 173
167 299
168 169
170 171
170 172
170 173
170 234
170 271
170 397
171 172
171 173
171 234
171 272
171 397
172 173
173 174
173 230
173 234
173 252
173 274
173 343
173 397
174 175
174 176
174 177
174 178
174 179
175 176
175 177
176 177
178 179
178 180
178 181
178 182
178 254
178 257
178 271
178 311
178 323
178 373
179 180
179 181
179 182
179 254
179 255
179 257
179 271
179 323
179 324
179 373
180 181
180 182
181 182
183 184
183 185
183 186
183 254
183 255
183 257
183 258
184 185
184 186
185 186
185 248
185 249
185 252
185 254
185 257
187 188
187 189
187 190
187 191
187 243
187 248
187 254
187 257
187 397
188 189
188 190
188 247
188 254
188 255
188 257
188 258
188 309
188 313
188 314
188 397
189 190
191 192
191 193
191 212
191 247
191 248
191 261
191 306
191 309
192 193
192 195
192 247
192 299
192 306
192 309
194 195
194 196
194 205
194 271
194 276
194 277
194 279
194 280
194 548
195 196
195 198
195 205
195 206
195 247
195 272
195 277
197 198
197 199
197 200
198 199
198 200
198 201
199 200
201 202
201 203
201 204
201 213
201 241
201 396
202 203
204 205
204 206
204 207
204 208
204 209
205 206
205 207
205 208
205 209
205 276
205 277
205 279
205 280
205 389
205 390
206 207
206 208
206 209
206 277
206 280
207 208
207 209
208 209
210 211
210 212
210 213
210 214
210 215
210 216
210 217
210 218
210 219
210 220
210 221
211 212
211 213
211 214
211 215
211 216
211 217
211 218
211 219
211 220
211 221
212 213
212 214
212 215
212 216
212 217
212 218
212 219
212 220
212 221
213 214
213 215
213 216
213 217
213 218
213 219
213 220
213 221
214 215
214 216
214 217
214 218
214 219
214 220
214 221
215 216
215 217
215 218
215 219
215 220
215 221
216 217
216 218
216 219
216 220
216 221
216 544
217 218
217 219
217 220
217 221
218 219
218 220
218 221
219 220
219 221
220 221
222 223
222 224
222 241
223 224
225 226
225 227
225 228
225 229
225 238
225 254
226 227
226 228
226 229
226 238
226 255
226 258
228 229
228 236
228 354
228 500
229 236
229 313
229 314
229 354
230 231
230 232
230 233
230 234
231 232
231 233
231 234
232 233
232 234
233 234
235 236
235 237
235 238
236 238
237 238
237 239
237 240
237 242
237 532
237 533
238 239
238 240
238 241
239 240
241 242
241 247
241 257
241 258
243 244
243 245
243 246
243 247
243 276
243 277
243 279
243 280
243 384
243 389
243 390
244 245
244 246
244 247
244 277
244 280
245 246
245 247
246 247
247 248
247 249
248 249
248 250
248 251
248 252
248 253
248 255
249 250
249 251
249 252
249 253
249 255
250 251
250 252
250 253
251 252
251 253
252 253
254 255
254 256
254 257
254 258
254 344
254 345
254 548
255 256
255 257
255 258
257 258
257 276
257 377
257 404
257 544
257 548
258 314
259 260
259 261
259 262
259 263
259 264
259 265
259 266
259 267
259 268
260 261
260 262
260 263
260 264
260 265
260 266
260 267
260 268
260 549
261 262
261 263
261 264
261 265
261 266
261 267
261 268
262 263
262 264
262 265
262 266
262 267
262 268
263 264
263 265
263 266
263 267
263 268
264 265
264 266
264 267
264 268
265 266
265 267
265 268
265 458
266 267
266 268
267 268
269 270
269 549
270 549
271 272
271 273
271 274
271 275
271 421
271 422
272 273
272 274
272 275
273 274
273 275
274 275
274 279
275 444
275 445
276 277
276 278
276 279
276 280
276 281
276 282
276 317
276 354
276 384
276 412
276 548
277 278
277 279
277 280
277 281
277 282
277 354
277 412
277 413
278 279
278 280
278 281
278 282
279 280
279 281
279 282
279 354
279 413
280 281
280 282
280 354
280 375
280 412
280 413
281 282
283 284
283 285
284 285
285 526
285 527
286 287
286 288
286 289
286 290
287 288
287 289
287 290
287 292
287 298
287 299
288 289
288 290
289 290
291 292
291 293
291 294
291 295
291 303
291 306
291 356
291 384
291 548
292 293
292 294
292 295
292 306
292 307
292 356
292 384
294 295
294 296
294 297
294 384
294 456
294 458
295 296
295 297
295 298
295 299
295 302
295 303
295 306
296 297
298 299
298 300
298 301
298 302
298 303
298 309
298 434
298 490
298 497
298 540
299 300
299 301
299 302
299 306
299 307
299 309
299 434
299 490
300 301
302 303
302 304
302 305
302 434
303 304
303 305
303 434
304 305
306 307
306 308
306 309
306 312
306 344
306 345
306 385
306 448
307 308
307 309
307 313
307 314
307 385
307 448
307 484
308 309
308 310
308 311
308 448
309 310
309 311
309 312
311 312
311 350
311 353
311 384
311 416
311 451
311 517
311 518
312 353
313 314
313 404
313 483
313 484
314 372
314 483
314 484
315 316
315 317
315 318
315 319
315 320
315 321
315 322
315 336
315 350
315 363
315 444
316 317
316 318
316 319
316 320
316 321
316 322
316 335
316 336
316 351
316 445
317 318
317 319
317 320
317 321
317 322
317 335
317 384
317 458
318 319
318 320
318 321
318 322
318 336
318 348
319 320
319 321
319 322
320 321
320 322
321 322
323 324
323 325
323 326
324 325
324 326
325 326
327 328
327 329
327 330
327 465
327 466
327 467
328 329
328 330
328 335
328 336
328 348
328 466
329 330
331 332
331 333
331 334
331 335
331 474
331 505
332 333
332 334
332 335
332 336
333 334
335 336
335 337
335 338
335 350
335 351
335 428
335 458
336 337
336 338
336 350
337 338
339 340
339 341
339 342
339 343
339 344
339 347
339 350
339 363
339 505
340 341
340 342
340 343
340 344
340 345
340 348
340 351
340 360
341 342
341 343
342 343
344 345
344 346
344 347
344 348
344 359
344 360
344 375
345 346
345 347
345 360
345 363
345 375
347 348
347 349
347 350
347 359
347 363
347 384
347 404
348 349
348 351
348 359
348 360
348 363
348 364
348 475
348 495
350 351
350 352
350 356
350 359
350 363
350 412
350 413
350 447
350 532
351 352
351 357
351 360
351 364
351 418
351 447
353 354
353 355
353 451
353 452
353 517
353 518
354 355
354 448
354 451
354 452
354 457
354 462
354 466
354 467
355 457
355 462
355 467
356 357
356 358
356 384
357 358
357 448
359 360
359 361
359 362
359 363
359 364
359 373
360 361
360 362
360 363
360 364
361 362
363 364
363 365
363 366
363 382
363 451
364 365
364 366
364 383
364 448
364 451
365 366
367 368
367 369
367 370
367 371
367 372
367 536
368 369
368 370
368 371
368 372
368 405
369 370
369 371
369 372
370 371
370 372
371 372
373 374
373 375
373 376
373 377
373 378
373 379
373 380
373 381
373 384
373 389
373 399
373 404
373 405
373 412
373 421
374 375
374 376
374 377
374 378
374 379
374 380
374 381
374 405
374 409
374 412
374 413
374 422
374 475
375 376
375 377
375 378
375 379
375 380
375 381
376 377
376 378
376 379
376 380
376 381
377 378
377 379
377 380
377 381
377 389
377 399
377 404
378 379
378 380
378 381
378 397
378 402
378 405
378 475
379 380
379 381
380 381
382 383
382 416
383 441
384 385
384 386
384 387
384 388
384 389
385 386
385 387
385 388
385 390
385 448
386 387
386 388
387 388
389 390
389 391
389 392
389 404
389 417
389 421
389 423
390 391
390 392
390 405
390 418
390 422
391 392
391 462
393 394
393 395
393 396
394 395
394 396
395 396
396 417
396 418
396 421
396 422
397 398
397 418
397 421
399 400
399 401
399 402
399 403
399 404
399 405
399 412
400 401
400 402
400 403
400 405
400 412
401 402
401 403
401 417
402 403
402 405
402 413
404 405
404 406
404 407
404 408
404 412
404 416
404 417
404 421
405 406
405 407
405 408
405 413
405 422
405 427
405 428
405 475
406 407
406 408
407 408
409 410
409 411
410 411
412 413
412 414
412 415
412 421
412 497
413 414
413 415
413 422
413 427
413 497
414 415
416 417
416 418
416 419
416 420
416 421
417 418
417 419
417 420
417 421
417 423
417 474
418 419
418 420
418 422
419 420
421 422
421 423
421 424
421 425
421 426
421 444
422 423
422 424
422 425
422 426
422 445
423 424
423 425
423 426
423 536
424 425
424 426
425 426
427 428
427 430
428 444
428 445
429 430
429 431
429 432
429 433
430 431
430 432
430 433
430 442
431 432
431 433
432 433
434 435
434 436
434 437
434 438
434 439
434 440
434 444
435 436
435 437
435 438
435 439
435 440
436 437
436 438
436 439
436 440
437 438
437 439
437 440
438 439
438 440
439 440
441 442
441 443
441 451
441 474
441 483
442 443
442 474
442 475
442 483
442 484
444 445
444 446
444 447
444 474
444 478
444 526
445 446
445 447
445 452
445 475
445 479
448 449
448 450
448 451
448 452
448 457
448 462
448 466
448 470
448 526
449 450
449 506
451 452
451 453
451 454
451 455
451 456
451 457
451 465
451 474
451 478
451 499
451 500
451 501
452 453
452 454
452 455
452 456
452 457
452 465
452 475
452 479
452 482
452 488
452 499
452 501
453 454
453 455
454 455
456 457
456 458
456 459
456 460
456 461
456 462
456 463
456 464
456 465
456 466
456 467
456 471
456 474
456 478
457 458
457 459
457 460
457 461
457 462
457 463
457 464
457 465
457 466
457 471
457 475
457 479
457 505
457 506
457 507
458 459
458 460
458 461
458 462
458 463
458 464
458 465
458 471
458 488
458 491
459 460
459 461
459 462
459 463
459 464
460 461
460 462
460 463
460 464
461 462
461 463
461 464
462 463
462 464
462 465
462 466
462 470
462 471
462 507
463 464
464 467
465 466
465 467
465 468
465 469
465 471
465 505
465 506
466 467
466 468
466 469
466 470
466 471
466 505
467 468
467 469
467 471
468 469
470 471
470 472
470 473
471 472
471 473
472 473
474 475
474 476
474 477
474 478
474 479
474 483
474 540
474 548
475 476
475 477
475 478
475 479
475 484
475 549
476 477
478 479
478 480
478 481
478 482
478 483
478 526
478 532
478 540
479 480
479 481
479 482
479 484
479 513
480 481
480 482
481 482
483 484
483 485
483 486
483 487
484 485
484 486
484 487
485 486
485 487
486 487
489 490
489 491
489 492
489 493
489 494
489 526
490 491
490 492
490 493
490 494
491 492
491 493
491 494
492 493
492 494
493 494
495 496
495 497
495 498
495 504
495 527
495 535
495 537
495 545
496 497
496 498
497 498
499 500
499 501
499 502
499 503
500 501
500 502
500 503
501 502
501 503
502 503
504 513
504 517
504 518
504 527
504 535
505 506
505 507
505 513
505 526
505 534
505 536
505 544
506 507
506 511
506 513
506 517
506 518
506 527
507 508
507 509
507 510
507 511
507 512
508 509
508 510
508 511
508 512
509 510
509 511
509 512
510 511
510 512
511 512
513 514
513 515
513 516
513 517
513 518
513 523
513 526
513 527
513 535
513 537
513 541
514 515
514 516
515 516
516 526
516 540
517 518
517 519
517 520
517 521
517 527
517 549
518 519
518 520
518 521
518 527
519 520
519 521
519 526
520 521
522 523
522 524
522 525
523 524
523 525
524 525
526 527
526 528
526 529
526 534
526 536
526 540
526 544
526 548
527 528
527 529
527 534
527 535
527 537
527 541
527 545
527 549
528 529
530 531
530 532
530 533
530 534
530 535
530 536
530 537
531 532
531 533
531 535
531 537
532 533
534 535
534 536
534 537
534 538
534 539
535 536
535 537
535 538
535 539
536 537
536 538
536 539
537 538
537 539
538 539
540 541
540 542
540 543
540 544
540 545
540 546
540 547
540 548
540 549
540 550
540 551
540 552
541 542
541 543
541 544
541 545
541 546
541 547
541 548
541 549
541 550
541 551
541 552
542 543
542 544
542 545
542 546
542 547
542 548
542 549
542 550
542 551
542 552
543 544
543 545
543 546
543 547
543 548
543 549
543 550
543 551
543 552
544 545
544 546
544 547
544 548
544 549
544 550
544 551
544 552
545 546
545 547
545 548
545 549
545 550
545 551
545 552
546 547
546 548
546 549
546 550
546 551
546 552
547 548
547 549
547 550
547 551
547 552
548 549
548 550
548 551
548 552
549 550
549 551
549 552
550 551
550 552
551 552
