0 1
0 2
0 3
0 4
0 5
0 6
0 7
0 8
0 9
0 10
0 11
0 12
0 13
0 14
0 15
0 54
0 64
0 130
0 198
0 605
0 610
0 786
0 855
0 1036
1 2
1 3
1 4
1 5
1 6
1 7
1 8
1 9
1 10
1 11
1 12
1 13
1 64
1 65
1 130
1 196
1 786
1 787
1 814
1 819
1 855
1 861
1 1036
2 3
2 4
2 5
2 6
2 7
2 8
2 9
2 10
2 11
2 12
2 13
2 15
2 56
2 198
2 243
2 244
2 280
2 537
2 539
2 582
2 610
2 856
2 1097
3 4
3 5
3 6
3 7
3 8
3 9
3 10
3 11
3 12
3 13
3 14
3 15
3 64
3 605
3 819
3 855
3 1036
3 1059
3 1060
3 1061
4 5
4 6
4 7
4 8
4 9
4 10
4 11
4 12
4 13
4 65
4 605
4 610
4 757
4 786
4 855
4 1037
5 6
5 7
5 8
5 9
5 10
5 11
5 12
5 13
6 7
6 8
6 9
6 10
6 11
6 12
6 13
7 8
7 9
7 10
7 11
7 12
7 13
7 65
7 131
7 554
7 605
7 610
7 786
7 787
7 855
7 1036
8 9
8 10
8 11
8 12
8 13
8 64
8 70
8 71
8 130
8 603
8 605
8 610
8 855
8 866
8 1036
8 1061
9 10
9 11
9 12
9 13
9 14
9 15
9 71
9 86
9 241
9 582
9 611
9 703
9 704
9 720
9 803
9 856
10 11
10 12
10 13
11 12
11 13
12 13
12 15
12 610
12 611
12 855
13 196
13 198
13 531
13 843
13 856
13 1060
13 1061
14 15
14 35
14 64
14 532
14 855
15 323
15 1103
16 17
16 18
16 191
16 235
16 236
17 18
18 235
18 236
19 20
19 21
19 22
19 23
19 24
19 235
19 236
20 21
20 22
20 23
20 24
20 235
20 236
21 22
21 23
21 24
22 23
22 24
23 24
25 26
25 27
25 28
25 29
25 30
25 35
25 36
25 38
25 224
25 235
25 793
25 833
25 834
26 27
26 28
26 29
26 30
26 36
26 38
27 28
27 29
27 30
27 59
27 778
28 29
28 30
28 59
29 30
31 32
31 33
31 34
31 35
31 36
31 38
32 33
32 34
32 36
32 38
33 34
35 36
35 37
35 38
35 39
35 40
35 41
35 42
35 43
35 44
35 54
35 89
35 241
35 489
35 617
35 677
35 687
35 749
35 855
36 37
36 38
36 39
36 40
36 41
36 42
36 43
36 45
36 54
36 55
36 62
36 90
36 210
36 218
36 242
36 677
37 38
37 39
37 40
37 41
37 42
37 43
37 195
37 224
37 228
37 264
38 39
38 40
38 41
38 42
38 43
38 45
38 55
38 62
38 196
38 219
38 228
38 242
38 265
38 677
38 720
38 855
39 40
39 41
39 42
39 43
40 41
40 42
40 43
41 42
41 43
42 43
43 59
43 834
44 45
44 46
44 47
44 48
44 49
45 46
45 47
45 48
45 49
46 47
46 48
46 49
47 48
47 49
47 56
48 49
49 645
50 51
50 52
50 53
50 118
51 52
51 53
51 56
51 59
51 119
52 53
52 778
53 56
53 59
53 115
53 116
53 119
53 236
53 618
53 623
53 624
54 55
54 56
54 57
54 58
54 59
54 60
54 61
54 62
54 63
54 64
54 118
54 119
54 130
54 236
54 610
54 778
54 834
54 855
54 1036
55 56
55 57
55 58
55 59
55 60
55 61
55 62
55 63
55 89
55 90
55 118
55 119
55 142
55 151
55 236
55 1092
55 1093
56 57
56 58
56 59
56 60
56 61
56 62
56 63
56 115
56 118
56 119
56 196
56 198
56 241
56 242
56 243
56 244
56 436
56 573
56 749
57 58
57 59
57 60
57 61
57 62
57 63
58 59
58 60
58 61
58 62
58 63
58 130
58 151
58 610
58 1036
59 60
59 61
59 62
59 63
59 115
59 116
59 118
59 120
59 125
59 177
59 242
59 244
59 248
59 436
59 778
59 835
60 61
60 62
60 63
61 62
61 63
62 63
62 118
63 115
63 116
64 65
64 66
64 67
64 68
64 69
64 70
64 103
64 137
64 605
64 757
64 786
64 814
64 819
64 824
64 843
64 845
64 1036
65 66
65 67
65 68
65 69
65 720
65 724
65 725
65 786
65 787
65 819
65 820
65 824
65 1095
66 67
66 68
66 69
67 68
67 69
68 69
69 872
70 71
70 72
70 73
70 74
70 75
70 77
70 80
70 627
70 757
70 786
70 843
70 980
71 72
71 73
71 74
71 75
71 76
71 77
71 81
71 682
71 758
72 73
74 75
74 76
74 77
74 78
74 79
74 80
74 81
74 82
74 83
74 84
74 85
74 90
74 95
74 97
74 115
74 119
74 151
74 473
74 757
74 758
75 76
75 77
75 78
75 79
75 80
75 81
75 82
75 83
75 84
75 86
75 90
75 102
75 103
75 137
75 138
75 142
75 143
75 215
75 473
75 758
75 802
75 824
75 855
76 77
76 78
76 79
76 80
76 81
76 82
76 83
76 84
76 85
76 119
76 151
76 473
76 617
76 682
76 1092
76 1103
77 78
77 79
77 80
77 81
77 82
77 83
77 84
77 85
77 86
77 107
77 473
77 474
77 757
77 1092
77 1103
78 79
78 80
78 81
78 82
78 83
78 84
79 80
79 81
79 82
79 83
79 84
80 81
80 82
80 83
80 84
80 85
80 137
80 142
80 153
80 178
80 473
80 475
80 607
80 724
80 757
80 819
80 1036
81 82
81 83
81 84
82 83
82 84
83 84
85 86
85 87
85 88
85 90
85 102
85 104
85 115
85 524
85 639
85 640
85 837
85 855
86 87
86 88
86 90
86 102
86 103
86 104
86 116
86 640
86 673
86 774
86 856
86 867
87 88
89 90
89 91
89 92
89 93
89 94
89 95
89 96
89 102
89 111
89 119
89 623
89 757
89 850
89 1105
90 91
90 92
90 93
90 94
90 95
90 96
90 102
90 103
90 111
90 119
90 144
90 145
90 225
90 235
90 236
90 760
91 92
91 93
91 94
91 95
91 96
92 93
92 94
92 95
92 96
93 94
93 95
93 96
94 95
94 96
95 96
97 98
97 99
97 100
97 101
98 99
98 100
98 101
98 624
99 100
99 101
100 101
102 103
102 104
102 105
102 106
102 107
102 108
102 111
102 112
102 113
102 151
102 152
102 160
102 195
102 230
102 579
102 623
102 633
102 724
102 1050
103 103
103 104
103 105
103 106
103 107
103 108
103 111
103 112
103 113
103 145
103 151
103 152
103 160
103 195
103 196
103 198
103 623
103 624
103 633
103 758
103 1050
104 105
104 106
104 111
104 113
104 114
104 118
104 151
104 152
104 163
104 166
104 169
104 204
104 682
105 106
107 108
107 109
107 110
107 138
108 109
108 110
109 110
109 138
111 112
111 113
111 114
111 162
111 623
111 627
111 778
112 113
112 114
112 138
112 837
112 838
113 114
115 116
115 117
115 118
115 119
115 120
115 121
115 1030
116 117
116 118
116 119
116 120
116 121
116 243
116 999
117 118
117 119
117 120
117 121
118 119
118 120
118 121
118 160
118 652
118 653
118 682
118 683
118 908
118 959
118 1034
118 1063
119 120
119 121
119 135
119 136
119 144
119 145
119 160
119 188
119 229
119 235
119 241
119 247
119 802
119 819
120 121
122 123
122 124
122 125
122 126
122 127
122 128
122 129
123 124
123 125
123 126
123 127
123 128
123 129
124 125
124 126
124 127
124 128
124 129
124 235
124 236
124 421
125 126
125 127
125 128
125 129
125 236
126 127
126 128
126 129
127 128
127 129
128 129
130 131
130 132
130 133
130 134
130 135
130 136
130 144
130 603
131 132
131 133
131 134
131 135
131 136
131 144
132 133
132 134
132 135
132 136
133 134
133 135
133 136
134 135
134 136
134 163
135 136
135 144
135 601
135 623
135 624
135 834
136 145
136 834
137 138
137 139
137 140
137 141
137 142
137 143
137 147
137 171
137 172
137 215
137 757
137 779
137 824
137 825
137 828
137 830
137 855
137 980
137 981
137 1036
137 1065
137 1066
138 139
138 140
138 141
138 142
138 143
138 147
138 172
138 242
138 271
138 607
138 824
138 825
138 827
138 828
138 1017
138 1018
138 1085
139 140
139 141
139 142
139 143
140 141
140 142
140 143
141 142
141 143
142 143
142 144
142 145
142 146
142 605
142 744
142 834
142 855
142 980
142 981
142 982
142 983
143 147
143 856
144 145
144 146
144 147
144 148
144 149
144 150
144 160
144 162
144 163
144 166
144 195
144 196
144 649
144 772
144 778
144 779
144 783
144 784
144 792
144 793
144 794
144 855
144 980
144 1065
144 1066
145 146
145 147
145 148
145 149
145 150
145 160
145 163
145 166
145 203
145 444
145 634
145 649
145 779
145 784
145 792
145 793
145 794
145 981
145 1065
145 1066
146 147
146 148
146 149
146 150
146 151
146 682
146 778
146 1065
146 1092
147 148
147 149
147 150
147 160
147 163
147 169
147 579
147 779
147 780
147 784
147 1066
147 1098
148 149
148 150
149 150
151 152
151 153
151 154
151 155
151 156
151 157
151 158
151 159
151 160
151 161
151 162
151 196
151 617
151 639
151 672
151 792
151 793
152 153
152 154
152 155
152 156
152 157
152 158
152 159
152 160
152 161
152 640
153 154
153 155
153 156
153 157
153 158
153 159
153 160
153 161
154 155
154 156
154 157
154 158
154 159
154 160
154 161
154 162
154 617
154 623
155 156
155 157
155 158
155 159
155 160
155 161
156 157
156 158
156 159
156 160
156 161
157 158
157 159
157 160
157 161
158 159
158 160
158 161
159 160
159 161
160 161
160 633
160 649
160 778
160 779
161 649
162 163
162 164
162 165
162 166
162 167
162 168
162 171
162 400
162 455
162 635
162 682
162 783
162 1001
162 1004
163 164
163 165
163 166
163 167
163 168
163 169
163 172
163 193
163 720
163 793
163 794
163 795
163 901
163 943
164 165
164 166
164 167
165 166
165 167
165 552
165 586
165 871
166 167
166 168
166 169
166 170
166 172
166 183
166 618
166 701
166 778
166 792
166 793
166 794
166 795
167 792
167 794
168 169
168 170
168 191
168 623
168 768
168 793
168 982
169 170
169 196
169 198
169 768
169 784
171 172
171 173
171 174
171 175
171 599
172 173
172 174
172 175
172 191
172 774
173 174
173 175
174 175
176 177
176 178
176 179
176 180
176 181
176 182
176 224
176 339
176 489
177 178
177 179
177 180
177 181
177 182
177 779
177 902
178 179
178 180
178 181
178 182
179 180
179 181
179 182
180 181
180 182
181 182
181 554
182 555
183 184
183 185
183 186
183 187
183 188
183 189
183 191
183 339
183 606
183 648
183 932
183 978
184 185
184 186
184 187
184 188
184 189
184 867
184 871
184 978
185 186
185 187
185 188
185 189
186 187
186 188
186 189
187 188
187 189
187 191
187 552
188 189
188 191
190 191
190 192
190 193
190 194
190 633
191 192
191 193
191 194
191 224
191 225
191 242
191 578
191 579
191 682
191 778
191 786
191 793
191 834
192 193
192 194
192 714
193 194
193 225
195 196
195 197
195 198
195 247
195 252
195 528
195 542
195 578
195 579
195 581
195 592
195 593
195 783
195 787
195 855
195 1105
195 1107
196 197
196 198
196 241
196 242
196 243
196 247
196 248
196 542
196 578
196 579
196 592
196 593
196 786
196 787
196 1105
196 1107
197 198
198 241
198 243
198 460
198 579
198 582
198 592
198 593
198 594
198 786
198 1105
198 1107
199 200
199 201
199 202
199 203
199 204
199 205
199 206
199 207
199 224
199 225
199 228
200 201
200 202
200 203
200 204
200 205
200 206
200 207
200 224
200 225
200 228
201 202
201 203
201 204
201 205
201 206
201 207
202 203
202 204
202 205
202 206
202 207
203 204
203 205
203 206
203 207
203 224
203 225
203 228
203 235
203 499
203 506
203 552
203 553
203 617
203 623
203 757
203 833
203 866
204 205
204 206
204 207
204 225
204 228
204 500
205 206
205 207
206 207
206 225
208 209
208 210
208 211
208 222
208 228
209 210
209 211
210 211
210 338
210 833
212 213
212 214
212 215
212 543
213 214
213 215
214 215
216 217
216 218
216 219
216 220
216 221
216 222
216 623
217 218
217 219
217 220
217 221
218 219
218 220
218 221
219 220
219 221
220 221
222 223
222 242
222 617
222 618
222 623
222 624
222 628
222 943
224 225
224 226
224 227
224 228
224 234
224 235
224 236
224 241
224 264
224 493
224 495
224 682
224 729
224 855
225 226
225 227
225 228
225 230
225 234
225 236
225 242
225 264
225 265
225 435
225 856
226 227
226 228
227 228
228 234
228 236
228 241
228 242
228 264
228 265
228 366
228 544
229 230
229 231
229 232
229 233
229 234
229 435
230 231
230 232
230 233
230 234
230 435
231 232
231 233
231 234
232 233
232 234
233 234
235 236
235 237
235 238
235 239
235 240
235 241
235 242
235 282
235 623
235 730
235 783
235 855
235 980
235 981
236 237
236 238
236 239
236 240
236 242
236 819
236 855
237 238
237 239
237 240
238 239
238 240
239 240
241 242
241 243
241 244
241 245
241 246
241 247
241 248
241 834
242 243
242 244
242 245
242 246
242 247
242 248
243 244
243 245
243 246
243 247
243 248
244 245
244 246
244 247
244 248
245 246
245 247
245 248
246 247
246 248
247 248
249 250
249 251
249 252
249 253
249 254
249 255
249 256
249 543
249 554
250 251
250 252
250 253
250 254
250 255
250 256
251 252
251 253
251 254
251 255
251 256
252 253
252 254
252 255
252 256
253 254
253 255
253 256
254 255
254 256
255 256
257 258
257 259
257 260
257 261
257 262
257 263
257 298
257 303
257 304
257 322
257 323
257 352
257 353
257 354
258 259
258 260
258 261
258 262
258 263
258 298
258 304
258 353
258 354
259 260
259 261
259 262
259 263
259 278
259 322
259 323
260 261
260 262
260 263
260 279
261 262
261 263
262 263
264 265
264 266
264 267
264 270
264 524
264 525
265 266
265 267
265 271
265 277
265 279
265 298
266 278
267 268
267 269
268 269
270 271
270 272
270 273
270 274
270 275
270 276
270 297
270 402
270 403
270 524
270 525
270 535
270 929
271 272
271 273
271 274
271 275
271 276
271 403
272 273
272 274
272 275
272 276
273 274
273 275
273 276
274 275
274 276
275 276
276 769
277 278
277 279
277 280
277 438
277 439
277 478
277 479
278 278
278 279
278 280
278 478
278 479
279 280
279 298
279 479
281 282
281 283
281 284
281 285
281 286
282 283
282 284
282 285
282 286
282 420
282 509
282 994
282 995
282 996
283 284
283 285
283 286
283 298
283 997
284 285
284 286
285 286
287 288
287 289
287 290
287 291
287 292
287 293
287 294
287 295
287 296
288 289
288 290
288 291
288 292
288 293
288 294
288 295
288 296
288 323
289 290
289 291
289 292
289 293
289 294
289 295
289 296
290 291
290 292
290 293
290 294
290 295
290 296
291 292
291 293
291 294
291 295
291 296
292 293
292 294
292 295
292 296
293 294
293 295
293 296
294 295
294 296
295 296
297 298
297 299
297 300
297 301
297 302
297 306
297 327
297 352
297 447
297 814
297 929
298 299
298 300
298 301
298 302
298 438
298 448
299 300
299 301
299 302
300 301
300 302
301 302
303 304
303 305
303 311
303 327
303 329
303 341
303 499
304 305
304 312
304 327
304 329
304 342
304 500
306 307
306 308
306 309
306 833
306 917
307 308
307 309
308 309
310 929
311 312
311 313
311 314
311 315
311 352
311 353
311 499
311 500
311 506
311 507
311 509
311 524
312 313
312 314
312 315
312 352
312 353
312 500
312 507
312 510
312 525
313 314
313 315
313 632
314 315
314 632
316 317
316 318
316 319
316 320
316 321
316 346
316 347
316 348
317 318
317 319
317 320
317 321
317 347
317 348
317 499
317 500
318 319
318 320
318 321
318 532
319 320
319 321
320 321
322 323
322 324
322 325
322 326
322 327
322 328
322 391
322 504
322 1041
322 1042
323 324
323 325
323 326
323 328
324 325
324 326
325 326
327 327
327 328
327 329
327 330
327 331
327 449
327 855
327 942
328 329
328 330
328 339
328 342
328 542
329 330
330 555
331 332
331 333
331 334
331 335
331 336
331 337
331 346
331 554
332 333
332 334
332 335
332 336
332 337
332 347
332 348
333 334
333 335
333 336
333 337
333 338
334 335
334 336
334 337
334 338
334 339
335 336
335 337
336 337
338 339
338 340
338 346
338 361
338 391
338 393
338 552
338 553
338 617
338 833
339 340
339 346
339 347
339 348
339 361
339 362
339 392
339 394
339 555
339 618
341 342
341 343
341 344
341 345
342 343
342 344
342 345
343 344
343 345
344 345
346 347
346 348
346 349
346 350
346 351
346 352
346 381
346 858
346 1041
347 348
347 349
347 350
347 351
347 353
347 354
347 381
347 554
348 349
348 350
348 351
348 353
348 381
349 350
349 351
350 351
352 353
352 354
352 355
352 356
352 357
352 358
352 359
352 360
352 403
352 553
352 694
352 702
353 353
353 354
353 355
353 356
353 357
353 358
353 359
353 360
353 392
353 507
353 702
354 355
354 356
354 357
354 358
354 359
354 360
354 392
354 507
354 702
355 356
355 357
355 358
355 359
355 360
356 357
356 358
356 359
356 360
357 358
357 359
357 360
357 555
358 359
358 360
359 360
361 362
361 363
361 364
361 386
361 387
361 552
361 554
362 363
362 364
362 387
362 531
363 364
363 393
365 366
365 367
365 368
365 403
365 506
365 507
365 509
365 510
366 367
366 368
366 507
366 510
366 525
367 368
369 370
369 371
369 372
369 373
369 374
369 420
369 509
370 371
370 372
370 373
370 374
370 531
371 372
371 373
371 374
372 373
372 374
373 374
374 644
375 376
375 377
375 378
375 379
375 380
375 386
375 387
375 421
375 543
376 377
376 378
376 379
376 380
377 378
377 379
377 380
378 379
378 380
379 380
381 382
381 383
381 384
381 385
381 386
381 387
381 391
381 393
381 402
381 403
381 420
381 421
381 543
381 544
381 545
381 546
381 547
381 554
382 383
382 384
382 385
382 387
382 392
382 393
382 394
383 384
383 385
384 385
385 420
386 387
386 388
386 389
386 390
386 393
386 402
386 403
386 406
386 420
386 421
386 531
386 544
386 545
387 387
387 388
387 389
387 390
387 392
387 394
388 389
388 390
388 393
388 632
389 390
389 393
391 392
391 393
391 394
391 395
391 396
391 397
391 504
391 545
391 546
391 547
392 393
392 394
392 395
392 396
392 397
393 394
393 395
393 396
393 397
394 394
394 395
394 396
394 397
394 398
394 416
395 396
397 398
397 399
397 532
397 545
397 546
397 547
398 399
399 420
399 531
399 532
399 546
400 401
400 879
402 403
402 404
402 405
402 406
402 407
402 408
402 413
402 499
402 524
402 537
402 802
402 855
402 909
403 404
403 405
403 406
403 407
403 408
403 413
403 414
403 500
403 524
403 525
403 802
403 855
404 405
404 406
405 406
407 408
407 409
407 410
407 411
407 412
407 413
407 416
407 499
407 500
407 524
407 525
407 866
407 867
407 907
407 908
408 409
408 410
408 411
408 412
408 414
408 416
408 500
408 524
408 525
408 867
408 908
409 410
409 411
409 412
410 411
410 412
411 412
413 414
413 415
413 416
413 417
413 418
413 419
413 499
414 415
414 416
414 417
414 418
414 419
414 500
414 525
414 554
414 559
415 416
415 417
415 418
415 419
416 417
416 418
416 419
416 525
417 418
417 419
418 419
420 421
420 422
420 423
420 424
420 425
420 426
420 427
420 428
420 429
420 430
420 431
420 432
420 433
420 510
420 531
420 535
420 543
420 546
420 729
421 422
421 423
421 424
421 425
421 426
421 427
421 428
421 429
421 430
421 431
421 432
421 433
421 729
421 947
422 423
422 424
422 425
422 426
422 427
422 428
422 429
422 430
422 431
422 432
422 433
423 424
423 425
423 426
423 427
423 428
423 429
423 430
423 431
423 432
423 433
424 425
424 426
424 427
424 428
424 429
424 430
424 431
424 432
424 433
425 426
425 427
425 428
425 429
425 430
425 431
425 432
425 433
426 427
426 428
426 429
426 430
426 431
426 432
426 433
427 428
427 429
427 430
427 431
427 432
427 433
427 510
428 429
428 430
428 431
428 432
428 433
429 430
429 431
429 432
429 433
430 431
430 432
430 433
431 432
431 433
431 510
432 433
434 434
434 435
434 436
434 437
434 438
434 439
434 440
434 441
434 442
434 449
434 450
434 455
434 464
434 657
434 833
434 1010
435 436
435 437
435 438
435 439
435 440
435 441
435 442
435 448
435 449
435 451
435 464
436 437
436 438
436 439
436 440
436 441
436 442
437 438
437 439
437 440
437 441
437 442
438 439
438 440
438 441
438 442
438 448
438 449
438 450
438 451
438 464
438 605
438 933
438 996
438 1057
439 440
439 441
439 442
439 443
439 444
439 451
439 464
440 441
440 442
441 442
443 444
443 445
443 446
443 448
444 445
444 446
445 446
447 448
447 449
447 450
447 451
447 455
447 464
447 470
447 471
447 510
447 545
447 891
447 905
447 938
447 963
448 449
448 451
448 455
448 456
448 464
448 472
448 546
448 547
448 906
448 939
448 1011
449 450
449 451
449 455
449 457
449 490
450 451
450 452
450 453
450 454
450 455
450 466
450 648
451 452
451 453
451 454
451 456
451 466
451 555
451 867
452 453
452 454
453 454
455 456
455 457
455 458
455 459
455 460
455 461
455 462
455 463
455 464
455 465
455 489
455 498
455 543
455 544
455 545
455 547
455 553
455 633
455 657
455 658
455 997
456 457
456 458
456 459
456 460
456 461
456 462
456 463
456 464
456 465
457 458
457 459
457 460
457 461
457 462
457 463
457 464
457 465
458 459
458 460
458 461
458 462
458 463
458 464
458 465
459 460
459 461
459 462
459 463
459 464
459 465
460 461
460 462
460 463
460 464
460 465
461 462
461 463
461 464
461 465
462 463
462 464
462 465
463 464
463 465
463 918
464 465
465 902
466 467
466 468
466 739
466 745
466 774
467 468
469 470
469 471
469 472
469 498
469 982
470 471
470 472
470 498
470 657
470 658
470 903
471 472
471 963
473 474
473 475
473 476
473 477
473 757
473 758
473 918
473 978
473 979
473 980
473 981
473 982
473 983
474 475
474 476
474 477
474 498
474 918
474 981
475 476
475 477
475 867
475 871
476 477
476 917
478 479
478 480
478 481
478 482
479 480
479 481
479 482
479 498
479 547
480 481
480 482
481 482
483 484
483 485
483 486
483 487
483 488
484 485
484 486
484 487
484 488
484 657
484 658
485 486
485 487
485 488
485 913
486 487
486 488
487 488
489 490
489 491
489 492
489 493
489 494
489 657
489 744
489 923
489 956
490 491
490 492
490 494
490 744
490 956
491 492
493 494
493 495
493 496
493 497
493 623
494 495
494 496
494 497
495 496
495 497
496 497
498 618
498 624
498 657
498 658
498 912
498 913
499 500
499 501
499 502
499 503
499 504
499 505
499 952
500 501
500 502
500 503
500 504
500 505
500 507
500 509
500 952
500 953
501 502
501 503
501 504
501 505
502 503
502 504
502 505
503 504
503 505
504 505
504 544
505 531
506 507
506 508
506 509
506 510
506 511
506 512
506 513
506 514
506 519
506 855
506 858
507 508
507 509
507 510
507 511
507 512
507 513
507 515
507 520
508 509
508 510
508 511
508 512
508 513
508 555
509 510
509 511
509 512
509 513
509 514
509 519
509 524
509 545
510 511
510 512
510 513
510 546
510 547
511 512
511 513
512 513
514 515
514 516
514 517
514 518
515 516
515 517
515 518
516 517
516 518
517 518
519 520
519 521
519 522
519 523
520 521
520 522
520 523
521 522
521 523
522 523
524 525
524 526
524 527
524 531
524 535
524 657
525 526
525 527
525 531
525 533
526 527
528 529
528 530
528 531
529 530
531 532
531 533
531 534
531 537
531 538
531 543
531 544
531 545
531 546
531 547
531 552
531 554
531 559
531 643
531 855
532 533
532 534
532 535
532 537
532 543
532 552
532 553
532 554
532 555
532 558
532 565
532 572
533 534
533 535
533 538
533 546
533 547
533 555
533 559
533 566
534 555
535 536
535 552
535 558
535 678
535 942
535 1108
537 538
537 539
537 540
537 541
537 542
537 543
537 544
537 545
537 546
537 552
537 554
537 555
538 539
538 540
538 541
538 542
538 720
539 540
539 541
539 542
540 541
540 542
541 542
543 544
543 545
543 546
543 547
543 548
543 549
543 550
543 551
543 552
543 553
543 554
543 555
543 556
543 557
543 558
543 739
543 855
544 545
544 546
544 547
544 548
544 549
544 550
544 551
544 552
544 553
544 554
544 555
544 556
544 557
544 559
544 593
544 597
544 855
545 546
545 547
545 548
545 549
545 550
545 551
545 552
545 553
545 554
545 555
545 556
545 557
545 558
545 559
545 574
545 592
545 593
545 597
545 598
545 855
545 917
545 923
546 547
546 548
546 549
546 550
546 551
546 552
546 553
546 554
546 555
546 556
546 557
546 558
546 559
546 593
546 855
547 548
547 549
547 550
547 551
547 552
547 553
547 554
547 555
547 556
547 557
547 559
547 574
548 549
548 550
548 551
548 552
548 553
548 554
548 555
548 556
548 557
549 550
549 551
549 552
549 553
549 554
549 555
549 556
549 557
550 551
550 552
550 553
550 554
550 555
550 556
550 557
551 552
551 553
551 554
551 555
551 556
551 557
552 553
552 554
552 555
552 556
552 557
552 558
552 592
552 615
552 617
552 687
552 855
553 554
553 555
553 556
553 557
553 616
554 555
554 556
554 557
554 558
554 559
554 594
555 555
555 556
555 557
555 559
555 594
556 557
558 559
558 560
558 561
558 562
559 560
559 561
559 562
559 924
560 561
560 562
561 562
563 564
563 565
563 566
563 567
563 568
563 569
564 565
564 566
564 567
564 568
564 569
565 566
565 567
565 568
565 569
566 567
566 568
566 569
567 568
567 569
568 569
570 571
570 572
570 573
571 572
571 573
572 573
574 575
574 576
574 577
574 648
575 576
575 577
576 577
578 579
578 580
578 581
578 779
579 580
579 581
579 774
580 581
582 583
582 584
582 585
583 584
583 585
584 585
585 593
586 587
586 588
586 589
586 590
586 591
586 592
586 593
586 597
586 598
586 599
586 600
586 601
586 602
586 603
586 604
586 623
586 931
586 932
587 588
587 589
587 590
587 591
587 618
587 628
588 589
588 590
588 591
589 590
589 591
590 591
592 593
592 594
592 595
592 596
592 597
592 598
592 599
592 600
592 602
592 603
592 604
592 1036
593 594
593 595
593 596
593 597
593 599
593 603
594 595
594 596
595 596
597 598
597 599
597 600
597 601
597 602
597 603
597 604
597 610
597 617
597 623
597 744
597 855
598 599
598 600
598 601
598 602
598 603
598 604
598 610
598 667
598 672
598 675
598 856
599 600
599 601
599 602
599 603
599 604
599 610
599 618
599 677
600 601
600 602
600 603
600 604
600 720
601 602
601 603
601 604
601 610
601 611
601 650
601 667
602 603
602 604
602 610
602 615
603 604
603 610
603 618
603 1036
604 610
605 606
605 607
605 608
605 609
605 610
605 611
605 615
605 616
605 639
605 640
605 648
605 667
605 672
605 673
605 719
605 814
605 819
605 821
605 855
606 607
606 608
606 609
606 610
606 617
606 618
606 624
606 640
606 648
606 663
606 664
606 667
606 672
606 814
606 819
606 821
606 856
607 608
607 609
607 632
607 719
607 833
607 982
608 609
608 624
608 720
610 611
610 612
610 613
610 614
610 615
610 616
610 639
610 649
610 672
610 673
610 691
610 855
610 856
610 980
610 981
610 982
611 612
611 613
611 614
611 623
611 624
611 640
611 667
611 672
611 855
612 613
612 614
613 614
615 616
615 617
615 618
615 619
615 620
615 621
615 622
615 623
615 624
615 625
615 626
615 627
615 628
615 629
615 630
615 631
615 663
615 667
615 672
616 617
616 618
616 619
616 620
616 621
616 622
616 623
616 624
616 625
616 626
616 627
616 628
616 629
616 630
616 631
616 663
616 667
616 672
617 618
617 619
617 620
617 621
617 622
617 623
617 624
617 625
617 626
617 627
617 628
617 629
617 630
617 631
617 639
617 649
617 663
617 667
617 672
617 682
617 855
617 923
618 619
618 620
618 621
618 622
618 623
618 624
618 625
618 626
618 627
618 628
618 629
618 630
618 631
618 633
618 634
618 640
618 663
618 667
618 673
619 620
619 621
619 622
619 623
619 624
619 625
619 626
619 627
619 628
619 629
619 630
619 631
620 621
620 622
620 623
620 624
620 625
620 626
620 627
620 628
620 629
620 630
620 631
621 622
621 623
621 624
621 625
621 626
621 627
621 628
621 629
621 630
621 631
622 623
622 624
622 625
622 626
622 627
622 628
622 629
622 630
622 631
623 624
623 625
623 626
623 627
623 628
623 629
623 630
623 631
623 632
623 633
623 634
623 667
623 682
623 711
623 855
623 978
624 625
624 626
624 627
624 628
624 629
624 630
624 631
624 633
624 667
624 668
624 673
624 682
624 855
625 626
625 627
625 628
625 629
625 630
625 631
626 627
626 628
626 629
626 630
626 631
627 628
627 629
627 630
627 631
627 663
627 667
627 669
627 670
627 672
627 687
627 711
627 871
627 978
628 629
628 630
628 631
628 633
628 634
628 663
628 668
628 672
628 673
628 687
628 866
628 867
628 871
628 872
628 903
629 630
629 631
630 631
632 633
632 634
632 635
632 667
632 669
632 792
632 855
632 858
632 978
633 634
633 635
633 657
633 658
633 667
633 668
633 773
633 792
633 855
633 873
633 978
633 986
634 635
634 658
634 667
634 792
634 803
634 837
634 841
634 855
634 858
634 957
636 637
636 638
637 638
638 867
638 871
638 872
638 979
639 640
639 641
639 642
639 643
639 645
639 648
639 649
640 641
640 642
640 643
640 645
640 649
641 642
641 643
642 643
643 844
643 867
643 872
644 645
644 646
644 647
644 648
644 649
644 657
644 724
645 646
645 647
645 648
645 649
645 653
645 657
645 658
645 934
646 647
646 648
646 649
647 648
647 649
648 649
648 652
648 657
648 855
648 917
648 994
649 657
649 855
649 994
650 651
650 652
650 653
650 654
650 655
650 656
650 738
651 652
651 653
651 654
651 655
651 656
651 929
651 930
651 952
651 953
651 963
651 964
652 653
652 654
652 655
652 656
652 658
652 717
652 917
652 925
652 930
652 952
652 953
652 963
653 654
653 655
653 656
653 926
653 930
653 934
653 953
654 655
654 656
655 656
657 658
657 659
657 660
657 661
657 662
657 738
657 768
657 769
657 802
657 925
657 933
657 956
657 1030
657 1033
658 659
658 660
658 661
658 662
658 978
658 1030
658 1033
659 660
659 661
659 662
660 661
660 662
661 662
663 664
663 665
663 666
663 717
664 665
664 666
665 666
667 668
667 669
667 670
667 671
667 673
667 978
667 979
668 669
668 670
668 671
668 673
668 867
668 872
668 979
669 670
669 671
669 978
670 671
672 673
672 674
672 675
673 674
673 675
673 765
674 675
676 677
676 678
676 679
676 680
676 681
677 678
677 679
677 680
677 681
678 679
678 680
678 681
679 680
679 681
680 681
682 683
682 684
682 685
682 686
682 778
682 923
683 684
683 685
683 686
684 685
684 686
685 686
687 688
687 689
687 690
687 691
687 692
687 693
687 694
687 980
688 689
688 690
688 691
688 692
688 693
688 694
689 690
689 691
689 692
689 693
689 694
690 691
690 692
690 693
690 694
691 692
691 693
691 694
691 712
692 693
692 694
692 980
693 694
695 696
695 697
695 698
695 699
695 700
695 701
695 702
695 778
696 697
696 698
696 699
696 700
696 701
696 702
697 698
697 699
697 700
697 701
697 702
698 699
698 700
698 701
698 702
699 700
699 701
699 702
700 701
700 702
701 702
703 704
703 903
703 931
703 1013
704 867
704 871
704 932
705 706
705 707
705 708
705 709
705 710
705 712
705 717
705 719
705 768
705 769
706 707
706 708
706 709
706 710
706 718
707 708
707 709
707 710
707 714
707 717
707 719
707 768
707 769
708 709
708 710
708 712
708 713
708 718
708 720
709 710
711 712
711 713
711 714
711 715
711 716
711 768
712 713
712 714
712 715
712 716
712 717
712 718
712 720
712 979
713 714
713 715
713 716
713 718
713 719
713 720
713 758
713 979
714 715
714 716
714 719
714 720
714 724
714 852
715 716
716 719
716 720
717 718
717 719
717 720
717 721
717 722
717 723
717 757
717 768
717 769
717 833
717 972
717 1025
717 1041
717 1065
717 1079
717 1080
718 719
718 720
718 721
718 722
718 723
718 768
718 772
718 1079
719 720
719 721
719 722
719 723
719 729
719 757
719 819
719 821
719 837
719 850
719 855
719 931
719 963
719 1079
720 721
720 722
720 723
720 838
720 852
720 1031
721 722
721 723
722 723
724 725
724 726
724 727
724 728
724 768
724 769
725 726
725 727
725 728
726 727
726 728
727 728
729 730
729 731
729 732
729 733
729 734
729 735
729 736
729 737
729 744
729 952
729 953
730 731
730 732
730 733
730 734
730 735
730 736
730 737
730 758
730 953
731 732
731 733
731 734
731 735
731 736
731 737
732 733
732 734
732 735
732 736
732 737
733 734
733 735
733 736
733 737
734 735
734 736
734 737
735 736
735 737
736 737
738 739
738 740
738 741
738 742
738 743
738 744
738 757
738 758
738 767
738 768
738 769
738 797
738 818
738 855
738 972
738 990
738 1084
739 740
739 741
739 742
739 743
739 757
739 758
739 768
739 769
739 990
739 991
740 741
740 742
740 743
741 742
741 743
742 743
744 745
744 746
744 747
744 748
744 757
744 761
744 768
744 769
744 855
744 913
744 952
744 1043
745 746
745 747
745 748
745 761
745 762
745 769
746 747
746 748
747 748
749 750
749 751
749 752
749 757
750 751
750 752
751 752
753 754
753 755
753 756
753 757
753 758
754 755
754 756
754 758
755 756
757 758
757 759
757 760
757 761
757 775
757 792
757 833
757 837
757 838
757 978
757 1067
758 759
758 760
758 761
758 762
758 769
758 837
758 838
758 978
759 760
760 879
761 762
761 763
761 764
761 765
761 766
761 767
761 768
761 769
762 763
762 764
762 765
762 766
762 767
762 769
763 764
763 765
763 766
763 767
764 765
764 766
764 767
765 766
765 767
766 767
766 769
767 769
768 769
768 770
768 771
768 772
768 842
768 918
768 929
768 972
768 1030
768 1031
768 1032
768 1033
768 1079
769 770
769 771
769 772
769 841
769 930
769 1030
769 1031
769 1032
769 1033
769 1079
770 771
770 772
771 772
773 774
773 775
773 776
773 777
773 778
773 792
774 775
774 776
774 777
774 779
774 786
774 794
774 867
774 1103
774 1105
775 776
775 777
776 777
778 779
778 780
778 781
778 782
778 783
778 784
778 785
778 792
778 917
778 947
778 952
778 958
778 963
779 780
779 781
779 782
779 783
779 784
779 785
779 792
779 953
779 997
780 781
780 782
780 783
780 784
780 785
781 782
781 783
781 784
781 785
782 783
782 784
782 785
783 784
783 785
784 785
784 792
784 793
784 794
784 1004
786 787
786 788
786 789
786 790
786 791
786 837
786 838
786 855
786 866
787 788
787 789
787 790
787 791
787 837
787 838
787 856
788 789
788 790
788 791
788 837
789 790
789 791
789 837
790 791
792 793
792 794
792 795
792 796
793 794
793 795
793 796
793 879
793 913
793 923
794 795
794 796
794 913
794 997
795 796
797 798
797 799
797 800
797 801
798 799
798 800
798 801
799 800
799 801
800 801
802 803
802 804
802 805
802 806
802 807
802 808
802 809
802 810
802 811
802 812
802 813
802 855
802 866
802 871
802 929
802 1063
803 804
803 805
803 806
803 807
803 808
803 809
803 810
803 811
803 812
803 813
803 856
803 867
803 1063
804 805
804 806
804 807
804 808
804 809
804 810
804 811
804 812
804 813
804 1063
805 806
805 807
805 808
805 809
805 810
805 811
805 812
805 813
806 807
806 808
806 809
806 810
806 811
806 812
806 813
806 1059
806 1060
806 1061
807 808
807 809
807 810
807 811
807 812
807 813
808 809
808 810
808 811
808 812
808 813
809 810
809 811
809 812
809 813
810 811
810 812
810 813
811 812
811 813
811 1063
812 813
812 1063
814 815
814 816
814 817
814 818
814 843
814 844
814 845
815 816
815 817
815 818
815 844
816 817
816 818
817 818
819 820
819 821
819 822
819 823
819 855
819 963
819 1014
820 821
820 822
820 823
820 856
820 1013
820 1063
821 822
821 823
822 823
824 825
824 826
824 827
824 828
824 829
824 833
824 855
824 856
824 980
824 981
824 982
824 983
825 826
825 827
825 828
825 829
826 827
826 828
826 829
826 845
826 1063
827 828
827 829
828 829
830 831
830 832
830 834
830 980
830 981
830 983
831 832
833 834
833 835
833 836
833 917
833 1041
833 1065
834 835
834 836
834 1065
834 1066
835 836
837 838
837 839
837 840
837 841
837 842
837 848
837 850
837 855
837 858
837 1063
838 839
838 840
838 841
838 842
838 848
838 850
838 851
838 855
838 856
838 858
838 1063
839 840
839 841
839 842
840 841
840 842
841 842
842 1032
842 1033
843 844
843 845
843 846
843 847
843 851
843 855
843 856
843 866
843 873
843 874
843 1030
843 1031
843 1032
843 1033
843 1072
844 845
844 846
844 847
844 851
844 855
844 856
844 866
844 1030
844 1072
845 846
845 847
845 851
845 852
845 855
845 856
845 866
845 1030
845 1041
845 1043
846 847
848 849
850 851
850 852
850 853
850 854
850 855
850 856
851 852
851 853
851 854
851 855
851 856
851 1036
852 853
852 854
852 1060
853 854
855 856
855 857
855 858
855 859
855 860
855 900
855 902
855 905
855 933
855 947
855 980
855 981
855 982
855 994
855 995
855 996
855 1030
855 1036
855 1043
855 1059
855 1060
855 1061
855 1063
856 857
856 858
856 859
856 860
856 905
856 968
856 994
856 995
856 1031
856 1044
856 1059
856 1060
856 1061
856 1063
857 858
857 859
857 860
858 859
858 860
858 1063
859 860
861 862
861 863
861 864
861 865
862 863
862 864
862 865
863 864
863 865
864 865
865 871
866 867
866 868
866 869
866 870
866 871
866 872
866 873
866 874
866 879
866 895
866 902
866 903
866 1014
866 1036
867 868
867 869
867 870
867 871
867 872
867 873
867 874
867 895
867 902
867 903
868 869
868 870
868 871
868 872
868 873
868 874
869 870
869 871
869 872
869 873
869 874
870 871
870 872
870 873
870 874
871 871
871 872
871 873
871 874
872 873
872 874
872 875
872 876
872 883
872 903
872 1017
872 1020
872 1098
873 874
873 931
874 880
874 902
874 903
874 932
874 1013
874 1014
875 876
875 877
875 878
875 931
876 877
876 878
876 932
877 878
877 912
879 880
879 881
879 882
879 883
879 884
879 885
879 910
879 994
879 996
879 1005
879 1010
879 1089
880 881
880 882
880 883
880 884
880 888
880 894
880 895
880 900
880 902
880 910
880 934
880 994
880 996
880 1089
881 882
881 883
882 883
884 885
884 886
884 887
884 888
884 889
884 890
884 891
884 892
884 893
884 894
884 895
884 923
885 886
885 887
885 888
885 889
885 890
885 891
885 892
885 893
885 894
885 895
886 887
886 888
886 889
886 890
886 891
886 892
886 893
886 894
886 895
887 888
887 889
887 890
887 891
887 892
887 893
887 894
887 895
888 889
888 890
888 891
888 892
888 893
888 894
888 895
889 890
889 891
889 892
889 893
889 894
889 895
890 891
890 892
890 893
890 894
890 895
891 892
891 893
891 894
891 895
892 893
892 894
892 895
893 894
893 895
894 895
894 912
895 902
895 903
895 918
896 897
896 898
896 899
896 900
896 901
896 912
896 913
896 923
897 898
897 899
897 900
897 901
897 913
898 899
898 900
898 901
899 900
899 901
900 901
902 903
902 904
902 905
902 906
902 1084
903 904
903 905
903 906
903 907
903 910
903 1015
903 1088
903 1113
904 905
904 906
905 906
905 925
905 963
907 908
907 909
907 910
907 911
907 912
907 913
908 909
908 910
908 911
908 913
909 910
909 911
909 912
910 911
910 913
912 913
912 914
912 915
912 916
912 925
912 963
912 1010
912 1012
912 1088
912 1113
913 914
913 915
913 916
913 918
913 943
913 1011
914 915
914 916
915 916
917 918
917 919
917 920
917 921
917 922
917 923
917 924
917 925
917 926
917 929
917 930
917 931
917 932
917 933
917 934
917 938
917 942
917 947
917 952
918 919
918 920
918 921
918 922
918 923
918 924
918 925
918 926
918 929
918 930
918 931
918 932
918 934
918 939
919 920
919 921
919 922
920 921
920 922
921 922
923 924
923 925
923 926
923 927
923 928
923 929
923 930
923 931
923 932
923 933
923 934
923 942
924 925
924 926
924 927
924 928
924 929
924 930
924 931
924 932
924 934
924 939
924 1011
925 926
925 927
925 928
925 929
925 930
925 931
925 932
925 933
925 934
925 958
925 977
926 927
926 928
926 929
926 930
926 931
926 933
926 934
926 939
927 928
927 929
927 930
928 929
928 930
929 930
929 931
929 933
929 934
929 938
929 939
929 1092
930 931
930 932
930 934
930 957
931 931
931 932
931 933
931 934
931 935
931 936
931 937
931 938
931 939
931 940
931 941
931 942
931 1010
932 933
932 934
932 935
932 936
932 937
932 938
932 939
932 940
932 941
932 942
932 943
932 1011
933 934
933 935
933 936
933 937
933 938
933 939
933 940
933 941
933 996
934 935
934 936
934 937
934 938
934 939
934 940
934 941
934 942
935 936
935 937
935 938
935 939
935 940
935 941
936 937
936 938
936 939
936 940
936 941
937 938
937 939
937 940
937 941
938 939
938 940
938 941
938 947
938 1030
938 1031
938 1032
938 1033
939 940
939 941
939 948
939 1030
939 1031
939 1032
939 1033
940 941
942 943
942 944
942 945
942 946
943 944
943 945
943 946
944 945
944 946
945 946
947 948
947 949
947 950
947 951
947 964
947 997
948 949
948 950
948 951
948 964
949 950
949 951
949 997
950 951
951 997
952 953
952 954
952 955
952 958
952 963
952 1043
952 1070
953 954
953 955
953 958
953 959
953 1043
953 1070
954 955
956 957
958 959
958 960
958 961
958 962
958 963
958 964
959 960
959 961
959 962
959 963
959 964
960 961
960 962
961 962
963 964
963 965
963 966
963 972
964 965
964 966
965 966
967 968
967 969
967 970
967 971
968 969
968 970
968 971
969 970
969 971
970 971
972 973
972 974
972 975
972 976
972 977
973 974
973 975
973 976
973 977
974 975
974 976
974 977
975 976
975 977
976 977
978 979
978 1030
978 1079
979 1079
980 981
980 982
980 983
980 984
980 985
980 986
980 1065
981 982
981 983
981 984
981 985
981 986
981 987
981 1004
981 1065
982 983
982 984
982 985
982 986
982 1065
983 984
983 985
983 986
983 987
983 1065
984 985
986 987
986 988
986 989
987 988
987 989
988 989
990 991
990 992
990 993
991 992
991 993
991 994
991 995
991 996
991 997
992 993
992 997
992 1059
992 1060
992 1061
994 995
994 996
994 997
994 998
994 999
994 1000
994 1006
994 1043
995 996
995 997
995 998
995 999
995 1000
995 1006
995 1014
995 1043
996 997
996 998
996 999
996 1000
996 1004
996 1006
996 1043
997 998
997 999
997 1000
997 1004
997 1006
998 999
998 1000
999 1000
1001 1002
1001 1003
1002 1003
1004 1005
1004 1006
1004 1007
1004 1008
1004 1009
1005 1006
1005 1007
1005 1008
1005 1009
1006 1007
1006 1008
1006 1009
1007 1008
1007 1009
1008 1009
1010 1011
1010 1012
1010 1013
1010 1014
1011 1012
1011 1013
1011 1014
1013 1014
1013 1015
1013 1016
1013 1019
1013 1028
1013 1059
1014 1015
1014 1016
1014 1017
1014 1019
1015 1016
1017 1018
1017 1019
1017 1020
1017 1021
1017 1022
1017 1023
1017 1024
1018 1019
1018 1020
1018 1021
1018 1022
1018 1023
1018 1024
1019 1020
1019 1021
1019 1022
1019 1023
1019 1024
1020 1021
1020 1022
1020 1023
1020 1024
1021 1022
1021 1023
1021 1024
1022 1023
1022 1024
1023 1024
1025 1026
1025 1027
1025 1028
1025 1029
1026 1027
1026 1028
1026 1029
1027 1028
1027 1029
1028 1029
1030 1031
1030 1032
1030 1033
1030 1034
1030 1035
1030 1041
1030 1050
1031 1032
1031 1033
1031 1034
1031 1035
1031 1037
1031 1041
1032 1033
1032 1034
1032 1035
1032 1041
1033 1034
1033 1035
1033 1041
1034 1035
1036 1037
1036 1038
1036 1039
1036 1040
1036 1041
1036 1042
1037 1038
1037 1039
1037 1040
1037 1041
1037 1042
1037 1044
1037 1051
1037 1085
1038 1039
1038 1040
1038 1041
1038 1042
1039 1040
1039 1041
1039 1042
1040 1041
1040 1042
1041 1042
1041 1059
1043 1044
1043 1045
1043 1046
1043 1047
1043 1048
1043 1049
1043 1059
1043 1060
1043 1061
1043 1063
1044 1045
1044 1046
1044 1047
1044 1048
1044 1049
1044 1059
1044 1060
1044 1061
1044 1063
1045 1046
1045 1047
1045 1048
1045 1049
1045 1061
1046 1047
1046 1048
1046 1049
1047 1048
1047 1049
1048 1049
1050 1051
1050 1052
1050 1053
1050 1054
1050 1055
1050 1056
1050 1059
1050 1063
1051 1052
1051 1053
1051 1054
1051 1055
1051 1056
1051 1063
1052 1053
1052 1054
1052 1055
1052 1056
1053 1054
1053 1055
1053 1056
1054 1055
1054 1056
1055 1056
1057 1058
1059 1060
1059 1061
1059 1062
1059 1063
1059 1064
1060 1061
1060 1062
1060 1063
1060 1064
1061 1062
1061 1063
1061 1064
1062 1063
1062 1064
1063 1064
1065 1066
1065 1067
1065 1068
1065 1069
1066 1067
1066 1068
1066 1069
1067 1068
1067 1069
1068 1069
1071 1072
1071 1073
1071 1074
1071 1075
1072 1073
1072 1074
1072 1075
1073 1074
1073 1075
1074 1075
1076 1077
1076 1078
1076 1079
1076 1080
1076 1081
1076 1082
1076 1083
1077 1078
1077 1079
1077 1080
1077 1081
1077 1082
1077 1083
1078 1079
1078 1080
1078 1081
1078 1082
1078 1083
1079 1080
1079 1081
1079 1082
1079 1083
1080 1081
1080 1082
1080 1083
1081 1082
1081 1083
1082 1083
1084 1085
1084 1086
1084 1087
1085 1086
1085 1087
1086 1087
1088 1089
1088 1090
1088 1091
1089 1090
1089 1091
1090 1091
1092 1093
1092 1094
1092 1095
1092 1096
1093 1094
1093 1095
1093 1096
1094 1095
1094 1096
1095 1096
1097 1098
1097 1099
1097 1100
1097 1101
1097 1102
1098 1099
1098 1100
1098 1101
1098 1102
1099 1100
1099 1101
1099 1102
1100 1101
1100 1102
1101 1102
1103 1104
1103 1105
1103 1106
1103 1107
1104 1105
1104 1106
1104 1107
1105 1106
1105 1107
1106 1107
1108 1109
1108 1110
1108 1111
1108 1112
1109 1110
1109 1111
1109 1112
1110 1111
1110 1112
1111 1112
1113 1114
1113 1115
1113 1116
1113 1117
1114 1115
1114 1116
1114 1117
1115 1116
1115 1117
1116 1117
