0 1
0 2
0 3
0 220
1 2
1 3
2 3
4 5
4 6
4 7
4 20
4 35
4 36
4 62
4 1385
4 1390
4 1411
4 1423
4 1424
4 1425
4 1537
4 1539
5 6
5 7
5 15
5 19
5 1386
5 1424
5 1425
5 1536
5 1537
5 1538
6 7
6 471
6 940
6 941
8 9
8 10
8 11
8 12
8 13
8 232
8 237
8 238
8 246
8 468
8 470
8 473
8 475
8 719
8 728
8 1330
8 1411
8 1412
8 1463
9 10
9 11
9 12
9 13
9 233
9 234
9 238
9 476
9 1463
10 11
10 12
10 13
11 12
11 13
12 13
12 189
12 232
12 233
12 470
12 471
12 1257
12 1267
14 15
14 16
14 17
14 21
15 16
15 17
15 22
16 17
18 19
18 20
18 21
18 22
18 1538
19 20
19 22
19 1538
21 22
21 23
21 223
21 1511
22 23
22 1498
22 1506
22 1511
22 1512
24 25
24 26
24 27
24 28
24 29
24 30
24 31
24 32
24 33
24 34
24 54
24 146
24 147
24 194
24 717
24 961
24 1030
25 26
25 27
25 28
25 29
25 30
25 31
25 32
25 33
25 34
25 53
25 1503
26 27
26 28
26 29
26 30
26 31
26 32
26 33
26 34
27 28
27 29
27 30
27 31
27 32
27 33
27 34
27 54
27 115
27 154
27 423
27 961
28 29
28 30
28 31
28 32
28 33
28 34
28 53
28 54
28 234
28 1503
29 30
29 31
29 32
29 33
29 34
30 31
30 32
30 33
30 34
31 32
31 33
31 34
31 53
31 54
31 194
31 197
31 1503
32 33
32 34
32 54
32 59
32 146
32 1503
33 34
35 36
35 37
35 38
35 39
35 46
35 265
35 368
35 435
35 438
36 37
36 38
36 39
36 40
36 47
36 105
36 266
36 283
36 364
36 368
37 38
39 40
39 41
39 42
39 43
39 44
39 45
39 232
39 435
40 41
40 42
40 43
40 44
40 45
41 42
41 43
41 44
41 45
41 475
41 1411
42 43
42 44
42 45
43 44
43 45
44 45
45 220
46 47
46 48
46 109
46 150
46 151
46 302
46 435
46 443
46 746
47 48
47 109
47 287
47 288
47 302
49 50
49 51
49 52
49 62
49 63
49 146
49 147
49 689
50 51
50 52
51 52
53 54
53 55
53 56
53 57
53 62
53 63
53 146
53 147
53 837
53 1385
54 55
54 56
54 57
54 837
55 56
55 57
56 57
58 59
58 60
58 61
59 60
59 61
60 61
62 63
62 64
62 65
62 67
62 115
62 118
62 138
62 292
63 64
63 65
63 68
63 167
65 66
65 142
65 163
66 163
66 164
66 166
67 68
67 69
67 1272
68 69
68 1280
70 71
70 72
70 163
70 164
70 201
70 778
70 1226
70 1342
70 1349
70 1357
70 1393
71 72
71 85
71 163
71 164
71 166
71 1342
71 1358
71 1360
73 74
73 85
73 87
75 76
75 79
75 93
75 986
75 1269
75 1365
76 93
76 96
76 98
76 104
76 159
76 160
76 163
76 164
76 986
76 1365
76 1415
77 78
77 79
77 80
77 81
77 82
77 83
77 163
78 79
78 80
78 81
78 82
78 83
78 1512
79 80
79 81
79 82
79 83
80 81
80 82
80 83
80 159
80 160
81 82
81 83
81 237
81 1279
82 83
84 85
84 86
84 87
85 86
85 87
85 105
85 155
85 166
85 479
85 778
86 87
87 107
87 155
87 166
87 195
87 479
87 778
87 1162
88 89
88 90
88 91
88 92
88 93
88 94
88 95
88 96
88 97
89 90
89 91
89 92
89 93
89 94
89 95
89 96
89 97
90 91
90 92
90 93
90 94
90 95
90 96
90 97
91 92
91 93
91 94
91 95
91 96
91 97
92 93
92 94
92 95
92 96
92 97
93 94
93 95
93 96
93 97
94 95
94 96
94 97
95 96
95 97
96 97
98 99
98 100
98 101
98 102
98 103
98 107
98 109
99 100
99 101
99 102
99 103
99 105
99 107
100 101
100 102
100 103
101 102
101 103
101 107
101 342
102 103
104 105
104 106
104 107
104 108
104 109
104 113
104 142
104 336
104 337
104 717
104 718
104 1415
105 106
105 107
105 108
105 114
106 107
106 108
107 108
107 109
107 115
107 116
107 128
107 155
107 166
107 1177
107 1532
109 110
109 111
109 112
109 113
109 114
109 130
109 494
109 770
109 1133
110 111
110 112
110 113
110 114
111 112
111 113
111 114
112 113
112 114
113 114
113 689
114 690
115 116
115 117
116 117
118 119
118 120
118 121
118 122
118 123
118 124
118 125
118 138
118 142
118 1438
119 120
119 121
119 122
119 123
119 124
119 125
119 139
120 121
120 122
120 123
120 124
120 125
121 122
121 123
121 124
121 125
122 123
122 124
122 125
123 124
123 125
124 125
124 138
124 139
124 142
124 143
124 146
126 127
126 128
126 129
126 142
126 143
126 146
126 184
127 128
127 129
127 147
127 1421
128 129
128 139
128 147
128 166
130 131
130 132
130 133
130 134
130 135
130 136
130 137
131 132
131 133
131 134
131 135
131 136
131 137
132 133
132 134
132 135
132 136
132 137
132 206
133 134
133 135
133 136
133 137
134 135
134 136
134 137
135 136
135 137
136 137
138 139
138 140
138 141
138 142
138 143
138 146
138 150
138 186
138 206
138 470
138 1520
138 1533
138 1538
139 140
139 141
139 142
139 143
139 146
139 147
139 151
139 1534
140 141
142 143
142 144
142 145
142 218
143 144
143 145
143 146
143 147
143 155
143 166
143 941
143 1393
143 1421
143 1463
144 145
146 147
146 148
146 149
146 1344
146 1423
146 1424
146 1425
147 148
147 149
147 151
148 149
150 151
150 152
150 153
150 163
150 206
151 152
151 153
152 153
153 532
153 974
154 155
154 156
154 157
154 158
154 163
155 156
155 157
155 158
155 160
155 166
156 157
156 158
157 158
157 1245
157 1246
158 1246
159 160
159 161
159 162
159 583
159 593
160 161
160 162
160 166
161 162
162 1367
163 164
163 165
163 166
163 171
163 470
163 698
163 1415
163 1416
163 1427
164 165
164 166
164 647
164 974
164 1416
165 166
165 1310
166 683
166 1220
166 1354
166 1365
167 168
167 169
167 170
168 169
168 170
169 170
170 171
170 922
170 1191
171 172
171 173
171 176
171 185
171 186
171 187
171 1427
172 173
172 186
174 196
174 202
174 207
174 457
175 176
175 177
175 178
175 179
175 180
175 181
175 182
175 183
175 184
176 177
176 178
176 179
176 180
176 181
176 182
176 183
176 184
176 185
176 186
176 187
177 178
177 179
177 180
177 181
177 182
177 183
178 179
178 180
178 181
178 182
178 183
179 180
179 181
179 182
179 183
180 181
180 182
180 183
180 237
181 182
181 183
182 183
182 1095
184 185
184 186
184 187
184 188
184 293
184 573
184 1344
184 1480
185 186
185 187
185 188
185 972
185 1414
185 1481
186 187
186 188
186 246
186 292
186 293
186 318
186 1480
187 188
187 293
189 190
189 191
189 192
189 194
189 201
189 237
190 191
190 192
190 198
190 212
190 1230
191 192
193 202
193 209
193 211
193 212
193 1414
194 195
194 196
194 197
194 198
194 199
194 200
194 206
194 220
194 705
195 196
195 197
195 198
195 199
195 200
195 219
196 197
196 198
196 199
196 200
197 198
197 199
197 200
198 199
198 200
198 207
199 200
201 202
201 203
201 204
201 205
201 206
202 203
202 204
202 205
202 207
203 204
203 205
204 205
204 275
204 279
204 1316
204 1323
206 207
206 208
207 208
207 1191
210 211
213 214
213 215
213 216
213 217
214 215
214 216
214 217
214 1234
215 216
215 217
216 217
218 219
218 220
218 221
218 222
218 223
218 224
218 230
218 252
218 1269
218 1271
218 1272
218 1275
218 1344
218 1345
219 220
219 221
219 222
219 224
219 230
219 231
219 363
219 1270
219 1345
219 1348
219 1416
220 221
220 222
220 223
220 231
220 886
220 1344
221 222
221 223
221 224
221 1345
221 1348
221 1418
223 224
223 225
223 226
223 227
223 228
223 229
223 230
223 231
223 1269
223 1447
223 1517
224 225
224 226
224 227
224 228
224 229
224 230
224 231
224 243
224 1348
225 226
225 227
225 228
225 229
225 230
225 231
226 227
226 228
226 229
226 230
226 231
227 228
227 229
227 230
227 231
228 229
228 230
228 231
229 230
229 231
230 231
230 243
230 1348
230 1463
231 1270
231 1271
232 233
232 234
232 235
232 236
232 237
232 238
232 239
232 240
232 241
232 247
232 265
232 466
232 468
232 470
232 471
232 476
232 961
232 1269
233 234
233 235
233 236
233 237
233 238
233 239
233 240
233 241
233 247
233 454
233 466
233 468
233 470
233 475
233 476
233 1172
233 1264
233 1271
233 1275
233 1279
234 235
234 236
234 237
234 238
234 239
234 240
234 241
234 461
234 462
234 465
234 466
234 469
234 471
234 472
234 474
234 475
234 476
234 1257
234 1265
234 1272
234 1276
234 1280
235 236
235 237
235 238
235 239
235 240
235 241
236 237
236 238
236 239
236 240
236 241
237 238
237 239
237 240
237 241
237 246
237 465
237 466
237 473
237 475
237 476
237 671
237 1275
237 1279
238 239
238 240
238 241
238 247
238 453
238 466
238 473
238 476
238 1272
239 240
239 241
240 241
242 243
242 244
242 245
243 244
243 245
244 245
246 247
246 248
246 249
246 250
246 251
246 252
246 275
246 470
246 1411
247 248
247 249
247 250
247 251
247 252
247 361
247 373
247 471
247 1343
248 249
248 250
248 251
248 252
248 475
249 250
249 251
249 252
249 1265
250 251
250 252
251 252
252 1264
253 254
253 255
253 256
253 323
253 364
253 365
253 599
253 600
253 659
253 1206
253 1210
254 255
254 256
254 257
254 258
254 428
254 1173
254 1206
254 1210
255 256
255 257
255 258
255 1206
255 1210
257 258
257 259
257 260
257 261
257 262
257 263
257 264
257 265
257 287
257 323
257 921
257 922
257 926
257 930
258 259
258 260
258 261
258 262
258 263
258 264
258 266
258 287
258 288
258 931
259 260
259 261
259 262
259 263
259 264
260 261
260 262
260 263
260 264
261 262
261 263
261 264
261 387
262 263
262 264
262 387
262 388
263 264
264 1397
265 266
265 267
265 268
265 269
265 270
265 271
265 272
265 336
265 378
265 403
265 418
265 470
265 599
265 699
265 1190
265 1304
265 1362
265 1379
265 1415
265 1484
266 267
266 268
266 269
266 270
266 271
266 272
266 275
266 276
266 279
266 314
266 315
266 378
266 379
266 404
266 418
266 419
266 428
266 700
266 1191
267 268
267 269
267 270
267 271
267 272
268 269
268 270
268 271
268 272
269 270
269 271
269 272
270 271
270 272
271 272
273 274
273 328
273 387
273 475
274 329
274 991
275 276
275 277
275 278
275 296
275 306
275 314
275 318
275 358
276 277
276 278
276 296
276 297
276 306
276 314
276 318
276 319
276 358
276 462
277 278
279 280
279 281
279 282
279 283
279 284
279 287
279 288
279 302
279 332
279 372
279 418
279 438
279 482
279 602
279 683
279 759
280 281
280 282
280 283
280 284
280 287
280 288
280 302
280 324
280 333
280 361
280 373
280 387
280 388
280 408
280 428
280 436
280 438
280 795
281 282
283 284
283 285
283 286
283 287
283 288
283 435
283 438
284 285
284 286
284 288
284 358
285 286
287 288
287 289
287 290
287 291
287 479
287 709
287 795
288 289
288 290
288 291
288 302
288 388
288 444
288 710
288 795
288 946
289 290
289 291
290 291
292 293
292 294
292 295
292 438
292 1344
292 1425
293 294
293 295
293 1345
293 1421
293 1425
294 295
296 297
296 298
296 299
296 300
296 301
296 624
297 298
297 299
297 300
297 301
297 358
297 625
298 299
298 300
298 301
299 300
299 301
300 301
302 303
304 305
304 306
304 307
304 308
304 309
304 310
304 311
304 312
304 313
304 318
304 319
304 320
304 418
304 419
304 420
304 624
304 626
305 306
305 307
305 308
305 309
305 310
305 311
305 312
305 313
305 319
305 320
305 625
306 307
306 308
306 309
306 310
306 311
306 312
306 313
306 627
307 308
307 309
307 310
307 311
307 312
307 313
308 309
308 310
308 311
308 312
308 313
309 310
309 311
309 312
309 313
310 311
310 312
310 313
311 312
311 313
312 313
313 627
314 315
314 316
314 317
314 318
314 319
314 320
314 328
314 332
314 348
314 418
314 427
314 624
315 316
315 317
315 318
315 319
315 324
315 328
315 329
315 358
315 373
315 388
315 414
315 462
315 625
315 946
316 317
318 319
318 320
318 321
318 322
318 328
318 413
318 626
318 742
318 945
318 946
318 1245
318 1246
319 320
319 321
319 322
319 329
319 358
319 373
319 462
319 625
319 946
319 1246
320 321
320 322
320 358
320 462
320 795
320 945
320 946
321 322
323 324
323 325
323 326
323 327
323 332
323 354
323 357
323 361
323 402
323 407
323 408
323 413
323 461
323 778
324 325
324 326
324 327
324 329
324 333
324 354
324 358
324 407
324 408
324 413
324 414
324 462
324 795
325 326
325 327
326 327
328 329
328 330
328 331
328 332
328 333
328 357
328 615
328 616
329 330
329 331
329 333
329 364
329 428
329 1207
330 331
332 333
332 334
332 335
332 357
332 372
332 378
332 380
332 403
332 407
332 408
332 794
332 795
332 1103
333 334
333 335
333 358
333 361
333 373
333 379
333 380
333 408
333 428
333 795
334 335
336 337
336 338
336 339
336 340
336 341
337 338
337 339
337 340
337 341
337 1342
338 339
338 340
338 341
339 340
339 341
340 341
342 343
342 344
342 345
342 346
342 347
342 348
342 349
342 520
342 524
342 553
342 566
342 575
342 642
342 1256
342 1357
343 344
343 345
343 346
343 347
343 349
344 345
344 346
344 347
344 349
345 346
345 347
346 347
348 349
348 350
348 351
348 352
348 1245
349 350
349 351
349 352
349 379
349 584
349 650
350 351
350 352
351 352
353 354
353 355
353 356
354 355
354 356
354 358
354 730
355 356
356 1283
357 358
357 359
357 360
357 361
357 362
357 363
357 372
357 378
357 387
357 394
357 407
357 413
357 1216
357 1256
358 359
358 360
358 361
358 362
358 363
358 373
358 388
358 413
358 419
358 428
358 462
358 795
358 946
358 1239
359 360
359 361
359 362
359 363
360 361
360 362
360 363
361 362
361 363
361 373
361 408
361 413
362 363
364 365
364 366
364 367
364 368
364 369
364 370
364 371
364 387
364 388
364 418
364 520
364 659
364 668
364 689
364 755
364 759
364 765
364 770
364 779
364 808
364 809
364 961
364 1169
364 1220
365 366
365 367
365 368
365 369
365 370
365 371
365 756
366 367
366 368
366 369
366 370
366 371
367 368
367 369
367 370
367 371
367 420
368 369
368 370
368 371
368 372
368 387
368 418
368 1229
369 370
369 371
369 387
369 420
370 371
372 373
372 374
372 375
372 376
372 377
372 378
372 407
372 427
372 794
373 374
373 375
373 376
373 377
373 378
373 387
373 388
373 398
373 408
373 418
373 419
373 428
373 471
373 684
373 795
374 375
374 376
374 377
375 376
375 377
376 377
377 388
378 379
378 380
378 381
378 382
378 383
378 384
378 385
378 386
378 387
378 388
378 418
378 420
379 380
379 381
379 382
379 383
379 384
379 385
379 386
379 388
379 420
379 428
380 381
380 382
380 383
380 384
380 385
380 386
381 382
381 383
381 384
381 385
381 386
381 388
382 383
382 384
382 385
382 386
383 384
383 385
383 386
384 385
384 386
385 386
387 388
387 389
387 390
387 391
387 392
387 393
387 418
387 427
387 1490
388 389
388 390
388 391
388 392
388 393
388 404
388 419
388 428
388 795
388 1267
389 390
389 391
389 392
389 393
390 391
390 392
390 393
391 392
391 393
392 393
394 395
394 396
394 397
394 407
394 427
394 727
394 759
394 1216
394 1256
394 1257
395 396
395 397
395 428
396 397
398 399
398 400
398 401
398 402
398 407
398 408
398 429
399 400
399 401
399 402
400 401
400 402
401 402
402 407
403 404
403 405
403 406
404 405
404 406
404 428
405 406
407 408
407 409
407 410
407 411
407 412
407 413
407 794
408 409
408 410
408 411
408 412
408 413
408 795
409 410
409 411
409 412
410 411
410 412
411 412
413 414
413 415
413 416
413 417
413 418
414 415
414 416
414 417
415 416
415 417
416 417
418 419
418 420
418 421
418 422
418 509
418 514
418 520
418 566
418 599
418 1543
419 420
419 421
419 422
419 428
419 566
419 567
419 1544
420 421
420 422
420 425
420 922
420 971
420 1162
420 1225
421 422
423 424
423 425
423 426
423 1385
424 425
424 426
424 435
424 436
424 471
424 473
425 426
427 428
427 429
427 430
427 431
427 433
427 438
427 444
427 470
427 709
427 717
427 738
427 1238
427 1543
428 429
428 430
428 431
428 432
428 433
428 436
428 1544
429 430
429 431
429 435
429 438
429 439
429 444
429 445
429 448
429 449
430 431
432 433
432 434
432 436
432 494
432 743
432 819
432 1544
433 434
434 439
435 436
435 437
435 438
435 439
435 444
435 445
435 448
435 449
435 455
435 746
436 437
436 438
436 439
436 444
436 445
436 448
436 1235
436 1421
436 1544
438 439
438 440
438 441
438 442
438 443
438 444
438 445
438 448
438 577
438 1362
439 440
439 441
439 442
439 443
439 444
439 445
439 448
439 449
439 1543
439 1544
440 441
440 442
440 443
441 442
441 443
442 443
444 445
444 446
444 447
445 446
445 447
446 447
448 449
448 450
448 451
449 450
449 451
450 451
452 453
452 454
452 455
452 456
452 717
453 454
453 455
453 456
454 455
454 456
455 456
457 458
457 459
457 460
458 459
458 460
458 702
459 460
461 462
461 463
461 464
462 463
462 464
463 464
465 466
465 467
465 468
465 469
465 470
465 473
466 467
466 468
466 469
466 471
467 468
467 469
468 469
468 470
468 471
469 471
470 471
470 472
470 473
470 475
470 713
470 1222
470 1238
470 1271
471 472
471 473
471 474
471 476
471 1239
471 1463
472 473
473 476
473 480
473 579
473 1118
473 1257
474 475
474 476
474 477
474 478
474 576
474 1254
474 1257
474 1263
474 1267
474 1338
474 1339
475 476
475 477
475 478
475 1256
475 1257
475 1264
475 1411
475 1412
476 477
476 478
476 1254
476 1257
476 1265
476 1412
477 478
479 480
479 481
479 778
479 1190
479 1191
479 1242
479 1245
479 1249
479 1250
479 1269
479 1271
480 481
480 483
480 490
480 521
480 532
480 560
480 567
480 778
480 779
480 831
480 1179
480 1180
480 1246
480 1250
480 1293
480 1294
480 1361
482 483
482 484
482 485
482 486
482 487
482 488
482 595
482 1235
483 484
483 485
483 486
483 487
483 488
483 1236
484 485
484 486
484 487
484 488
485 486
485 487
485 488
486 487
486 488
487 488
488 1246
489 490
489 491
489 492
489 493
489 553
489 607
489 1233
489 1234
489 1235
490 491
490 492
490 493
490 586
490 588
490 594
490 1192
490 1234
491 492
491 493
492 493
492 1235
494 495
494 496
494 497
494 498
494 499
494 500
494 501
494 502
494 503
494 504
494 566
494 587
494 814
495 496
495 497
495 498
495 499
495 500
495 501
495 502
495 503
495 504
495 576
495 814
495 815
496 497
496 498
496 499
496 500
496 501
496 502
496 503
496 504
496 814
496 815
497 498
497 499
497 500
497 501
497 502
497 503
497 504
497 815
498 499
498 500
498 501
498 502
498 503
498 504
498 729
499 500
499 501
499 502
499 503
499 504
500 501
500 502
500 503
500 504
500 579
501 502
501 503
501 504
502 503
502 504
503 504
505 506
505 507
505 508
505 577
505 1423
505 1424
506 507
506 508
506 515
506 575
506 576
506 579
506 1424
507 508
509 510
509 511
509 512
509 513
509 668
509 669
509 689
509 815
510 511
510 512
510 513
510 576
511 512
511 513
512 513
514 515
514 516
514 517
514 518
514 519
514 520
514 543
514 547
514 566
514 567
515 516
515 517
515 518
515 519
515 521
515 543
515 547
515 567
515 576
515 586
515 588
515 596
515 941
516 517
516 518
516 519
517 518
517 519
518 519
520 521
520 522
520 523
520 524
520 525
520 563
520 566
520 567
520 575
520 576
520 577
520 579
520 819
521 522
521 523
521 524
521 525
521 532
521 552
521 564
521 566
521 567
521 569
521 575
521 576
521 578
521 579
521 754
521 929
522 523
524 525
524 526
524 527
524 535
524 543
524 563
524 566
524 575
524 576
524 579
524 613
524 615
524 1253
525 526
525 527
525 532
525 536
525 543
525 560
525 564
525 566
525 567
525 568
525 569
525 575
525 576
525 578
525 579
525 627
525 630
526 527
528 529
528 530
528 560
529 530
531 532
531 533
531 534
531 560
531 561
531 618
531 1179
532 533
532 534
532 552
532 560
532 561
532 563
532 564
532 567
532 616
532 751
532 1179
532 1221
533 534
534 587
535 536
535 537
535 538
535 539
535 540
535 541
535 1222
536 537
536 538
536 539
536 540
536 541
536 1223
537 538
537 539
537 540
537 541
538 539
538 540
538 541
539 540
539 541
540 541
542 543
542 544
542 545
542 546
542 575
542 629
543 544
543 545
543 546
543 552
543 553
543 560
543 579
543 597
543 619
544 545
544 546
545 546
547 548
547 549
547 550
548 549
548 550
549 550
551 552
551 553
551 554
551 555
551 556
551 557
551 558
551 559
552 553
552 554
552 555
552 556
552 557
552 558
552 559
552 560
552 564
552 569
552 618
552 640
553 554
553 555
553 556
553 557
553 558
553 559
553 560
553 563
553 564
553 568
553 618
553 640
553 641
554 555
554 556
554 557
554 558
554 559
554 560
554 564
554 614
554 616
554 618
554 637
554 640
555 556
555 557
555 558
555 559
556 557
556 558
556 559
557 558
557 559
557 1367
557 1368
557 1385
558 559
558 1378
560 561
560 562
560 563
560 564
560 619
561 562
561 563
561 564
561 569
561 614
563 564
563 565
563 1179
563 1245
564 565
564 619
564 1522
564 1526
566 567
566 568
566 569
566 570
566 571
566 572
566 573
566 574
566 575
566 576
566 577
566 579
566 624
566 625
566 738
566 1220
567 568
567 569
567 570
567 571
567 572
567 573
567 574
567 575
567 578
567 625
567 630
568 569
568 570
568 571
568 572
568 573
568 574
568 575
568 576
568 587
568 595
568 613
568 626
568 636
568 1223
569 570
569 571
569 572
569 573
569 574
569 576
569 853
570 571
570 572
570 573
570 574
571 572
571 573
571 574
572 573
572 574
573 574
575 576
575 577
575 578
575 579
575 580
575 581
575 582
575 717
575 1220
575 1253
576 577
576 578
576 579
576 580
576 581
576 582
576 717
577 578
577 579
577 580
577 581
577 582
577 615
578 579
578 580
578 581
578 582
579 580
579 581
579 582
579 815
579 1038
580 581
580 582
581 582
583 584
583 585
583 586
583 587
583 588
583 589
583 590
583 591
583 592
583 593
583 594
583 595
583 597
583 1289
583 1423
584 585
584 586
584 587
584 588
584 589
584 590
584 591
584 592
584 593
584 596
584 650
584 1053
585 586
585 587
585 588
585 589
585 590
585 591
585 592
585 593
585 595
586 587
586 588
586 589
586 590
586 591
586 592
586 593
586 595
586 597
586 815
586 1227
586 1229
586 1230
587 588
587 589
587 590
587 591
587 592
587 593
587 596
587 1224
588 589
588 590
588 591
588 592
588 593
588 1225
588 1227
588 1229
588 1230
588 1234
588 1236
589 590
589 591
589 592
590 591
590 592
591 592
593 594
593 595
593 596
593 597
593 598
593 733
593 759
593 1190
593 1194
594 595
594 596
594 597
594 598
594 1172
594 1227
594 1229
594 1230
594 1471
595 596
595 597
595 598
595 1226
595 1229
595 1230
596 597
596 598
596 1230
597 598
597 600
597 1221
597 1225
597 1230
597 1283
599 600
599 601
599 602
599 603
599 604
599 605
599 606
599 607
599 608
599 609
599 610
599 611
599 612
599 659
599 679
599 699
599 701
599 713
599 738
599 765
599 1133
599 1220
599 1521
599 1525
599 1526
600 601
600 602
600 603
600 604
600 605
600 606
600 607
600 608
600 609
600 610
600 611
600 612
600 654
600 658
600 699
600 766
600 1221
600 1522
600 1526
601 602
601 603
601 604
601 605
601 606
601 607
601 608
601 609
601 610
601 611
601 612
601 656
601 679
601 715
601 1181
601 1217
601 1220
602 603
602 604
602 605
602 606
602 607
602 608
602 609
602 610
602 611
602 612
603 604
603 605
603 606
603 607
603 608
603 609
603 610
603 611
603 612
604 605
604 606
604 607
604 608
604 609
604 610
604 611
604 612
605 606
605 607
605 608
605 609
605 610
605 611
605 612
606 607
606 608
606 609
606 610
606 611
606 612
607 608
607 609
607 610
607 611
607 612
607 650
607 679
607 915
607 1217
607 1220
607 1234
608 609
608 610
608 611
608 612
608 679
608 699
608 733
608 742
608 915
608 995
608 1215
608 1216
608 1217
608 1220
609 610
609 611
609 612
609 654
609 1215
609 1217
609 1221
610 611
610 612
611 612
612 1216
613 614
613 615
613 616
613 618
613 619
613 626
613 636
613 640
613 676
613 677
613 701
613 717
613 738
613 908
614 616
614 618
614 619
614 637
614 640
614 656
614 677
614 680
614 717
614 738
614 908
615 616
615 617
615 629
616 617
616 619
618 619
618 636
618 676
618 717
618 738
618 739
619 640
619 672
619 674
619 677
619 798
620 621
620 622
620 623
620 629
620 643
620 668
620 676
620 719
620 729
620 746
620 1210
621 622
621 623
621 630
621 648
621 658
621 659
621 660
621 771
622 623
624 625
624 626
624 627
624 628
624 717
624 1220
624 1238
625 626
625 627
625 628
625 630
625 632
625 1220
625 1221
626 627
626 628
626 995
626 1220
626 1221
627 627
627 628
627 920
627 927
627 946
627 1505
629 630
629 640
629 1016
629 1242
629 1245
630 640
630 664
630 1245
631 632
631 633
631 634
631 635
632 633
632 634
632 635
632 812
633 634
633 635
634 635
636 637
636 638
636 639
636 640
636 641
636 642
636 653
636 654
636 717
636 719
636 738
636 802
636 814
636 815
636 1383
637 638
637 639
637 640
637 641
637 642
637 643
637 644
637 654
638 639
638 640
638 641
638 642
639 640
639 641
639 642
640 641
640 642
640 654
640 679
640 680
641 642
642 1256
643 644
643 645
643 646
643 647
643 648
644 645
644 646
644 647
644 648
645 646
645 647
645 648
646 647
646 648
647 648
647 738
648 739
649 650
649 651
649 652
650 651
650 652
650 1215
651 652
653 654
653 655
653 656
653 730
654 655
654 656
654 812
654 1221
655 656
656 677
657 658
657 729
657 730
658 1215
658 1217
659 660
659 661
659 662
659 663
659 664
659 665
659 666
659 667
659 668
659 689
659 694
659 695
659 699
659 701
659 709
659 713
659 738
659 755
659 756
659 759
659 760
659 765
659 766
659 774
659 775
659 808
659 809
659 812
659 940
659 1169
659 1170
659 1190
659 1210
659 1220
659 1222
659 1236
659 1534
660 661
660 662
660 663
660 664
660 665
660 666
660 667
660 669
660 680
660 689
660 690
660 695
660 700
660 702
660 756
660 766
660 771
660 774
660 775
660 808
660 809
660 812
660 1211
661 662
661 663
661 664
661 665
661 666
661 667
662 663
662 664
662 665
662 666
662 667
663 664
663 665
663 666
663 667
664 665
664 666
664 667
664 690
664 700
664 765
664 766
665 666
665 667
666 667
667 1230
668 669
668 670
668 671
668 689
668 770
668 915
668 1159
668 1169
668 1176
668 1220
668 1300
669 670
669 671
669 690
669 695
669 1169
669 1176
670 671
672 673
672 674
672 675
672 676
672 677
672 678
673 674
673 675
673 676
673 677
673 678
674 675
674 676
674 677
674 678
674 680
674 690
674 760
674 800
674 1054
675 676
675 677
675 678
675 1256
676 677
676 678
677 678
677 680
677 690
677 691
678 756
678 760
678 1217
678 1230
679 680
679 681
679 682
679 689
679 699
680 681
680 682
680 690
680 700
680 702
680 812
681 682
683 684
683 685
683 686
683 687
683 688
683 691
683 779
684 685
684 686
684 687
684 688
684 1002
684 1003
685 686
685 687
685 688
686 687
686 688
687 688
689 690
689 691
689 692
689 693
689 701
689 763
689 778
689 779
689 782
689 1220
689 1300
690 691
690 692
690 693
690 700
690 779
690 783
691 692
691 693
691 704
691 782
691 1295
692 693
694 695
694 696
694 697
694 698
694 778
695 696
695 697
695 698
696 697
696 698
697 698
699 700
699 701
699 702
699 703
699 704
699 763
699 765
700 701
700 702
700 703
700 704
700 763
700 766
701 702
701 703
701 704
701 709
701 719
701 759
701 763
702 703
702 704
702 763
703 704
705 706
705 707
705 708
705 709
705 717
705 719
705 790
705 794
705 1226
705 1229
705 1230
706 707
706 708
706 709
706 715
706 718
706 791
706 1226
706 1229
707 708
709 710
709 711
709 712
709 713
709 717
709 738
709 1052
709 1222
709 1225
709 1226
709 1229
709 1230
710 711
710 712
710 714
710 718
710 846
710 1222
710 1229
710 1249
711 712
711 738
711 808
713 714
713 715
713 716
713 727
713 729
713 1206
713 1207
714 715
714 716
715 716
715 760
717 718
717 719
717 720
717 721
717 722
717 723
717 724
717 725
717 726
717 727
717 738
717 742
717 743
717 852
717 971
717 973
717 1249
717 1521
718 719
718 720
718 721
718 722
718 723
718 724
718 725
718 726
718 727
718 743
719 720
719 721
719 722
719 723
719 724
719 725
719 726
719 739
719 742
720 721
720 722
720 723
720 724
720 725
720 726
721 722
721 723
721 724
721 725
721 726
722 723
722 724
722 725
722 726
723 724
723 725
723 726
723 738
723 739
723 742
724 725
724 726
725 726
727 728
727 729
727 730
727 738
727 739
727 1206
727 1207
728 759
729 730
729 731
729 732
729 733
729 770
729 830
729 1190
729 1210
730 731
730 732
730 739
731 732
733 734
733 735
733 736
733 737
734 735
734 736
734 737
735 736
735 737
736 737
738 739
738 740
738 741
738 743
738 779
738 852
738 875
738 1249
739 740
739 741
739 742
739 743
739 746
739 747
739 779
740 741
742 743
742 744
742 745
742 746
742 763
742 1158
743 744
743 745
743 746
743 763
743 786
744 745
744 1230
746 747
746 748
746 749
746 750
746 751
746 752
746 753
746 754
746 814
747 748
747 749
747 750
747 751
747 752
747 753
747 754
748 749
748 750
748 751
748 752
748 753
748 754
749 750
749 751
749 752
749 753
749 754
750 751
750 752
750 753
750 754
751 752
751 753
751 754
752 753
752 754
753 754
754 779
755 756
755 757
755 758
755 759
755 760
755 761
755 762
755 763
755 764
755 765
755 766
755 767
755 768
755 769
755 770
755 771
755 772
755 773
755 774
755 775
755 776
755 777
755 808
755 1026
755 1547
756 757
756 758
756 759
756 760
756 761
756 762
756 763
756 764
756 765
756 766
756 767
756 768
756 769
756 770
756 771
756 772
756 773
756 774
756 775
756 776
756 777
756 795
756 808
756 809
756 991
757 758
757 759
757 760
757 761
757 762
757 763
757 764
757 765
757 766
757 767
757 768
757 769
757 770
757 771
757 772
757 773
757 774
757 775
757 776
757 777
758 759
758 760
758 761
758 762
758 763
758 764
758 765
758 766
758 767
758 768
758 769
758 770
758 771
758 772
758 773
758 774
758 775
758 776
758 777
759 760
759 761
759 762
759 763
759 764
759 765
759 766
759 767
759 768
759 769
759 770
759 771
759 772
759 773
759 774
759 775
759 776
759 777
759 778
759 794
759 808
759 814
759 1216
760 761
760 762
760 763
760 764
760 765
760 766
760 767
760 768
760 769
760 770
760 771
760 772
760 773
760 774
760 775
760 776
760 777
760 795
760 808
760 809
761 762
761 763
761 764
761 765
761 766
761 767
761 768
761 769
761 770
761 771
761 772
761 773
761 774
761 775
761 776
761 777
762 763
762 764
762 765
762 766
762 767
762 768
762 769
762 770
762 771
762 772
762 773
762 774
762 775
762 776
762 777
763 764
763 765
763 766
763 767
763 768
763 769
763 770
763 771
763 772
763 773
763 774
763 775
763 776
763 777
763 809
763 812
763 841
763 875
763 911
763 915
763 941
763 961
763 973
763 974
763 1220
764 765
764 766
764 767
764 768
764 769
764 770
764 771
764 772
764 773
764 774
764 775
764 776
764 777
764 812
765 766
765 767
765 768
765 769
765 770
765 771
765 772
765 773
765 774
765 775
765 776
765 777
765 808
765 1220
766 767
766 768
766 769
766 770
766 771
766 772
766 773
766 774
766 775
766 776
766 777
766 808
766 809
767 768
767 769
767 770
767 771
767 772
767 773
767 774
767 775
767 776
767 777
768 769
768 770
768 771
768 772
768 773
768 774
768 775
768 776
768 777
769 770
769 771
769 772
769 773
769 774
769 775
769 776
769 777
770 771
770 772
770 773
770 774
770 775
770 776
770 777
770 790
770 841
770 990
770 1011
770 1220
771 772
771 773
771 774
771 775
771 776
771 777
771 795
771 801
771 804
771 805
771 808
771 809
772 773
772 774
772 775
772 776
772 777
773 774
773 775
773 776
773 777
774 775
774 776
774 777
774 778
774 800
774 804
774 808
774 809
774 911
774 961
775 776
775 777
775 804
775 805
775 808
775 809
775 812
775 972
776 777
776 926
778 779
778 780
778 781
778 782
778 783
778 786
778 1198
778 1206
778 1462
778 1463
779 780
779 781
779 782
779 783
779 786
779 815
779 1207
779 1220
780 781
782 783
782 784
782 785
783 784
783 785
783 815
784 785
786 787
786 788
786 789
787 788
787 789
788 789
789 1192
790 791
790 792
790 793
790 794
790 795
790 796
790 797
790 798
790 799
790 1192
791 792
791 793
791 794
791 795
791 796
791 797
791 798
791 799
791 812
792 793
792 794
792 795
792 796
792 797
792 798
792 799
793 794
793 795
793 796
793 797
793 798
793 799
794 795
794 796
794 797
794 798
794 799
795 796
795 797
795 798
795 799
795 809
795 846
796 797
796 798
796 799
797 798
797 799
798 799
798 971
800 801
800 802
800 803
801 802
801 803
802 803
804 805
804 806
804 807
804 808
804 809
804 812
805 806
805 807
805 809
805 812
806 807
808 809
808 810
808 811
808 812
808 813
809 810
809 811
809 812
809 813
809 815
810 811
810 812
810 813
811 812
811 813
812 813
812 888
812 1229
812 1230
812 1263
812 1267
812 1282
812 1305
813 838
814 815
814 816
814 817
814 818
814 819
814 820
814 1026
815 816
815 817
815 818
815 819
815 820
815 822
815 881
815 1053
815 1415
816 817
816 818
817 818
819 820
819 821
819 822
819 1229
820 821
820 822
820 896
821 822
823 824
823 825
823 826
823 827
823 875
823 876
823 911
823 915
823 953
823 954
823 979
824 825
824 826
824 827
824 842
824 870
824 879
824 880
824 892
824 911
824 912
824 915
824 999
824 1020
824 1060
825 826
825 827
825 869
825 870
825 879
825 880
825 911
825 926
825 1094
825 1220
825 1271
826 827
826 835
826 869
826 870
826 896
826 965
826 966
826 1017
828 829
828 830
830 831
830 832
830 833
830 834
830 896
831 832
831 833
831 835
831 853
831 1246
832 833
834 835
834 836
834 837
834 838
834 840
834 860
834 986
834 987
835 836
835 837
835 838
835 860
835 861
835 867
835 968
835 982
835 986
835 987
837 838
837 839
837 840
837 858
837 938
837 981
837 986
837 987
837 1094
837 1269
838 839
838 840
838 853
838 870
838 982
838 987
838 1094
838 1095
839 840
841 842
841 843
841 844
841 845
841 846
841 847
841 848
841 875
841 876
841 896
842 843
842 844
842 845
842 846
842 847
842 848
842 875
842 876
842 1239
843 844
843 845
843 846
844 845
844 846
845 846
846 847
846 875
846 876
846 896
846 1017
847 848
847 849
847 850
847 851
847 875
847 876
847 921
847 1074
848 849
848 850
848 851
848 875
848 876
848 922
849 850
849 851
850 851
852 853
852 854
852 855
852 856
852 857
852 869
852 870
852 930
852 981
852 982
852 1003
852 1063
853 854
853 855
853 856
853 857
853 869
853 870
853 876
853 931
853 981
853 982
854 855
854 856
854 857
855 856
855 857
856 857
858 859
858 860
858 861
858 862
858 863
858 864
858 865
858 866
858 867
858 868
858 875
858 876
858 921
858 922
858 926
858 930
858 931
858 1061
858 1063
858 1074
858 1133
859 860
859 861
859 862
859 863
859 864
859 865
859 866
859 867
859 868
859 875
859 921
859 922
859 930
859 931
859 1004
859 1063
859 1133
860 861
860 862
860 863
860 864
860 865
860 866
860 867
860 868
860 1122
861 862
861 863
861 864
861 865
861 866
861 867
861 868
862 863
862 864
862 865
862 866
862 867
862 868
863 864
863 865
863 866
863 867
863 868
864 865
864 866
864 867
864 868
864 1122
865 866
865 867
865 868
866 867
866 868
866 911
866 1035
867 868
868 927
869 870
869 871
869 872
869 873
869 874
869 1063
870 871
870 872
870 873
870 874
871 872
871 873
871 874
872 873
872 874
873 874
875 876
875 877
875 878
875 921
875 981
876 877
876 878
876 972
876 982
876 1017
877 878
879 880
879 881
879 882
879 883
879 884
879 885
879 886
879 892
879 930
880 881
880 882
880 883
880 884
880 885
880 886
880 892
880 896
881 882
881 883
881 884
881 885
881 886
882 883
882 884
882 885
882 886
883 884
883 885
883 886
884 885
884 886
885 886
887 888
887 889
887 890
887 891
887 1411
888 889
888 890
888 891
889 890
889 891
890 891
892 893
892 894
892 895
893 894
893 895
894 895
896 897
896 898
896 899
896 922
896 966
896 1017
896 1267
897 898
897 899
898 899
900 901
900 902
900 903
900 904
900 905
900 906
900 990
901 902
901 903
901 904
901 905
901 906
902 903
902 904
902 905
902 906
903 904
903 905
903 906
904 905
904 906
905 906
907 908
907 909
907 910
907 921
907 930
907 990
908 909
908 910
908 991
909 910
911 912
911 913
911 914
911 915
911 916
911 917
911 918
911 919
911 920
911 921
911 1007
911 1020
912 913
912 914
912 915
912 916
912 917
912 918
912 919
912 920
912 993
912 1008
913 914
913 915
913 916
913 917
913 918
913 919
913 920
914 915
914 916
914 917
914 918
914 919
914 920
915 916
915 917
915 918
915 919
915 920
915 1007
915 1008
915 1094
915 1098
915 1279
916 917
916 918
916 919
916 920
917 918
917 919
917 920
918 919
918 920
918 1094
919 920
920 993
920 1008
920 1105
921 922
921 923
921 924
921 925
921 926
921 927
921 928
921 929
921 930
921 931
921 971
921 1002
921 1003
922 923
922 924
922 925
922 926
922 927
922 928
922 929
922 930
922 931
922 1003
922 1004
922 1060
923 924
923 925
923 926
923 927
923 928
923 929
923 930
923 931
924 925
924 926
924 927
924 928
924 929
924 930
924 931
925 926
925 927
925 928
925 929
925 930
925 931
926 927
926 928
926 929
926 930
926 931
926 934
926 935
926 1133
926 1134
926 1279
927 928
927 929
927 930
927 931
927 985
927 1003
928 929
928 930
928 931
929 930
929 931
930 931
930 1002
930 1003
930 1004
930 1133
930 1134
931 1003
931 1004
932 933
932 934
932 935
932 973
932 1074
932 1075
933 941
934 935
934 936
934 937
934 938
934 939
934 971
934 973
934 995
934 1011
934 1074
934 1075
934 1082
935 936
935 937
935 939
935 974
935 995
935 1004
935 1074
935 1075
936 937
938 939
938 971
938 972
938 973
938 974
938 1070
939 974
939 985
939 1115
940 941
940 942
940 943
940 944
940 953
940 967
940 973
940 1082
940 1083
940 1269
941 942
941 943
941 944
941 946
941 949
941 950
941 962
941 963
941 971
941 972
941 974
941 977
941 1082
941 1083
942 943
942 944
943 944
945 946
945 947
945 948
945 949
945 950
945 951
945 952
945 1061
945 1271
946 947
946 948
946 949
946 950
946 951
946 952
946 974
946 1063
947 948
947 949
947 950
947 951
947 952
948 949
948 950
948 951
948 952
949 950
949 951
949 952
949 1083
950 951
950 952
951 952
953 954
953 955
953 956
953 957
953 958
953 959
953 960
953 961
953 971
953 973
954 955
954 956
954 957
954 958
954 959
954 960
954 961
954 962
954 963
955 956
955 957
955 958
955 959
955 960
956 957
956 958
956 959
956 960
957 958
957 959
957 960
958 959
958 960
959 960
959 1367
961 962
961 963
961 964
961 971
961 972
961 973
961 974
961 1002
961 1007
961 1011
961 1087
961 1098
961 1103
961 1104
961 1113
962 963
962 964
962 967
962 968
962 971
962 972
962 974
962 993
962 1002
962 1011
962 1103
962 1104
962 1130
963 964
963 967
963 968
963 972
963 974
963 993
963 1011
963 1103
963 1104
963 1130
965 966
965 967
965 968
965 969
965 970
966 967
966 968
966 969
966 970
967 968
967 969
967 970
967 971
967 972
967 1074
967 1075
968 969
968 970
968 1075
968 1128
969 970
971 972
971 973
972 977
973 974
973 975
973 976
973 977
973 978
973 979
973 1002
973 1057
974 975
974 976
974 977
974 978
975 976
975 977
975 978
976 977
976 978
977 978
978 1002
978 1074
979 980
979 1113
979 1114
981 982
981 983
981 984
981 985
981 986
981 987
981 988
981 1083
981 1114
982 983
982 984
982 985
982 986
982 987
982 988
983 984
983 985
983 986
983 987
983 988
984 985
984 986
984 987
984 988
985 986
985 987
985 988
986 987
986 988
986 1083
987 988
989 1035
989 1036
990 991
990 992
990 993
990 994
990 1035
991 992
991 993
991 994
992 993
992 994
993 994
994 1035
994 1094
995 996
995 997
995 998
995 999
995 1000
995 1001
995 1002
995 1003
996 997
996 998
996 999
996 1000
996 1001
996 1035
996 1036
997 998
997 999
997 1000
997 1001
998 999
998 1000
998 1001
999 1000
999 1001
1000 1001
1002 1003
1002 1004
1002 1005
1002 1011
1002 1024
1002 1050
1002 1074
1002 1139
1002 1144
1003 1004
1003 1005
1003 1012
1003 1020
1003 1144
1004 1005
1004 1053
1004 1144
1006 1007
1006 1008
1006 1009
1006 1010
1007 1008
1007 1009
1007 1010
1008 1009
1008 1010
1009 1010
1011 1012
1011 1013
1011 1014
1011 1015
1011 1133
1012 1013
1012 1014
1012 1015
1013 1014
1013 1015
1014 1015
1016 1017
1016 1018
1016 1019
1016 1035
1017 1018
1017 1019
1017 1036
1018 1019
1020 1021
1020 1022
1020 1023
1020 1024
1020 1025
1020 1128
1021 1022
1021 1023
1021 1024
1021 1025
1022 1023
1022 1024
1022 1025
1023 1024
1023 1025
1024 1025
1026 1027
1026 1028
1026 1029
1026 1030
1026 1031
1026 1032
1026 1033
1026 1034
1027 1028
1027 1029
1027 1030
1027 1031
1027 1032
1027 1033
1027 1034
1028 1029
1028 1030
1028 1031
1028 1032
1028 1033
1028 1034
1029 1030
1029 1031
1029 1032
1029 1033
1029 1034
1030 1031
1030 1032
1030 1033
1030 1034
1031 1032
1031 1033
1031 1034
1032 1033
1032 1034
1033 1034
1035 1036
1035 1037
1035 1038
1035 1039
1035 1040
1035 1041
1035 1044
1035 1070
1036 1037
1036 1038
1036 1039
1036 1040
1036 1041
1036 1128
1037 1038
1037 1039
1038 1039
1038 1162
1039 1230
1040 1041
1040 1042
1040 1043
1040 1044
1040 1045
1040 1046
1041 1042
1041 1043
1041 1044
1041 1045
1041 1046
1042 1043
1042 1044
1042 1045
1042 1046
1043 1044
1043 1045
1043 1046
1044 1045
1044 1046
1045 1046
1047 1048
1047 1049
1047 1050
1047 1051
1048 1049
1048 1050
1048 1051
1049 1050
1049 1051
1050 1051
1052 1053
1052 1054
1052 1055
1052 1056
1052 1057
1052 1058
1053 1054
1053 1055
1053 1056
1053 1057
1053 1058
1054 1055
1054 1056
1054 1057
1054 1058
1055 1056
1055 1057
1055 1058
1056 1057
1056 1058
1057 1058
1059 1060
1059 1061
1059 1063
1060 1061
1060 1063
1061 1062
1061 1063
1061 1064
1062 1063
1062 1064
1063 1064
1063 1130
1064 1439
1065 1066
1065 1067
1065 1068
1065 1069
1065 1094
1066 1067
1066 1068
1066 1069
1067 1068
1067 1069
1068 1069
1070 1071
1070 1072
1070 1073
1070 1095
1071 1072
1071 1073
1071 1095
1072 1073
1074 1075
1074 1076
1074 1077
1074 1078
1074 1079
1074 1080
1074 1081
1074 1082
1074 1083
1075 1076
1075 1077
1075 1078
1075 1079
1075 1080
1075 1081
1075 1083
1075 1134
1076 1077
1076 1078
1076 1079
1076 1080
1076 1081
1077 1078
1077 1079
1077 1080
1077 1081
1078 1079
1078 1080
1078 1081
1079 1080
1079 1081
1080 1081
1080 1133
1081 1114
1081 1133
1082 1083
1082 1084
1082 1085
1082 1086
1082 1087
1082 1113
1082 1114
1083 1084
1083 1085
1083 1086
1083 1087
1083 1101
1083 1113
1083 1114
1084 1085
1084 1086
1084 1087
1085 1086
1085 1087
1086 1087
1087 1113
1088 1089
1088 1090
1088 1091
1088 1092
1088 1093
1088 1094
1088 1127
1089 1090
1089 1091
1089 1092
1089 1093
1089 1095
1090 1091
1090 1092
1090 1093
1091 1092
1091 1093
1092 1093
1094 1095
1094 1096
1094 1097
1094 1103
1094 1127
1094 1220
1095 1096
1095 1097
1095 1104
1095 1128
1096 1097
1098 1099
1098 1100
1098 1101
1098 1102
1098 1103
1098 1104
1098 1105
1098 1106
1099 1100
1099 1101
1099 1102
1099 1103
1099 1104
1099 1105
1099 1106
1100 1101
1100 1102
1100 1103
1100 1104
1100 1105
1100 1106
1101 1102
1101 1103
1101 1104
1101 1105
1101 1106
1101 1113
1101 1114
1102 1103
1102 1104
1102 1105
1102 1106
1103 1104
1103 1105
1103 1106
1103 1113
1103 1127
1104 1105
1104 1106
1104 1134
1105 1106
1105 1128
1107 1108
1107 1109
1107 1110
1107 1111
1107 1112
1107 1127
1108 1109
1108 1110
1108 1111
1108 1112
1109 1110
1109 1111
1109 1112
1110 1111
1110 1112
1110 1128
1111 1112
1113 1114
1113 1115
1113 1116
1113 1117
1113 1127
1114 1115
1114 1116
1114 1117
1114 1130
1115 1116
1115 1117
1116 1117
1118 1119
1118 1120
1118 1121
1118 1122
1118 1123
1118 1438
1119 1120
1119 1121
1119 1123
1119 1217
1120 1121
1122 1123
1122 1124
1122 1125
1122 1126
1122 1293
1122 1294
1122 1302
1122 1303
1122 1316
1122 1462
1123 1124
1123 1125
1123 1126
1123 1290
1123 1293
1123 1294
1123 1305
1123 1317
1124 1125
1124 1126
1125 1126
1127 1128
1127 1129
1127 1130
1127 1131
1127 1132
1128 1129
1128 1130
1128 1131
1128 1132
1128 1133
1128 1134
1129 1130
1129 1131
1129 1132
1130 1131
1130 1132
1130 1133
1130 1134
1131 1132
1133 1134
1133 1135
1133 1308
1134 1135
1134 1137
1136 1137
1136 1138
1136 1367
1136 1368
1137 1138
1139 1140
1139 1141
1139 1142
1140 1141
1140 1142
1141 1142
1143 1144
1143 1145
1143 1146
1143 1147
1144 1145
1144 1146
1144 1147
1145 1146
1145 1147
1146 1147
1148 1149
1148 1150
1148 1151
1148 1152
1148 1153
1148 1154
1148 1155
1148 1156
1148 1157
1148 1158
1148 1160
1148 1170
1149 1150
1149 1151
1149 1152
1149 1153
1149 1154
1149 1155
1149 1156
1149 1157
1149 1158
1149 1160
1149 1162
1149 1236
1150 1151
1150 1152
1150 1153
1150 1154
1150 1155
1150 1156
1150 1157
1150 1158
1151 1152
1151 1153
1151 1154
1151 1155
1151 1156
1151 1157
1151 1158
1152 1153
1152 1154
1152 1155
1152 1156
1152 1157
1152 1158
1153 1154
1153 1155
1153 1156
1153 1157
1153 1158
1154 1155
1154 1156
1154 1157
1154 1158
1155 1156
1155 1157
1155 1158
1156 1157
1156 1158
1157 1158
1159 1160
1159 1161
1159 1162
1159 1163
1159 1164
1159 1179
1159 1220
1159 1279
1160 1161
1160 1162
1160 1163
1160 1164
1160 1166
1160 1169
1160 1170
1161 1162
1161 1163
1161 1164
1161 1283
1162 1163
1162 1164
1162 1170
1162 1176
1162 1177
1162 1295
1163 1164
1165 1166
1165 1167
1165 1168
1166 1167
1166 1168
1166 1170
1166 1207
1167 1168
1169 1170
1169 1171
1169 1176
1169 1177
1169 1179
1169 1206
1169 1207
1169 1210
1169 1220
1169 1293
1170 1171
1170 1173
1170 1176
1170 1180
1170 1181
1170 1191
1170 1207
1170 1294
1172 1173
1172 1174
1172 1175
1173 1174
1173 1175
1173 1180
1174 1175
1176 1177
1176 1178
1176 1179
1176 1206
1177 1178
1177 1180
1177 1192
1179 1180
1179 1181
1179 1182
1179 1183
1179 1184
1179 1194
1179 1198
1179 1202
1179 1206
1179 1210
1179 1293
1180 1181
1180 1182
1180 1183
1180 1184
1180 1192
1180 1207
1180 1211
1181 1182
1181 1183
1181 1184
1181 1199
1181 1207
1181 1211
1182 1183
1182 1184
1182 1343
1183 1184
1185 1186
1185 1187
1185 1188
1185 1189
1186 1187
1186 1188
1186 1189
1186 1343
1187 1188
1187 1189
1188 1189
1189 1190
1189 1191
1190 1191
1190 1192
1190 1193
1190 1194
1190 1198
1190 1206
1190 1207
1190 1210
1190 1220
1190 1245
1190 1253
1191 1192
1191 1193
1191 1194
1191 1207
1192 1193
1192 1194
1192 1195
1192 1198
1192 1202
1192 1203
1192 1207
1192 1209
1192 1212
1192 1225
1194 1195
1194 1196
1194 1197
1195 1196
1195 1197
1196 1197
1198 1199
1198 1200
1198 1201
1199 1200
1199 1201
1200 1201
1202 1203
1202 1204
1202 1205
1203 1204
1203 1205
1204 1205
1206 1207
1206 1208
1206 1209
1206 1210
1206 1215
1206 1216
1206 1217
1207 1208
1207 1209
1207 1210
1207 1215
1207 1217
1208 1209
1210 1211
1210 1212
1210 1213
1210 1214
1210 1220
1211 1212
1211 1213
1211 1214
1212 1213
1212 1214
1213 1214
1215 1216
1215 1217
1215 1218
1215 1219
1215 1220
1216 1217
1216 1218
1216 1219
1216 1220
1216 1256
1217 1218
1217 1219
1217 1220
1217 1221
1218 1219
1220 1221
1220 1222
1220 1415
1221 1223
1221 1225
1221 1230
1221 1234
1221 1275
1222 1223
1222 1224
1222 1225
1222 1226
1222 1229
1222 1233
1222 1249
1223 1224
1223 1225
1223 1227
1223 1230
1224 1225
1224 1235
1225 1226
1225 1229
1225 1230
1225 1249
1226 1227
1226 1228
1226 1229
1226 1230
1227 1228
1227 1343
1229 1230
1229 1231
1229 1232
1229 1233
1229 1415
1230 1231
1230 1232
1231 1232
1233 1234
1233 1235
1233 1236
1233 1237
1233 1249
1233 1275
1233 1276
1233 1279
1233 1285
1234 1235
1234 1236
1234 1237
1235 1236
1235 1237
1235 1367
1235 1368
1236 1237
1236 1385
1238 1239
1238 1240
1238 1241
1239 1240
1239 1241
1240 1241
1242 1243
1242 1244
1243 1244
1245 1246
1245 1247
1245 1248
1245 1253
1245 1269
1245 1279
1245 1335
1245 1343
1246 1247
1246 1248
1246 1276
1247 1248
1247 1280
1249 1250
1249 1251
1249 1252
1249 1270
1249 1271
1249 1276
1250 1251
1250 1252
1251 1252
1253 1254
1253 1255
1253 1257
1253 1282
1254 1255
1254 1281
1254 1282
1256 1257
1256 1258
1256 1259
1256 1260
1256 1261
1256 1262
1256 1263
1256 1411
1257 1258
1257 1259
1257 1260
1257 1261
1257 1262
1257 1263
1257 1264
1257 1272
1257 1281
1257 1305
1257 1321
1257 1327
1257 1521
1258 1259
1258 1260
1258 1261
1258 1262
1258 1263
1259 1260
1259 1261
1259 1262
1259 1263
1260 1261
1260 1262
1260 1263
1261 1262
1261 1263
1262 1263
1262 1321
1262 1338
1263 1282
1263 1322
1263 1339
1264 1265
1264 1266
1264 1267
1264 1268
1264 1281
1264 1282
1264 1322
1264 1334
1264 1335
1264 1338
1265 1266
1265 1267
1265 1268
1265 1276
1265 1283
1265 1317
1265 1336
1266 1267
1266 1268
1267 1268
1267 1270
1267 1271
1267 1272
1267 1275
1267 1280
1267 1281
1267 1282
1267 1283
1267 1321
1267 1322
1267 1336
1267 1338
1267 1339
1267 1343
1269 1270
1269 1271
1269 1272
1269 1273
1269 1274
1269 1275
1269 1276
1269 1277
1269 1278
1269 1279
1269 1280
1269 1281
1269 1289
1269 1321
1269 1335
1269 1338
1269 1396
1270 1271
1270 1272
1270 1273
1270 1274
1270 1275
1270 1276
1270 1277
1270 1278
1270 1279
1270 1280
1270 1282
1270 1321
1270 1322
1270 1336
1270 1339
1270 1343
1270 1412
1271 1272
1271 1273
1271 1274
1271 1275
1271 1276
1271 1277
1271 1278
1271 1279
1271 1280
1271 1281
1271 1282
1271 1338
1272 1273
1272 1274
1272 1275
1272 1276
1272 1277
1272 1278
1272 1279
1272 1280
1272 1282
1272 1322
1273 1274
1273 1275
1273 1276
1273 1277
1273 1278
1273 1279
1273 1280
1274 1275
1274 1276
1274 1277
1274 1278
1274 1279
1274 1280
1275 1276
1275 1277
1275 1278
1275 1279
1275 1280
1275 1281
1275 1316
1275 1338
1276 1277
1276 1278
1276 1279
1276 1280
1276 1282
1276 1305
1276 1322
1277 1278
1277 1279
1277 1280
1278 1279
1278 1280
1279 1280
1279 1281
1280 1283
1281 1282
1281 1283
1281 1284
1281 1321
1281 1322
1281 1335
1281 1338
1282 1283
1282 1284
1282 1317
1282 1321
1282 1322
1282 1336
1282 1338
1282 1339
1283 1284
1283 1322
1283 1338
1285 1286
1285 1287
1285 1288
1286 1287
1286 1288
1287 1288
1289 1290
1289 1291
1289 1292
1289 1316
1289 1321
1289 1323
1290 1291
1290 1292
1290 1321
1290 1322
1290 1336
1290 1339
1291 1292
1293 1294
1293 1295
1293 1296
1293 1297
1293 1298
1293 1299
1294 1295
1294 1296
1294 1297
1294 1298
1294 1299
1295 1296
1295 1297
1295 1298
1295 1299
1296 1297
1296 1298
1296 1299
1297 1298
1297 1299
1298 1299
1300 1301
1300 1302
1300 1303
1301 1302
1301 1303
1302 1303
1304 1305
1304 1306
1304 1307
1304 1308
1304 1310
1304 1316
1304 1323
1304 1335
1304 1338
1305 1306
1305 1307
1305 1314
1305 1317
1306 1307
1308 1309
1308 1310
1308 1311
1308 1312
1308 1313
1308 1314
1308 1315
1308 1316
1308 1367
1308 1466
1309 1310
1309 1311
1309 1312
1309 1313
1309 1314
1309 1315
1309 1348
1309 1392
1309 1424
1309 1475
1310 1311
1310 1312
1310 1313
1310 1314
1310 1315
1310 1316
1310 1402
1311 1312
1311 1313
1311 1314
1311 1315
1311 1317
1311 1384
1311 1395
1312 1313
1312 1314
1312 1315
1313 1314
1313 1315
1314 1315
1314 1317
1314 1403
1316 1317
1316 1318
1316 1319
1316 1320
1316 1323
1316 1330
1316 1335
1316 1338
1316 1402
1317 1318
1317 1319
1317 1320
1317 1321
1317 1322
1317 1327
1317 1331
1318 1319
1318 1320
1319 1320
1321 1322
1321 1323
1321 1324
1321 1325
1321 1326
1321 1327
1321 1335
1321 1338
1321 1428
1321 1439
1322 1323
1322 1324
1322 1325
1322 1326
1322 1328
1322 1336
1322 1339
1323 1324
1323 1325
1323 1326
1323 1335
1323 1338
1324 1325
1324 1326
1325 1326
1327 1328
1327 1329
1327 1335
1328 1329
1328 1339
1330 1331
1330 1332
1331 1332
1333 1334
1333 1336
1335 1336
1335 1337
1335 1338
1335 1339
1335 1343
1335 1344
1336 1337
1336 1338
1336 1339
1336 1343
1336 1345
1338 1339
1338 1340
1338 1341
1338 1343
1338 1344
1338 1423
1338 1521
1339 1340
1339 1341
1339 1345
1340 1341
1342 1343
1342 1344
1342 1349
1342 1357
1342 1362
1342 1411
1342 1412
1342 1421
1343 1350
1344 1345
1344 1346
1344 1347
1344 1348
1344 1379
1344 1393
1344 1411
1344 1520
1344 1521
1344 1533
1345 1346
1345 1347
1345 1348
1345 1412
1345 1421
1345 1521
1345 1533
1346 1347
1346 1348
1347 1348
1348 1421
1349 1350
1349 1351
1349 1352
1349 1357
1350 1351
1350 1352
1350 1358
1351 1352
1353 1354
1353 1355
1353 1356
1354 1355
1354 1356
1355 1356
1357 1358
1357 1359
1357 1360
1357 1361
1357 1369
1357 1373
1357 1377
1357 1379
1357 1385
1357 1396
1357 1402
1357 1411
1357 1428
1358 1359
1358 1360
1358 1361
1358 1377
1358 1380
1358 1386
1358 1396
1358 1397
1358 1403
1358 1412
1358 1475
1359 1360
1359 1361
1360 1361
1362 1363
1362 1364
1362 1365
1362 1369
1362 1373
1362 1377
1362 1379
1362 1396
1363 1364
1363 1365
1363 1377
1363 1380
1363 1412
1364 1365
1366 1377
1366 1380
1367 1368
1367 1369
1367 1370
1367 1371
1367 1372
1367 1377
1367 1378
1367 1379
1367 1385
1367 1466
1367 1474
1367 1475
1368 1369
1368 1370
1368 1371
1368 1372
1368 1374
1368 1377
1368 1379
1368 1386
1368 1396
1368 1475
1369 1370
1369 1371
1369 1372
1369 1373
1369 1379
1369 1385
1369 1396
1369 1402
1369 1411
1369 1474
1370 1371
1370 1372
1370 1373
1370 1374
1370 1378
1371 1372
1373 1374
1373 1375
1373 1376
1373 1379
1373 1385
1373 1393
1373 1396
1373 1402
1373 1411
1373 1474
1374 1375
1374 1376
1374 1379
1374 1380
1374 1385
1374 1386
1374 1396
1374 1397
1374 1402
1374 1470
1374 1474
1374 1477
1375 1376
1377 1378
1377 1379
1377 1380
1377 1381
1377 1382
1377 1383
1377 1385
1377 1393
1377 1402
1377 1497
1378 1379
1378 1380
1378 1381
1378 1382
1378 1386
1378 1394
1378 1397
1378 1403
1378 1412
1378 1421
1378 1498
1379 1380
1379 1381
1379 1382
1379 1385
1379 1393
1379 1396
1379 1397
1379 1402
1379 1411
1379 1444
1379 1497
1380 1381
1380 1382
1380 1384
1380 1386
1380 1394
1380 1403
1380 1475
1380 1498
1381 1382
1383 1384
1383 1425
1384 1425
1385 1386
1385 1387
1385 1388
1385 1389
1385 1390
1385 1391
1385 1392
1385 1396
1385 1397
1385 1408
1385 1411
1385 1538
1386 1387
1386 1388
1386 1389
1386 1390
1386 1391
1386 1392
1386 1475
1386 1485
1386 1493
1386 1500
1386 1512
1386 1522
1386 1526
1387 1388
1387 1389
1387 1390
1387 1391
1387 1392
1388 1389
1388 1390
1388 1391
1388 1392
1389 1390
1389 1391
1389 1392
1390 1391
1390 1392
1391 1392
1393 1394
1393 1395
1394 1395
1396 1397
1396 1398
1396 1399
1396 1400
1396 1401
1396 1402
1396 1408
1396 1411
1396 1444
1397 1398
1397 1399
1397 1400
1397 1401
1397 1402
1397 1409
1397 1475
1398 1399
1398 1400
1398 1401
1399 1400
1399 1401
1400 1401
1400 1466
1400 1521
1400 1525
1400 1526
1401 1467
1401 1522
1402 1403
1402 1404
1402 1405
1402 1406
1402 1407
1403 1404
1403 1405
1403 1406
1403 1407
1403 1475
1404 1405
1404 1406
1404 1407
1405 1406
1405 1407
1406 1407
1406 1444
1407 1412
1408 1409
1408 1410
1409 1410
1409 1412
1411 1412
1411 1413
1411 1414
1411 1421
1411 1423
1411 1424
1411 1426
1411 1428
1411 1434
1411 1435
1411 1439
1411 1443
1411 1505
1412 1413
1412 1414
1412 1421
1412 1424
1412 1427
1412 1506
1413 1414
1415 1416
1415 1417
1415 1418
1415 1419
1415 1420
1416 1417
1416 1418
1416 1419
1416 1420
1416 1421
1417 1418
1417 1419
1417 1420
1418 1419
1418 1420
1419 1420
1421 1422
1421 1439
1421 1444
1421 1500
1421 1506
1423 1424
1423 1425
1423 1426
1423 1428
1423 1434
1423 1435
1423 1439
1423 1443
1423 1444
1423 1462
1423 1517
1424 1425
1424 1426
1424 1427
1424 1462
1425 1426
1425 1434
1425 1438
1425 1443
1426 1427
1426 1428
1426 1429
1426 1430
1426 1431
1426 1432
1426 1433
1426 1434
1426 1435
1426 1438
1426 1439
1426 1443
1427 1428
1427 1429
1427 1430
1427 1431
1427 1432
1427 1433
1427 1435
1427 1438
1427 1439
1427 1444
1428 1429
1428 1430
1428 1431
1428 1432
1428 1433
1428 1434
1428 1438
1428 1443
1428 1458
1429 1430
1429 1431
1429 1432
1429 1433
1430 1431
1430 1432
1430 1433
1431 1432
1431 1433
1432 1433
1432 1434
1432 1435
1434 1435
1434 1436
1434 1437
1434 1438
1434 1443
1434 1447
1435 1436
1435 1437
1435 1438
1435 1443
1435 1447
1436 1437
1436 1438
1438 1439
1438 1440
1438 1441
1438 1442
1438 1443
1438 1444
1438 1458
1439 1440
1439 1441
1439 1442
1439 1443
1439 1521
1440 1441
1440 1442
1441 1442
1443 1444
1443 1445
1443 1446
1443 1458
1444 1445
1444 1446
1444 1452
1444 1459
1445 1446
1447 1448
1447 1449
1447 1450
1447 1451
1447 1452
1447 1453
1447 1454
1447 1455
1447 1456
1447 1457
1448 1449
1448 1450
1448 1451
1448 1452
1448 1453
1448 1454
1448 1455
1448 1456
1448 1457
1449 1450
1449 1451
1449 1452
1449 1453
1449 1454
1449 1455
1449 1456
1449 1457
1450 1451
1450 1452
1450 1453
1450 1454
1450 1455
1450 1456
1450 1457
1451 1452
1451 1453
1451 1454
1451 1455
1451 1456
1451 1457
1452 1453
1452 1454
1452 1455
1452 1456
1452 1457
1453 1454
1453 1455
1453 1456
1453 1457
1454 1455
1454 1456
1454 1457
1455 1456
1455 1457
1456 1457
1458 1459
1458 1460
1458 1461
1459 1460
1459 1461
1460 1461
1462 1463
1462 1464
1462 1465
1463 1464
1463 1465
1464 1465
1466 1467
1466 1468
1466 1469
1466 1470
1466 1474
1466 1475
1466 1484
1466 1499
1466 1505
1466 1511
1466 1521
1467 1468
1467 1469
1467 1471
1467 1474
1467 1480
1467 1481
1467 1484
1467 1492
1467 1499
1467 1505
1467 1511
1468 1469
1470 1471
1470 1472
1470 1473
1470 1474
1470 1477
1470 1480
1470 1484
1470 1499
1470 1505
1470 1511
1470 1517
1470 1521
1470 1533
1471 1472
1471 1473
1471 1475
1471 1478
1471 1481
1471 1485
1471 1500
1471 1506
1471 1512
1471 1518
1471 1522
1471 1534
1472 1473
1474 1475
1474 1476
1474 1480
1474 1481
1474 1484
1474 1492
1474 1499
1474 1505
1474 1511
1474 1521
1475 1476
1475 1484
1475 1492
1475 1497
1475 1498
1475 1499
1475 1505
1475 1511
1477 1478
1477 1479
1477 1481
1478 1479
1480 1481
1480 1482
1480 1483
1480 1526
1481 1482
1481 1483
1481 1485
1481 1499
1481 1500
1481 1505
1481 1506
1481 1511
1481 1512
1481 1517
1481 1521
1481 1522
1481 1526
1481 1538
1482 1483
1484 1485
1484 1486
1484 1487
1484 1488
1484 1489
1484 1490
1484 1491
1484 1511
1484 1521
1484 1525
1484 1526
1485 1486
1485 1487
1485 1488
1485 1489
1485 1490
1485 1491
1485 1512
1485 1522
1485 1526
1485 1536
1486 1487
1486 1488
1486 1489
1486 1490
1486 1491
1487 1488
1487 1489
1487 1490
1487 1491
1488 1489
1488 1490
1488 1491
1489 1490
1489 1491
1490 1491
1492 1493
1492 1494
1492 1495
1492 1496
1492 1511
1492 1522
1492 1525
1493 1494
1493 1495
1493 1496
1493 1512
1493 1536
1494 1495
1494 1496
1495 1496
1497 1498
1497 1511
1498 1512
1499 1500
1499 1501
1499 1502
1499 1503
1499 1504
1499 1511
1499 1521
1499 1522
1499 1525
1499 1526
1500 1501
1500 1502
1500 1503
1500 1504
1500 1512
1500 1522
1500 1536
1501 1502
1501 1503
1501 1504
1502 1503
1502 1504
1503 1504
1505 1506
1505 1507
1505 1508
1505 1509
1505 1510
1505 1511
1505 1521
1505 1522
1505 1525
1505 1526
1506 1507
1506 1508
1506 1509
1506 1510
1506 1512
1506 1534
1506 1536
1507 1508
1507 1509
1507 1510
1508 1509
1508 1510
1509 1510
1511 1512
1511 1513
1511 1514
1511 1515
1511 1516
1511 1521
1511 1525
1511 1526
1511 1533
1512 1513
1512 1514
1512 1515
1512 1516
1512 1522
1512 1534
1512 1536
1513 1514
1513 1515
1513 1516
1514 1515
1514 1516
1515 1516
1517 1518
1517 1519
1517 1520
1517 1521
1517 1522
1517 1525
1518 1519
1518 1520
1518 1522
1518 1526
1518 1534
1519 1520
1520 1533
1521 1522
1521 1523
1521 1524
1521 1525
1521 1526
1521 1527
1521 1528
1521 1529
1521 1530
1521 1531
1521 1532
1521 1533
1521 1538
1522 1523
1522 1524
1522 1525
1522 1526
1522 1527
1522 1528
1522 1529
1522 1530
1522 1531
1522 1532
1522 1533
1522 1534
1522 1536
1522 1538
1523 1524
1523 1525
1523 1526
1523 1527
1523 1528
1523 1529
1523 1530
1523 1531
1523 1532
1524 1525
1524 1526
1524 1527
1524 1528
1524 1529
1524 1530
1524 1531
1524 1532
1525 1526
1525 1527
1525 1528
1525 1529
1525 1530
1525 1531
1525 1532
1525 1533
1525 1537
1526 1527
1526 1528
1526 1529
1526 1530
1526 1531
1526 1532
1526 1534
1526 1536
1526 1538
1527 1528
1527 1529
1527 1530
1527 1531
1527 1532
1528 1529
1528 1530
1528 1531
1528 1532
1529 1530
1529 1531
1529 1532
1530 1531
1530 1532
1531 1532
1533 1534
1533 1535
1533 1536
1533 1538
1534 1535
1534 1536
1535 1536
1536 1538
1537 1538
1537 1539
1537 1540
1537 1541
1537 1542
1538 1539
1538 1540
1538 1541
1538 1542
1539 1540
1539 1541
1539 1542
1540 1541
1540 1542
1541 1542
1543 1544
1543 1545
1543 1546
1544 1545
1544 1546
1545 1546
1547 1548
1547 1549
1547 1550
1547 1551
1548 1549
1548 1550
1548 1551
1549 1550
1549 1551
1550 1551
