0 1
0 2
0 3
0 4
0 5
0 6
0 611
0 613
1 2
1 3
1 4
1 6
1 614
2 3
2 4
3 4
3 5
3 6
4 5
4 6
4 18
5 6
5 7
5 8
6 7
6 8
7 8
9 10
9 11
9 12
9 13
9 14
10 11
10 12
10 13
10 14
11 12
11 13
11 14
12 13
12 14
13 14
14 16
14 30
14 49
14 115
14 626
14 630
14 631
14 633
15 16
15 17
15 18
15 19
15 20
15 25
15 26
15 31
15 51
16 17
16 18
16 19
16 21
16 26
16 31
16 36
16 51
16 78
16 115
17 18
17 19
18 19
18 20
18 21
18 30
18 31
18 35
18 46
18 47
18 104
20 21
20 22
20 23
20 24
20 30
20 31
20 35
20 46
20 50
20 51
20 61
20 88
20 89
20 104
20 327
20 334
20 340
20 468
21 22
21 23
21 24
21 25
21 31
21 49
21 51
21 75
21 78
21 115
21 181
21 623
22 23
22 24
23 24
25 26
25 27
25 28
25 29
25 30
25 31
25 35
25 36
25 48
25 339
25 340
26 27
26 28
26 29
26 31
26 36
26 49
27 28
27 29
28 29
30 31
30 32
30 33
30 34
30 35
30 47
30 50
30 78
30 104
31 32
31 33
31 34
31 35
31 36
31 46
31 47
31 49
31 51
31 78
31 104
32 33
32 34
33 34
35 36
35 37
35 38
35 39
35 40
35 41
35 46
35 48
35 50
35 114
36 37
36 38
36 39
36 40
36 41
36 46
36 47
36 48
36 49
36 60
36 108
36 114
36 115
37 38
37 39
37 40
37 41
38 39
38 40
38 41
39 40
39 41
40 41
41 46
42 43
42 44
42 45
42 48
42 104
43 44
43 45
43 50
43 60
43 65
43 66
43 104
43 115
43 573
44 45
46 47
46 48
46 49
46 50
46 51
46 52
46 53
46 104
46 114
46 115
47 48
47 49
47 50
47 51
47 52
47 53
47 108
47 114
48 49
48 50
48 51
48 52
48 53
48 327
48 334
48 339
49 50
49 51
49 52
49 53
49 627
50 51
50 52
50 53
50 114
50 334
50 335
50 339
51 52
51 53
51 181
51 340
51 352
51 623
52 53
54 55
54 56
54 57
54 58
54 59
54 60
54 61
54 97
54 114
54 192
54 231
55 56
55 57
55 58
55 59
55 60
55 97
55 101
55 164
56 57
56 58
57 58
59 60
59 61
59 62
59 63
59 64
59 65
60 61
60 62
60 63
60 64
60 65
60 66
61 62
61 63
61 64
61 248
62 63
62 64
63 64
65 66
65 67
65 68
65 69
65 70
65 71
65 72
65 73
65 147
65 155
65 159
65 259
65 449
65 459
65 537
65 538
66 67
66 68
66 69
66 70
66 71
66 72
66 73
66 75
66 76
66 79
66 147
66 148
66 159
66 259
66 537
66 538
67 68
67 69
67 70
67 71
68 69
68 70
68 71
69 70
69 71
70 71
72 73
72 74
72 75
72 76
72 77
72 78
72 172
72 186
72 190
72 206
72 210
72 299
73 74
73 75
73 76
73 77
73 168
73 173
73 178
73 186
73 190
73 207
74 75
74 76
74 77
75 76
75 77
75 79
75 81
75 173
75 174
75 186
75 190
75 210
75 223
76 77
76 79
76 85
76 173
76 186
76 190
76 349
78 79
78 80
78 81
78 82
78 83
78 84
78 85
78 299
78 339
78 340
79 80
79 81
79 82
79 83
79 84
79 85
79 340
79 512
80 81
80 82
80 83
80 84
80 85
81 82
81 83
81 84
81 85
82 83
82 84
82 85
83 84
83 85
84 85
86 87
86 88
86 89
86 90
86 91
86 92
86 93
86 94
86 95
87 88
87 89
87 90
87 91
87 92
87 93
87 94
87 95
88 89
88 90
88 91
88 92
88 93
88 94
88 95
88 630
89 90
89 91
89 92
89 93
89 94
89 95
90 91
90 92
90 93
90 94
90 95
91 92
91 93
91 94
91 95
92 93
92 94
92 95
93 94
93 95
94 95
96 97
96 98
96 99
96 226
96 632
97 98
97 99
98 99
100 101
100 102
100 103
101 102
101 103
102 103
104 105
104 106
104 107
104 108
104 109
104 114
104 288
104 533
104 582
104 593
105 106
105 107
105 108
105 109
106 107
106 108
106 109
107 108
107 109
108 109
108 114
108 115
108 564
108 565
110 111
110 112
110 113
110 148
110 167
110 222
110 436
110 481
111 112
111 113
111 148
111 222
112 113
114 115
114 116
114 117
114 134
114 327
114 334
114 626
114 627
115 116
115 117
115 134
115 135
115 181
115 335
115 473
115 626
115 627
115 640
115 641
116 117
118 119
118 120
118 121
118 122
118 123
118 124
118 125
118 287
118 288
119 120
119 121
119 122
119 123
119 287
120 121
120 122
120 123
120 287
121 122
121 123
121 287
122 123
124 125
124 126
124 127
124 128
124 130
124 259
124 287
124 288
124 403
124 511
124 611
124 612
125 126
125 127
125 128
125 130
125 148
125 259
125 287
125 403
125 611
125 612
125 622
127 128
127 129
127 130
127 131
127 132
127 133
127 281
127 371
127 432
127 516
127 572
127 626
128 129
128 130
128 131
128 132
128 133
128 362
128 441
128 572
128 573
128 627
129 130
129 131
129 132
129 133
130 131
130 132
130 133
130 583
131 132
131 133
132 133
134 135
134 136
134 137
134 138
134 139
134 140
134 141
134 142
134 143
134 144
134 145
134 611
134 630
135 136
135 137
135 138
135 139
135 140
135 141
135 142
135 143
135 144
135 145
135 631
136 137
136 138
136 139
136 140
136 141
136 142
136 143
136 144
136 145
137 138
137 139
137 140
137 141
137 142
137 143
137 144
137 145
137 340
137 633
138 139
138 140
138 141
138 142
138 143
138 144
138 145
139 140
139 141
139 142
139 143
139 144
139 145
140 141
140 142
140 143
140 144
140 145
141 142
141 143
141 144
141 145
142 143
142 144
142 145
143 144
143 145
143 581
144 145
146 147
146 148
146 257
147 148
147 149
147 150
147 222
147 224
147 241
147 245
147 259
147 265
147 339
147 403
147 472
147 493
147 611
148 149
148 150
148 222
148 223
148 224
148 246
148 259
148 260
148 266
148 403
149 150
151 152
151 153
151 154
151 155
151 159
151 161
151 241
151 242
152 153
152 154
152 155
152 156
152 160
152 161
152 242
153 154
155 156
155 157
155 158
155 159
155 160
155 161
156 157
156 158
156 160
156 161
157 158
159 160
159 161
159 162
159 241
159 403
160 161
160 162
160 242
160 246
160 305
161 162
161 242
161 305
163 164
163 165
163 166
163 468
164 165
164 166
164 469
165 166
167 168
167 169
167 170
167 171
167 172
167 173
167 174
167 177
167 178
167 180
167 181
167 611
168 169
168 170
168 171
168 172
168 173
168 174
168 178
168 181
168 187
168 211
169 170
169 171
170 171
172 173
172 174
172 175
172 176
172 177
172 178
172 180
172 186
172 187
172 200
172 210
172 226
173 174
173 175
173 176
173 177
173 178
173 181
173 187
173 198
173 257
174 175
174 176
174 177
174 178
174 180
174 181
174 187
174 423
175 176
177 178
177 179
177 186
177 187
177 197
177 198
177 201
177 245
177 334
177 636
178 179
178 180
178 186
178 187
178 198
178 201
180 181
180 182
180 183
180 184
180 185
180 186
180 436
180 449
181 182
181 183
181 184
181 185
181 186
181 488
182 183
182 184
182 185
183 184
183 185
184 185
186 187
186 188
186 189
186 190
186 218
186 219
186 226
186 231
187 188
187 189
187 190
187 197
187 198
187 225
187 450
188 189
190 191
190 192
190 193
190 194
190 195
190 196
190 572
191 192
191 193
191 194
191 195
191 196
192 193
192 194
192 195
192 196
193 194
193 195
193 196
193 201
194 195
194 196
195 196
197 198
197 199
197 200
197 201
197 245
197 295
197 299
197 320
197 358
197 412
197 417
197 418
197 449
197 604
198 199
198 200
198 201
198 246
198 305
198 359
198 393
198 417
198 604
199 200
199 201
200 201
200 222
201 358
201 359
201 417
201 418
201 600
202 203
202 204
202 205
202 226
202 349
203 204
203 205
203 257
203 349
203 350
204 205
206 207
206 208
206 209
206 210
206 211
206 212
206 213
206 214
206 215
206 216
206 217
206 369
206 370
206 611
206 613
206 614
207 208
207 209
207 210
207 211
207 212
207 213
207 214
207 215
207 216
207 217
207 369
207 370
207 371
207 612
207 614
208 209
208 210
208 211
208 212
208 213
208 214
208 215
208 216
208 217
209 210
209 211
209 212
209 213
209 214
209 215
209 216
209 217
210 211
210 212
210 213
210 214
210 215
210 216
210 217
211 212
211 213
211 214
211 215
211 216
211 217
212 213
212 214
212 215
212 216
212 217
213 214
213 215
213 216
213 217
214 215
214 216
214 217
215 216
215 217
215 613
216 217
218 219
218 220
218 221
218 222
218 225
218 226
218 227
218 231
219 220
219 221
219 222
219 225
219 227
219 231
219 232
219 437
220 221
222 223
222 224
222 351
223 224
224 413
225 226
225 227
225 228
225 229
225 230
225 237
225 348
225 413
226 227
226 228
226 229
226 230
226 245
226 319
226 320
226 324
226 353
226 611
226 632
227 228
227 229
227 230
227 232
227 257
227 324
227 352
227 464
227 563
227 633
228 229
228 230
229 230
231 232
231 233
231 234
231 235
231 236
231 237
231 238
231 239
231 240
231 289
231 308
231 436
231 572
232 233
232 234
232 235
232 236
232 237
232 238
232 239
232 240
232 242
232 308
232 309
233 234
233 235
233 236
233 237
233 238
233 239
233 240
234 235
234 236
234 237
234 238
234 239
234 240
235 236
235 237
235 238
235 239
235 240
236 237
236 238
236 239
236 240
236 308
236 312
236 313
236 383
236 384
236 551
236 552
237 238
237 239
237 240
237 308
237 309
237 312
237 313
237 460
238 239
238 240
239 240
240 349
240 459
241 242
241 243
241 244
241 246
241 281
241 299
241 314
241 315
241 348
241 412
241 417
241 449
242 243
242 244
242 281
242 282
242 315
242 350
243 244
245 246
245 247
245 259
245 265
246 247
246 260
246 266
248 249
248 250
248 251
248 252
248 253
248 254
248 255
248 412
248 413
249 250
249 251
249 252
249 253
249 254
249 255
250 251
250 252
250 253
250 254
250 255
250 260
251 252
251 253
251 254
251 255
252 253
252 254
252 255
253 254
253 255
254 255
256 257
256 258
257 258
257 259
257 260
257 270
257 290
257 293
257 374
257 449
257 450
259 260
259 261
259 262
259 263
259 264
259 267
259 289
259 290
259 295
259 296
259 320
259 327
259 334
259 339
259 353
259 369
259 422
259 449
259 573
259 578
259 618
260 261
260 262
260 263
260 264
260 282
260 290
260 293
260 294
260 468
261 262
261 263
261 264
262 263
262 264
263 264
265 266
265 267
265 268
265 269
265 270
265 271
265 449
265 459
265 460
266 267
266 268
266 269
266 270
266 271
266 287
266 288
267 268
267 269
267 270
267 271
267 436
267 533
268 269
268 270
268 271
268 273
269 270
269 271
270 271
272 273
272 274
272 275
272 276
272 277
272 278
272 279
272 280
273 274
273 275
273 276
273 277
273 278
273 279
273 280
273 282
273 362
273 403
273 449
273 499
273 546
273 601
274 275
274 276
274 277
274 278
274 279
274 280
275 276
275 277
275 278
275 279
275 280
275 435
276 277
276 278
276 279
276 280
277 278
277 279
277 280
278 279
278 280
279 280
281 282
281 283
281 284
281 285
281 286
281 334
281 592
281 632
282 283
282 284
282 285
282 286
282 287
282 300
282 335
283 284
283 285
283 286
284 285
284 286
285 286
287 288
287 362
287 399
288 488
288 588
289 290
289 291
289 292
289 293
289 294
290 291
290 292
290 293
290 294
291 292
291 293
291 294
292 293
292 294
293 294
295 296
295 297
295 298
295 299
295 314
295 315
295 348
295 350
295 365
295 369
295 412
295 417
295 449
295 459
295 518
295 630
295 636
296 297
296 298
296 299
296 300
296 315
296 320
296 350
296 369
296 370
296 371
296 374
296 418
296 449
296 534
297 298
299 300
299 301
299 302
299 303
299 304
299 305
299 314
299 315
299 319
299 320
299 348
299 361
299 449
299 468
299 636
300 301
300 302
300 303
300 304
300 305
300 315
300 319
300 320
300 321
300 350
300 359
300 435
300 449
300 459
300 460
301 302
301 303
301 304
301 305
302 303
302 304
302 305
303 304
303 305
304 305
306 307
306 308
306 309
306 310
306 311
306 312
306 313
307 308
307 309
307 310
307 311
307 312
307 313
307 460
308 309
308 310
308 311
308 312
308 313
308 349
309 310
309 311
309 312
309 313
309 349
309 350
310 311
310 312
310 313
311 312
311 313
312 313
314 315
314 316
314 317
314 318
314 319
314 320
314 361
314 403
314 406
314 449
315 316
315 317
315 318
315 320
315 321
315 324
315 362
315 460
316 317
316 318
317 318
319 320
319 321
319 322
319 323
319 324
319 325
319 326
320 321
320 322
320 323
320 324
320 325
320 326
320 369
320 403
320 412
320 413
321 322
321 323
321 324
321 325
321 326
322 323
322 324
322 325
322 326
323 324
323 325
323 326
324 325
324 326
324 404
324 418
324 537
324 538
325 326
325 327
325 328
325 334
325 335
327 328
327 329
327 330
327 331
327 332
327 333
327 334
327 335
327 339
327 340
327 344
327 345
327 449
327 562
327 626
327 627
328 329
328 330
328 331
328 332
328 333
328 334
328 335
328 339
328 340
328 345
328 449
328 627
329 330
329 331
329 332
329 333
330 331
330 332
330 333
331 332
331 333
332 333
332 334
333 335
333 340
334 335
334 336
334 337
334 338
334 339
334 340
334 344
334 345
334 358
334 403
334 480
334 562
334 626
335 336
335 337
335 338
335 339
335 340
335 345
335 404
335 562
335 563
335 627
336 337
336 338
337 338
339 340
339 341
339 342
339 343
339 344
339 345
339 403
339 412
339 499
339 581
339 585
340 341
340 342
340 343
340 345
341 342
341 343
342 343
344 345
344 346
344 347
344 627
345 346
345 347
346 347
348 349
348 350
348 351
348 449
349 350
349 351
349 449
350 351
350 413
350 449
350 450
352 353
352 354
352 355
352 356
352 357
353 354
353 355
353 356
353 357
353 449
353 460
354 355
354 356
354 357
354 460
355 356
355 357
356 357
358 359
358 360
358 577
358 578
359 360
359 371
361 362
361 363
361 364
362 363
362 364
363 364
365 366
365 367
365 368
365 369
365 370
365 412
365 413
365 417
365 436
365 581
365 582
366 367
366 368
366 369
366 370
367 368
369 370
369 371
369 372
369 373
369 398
369 403
369 412
369 416
369 497
369 606
369 613
369 630
370 371
370 372
370 373
370 374
370 387
370 388
370 403
370 412
370 526
371 372
371 373
371 418
371 588
371 646
371 647
371 657
373 374
373 375
373 376
373 377
373 417
373 592
374 375
374 376
374 377
374 416
374 417
374 418
375 376
375 377
376 377
378 379
378 380
378 381
378 382
378 537
379 380
379 381
379 382
380 381
380 382
381 382
383 384
383 385
383 386
383 537
384 385
384 386
385 386
387 388
387 389
387 390
387 391
387 537
387 538
388 389
388 390
388 391
388 418
388 538
389 390
389 391
390 391
392 393
392 394
392 395
392 396
392 397
392 417
392 418
392 479
393 394
393 395
393 396
393 397
393 413
393 417
393 418
393 577
394 395
394 396
394 397
395 396
395 397
395 418
396 397
398 399
398 400
398 401
398 402
398 403
398 404
398 405
398 406
398 407
398 408
398 409
398 410
398 411
398 577
399 400
399 401
399 402
399 403
399 404
399 405
399 406
399 407
399 408
399 409
399 410
399 411
400 401
400 402
400 403
400 404
400 405
400 406
400 407
400 408
400 409
400 410
400 411
401 402
401 403
401 404
401 405
401 406
401 407
401 408
401 409
401 410
401 411
402 403
402 404
402 405
402 406
402 407
402 408
402 409
402 410
402 411
403 404
403 405
403 406
403 407
403 408
403 409
403 410
403 411
403 432
403 433
403 436
403 459
403 460
403 480
403 487
403 493
403 503
403 511
403 512
403 537
403 557
403 577
403 578
403 582
403 592
403 593
404 405
404 406
404 407
404 408
404 409
404 410
404 411
404 460
404 512
405 406
405 407
405 408
405 409
405 410
405 411
406 407
406 408
406 409
406 410
406 411
406 572
406 573
407 408
407 409
407 410
407 411
407 534
408 409
408 410
408 411
409 410
409 411
410 411
412 413
412 414
412 415
412 418
412 432
412 434
412 577
412 578
412 592
412 600
413 414
413 415
413 417
413 434
413 593
413 647
414 415
416 418
416 606
416 630
417 418
417 419
417 420
417 421
417 502
417 592
418 419
418 420
418 421
418 449
418 597
419 420
419 421
420 421
422 423
422 424
422 425
422 426
422 427
422 432
422 433
422 435
422 442
422 447
422 487
422 493
422 497
422 534
422 537
422 592
422 593
423 424
423 425
423 426
423 427
423 428
423 432
423 433
423 435
423 447
423 488
423 498
423 512
423 573
423 593
424 425
424 426
425 426
427 428
427 429
427 430
427 431
427 432
427 433
427 435
427 468
427 487
427 502
427 534
428 429
428 430
428 431
428 432
428 433
428 435
428 469
428 503
429 430
429 431
429 468
430 431
430 468
432 433
432 434
432 435
432 436
432 446
432 449
432 468
432 479
432 502
432 511
432 516
432 518
432 533
432 534
432 537
432 538
432 541
432 549
432 557
432 592
432 593
433 434
433 435
433 447
433 465
433 469
433 482
433 503
433 519
433 533
433 534
433 538
433 550
433 582
433 593
434 435
435 447
435 480
435 483
435 495
435 531
435 593
435 594
436 437
436 438
436 439
436 440
436 449
436 464
436 476
436 479
436 481
436 493
436 497
436 502
436 511
436 512
436 562
436 564
437 438
437 439
437 440
437 441
437 443
437 469
437 477
437 480
437 482
437 488
437 497
437 498
437 501
437 502
437 503
437 511
437 512
437 542
437 593
438 439
440 441
440 442
440 443
440 444
440 445
440 479
440 480
440 481
440 482
440 487
440 488
440 493
440 502
440 503
440 504
441 442
441 443
441 444
441 445
441 512
442 443
442 444
442 445
442 511
442 512
442 533
443 444
443 445
443 480
444 445
446 447
446 448
446 479
446 493
446 502
447 448
449 450
449 451
449 452
449 453
449 454
449 455
449 456
449 457
449 458
449 459
449 460
449 476
449 480
449 487
449 511
449 557
449 572
449 577
449 578
449 592
449 593
449 613
450 451
450 452
450 453
450 454
450 455
450 456
450 457
450 458
450 460
451 452
451 453
451 454
451 455
451 456
451 457
451 458
452 453
452 454
452 455
452 456
452 457
452 458
453 454
453 455
453 456
453 457
453 458
454 455
454 456
454 457
454 458
455 456
455 457
455 458
456 457
456 458
457 458
459 460
459 461
459 462
459 463
459 464
459 578
460 461
460 462
460 463
460 578
461 462
461 463
462 463
464 465
464 466
464 467
464 577
464 578
465 466
465 467
465 577
465 578
466 467
468 469
468 470
468 471
468 472
468 516
468 538
468 585
469 470
469 471
469 473
469 480
469 548
470 471
472 473
472 474
472 475
472 581
473 474
473 475
474 475
476 477
476 478
476 479
476 481
476 482
476 487
476 493
477 478
477 480
477 482
479 480
479 481
479 482
479 483
479 484
479 485
479 486
479 487
479 491
479 493
479 497
479 502
479 503
479 507
479 512
479 541
479 557
479 558
479 562
479 572
479 573
479 577
479 578
479 581
479 582
479 630
480 481
480 482
480 483
480 484
480 485
480 486
480 488
480 491
480 492
480 502
480 503
480 516
480 537
480 541
480 549
480 558
480 562
480 577
480 578
480 581
480 583
480 586
481 482
481 483
481 484
481 485
481 486
481 487
481 491
481 497
481 502
481 541
481 551
481 562
481 569
481 593
482 483
482 484
482 485
482 486
482 488
482 491
482 502
482 538
482 541
482 549
482 558
482 565
483 484
483 485
483 486
484 485
484 486
485 486
485 613
487 488
487 489
487 490
487 491
487 492
487 493
487 494
487 495
487 496
487 502
487 504
487 551
487 557
487 585
487 592
488 489
488 490
488 491
488 492
488 493
488 494
488 495
488 496
488 502
488 503
488 504
488 519
488 551
488 562
488 585
488 586
489 490
489 491
489 492
489 493
489 494
489 495
489 496
490 491
490 492
490 493
490 494
490 495
490 496
491 492
491 493
491 494
491 495
491 496
491 502
491 503
491 504
491 511
492 493
492 494
492 495
492 496
492 512
493 494
493 495
493 496
493 502
493 541
493 562
493 592
493 600
493 630
494 495
494 496
495 496
497 498
497 499
497 500
497 501
497 502
497 504
497 511
497 516
497 537
498 499
498 500
498 501
498 502
498 503
498 504
498 511
498 512
498 534
498 538
499 500
499 501
500 501
502 503
502 504
502 505
502 506
502 511
502 512
502 537
502 541
502 549
502 562
502 569
503 504
503 505
503 506
503 512
503 538
503 541
503 542
503 550
503 562
504 505
504 506
504 511
504 512
504 581
505 506
507 508
507 509
507 510
508 509
508 510
509 510
511 512
511 513
511 514
511 515
511 562
512 513
512 514
512 515
513 514
513 515
514 515
516 517
516 518
516 519
516 526
516 537
516 538
516 548
516 581
516 582
518 519
518 520
518 521
518 522
518 523
518 524
518 525
518 558
518 581
518 582
519 520
519 521
519 522
519 523
519 524
519 525
520 521
520 522
520 523
520 524
520 525
521 522
521 523
521 524
521 525
522 523
522 524
522 525
523 524
523 525
524 525
525 537
525 538
525 572
525 573
525 581
525 583
526 527
526 528
526 529
526 534
526 538
526 573
527 528
527 529
528 529
530 531
530 532
531 532
531 583
533 534
533 535
533 536
533 537
533 538
533 547
533 548
533 557
533 579
533 581
533 585
533 592
533 593
534 535
534 536
534 538
534 548
534 558
534 586
534 593
535 536
537 538
537 539
537 540
537 541
537 549
537 550
537 572
537 585
537 586
537 592
537 593
538 539
538 540
538 542
538 549
538 558
538 572
538 573
538 585
538 586
538 593
539 540
539 557
540 583
541 542
541 543
541 544
541 545
541 546
541 592
542 543
542 544
542 545
542 546
543 544
543 545
543 546
543 581
543 582
543 583
543 592
544 545
544 546
544 581
544 582
544 583
545 546
547 548
547 549
547 550
547 551
547 552
547 553
547 554
547 555
547 556
547 557
547 558
547 572
547 581
547 582
548 549
548 550
548 551
548 552
548 553
548 554
548 555
548 556
548 557
548 558
548 573
548 581
548 582
548 583
549 550
549 551
549 552
549 553
549 554
549 555
549 556
549 572
549 582
549 630
550 551
550 552
550 553
550 554
550 555
550 556
551 552
551 553
551 554
551 555
551 556
551 582
551 592
551 593
552 553
552 554
552 555
552 556
553 554
553 555
553 556
554 555
554 556
555 556
557 558
557 559
557 560
557 561
557 564
557 565
557 572
557 573
557 581
557 582
557 583
558 559
558 560
558 561
558 564
558 565
558 572
558 573
558 578
558 581
558 582
558 583
559 560
559 561
560 561
562 563
562 564
562 565
562 566
562 567
562 568
563 564
563 565
563 566
563 567
563 568
564 565
564 566
564 567
564 568
564 572
564 581
565 566
565 567
565 568
566 567
566 568
567 568
569 570
569 571
569 572
570 571
570 572
570 573
572 573
572 574
572 575
572 576
572 585
572 593
573 574
573 575
573 576
574 575
574 576
575 576
577 578
577 579
577 580
577 600
578 579
578 580
578 600
579 580
581 582
581 583
581 584
581 585
581 592
582 583
582 584
582 593
583 584
585 586
585 587
585 588
585 589
585 590
585 591
585 592
585 593
586 587
586 588
586 589
586 590
586 591
587 588
587 589
587 590
587 591
588 589
588 590
588 591
589 590
589 591
590 591
592 593
592 594
592 595
592 600
593 594
593 595
593 622
593 623
594 595
596 597
596 598
596 599
597 598
597 599
598 599
600 601
600 602
600 603
600 604
600 605
601 602
601 603
601 604
601 605
602 603
602 604
602 605
603 604
603 605
604 605
606 607
606 608
606 609
606 610
606 630
606 631
606 633
607 608
607 609
607 610
608 609
608 610
609 610
611 612
611 613
611 614
611 615
611 618
611 622
611 630
612 613
612 614
612 615
612 618
612 622
613 614
613 615
613 618
613 622
614 615
614 619
616 617
616 618
616 619
616 620
616 621
617 618
617 619
617 620
617 621
618 619
618 620
618 621
619 620
619 621
620 621
622 623
622 624
622 625
623 624
623 625
624 625
626 627
626 628
626 629
627 628
627 629
628 629
630 631
630 632
630 633
630 634
630 635
631 632
631 633
631 634
631 635
632 633
632 634
632 635
633 634
633 635
634 635
636 637
636 638
636 639
637 638
637 639
638 639
640 641
640 642
640 643
640 644
640 645
641 642
641 643
641 644
641 645
642 643
642 644
642 645
643 644
643 645
644 645
646 647
646 648
646 649
646 650
646 651
646 652
646 653
646 654
646 655
646 656
646 657
646 658
646 659
646 660
646 661
646 662
646 663
646 664
646 665
647 648
647 649
647 650
647 651
647 652
647 653
647 654
647 655
647 656
647 657
647 658
647 659
647 660
647 661
647 662
647 663
647 664
647 665
648 649
648 650
648 651
648 652
648 653
648 654
648 655
648 656
648 657
648 658
648 659
648 660
648 661
648 662
648 663
648 664
648 665
649 650
649 651
649 652
649 653
649 654
649 655
649 656
649 657
649 658
649 659
649 660
649 661
649 662
649 663
649 664
649 665
650 651
650 652
650 653
650 654
650 655
650 656
650 657
650 658
650 659
650 660
650 661
650 662
650 663
650 664
650 665
651 652
651 653
651 654
651 655
651 656
651 657
651 658
651 659
651 660
651 661
651 662
651 663
651 664
651 665
652 653
652 654
652 655
652 656
652 657
652 658
652 659
652 660
652 661
652 662
652 663
652 664
652 665
653 654
653 655
653 656
653 657
653 658
653 659
653 660
653 661
653 662
653 663
653 664
653 665
654 655
654 656
654 657
654 658
654 659
654 660
654 661
654 662
654 663
654 664
654 665
655 656
655 657
655 658
655 659
655 660
655 661
655 662
655 663
655 664
655 665
656 657
656 658
656 659
656 660
656 661
656 662
656 663
656 664
656 665
657 658
657 659
657 660
657 661
657 662
657 663
657 664
657 665
658 659
658 660
658 661
658 662
658 663
658 664
658 665
659 660
659 661
659 662
659 663
659 664
659 665
660 661
660 662
660 663
660 664
660 665
661 662
661 663
661 664
661 665
662 663
662 664
662 665
663 664
663 665
664 665
