0 1
0 2
0 3
0 4
0 46
0 58
0 63
0 69
0 73
0 74
0 167
0 578
0 812
0 819
1 2
1 3
1 4
1 46
1 58
1 63
1 69
1 73
1 74
1 167
2 3
2 4
3 4
5 6
5 198
5 299
5 308
5 309
5 346
5 347
6 813
7 9
7 22
7 470
7 568
7 569
7 570
7 573
8 9
8 10
8 11
9 10
9 11
10 11
12 13
12 14
12 15
12 16
12 17
12 18
12 19
12 20
12 63
12 69
12 70
12 411
12 412
12 413
12 414
12 415
12 581
12 582
13 14
13 15
13 16
13 17
13 18
13 19
13 20
13 412
13 581
13 582
14 15
14 16
14 17
14 18
14 19
14 20
14 827
15 16
15 17
15 18
15 19
15 20
16 17
16 18
16 19
16 20
17 18
17 19
17 20
18 19
18 20
19 20
20 63
20 69
20 346
20 442
21 22
21 23
21 24
21 31
21 40
21 248
22 23
22 24
22 32
22 39
22 247
23 24
25 26
25 27
25 28
25 29
25 30
25 31
25 32
25 35
25 121
26 27
26 28
26 29
26 30
26 32
26 35
27 28
27 29
27 30
27 319
27 341
28 29
28 30
29 30
31 32
31 33
31 34
31 35
31 36
31 37
31 41
31 57
31 196
31 314
31 455
31 457
31 459
31 469
32 33
32 34
32 35
32 36
32 37
32 38
32 41
32 58
32 87
32 315
32 412
32 455
32 457
32 459
32 460
33 34
33 35
33 36
34 35
34 36
35 36
35 37
35 38
35 41
35 43
35 57
35 74
35 87
35 315
35 457
35 459
37 38
37 39
37 40
37 41
37 103
37 104
37 469
37 470
38 40
38 103
38 104
38 469
38 470
39 40
39 41
39 42
39 126
39 255
39 287
39 296
39 469
39 546
39 547
39 548
39 549
40 41
40 42
40 126
40 127
40 256
40 257
40 402
40 469
40 470
40 546
41 42
41 43
41 44
41 119
42 43
42 44
43 44
45 46
45 47
45 48
45 49
45 57
45 58
45 59
45 92
45 99
45 100
45 104
45 298
45 299
45 813
45 818
46 47
46 48
46 49
46 717
46 813
46 819
47 48
47 49
48 49
50 51
50 52
50 53
50 54
50 55
50 56
50 94
50 95
50 99
50 100
50 179
50 212
50 345
50 346
50 347
50 434
50 495
50 812
50 813
50 818
51 52
51 53
51 54
51 55
51 56
51 95
51 99
51 100
51 180
51 347
51 812
51 831
52 53
52 54
52 55
52 56
53 54
53 55
53 56
53 346
54 55
54 56
55 56
56 812
57 58
57 59
57 60
57 61
57 62
57 100
57 103
57 104
57 295
57 344
57 345
57 387
57 434
57 463
57 813
57 818
58 59
58 60
58 61
58 62
58 344
58 345
58 388
58 435
58 574
58 813
58 818
59 60
59 61
59 62
59 344
59 345
59 388
59 435
60 61
60 62
61 62
61 346
61 818
63 64
63 65
63 66
63 67
63 68
63 69
63 70
63 363
63 364
63 546
63 547
63 548
63 549
63 746
63 767
63 790
63 791
64 65
64 66
64 67
64 68
64 69
64 70
64 179
64 180
64 206
64 341
64 353
64 364
64 547
64 767
64 768
64 790
64 791
65 66
65 67
65 68
66 67
66 68
67 68
68 70
68 378
69 70
69 71
69 72
69 340
69 587
69 691
69 796
70 71
70 72
70 92
70 104
70 117
70 160
70 340
70 341
70 353
70 587
70 588
71 72
73 74
73 75
73 76
73 77
73 78
73 79
73 80
73 81
73 179
73 184
74 75
74 76
74 77
74 78
74 79
74 80
74 81
74 95
74 180
74 184
75 76
75 77
75 78
75 79
75 80
75 81
75 236
75 421
75 623
75 650
75 654
76 77
76 78
76 79
76 80
76 81
76 415
76 651
76 655
77 78
77 79
77 80
77 81
78 79
78 80
78 81
79 80
79 81
79 654
80 81
81 443
82 83
82 84
82 86
82 87
82 90
82 179
82 206
82 207
82 340
83 84
83 87
83 180
83 207
83 341
83 347
85 86
85 87
85 88
85 89
85 90
85 317
86 87
86 88
86 89
86 90
86 174
86 175
87 88
87 89
87 90
87 341
87 347
88 89
88 90
89 90
91 92
91 93
91 94
91 95
91 98
91 99
91 100
91 345
91 346
91 347
91 434
91 461
91 827
91 830
91 831
91 834
92 93
92 95
92 99
92 100
92 133
92 344
92 345
92 347
92 462
92 826
92 827
92 828
92 830
92 831
94 95
94 96
94 97
94 98
94 99
94 100
94 121
94 133
94 174
94 175
94 179
94 212
94 213
94 345
94 434
94 525
94 528
94 606
94 721
94 815
94 829
95 96
95 97
95 98
95 100
95 119
95 120
95 133
95 134
95 140
95 180
95 184
95 344
95 345
95 347
95 463
96 97
96 98
97 98
98 99
98 542
99 100
99 101
99 102
99 109
99 138
99 140
99 141
99 194
99 241
99 420
99 434
99 485
99 658
99 829
100 101
100 102
100 133
100 134
100 138
100 140
100 141
100 148
100 344
101 102
103 104
103 126
103 127
103 140
103 141
103 159
103 164
103 212
103 587
104 127
104 141
104 159
104 160
104 164
104 587
104 641
105 106
105 107
105 108
105 179
106 107
106 108
106 180
106 184
107 108
109 110
109 111
109 112
109 116
109 754
110 111
110 112
110 113
110 117
110 709
110 755
112 113
114 115
115 119
115 120
116 117
116 118
116 119
116 174
116 340
116 418
116 542
116 543
117 118
117 120
117 121
117 378
119 120
119 542
119 809
120 543
121 122
121 123
121 124
121 125
121 126
121 159
121 169
121 671
121 709
122 123
122 124
122 125
123 124
123 125
124 125
125 819
126 127
126 128
126 129
126 130
126 131
126 132
126 743
127 128
127 129
127 130
127 131
127 132
127 160
127 333
127 345
127 717
127 744
128 129
128 130
128 131
128 132
128 726
129 130
129 131
129 132
130 131
130 132
130 463
131 132
133 134
133 135
133 136
133 137
133 650
133 654
134 135
134 136
134 137
134 345
134 831
135 136
135 137
136 137
137 309
138 139
140 141
140 142
140 143
140 144
140 145
140 146
140 147
141 142
141 143
141 144
141 145
141 146
141 147
141 160
142 143
142 144
142 145
142 146
142 147
143 144
143 145
143 146
143 147
144 145
144 146
144 147
145 146
145 147
146 147
146 160
148 149
148 150
148 151
148 152
148 153
148 154
148 174
148 175
149 150
149 151
149 152
149 153
149 154
149 345
149 709
150 151
150 152
150 153
150 154
150 159
150 160
150 175
151 152
151 153
151 154
151 160
152 153
152 154
153 154
155 156
155 157
155 158
155 175
155 725
156 157
156 158
156 160
157 158
159 160
159 161
159 162
159 163
159 164
159 172
159 174
159 175
159 202
159 219
159 314
160 161
160 162
160 163
160 164
160 165
160 169
160 175
160 203
160 211
160 220
160 276
160 314
160 315
161 162
161 163
162 163
164 165
164 166
164 167
164 168
164 256
165 166
165 167
165 168
166 167
166 168
167 168
167 623
167 650
169 170
169 171
169 172
169 173
169 196
169 202
169 203
169 377
169 411
169 461
169 462
169 463
169 464
169 489
169 500
169 593
169 721
170 171
170 172
170 173
170 489
170 618
170 722
171 172
171 173
172 173
172 528
172 573
172 725
174 175
174 176
174 177
174 178
174 180
174 210
174 346
174 377
174 430
174 455
174 619
175 176
175 177
175 178
175 179
175 346
175 347
175 358
175 430
176 177
176 178
177 178
179 180
179 181
179 182
179 183
179 184
179 185
179 186
179 210
179 377
179 563
179 767
180 181
180 182
180 183
180 184
180 185
180 186
180 563
180 564
181 182
181 183
181 184
181 185
181 186
182 183
182 184
182 185
182 186
183 184
183 185
183 186
184 185
184 186
184 560
184 561
185 186
187 188
187 189
187 190
187 191
188 189
188 190
188 191
188 401
189 190
189 191
190 191
192 193
192 194
192 195
192 295
192 296
193 194
193 195
194 195
195 463
196 197
196 198
196 199
196 202
196 203
196 411
196 473
196 485
196 500
196 581
196 582
196 593
196 618
196 619
196 620
196 826
197 199
197 581
197 582
198 199
198 200
198 201
198 202
198 203
198 442
198 449
198 826
198 834
199 200
199 201
199 443
199 450
199 618
199 826
199 827
199 828
199 835
200 201
202 203
202 204
202 205
202 312
202 411
202 427
202 439
202 442
202 461
202 462
202 463
202 464
202 532
202 549
202 739
202 740
203 204
203 205
203 442
203 461
203 462
203 464
204 205
204 546
204 548
205 528
205 546
205 548
206 207
206 208
206 209
207 208
207 209
207 803
208 209
209 401
210 211
210 213
210 429
212 213
212 214
212 215
212 216
212 217
212 230
212 238
212 240
212 241
212 242
212 250
212 255
212 260
212 336
212 387
212 407
212 427
212 429
212 574
213 214
213 215
213 216
213 217
213 238
213 241
213 250
213 255
213 260
213 264
213 293
213 322
213 333
213 337
213 386
213 387
213 407
213 758
213 759
214 215
214 216
214 217
215 216
215 217
216 217
218 219
218 220
218 221
218 231
218 242
218 244
218 248
218 275
218 276
218 308
218 323
219 220
219 221
219 230
219 241
219 276
219 292
219 466
219 500
219 593
219 802
220 221
222 223
222 224
222 225
222 226
222 227
222 228
223 224
223 225
223 226
223 227
223 228
223 256
224 225
224 226
224 227
224 228
225 226
225 227
225 228
226 227
226 228
227 228
229 402
229 812
230 231
230 232
230 233
230 234
230 235
230 236
230 241
230 242
230 282
230 292
230 293
230 296
230 299
230 337
230 803
230 818
230 819
231 232
231 233
231 234
231 235
231 242
231 402
231 803
231 818
231 819
232 233
232 234
232 235
232 236
233 234
233 235
234 235
236 237
236 238
236 239
236 240
236 241
236 242
236 245
236 787
236 796
236 806
237 238
237 239
237 240
237 241
237 242
238 239
238 240
238 241
238 242
239 240
239 241
239 242
240 241
240 242
240 292
241 242
241 243
241 275
241 282
241 283
241 286
241 287
241 288
241 295
241 296
241 333
241 337
241 422
241 812
242 244
242 276
242 282
242 283
242 288
243 244
243 245
243 246
243 333
243 337
244 245
244 246
244 333
244 337
245 246
245 298
245 317
245 318
245 319
245 394
246 333
246 337
246 380
247 248
247 249
247 250
247 255
247 275
247 407
247 500
248 249
248 250
248 251
248 255
248 276
248 407
248 408
248 500
248 501
249 257
250 251
250 252
250 253
250 254
250 255
250 256
250 317
250 401
250 407
250 408
250 409
250 410
251 252
251 253
251 254
251 256
251 401
251 408
251 409
252 253
252 254
252 394
253 254
253 256
253 257
255 256
255 257
255 258
255 259
255 292
255 293
255 295
255 312
255 401
255 442
256 257
256 258
256 259
256 260
256 293
256 295
256 402
256 408
256 443
256 739
257 258
257 259
257 260
257 293
257 295
257 364
257 401
257 551
257 707
258 259
260 261
260 262
260 263
260 264
260 296
260 317
260 401
260 407
260 408
260 409
260 410
261 262
261 263
261 264
261 401
261 408
261 409
261 830
262 263
262 264
263 264
265 266
265 267
265 268
265 269
265 270
265 401
265 413
266 267
266 268
266 269
266 270
266 401
266 402
267 268
267 269
267 270
268 269
268 270
269 270
271 272
271 273
271 274
271 275
271 276
271 277
271 278
271 279
271 308
271 309
271 312
271 317
271 318
271 319
271 401
271 409
272 273
272 274
272 275
272 276
272 277
272 278
272 279
272 401
273 274
273 275
273 276
273 277
273 278
273 279
273 317
274 275
274 276
274 277
274 278
274 279
275 276
275 277
275 278
275 279
275 308
276 277
276 278
276 279
277 278
277 279
278 279
280 281
280 381
280 394
280 395
282 283
282 284
282 285
282 295
282 298
282 299
282 303
282 308
282 312
282 317
282 387
282 442
282 806
283 284
283 285
283 295
283 296
283 298
283 299
283 387
283 443
283 500
283 594
283 812
284 285
286 287
286 288
286 289
286 290
286 291
286 298
286 299
286 442
286 806
286 807
286 838
287 288
287 289
287 290
287 291
287 298
287 485
287 500
287 585
287 802
287 806
288 289
288 290
288 291
288 293
288 299
288 485
288 802
288 803
288 806
288 807
289 290
289 291
290 291
292 293
292 294
292 295
292 296
292 297
292 298
292 317
292 336
292 381
292 418
292 489
292 703
293 294
293 295
293 296
293 297
293 298
293 317
293 351
293 364
293 381
293 387
294 295
294 296
294 297
295 296
295 297
295 298
295 299
295 312
295 380
295 385
295 812
296 297
296 298
296 317
296 385
296 387
296 442
296 500
296 691
297 802
298 299
298 300
298 301
298 302
298 308
298 309
298 312
298 350
298 364
298 395
298 442
298 455
298 546
298 812
298 819
299 300
299 301
299 302
299 442
299 455
299 476
299 812
300 301
300 302
300 812
301 302
303 304
303 305
303 306
303 307
304 305
304 306
304 307
304 755
305 306
305 307
306 307
308 309
308 310
308 311
308 356
308 407
308 442
308 500
308 757
309 310
309 311
309 317
309 395
309 401
309 402
309 407
309 618
310 311
312 313
312 314
312 387
312 399
312 401
312 427
312 746
312 810
313 401
314 315
314 316
314 317
314 337
314 377
314 394
314 402
315 316
315 333
317 318
317 319
317 320
317 321
317 333
317 335
317 815
317 830
318 319
318 320
318 321
318 333
318 337
318 381
319 320
319 321
319 333
320 321
320 347
321 337
321 364
321 818
322 323
322 324
322 325
322 326
322 327
322 328
322 329
322 330
322 331
322 332
322 333
323 324
323 325
323 326
323 327
323 328
323 329
323 330
323 331
323 332
323 333
323 378
324 325
324 326
324 327
324 328
324 329
324 330
324 331
324 332
325 326
325 327
325 328
325 329
325 330
325 331
325 332
326 327
326 328
326 329
326 330
326 331
326 332
326 412
327 328
327 329
327 330
327 331
327 332
328 329
328 330
328 331
328 332
329 330
329 331
329 332
329 364
330 331
330 332
331 332
333 334
333 335
333 336
333 337
333 338
333 339
333 400
333 402
333 721
334 335
334 336
334 337
334 338
334 339
335 336
335 337
335 338
335 339
336 337
336 338
336 339
336 363
336 394
337 338
337 339
337 387
337 810
338 339
340 341
340 342
340 343
340 442
340 447
340 463
340 534
340 587
340 827
340 829
341 342
341 343
341 443
341 764
341 797
341 826
341 827
341 829
342 343
344 345
344 346
344 347
344 348
344 349
345 346
345 347
345 348
345 349
345 455
345 776
345 826
345 831
345 834
346 347
346 348
346 349
346 434
346 524
346 763
346 815
346 829
346 830
346 831
347 348
347 349
347 831
348 349
350 351
350 352
351 352
351 364
353 354
353 355
353 364
353 373
353 378
353 412
353 554
353 585
353 849
354 355
356 357
356 358
356 359
356 360
356 361
356 362
357 358
357 359
357 360
357 361
357 362
357 812
358 359
358 360
358 361
358 362
359 360
359 361
359 362
360 361
360 362
361 362
362 364
363 364
363 365
363 366
363 367
363 368
363 387
363 442
363 816
364 365
364 366
364 367
364 368
364 381
364 387
364 442
364 478
364 812
364 813
364 815
364 819
364 823
365 366
365 367
365 368
366 367
366 368
367 368
367 394
367 447
368 385
369 370
369 371
369 461
370 371
370 803
372 373
372 374
373 374
373 378
375 376
375 377
375 378
377 378
377 379
377 387
377 391
377 411
377 546
377 691
377 725
377 815
378 379
378 388
378 464
378 500
378 547
378 630
378 803
380 381
380 382
380 383
380 384
380 385
380 386
380 387
381 382
381 383
381 384
381 385
381 386
382 383
382 384
382 385
382 386
383 384
383 385
383 386
384 385
384 386
385 386
385 387
386 819
387 388
387 389
387 390
387 434
387 574
387 812
387 813
387 818
387 819
388 389
388 390
388 812
388 813
388 818
388 819
389 390
389 813
389 818
389 819
390 813
391 392
391 393
391 394
391 828
392 393
392 827
394 395
394 396
394 397
394 398
394 399
394 400
394 442
394 443
395 396
395 397
395 398
395 399
395 400
395 707
395 735
396 397
396 398
396 399
396 400
397 398
397 399
397 400
398 399
398 400
399 400
399 411
401 402
401 403
401 404
401 407
401 408
401 466
401 754
401 758
401 810
401 811
401 815
401 822
402 403
402 404
402 809
402 810
403 404
405 406
405 627
405 797
407 408
407 409
407 410
407 466
407 602
408 409
408 410
408 462
408 466
408 838
409 410
411 412
411 413
411 414
411 415
411 416
411 417
411 423
411 473
411 500
411 553
411 581
411 582
411 585
411 593
411 790
412 413
412 414
412 415
412 416
412 417
412 424
412 440
412 553
412 554
412 580
412 581
412 582
412 585
412 586
413 414
413 415
413 416
413 417
413 578
413 579
413 581
413 582
413 585
413 596
413 726
414 415
414 416
414 417
414 424
414 461
414 579
414 581
414 582
414 585
414 586
414 593
414 619
415 416
415 417
415 424
415 425
415 581
415 585
415 726
415 738
415 740
415 772
416 417
418 419
418 420
418 421
418 422
418 423
418 435
418 439
418 442
418 581
418 585
418 587
418 650
418 660
419 420
419 421
419 422
419 434
419 435
419 461
419 581
419 585
419 586
419 666
419 738
419 785
420 421
420 422
420 827
421 422
421 434
421 435
421 461
421 578
421 581
421 590
421 655
422 423
422 435
422 579
422 580
422 585
422 596
422 701
423 424
423 425
423 426
423 434
423 650
423 651
423 654
424 425
424 426
424 651
424 654
424 655
425 426
427 428
427 429
427 430
427 431
427 432
427 433
427 434
427 435
427 580
427 581
427 585
427 739
427 790
427 793
427 797
428 429
428 430
428 431
428 432
428 433
428 434
428 435
428 450
428 580
428 657
428 790
428 791
428 797
429 430
429 431
429 432
429 433
429 434
429 582
429 658
429 790
430 431
430 432
430 433
430 434
430 435
430 570
430 578
430 580
430 790
431 432
431 433
432 433
434 435
434 436
434 437
434 438
434 645
434 790
434 797
435 436
435 437
435 438
435 582
435 645
435 790
436 437
436 438
437 438
439 440
439 441
439 443
439 532
440 441
440 443
440 532
442 443
442 444
442 445
442 446
442 447
442 448
442 461
442 542
442 543
442 546
442 547
442 549
442 593
442 594
442 596
442 790
442 802
442 809
442 818
442 826
442 827
443 444
443 445
443 446
443 447
443 448
443 542
443 543
443 547
443 549
443 568
443 570
443 573
443 618
443 722
443 826
443 827
443 828
444 445
444 446
444 447
444 448
445 446
445 447
445 448
446 447
446 448
447 448
447 542
447 543
447 546
447 547
447 826
447 827
447 828
447 830
447 831
448 542
449 450
449 451
449 452
449 453
449 454
450 451
450 452
450 453
450 454
450 464
451 452
451 453
451 454
452 453
452 454
453 454
455 456
455 457
455 458
455 459
455 460
456 457
456 458
456 459
456 460
457 458
457 459
457 460
457 546
457 547
457 548
457 549
458 459
458 460
459 460
461 462
461 463
461 464
461 465
461 466
461 467
461 468
461 469
461 524
461 528
461 529
461 530
461 532
461 533
461 593
461 797
461 812
461 826
461 827
461 828
462 463
462 464
462 465
462 466
462 467
462 469
462 470
462 529
462 532
462 812
462 826
462 827
463 464
463 465
463 466
463 467
463 469
463 515
463 528
463 532
464 465
464 466
464 467
464 469
464 470
464 532
464 568
464 569
464 570
464 573
465 466
465 467
466 467
466 623
468 469
468 470
468 471
468 472
468 473
468 474
468 475
468 500
468 524
468 525
468 530
469 470
469 471
469 472
469 473
469 474
469 475
470 471
470 472
470 473
470 474
470 475
471 472
471 473
471 474
471 475
472 473
472 474
472 475
473 474
473 475
473 528
473 593
474 475
474 512
474 529
476 477
476 478
476 479
476 480
476 481
476 482
476 489
476 490
476 532
477 478
477 479
477 480
477 481
477 482
477 490
478 479
478 480
478 481
478 482
479 480
479 481
479 482
479 523
479 524
479 525
479 528
479 529
479 530
479 532
479 533
480 481
480 482
480 549
481 482
483 484
483 485
483 486
483 487
483 488
483 489
483 490
484 485
484 486
484 487
484 488
484 490
485 486
485 487
485 488
485 620
485 725
486 487
486 488
487 488
489 490
489 491
489 492
489 493
489 494
489 601
489 737
490 491
490 492
490 493
490 494
490 601
490 842
490 844
490 845
490 846
491 492
491 493
491 494
492 493
492 494
493 494
495 496
495 497
495 498
495 499
495 500
495 791
496 497
496 498
496 499
496 500
496 612
496 791
497 498
497 499
498 499
500 501
500 502
500 503
500 504
500 505
500 506
500 507
500 508
500 509
500 510
500 511
500 512
500 514
500 523
500 524
500 525
500 530
500 532
500 533
500 573
500 593
500 716
500 717
501 502
501 503
501 504
501 505
501 506
501 507
501 508
501 509
501 510
501 511
501 524
501 525
501 568
501 569
502 503
502 504
502 505
502 506
502 507
502 508
502 509
502 510
502 511
503 504
503 505
503 506
503 507
503 508
503 509
503 510
503 511
504 505
504 506
504 507
504 508
504 509
504 510
504 511
505 506
505 507
505 508
505 509
505 510
505 511
506 507
506 508
506 509
506 510
506 511
506 725
507 508
507 509
507 510
507 511
508 509
508 510
508 511
509 510
509 511
510 511
512 513
512 612
514 515
514 516
514 517
514 518
514 519
514 520
514 521
514 522
514 528
514 529
515 516
515 517
515 518
515 519
515 520
515 521
515 522
515 523
515 533
516 517
516 518
516 519
516 520
516 521
516 522
517 518
517 519
517 520
517 521
517 522
518 519
518 520
518 521
518 522
519 520
519 521
519 522
520 521
520 522
521 522
523 524
523 525
523 526
523 527
523 528
523 529
523 530
523 531
523 532
523 533
524 525
524 526
524 527
524 528
524 529
524 530
524 531
524 532
524 533
524 573
524 593
524 646
524 763
525 526
525 527
525 528
525 529
525 530
525 531
525 532
525 533
525 538
525 646
525 763
526 527
526 528
526 529
526 530
526 531
526 532
526 533
527 528
527 529
527 530
527 531
527 532
527 533
528 529
528 530
528 531
528 532
528 533
529 530
529 531
529 532
529 533
530 531
530 532
530 533
531 532
531 533
531 725
532 533
532 568
532 570
532 573
532 574
532 612
532 763
534 535
534 536
534 537
534 716
534 717
535 536
535 537
536 537
538 539
538 540
538 541
539 540
539 541
540 541
541 542
541 543
541 546
541 547
541 548
541 574
542 543
542 544
542 545
542 546
542 547
542 548
542 549
542 553
542 614
543 544
543 545
543 546
543 547
543 548
543 549
543 553
543 554
543 697
544 545
546 547
546 548
546 549
546 550
546 551
546 552
546 656
546 782
546 829
547 548
547 549
547 550
547 551
547 552
547 564
547 568
547 569
547 570
547 573
547 574
547 651
547 656
547 829
548 549
548 550
548 551
548 552
548 656
548 782
548 829
548 848
549 550
549 551
549 552
549 569
549 614
549 842
550 551
550 552
551 552
552 650
552 654
553 554
553 555
553 556
553 557
553 573
553 574
553 593
554 555
554 556
554 557
554 568
554 569
554 570
555 556
555 557
556 557
558 559
558 560
558 561
558 562
559 560
559 561
559 562
560 561
560 562
560 573
561 562
563 564
563 565
563 566
563 567
563 574
563 716
563 717
564 565
564 566
564 567
565 566
565 567
566 567
568 569
568 570
568 571
568 572
568 573
568 574
568 575
568 576
569 570
569 571
569 572
569 573
569 574
569 575
569 576
569 594
569 620
570 571
570 572
570 573
570 574
570 575
570 576
571 572
571 573
571 574
571 575
571 576
572 573
572 574
572 575
572 576
573 574
573 575
573 576
573 601
573 782
574 575
574 576
574 593
574 594
574 620
575 576
577 578
577 579
577 580
577 797
578 579
578 580
579 580
580 581
580 582
580 791
580 797
580 826
580 827
580 828
581 582
581 583
581 584
581 585
581 588
581 593
581 594
582 583
582 584
582 585
582 586
582 588
582 594
583 584
585 586
587 588
587 589
587 590
587 726
587 790
588 589
588 590
588 651
589 590
589 726
590 655
590 726
591 592
592 624
593 594
593 595
593 596
593 612
593 618
593 619
593 620
593 623
593 641
593 827
594 595
594 596
594 612
594 613
594 618
594 619
594 620
594 623
594 624
595 596
596 613
596 616
596 620
596 641
596 701
596 726
597 598
597 599
597 600
597 601
597 602
597 603
597 604
597 605
597 606
597 607
597 608
597 609
597 610
597 611
597 619
597 620
598 599
598 600
598 601
598 602
598 603
598 604
598 605
598 606
598 607
598 608
598 609
598 610
598 611
599 600
599 601
599 602
599 603
599 604
599 605
599 606
599 607
599 608
599 609
599 610
599 611
600 601
600 602
600 603
600 604
600 605
600 606
600 607
600 608
600 609
600 610
600 611
601 602
601 603
601 604
601 605
601 606
601 607
601 608
601 609
601 610
601 611
601 619
601 620
601 627
601 739
602 603
602 604
602 605
602 606
602 607
602 608
602 609
602 610
602 611
602 740
603 604
603 605
603 606
603 607
603 608
603 609
603 610
603 611
604 605
604 606
604 607
604 608
604 609
604 610
604 611
605 606
605 607
605 608
605 609
605 610
605 611
606 607
606 608
606 609
606 610
606 611
607 608
607 609
607 610
607 611
608 609
608 610
608 611
609 610
609 611
610 611
610 618
610 619
610 620
612 613
612 614
612 615
612 616
612 617
612 618
612 619
612 620
613 614
613 615
613 616
613 617
613 618
613 620
614 615
614 616
614 617
615 616
615 617
616 617
618 619
618 620
618 621
618 622
618 624
618 634
618 642
619 620
619 621
619 622
619 623
619 624
619 633
619 634
619 721
619 799
619 802
620 621
620 622
620 623
620 624
620 633
620 634
621 622
623 624
623 625
623 626
623 627
623 628
623 642
623 650
623 651
623 683
623 692
623 841
624 625
624 626
624 627
624 628
624 641
624 642
624 651
624 658
624 692
624 697
624 698
624 717
624 838
625 626
627 628
627 697
627 721
627 729
628 678
628 679
628 692
628 696
628 697
628 698
628 699
628 701
628 722
629 630
629 631
629 632
630 631
630 632
631 632
633 634
633 635
633 636
633 637
633 638
633 639
634 635
634 636
634 637
634 638
634 639
635 636
635 637
635 638
635 639
636 637
636 638
636 639
637 638
637 639
638 639
640 641
640 642
640 643
640 644
641 642
641 643
641 644
642 643
642 644
643 644
645 646
645 647
645 648
645 649
646 647
646 648
646 649
646 651
646 655
646 763
646 830
647 648
647 649
647 651
647 655
648 649
650 651
650 652
650 653
650 654
650 655
650 656
650 657
650 697
651 652
651 653
651 654
651 655
651 656
651 657
651 697
651 698
652 653
652 654
652 655
652 656
652 657
653 654
653 655
653 656
653 657
654 655
654 656
654 657
654 697
654 750
655 656
655 657
655 696
655 697
655 698
655 750
655 751
656 657
658 659
658 660
658 661
658 662
658 663
659 660
659 661
659 662
659 663
660 661
660 662
660 663
661 662
661 663
662 663
664 665
664 666
664 667
664 668
664 669
664 670
664 721
665 666
665 667
665 668
665 669
665 670
665 709
665 722
666 667
666 668
666 669
666 670
667 668
667 669
667 670
668 669
668 670
669 670
671 672
671 673
671 674
671 675
671 676
671 677
672 673
672 674
672 675
672 676
672 677
673 674
673 675
673 676
673 677
674 675
674 676
674 677
675 676
675 677
676 677
677 699
678 679
678 680
678 681
678 699
678 701
678 721
678 754
678 755
679 680
679 681
679 699
679 701
679 722
679 725
679 726
680 681
682 683
682 684
682 685
682 686
682 687
683 684
683 685
683 686
683 687
683 699
683 701
683 721
683 725
683 750
683 754
683 755
683 799
684 685
684 686
684 687
685 686
685 687
685 726
686 687
688 689
688 690
688 691
688 692
688 693
688 694
688 695
688 696
688 697
688 698
689 690
689 691
689 692
689 693
689 694
689 695
689 696
689 697
689 698
690 691
690 692
690 693
690 694
690 695
690 696
690 697
690 698
691 692
691 693
691 694
691 695
691 696
691 697
691 698
692 693
692 694
692 695
692 696
692 697
692 698
693 694
693 695
693 696
693 697
693 698
694 695
694 696
694 697
694 698
695 696
695 697
695 698
695 699
696 697
696 698
696 701
697 698
697 699
699 700
699 701
699 702
699 716
699 717
699 721
699 722
699 762
699 830
700 701
700 702
701 702
701 721
701 726
701 748
701 788
703 704
703 705
703 706
703 707
703 802
704 705
704 706
704 707
705 706
705 707
706 707
707 721
707 725
708 709
708 710
708 722
709 710
709 716
709 717
709 721
709 722
709 725
710 716
710 717
711 712
711 713
711 714
711 715
711 716
712 713
712 714
712 715
712 722
713 714
713 715
713 726
714 715
716 717
716 718
716 719
716 720
716 783
717 718
717 719
717 720
717 722
717 830
718 719
718 720
719 720
721 722
721 723
721 724
721 725
721 739
721 762
721 796
722 723
722 724
723 724
725 726
725 727
725 728
725 732
725 771
725 782
726 727
726 728
726 735
727 728
729 730
729 731
729 732
729 733
729 734
729 802
730 731
730 732
730 733
730 734
731 732
731 733
731 734
732 733
732 734
733 734
736 737
736 738
737 738
739 740
739 741
739 742
739 743
739 744
739 746
739 747
739 771
739 830
739 831
740 741
740 742
740 743
740 744
740 746
740 747
740 748
740 771
740 772
740 830
740 831
741 742
741 830
742 831
743 744
743 745
743 763
743 771
743 830
743 831
744 745
744 764
744 771
744 830
744 831
746 747
746 748
746 749
746 750
746 787
747 748
747 749
747 750
747 751
747 755
747 787
748 749
748 756
748 774
750 751
750 752
750 753
750 754
750 755
750 756
750 758
750 785
750 787
750 788
751 752
751 753
751 754
751 758
751 779
751 785
751 787
751 788
752 753
754 755
754 756
754 757
754 758
754 762
754 787
754 826
755 756
755 757
755 758
755 762
755 788
756 757
756 758
758 759
758 760
758 761
758 762
759 760
759 761
759 762
760 761
760 762
761 762
763 764
763 765
763 766
763 767
764 765
764 766
764 768
765 766
767 768
767 769
767 770
767 797
768 769
768 770
769 770
770 797
771 772
771 773
771 774
771 775
771 776
771 777
771 799
771 818
771 830
771 831
772 773
772 774
772 775
772 776
772 777
772 830
772 831
773 774
773 775
773 776
773 777
774 775
774 776
774 777
775 776
775 777
776 777
778 779
778 780
778 781
778 782
778 783
778 784
778 785
778 786
778 787
778 788
778 789
779 780
779 781
779 782
779 783
779 784
779 785
779 786
779 787
779 788
779 789
780 781
780 782
780 783
780 784
780 785
780 786
780 787
780 788
780 789
781 782
781 783
781 784
781 785
781 786
781 787
781 788
781 789
782 783
782 784
782 785
782 786
782 787
782 788
782 789
783 784
783 785
783 786
783 787
783 788
783 789
784 785
784 786
784 787
784 788
784 789
784 797
785 786
785 787
785 788
785 789
786 787
786 788
786 789
786 827
787 788
787 789
788 789
790 791
790 792
790 793
790 794
790 795
790 796
790 797
790 798
790 799
790 800
790 801
791 792
791 793
791 794
791 795
791 796
791 797
791 798
791 799
791 800
791 801
791 826
792 793
792 794
792 795
792 796
792 797
792 798
792 799
792 800
792 801
792 826
792 827
792 828
793 794
793 795
793 796
793 797
793 798
793 799
793 800
793 801
793 827
794 795
794 796
794 797
794 798
794 799
794 800
794 801
795 796
795 797
795 798
795 799
795 800
795 801
796 797
796 798
796 799
796 800
796 801
797 798
797 799
797 800
797 801
798 799
798 800
798 801
799 800
799 801
799 827
800 801
802 803
802 804
802 805
802 806
803 804
803 805
804 805
806 807
808 809
808 810
808 811
809 810
809 811
810 811
812 813
812 814
812 815
812 816
812 817
812 818
812 819
812 830
813 814
813 815
813 816
813 817
813 818
813 819
813 822
813 823
814 815
814 816
814 817
814 818
815 816
815 817
815 818
815 819
816 817
818 819
818 820
818 821
818 822
818 823
819 820
819 821
819 822
819 823
820 821
822 823
822 824
822 825
823 824
823 825
824 825
826 827
826 828
826 829
826 830
826 831
827 828
827 829
827 830
827 831
827 832
828 829
828 830
828 831
828 832
829 830
830 831
830 832
830 833
831 832
831 833
832 833
834 835
834 836
834 837
835 836
835 837
836 837
838 839
838 840
838 841
839 840
839 841
840 841
842 843
844 845
846 847
846 848
847 848
