0 1
0 2
0 3
0 7
0 9
0 693
1 2
1 3
1 7
1 9
2 3
4 5
4 6
4 50
4 51
4 756
5 6
5 7
5 9
5 51
6 304
7 8
7 9
7 10
7 20
7 28
7 30
7 51
7 82
7 477
8 9
8 10
8 51
9 10
9 20
9 28
9 30
9 474
9 477
11 12
11 13
11 14
11 15
11 16
11 17
11 18
11 19
11 20
11 21
11 22
11 360
11 683
11 840
12 13
12 14
12 15
12 16
12 17
12 18
12 19
12 20
12 21
12 22
13 14
13 15
13 16
13 17
13 18
13 19
13 20
13 21
13 22
14 15
14 16
14 17
14 18
14 19
14 20
14 21
14 22
15 16
15 17
15 18
15 19
15 20
15 21
15 22
16 17
16 18
16 19
16 20
16 21
16 22
16 335
17 18
17 19
17 20
17 21
17 22
18 19
18 20
18 21
18 22
19 20
19 21
19 22
19 683
19 956
20 21
20 22
21 22
22 497
22 498
23 24
23 25
23 26
23 30
23 38
23 39
23 42
23 50
23 51
23 53
23 294
23 595
23 635
24 25
24 26
24 31
24 38
24 39
24 50
24 51
24 53
24 596
25 26
25 30
25 31
25 38
25 39
25 50
25 51
25 53
25 596
27 28
27 29
27 1003
28 29
28 51
30 31
30 32
30 33
30 34
30 50
30 111
30 509
30 1048
31 32
31 33
31 34
31 111
32 33
32 34
33 34
34 63
35 36
35 37
35 38
35 39
35 40
35 41
35 42
35 43
35 49
35 180
35 427
35 595
35 727
35 1002
35 1025
35 1050
36 37
36 38
36 39
36 40
36 41
36 42
36 43
36 49
36 596
36 1025
36 1026
37 38
37 39
37 40
37 41
37 42
37 43
38 38
38 39
38 40
38 41
38 42
38 43
38 49
38 595
38 714
38 1025
39 40
39 41
39 42
39 43
40 41
40 42
40 43
41 42
41 43
42 43
42 50
42 51
44 45
44 46
44 47
44 48
44 49
44 51
45 46
45 47
45 48
45 49
45 51
45 53
46 47
46 48
46 49
47 48
47 49
48 49
48 51
50 51
50 52
50 54
50 58
50 60
50 200
50 690
50 840
50 951
51 52
51 53
51 55
51 59
51 60
51 76
51 133
51 200
51 241
51 510
51 540
51 585
51 690
51 797
53 54
53 55
53 56
53 57
53 58
53 59
53 60
53 75
53 76
53 635
53 992
54 55
54 56
54 57
54 58
54 59
54 75
54 78
54 635
54 673
54 703
54 1072
55 56
55 57
55 58
55 59
55 60
55 75
55 76
55 77
55 991
55 992
56 57
56 58
56 59
57 58
57 59
58 58
58 59
58 75
58 991
58 1072
58 1073
59 635
59 636
59 673
59 703
59 704
59 1073
60 61
60 62
60 63
61 62
61 63
61 64
61 65
61 69
61 73
61 489
61 501
61 509
61 596
61 597
61 600
61 645
61 646
61 723
61 873
61 914
61 922
61 1020
62 63
62 64
62 65
62 69
62 73
62 168
62 510
62 596
62 597
62 646
62 813
62 922
62 1021
63 64
63 65
63 69
63 73
63 168
63 596
63 597
63 642
63 813
63 922
63 1021
64 65
66 67
66 68
66 324
66 473
66 501
67 68
67 308
68 459
68 486
69 70
69 71
69 72
69 304
69 318
70 71
70 72
70 87
71 72
73 74
73 75
73 76
73 1071
74 75
74 78
74 324
75 76
75 77
75 78
75 79
75 80
75 81
75 82
75 87
75 95
75 97
75 168
75 598
75 635
75 640
75 690
75 922
76 77
76 78
76 79
76 80
76 87
76 98
76 174
76 598
76 599
77 78
77 79
77 80
77 98
77 635
77 636
78 79
78 80
78 97
78 635
79 80
79 83
81 81
81 82
81 83
81 84
81 85
81 86
81 90
81 106
81 112
81 120
81 162
81 1025
81 1116
82 83
82 84
82 85
82 87
82 121
82 122
82 127
82 134
82 307
82 700
82 1026
83 84
83 85
83 87
83 122
83 164
84 85
86 87
86 88
86 89
86 90
86 91
86 120
86 162
86 554
86 1025
87 87
87 88
87 89
87 121
87 122
87 291
87 554
88 89
90 91
90 92
90 93
90 94
90 95
90 96
90 1026
91 92
91 93
91 94
91 95
91 96
91 456
92 93
92 94
92 95
92 96
93 94
93 95
93 96
94 95
94 96
95 96
95 443
95 444
96 1025
97 98
97 99
97 100
97 101
97 102
97 103
97 104
97 105
97 205
97 376
97 409
97 491
97 1059
97 1060
97 1067
98 99
98 100
98 101
98 102
98 103
98 104
98 105
98 459
98 460
98 1068
98 1071
99 100
99 101
99 102
99 103
99 104
99 105
100 101
100 102
100 103
100 104
100 105
101 102
101 103
101 104
101 105
102 103
102 104
102 105
103 104
103 105
104 105
106 107
106 108
106 109
106 110
106 120
106 121
106 122
106 126
106 346
106 356
107 107
107 108
107 109
107 110
107 111
107 121
107 122
107 126
107 127
107 134
107 163
107 298
107 346
107 347
108 109
108 110
109 110
111 112
111 113
111 124
111 137
111 728
111 731
111 1071
112 113
112 120
114 115
114 116
114 117
114 118
114 119
114 163
114 164
115 116
115 117
115 118
115 119
116 117
116 118
116 119
116 164
117 118
117 119
118 119
120 121
120 122
120 126
120 172
120 277
121 122
121 134
121 162
121 163
122 162
123 124
123 125
123 162
123 164
124 125
124 163
126 127
126 128
126 129
126 130
126 131
126 132
127 128
127 129
127 130
127 131
127 132
128 129
128 130
128 131
128 132
129 130
129 131
129 132
130 131
130 132
131 132
133 134
133 135
133 136
133 346
133 360
133 473
134 135
134 136
134 159
134 160
134 917
134 923
134 1056
135 136
135 473
135 511
135 550
137 138
137 139
137 140
137 141
137 142
137 143
137 144
137 145
137 146
138 139
138 140
138 141
138 142
138 143
138 144
138 145
138 146
139 140
139 141
139 142
139 143
139 144
139 145
139 146
140 141
140 142
140 143
140 144
140 145
140 146
141 142
141 143
141 144
141 145
141 146
142 143
142 144
142 145
142 146
143 144
143 145
143 146
144 145
144 146
145 146
147 148
147 149
147 150
147 151
147 152
147 153
147 154
147 155
147 156
147 157
147 158
147 1063
148 149
148 150
148 151
148 152
148 153
148 154
148 155
148 156
148 157
148 158
148 444
148 460
149 150
149 151
149 152
149 153
149 154
149 155
149 156
149 157
149 158
150 151
150 152
150 153
150 154
150 155
150 156
150 157
150 158
151 152
151 153
151 154
151 155
151 156
151 157
151 158
151 444
152 153
152 154
152 155
152 156
152 157
152 158
153 154
153 155
153 156
153 157
153 158
154 155
154 156
154 157
154 158
155 156
155 157
155 158
156 157
156 158
157 158
159 160
159 161
159 489
159 490
160 161
162 163
162 164
162 165
162 166
162 167
162 173
162 176
162 290
162 347
162 601
162 1092
162 1108
163 164
163 165
163 166
163 167
163 174
163 175
164 165
164 166
164 167
164 173
164 175
164 176
164 222
164 352
164 671
164 708
165 166
165 167
166 167
168 169
168 170
168 171
168 172
168 190
168 197
168 237
168 238
168 258
168 267
168 489
168 491
168 622
168 933
168 952
168 996
168 998
168 1025
169 170
169 171
169 172
169 238
169 478
170 171
170 172
171 172
173 174
173 175
173 176
173 177
173 178
173 179
173 189
173 197
173 258
173 267
173 473
173 477
173 497
174 175
174 176
174 177
174 178
174 179
174 190
174 197
174 477
174 478
174 663
175 176
175 177
175 178
175 179
175 190
175 197
175 477
175 663
175 664
176 177
176 178
176 179
176 190
176 197
176 198
176 291
176 477
176 478
177 178
177 179
178 179
178 258
178 288
179 981
179 986
179 987
179 1048
180 181
180 183
180 736
180 737
181 736
181 737
182 183
182 184
182 185
182 294
182 389
182 393
182 395
182 473
183 184
183 185
183 232
183 233
183 234
184 185
186 187
186 188
186 189
186 190
186 228
186 229
186 232
186 233
186 234
186 258
187 188
187 232
187 233
187 234
189 190
189 191
189 192
189 193
189 197
189 198
189 199
189 258
189 281
189 288
189 290
189 473
189 477
189 663
189 664
189 1108
190 191
190 192
190 193
190 198
190 199
190 465
190 474
190 477
190 478
190 663
190 664
190 1108
191 192
192 522
193 194
193 195
193 196
193 197
193 198
193 199
194 195
194 196
195 196
197 198
197 199
197 474
197 477
197 478
197 501
197 502
197 543
197 663
197 922
198 199
198 474
198 477
198 478
198 663
198 664
199 201
199 210
199 477
199 663
200 201
200 202
200 203
200 204
200 206
200 486
201 202
201 203
201 204
201 206
202 203
202 204
203 204
205 206
205 207
205 208
205 209
205 213
205 217
205 405
205 409
205 410
205 491
206 207
206 208
206 209
206 210
206 213
206 214
206 216
206 217
206 218
206 492
206 1138
206 1139
206 1143
207 208
209 210
209 211
209 212
209 1062
209 1063
210 211
210 212
210 1062
211 212
213 214
213 215
213 216
213 1062
213 1063
214 215
214 216
214 1062
215 216
217 218
217 219
217 220
217 313
217 323
218 219
218 220
218 336
219 220
221 222
221 223
221 258
221 447
221 448
221 451
221 452
221 459
221 460
221 479
221 480
221 996
221 1062
221 1063
221 1068
222 223
222 447
222 448
222 452
222 1062
222 1063
222 1068
223 447
224 225
224 226
224 227
224 267
224 270
224 884
225 226
225 227
225 238
225 270
226 227
226 270
228 229
228 230
228 231
228 232
228 233
228 234
228 244
228 258
228 259
228 281
228 282
228 288
229 230
229 231
229 232
229 233
229 234
229 244
229 245
229 248
229 259
229 282
229 660
229 662
230 231
230 232
230 233
230 234
231 232
231 233
231 234
231 247
231 248
232 233
232 234
232 245
232 248
232 259
232 282
232 1026
233 234
233 241
233 245
233 248
233 259
233 662
233 1044
233 1124
234 245
234 248
234 259
234 282
234 1026
235 236
235 237
235 238
235 281
235 485
236 237
236 238
236 268
236 281
237 238
237 239
237 240
237 241
237 242
237 243
237 244
237 267
237 281
237 606
237 1108
238 239
238 240
238 241
238 242
238 245
238 268
238 690
238 922
238 1026
238 1109
239 240
239 290
239 714
239 767
240 690
241 242
241 243
242 243
244 245
244 246
244 247
244 248
244 258
244 259
244 282
244 290
245 246
245 259
245 282
246 259
247 248
247 249
247 250
247 258
247 259
247 273
247 297
247 686
247 797
248 249
248 250
248 258
248 259
248 297
250 251
250 252
250 253
251 252
251 253
252 253
254 255
254 256
254 257
255 256
255 257
255 451
256 257
257 270
258 259
258 260
258 261
258 262
258 263
258 264
258 265
258 266
258 281
258 282
258 288
258 290
258 297
258 690
259 260
259 261
259 262
259 263
259 264
259 265
259 266
259 268
259 281
259 282
259 288
259 289
259 452
259 824
260 261
260 262
260 263
260 264
260 265
260 266
261 262
261 263
261 264
261 265
261 266
262 263
262 264
262 265
262 266
263 264
263 265
263 266
264 265
264 266
264 1048
265 266
267 268
267 269
267 270
267 271
267 272
267 273
267 274
267 277
267 673
268 269
268 270
268 271
268 272
268 274
268 277
269 270
269 271
269 272
270 271
270 272
270 273
270 274
270 277
270 280
270 339
270 504
270 505
270 1150
271 272
273 274
273 275
273 276
273 443
274 275
274 276
274 313
275 276
277 278
277 279
277 280
277 335
277 501
278 279
278 280
278 289
278 501
279 280
281 282
281 298
281 302
281 303
281 304
281 375
281 595
281 635
281 690
281 998
282 298
282 303
282 635
282 636
282 712
282 884
282 885
283 284
283 285
283 286
283 287
283 302
284 285
284 286
284 287
285 286
285 287
285 304
286 287
288 289
288 290
288 291
288 292
288 293
288 294
288 295
288 296
288 302
288 303
288 304
288 438
288 477
288 1112
289 290
289 291
289 292
289 293
289 294
289 295
289 296
289 298
289 303
289 318
289 851
289 1113
289 1131
290 291
290 292
290 293
290 294
290 295
290 296
290 302
290 317
290 319
290 351
290 357
290 414
290 438
290 474
290 645
290 752
290 1108
290 1112
290 1113
291 292
291 293
291 294
291 295
291 296
291 302
291 307
291 319
291 352
291 394
291 1025
291 1026
291 1109
291 1113
292 293
292 294
292 295
292 296
293 294
293 295
293 296
294 295
294 296
294 302
294 303
294 438
294 564
294 585
294 690
294 1059
294 1112
295 296
295 302
295 310
296 302
296 361
296 502
296 1034
297 298
297 299
297 300
297 301
297 351
297 352
297 464
297 465
297 469
297 1050
297 1120
297 1121
297 1127
297 1151
297 1152
298 299
298 300
298 301
298 303
298 307
298 313
298 352
298 465
298 1025
298 1051
299 300
299 301
300 301
301 352
302 303
302 304
302 305
302 306
302 307
302 308
302 351
302 477
302 502
302 816
302 1025
302 1108
303 304
303 305
303 307
303 308
303 406
303 1026
303 1060
303 1109
304 305
304 306
304 309
304 1025
304 1110
306 307
306 308
306 309
306 310
306 335
306 427
306 690
306 980
306 981
306 986
306 1025
306 1034
306 1035
306 1050
306 1059
306 1060
306 1062
306 1070
306 1130
307 307
307 308
307 309
307 310
307 312
307 313
307 335
307 336
307 370
307 424
307 426
307 427
307 510
307 986
307 1025
307 1026
307 1034
307 1035
307 1050
307 1051
307 1059
307 1060
307 1062
307 1063
307 1068
307 1071
308 309
308 310
308 424
308 427
308 499
308 568
308 986
308 1026
308 1035
308 1060
309 310
311 312
311 313
311 314
311 315
311 316
311 362
311 502
311 570
311 1048
311 1049
311 1059
311 1060
311 1127
311 1163
312 313
312 314
312 315
312 316
312 364
312 368
312 382
312 404
312 501
312 534
312 1032
312 1048
312 1049
312 1059
312 1131
312 1167
313 314
313 315
313 316
313 336
313 465
313 489
313 492
313 1017
313 1048
313 1059
313 1131
314 315
314 316
315 316
316 360
316 361
316 1059
316 1060
317 318
317 319
317 320
317 321
317 322
317 323
317 329
317 520
317 708
318 319
318 320
318 321
318 322
318 324
318 1170
319 320
319 321
319 322
319 323
319 324
319 329
319 541
319 1112
320 321
320 322
320 324
320 447
320 479
321 322
321 324
321 522
323 324
323 325
323 326
323 327
323 328
323 329
323 336
323 346
323 347
323 352
323 360
323 361
323 366
323 367
323 419
323 541
323 585
323 591
323 650
323 662
323 773
323 841
323 1051
324 325
324 326
324 327
324 328
324 329
324 348
324 361
324 362
324 367
324 521
324 541
324 634
324 688
324 720
324 787
325 326
325 327
325 328
325 329
325 336
325 341
325 361
325 367
325 541
325 1051
325 1128
326 327
326 328
327 328
329 330
329 331
329 332
329 333
329 334
329 541
329 542
329 543
330 331
330 332
330 333
330 334
330 419
331 332
331 333
331 334
332 333
332 334
333 334
334 551
335 336
335 337
335 338
335 339
335 343
335 419
335 686
335 690
335 922
335 1081
336 337
336 338
336 339
336 343
336 344
336 586
336 592
336 693
336 1003
336 1051
336 1071
336 1081
337 338
337 339
338 339
340 341
340 342
340 343
340 344
340 345
340 351
340 1062
341 342
341 343
341 344
341 345
341 1062
341 1063
342 343
342 344
342 345
343 344
343 345
343 346
343 347
343 351
343 352
344 345
346 347
346 348
346 349
346 350
346 351
346 352
346 357
346 361
346 367
346 483
346 686
346 690
346 1050
346 1051
347 348
347 349
347 350
347 351
347 352
347 357
347 361
347 367
347 686
347 690
347 1062
348 349
348 350
348 351
348 393
348 980
349 350
351 352
351 353
351 354
351 355
351 360
351 361
351 396
351 414
351 686
351 690
351 914
351 915
351 916
351 917
351 922
351 1112
351 1127
351 1170
352 353
352 354
352 355
352 361
352 391
352 392
352 528
352 690
353 354
353 355
354 355
354 360
356 357
356 358
356 359
356 409
356 410
356 419
356 1070
357 358
357 359
357 1071
358 359
358 996
360 361
360 362
360 363
360 364
360 365
360 366
360 414
360 509
360 510
360 996
360 997
360 998
360 1048
360 1067
360 1070
360 1071
361 362
361 363
361 364
361 365
361 366
361 414
361 999
361 1049
361 1070
361 1071
362 363
362 364
362 365
362 998
363 364
363 365
363 998
364 365
364 999
366 367
366 368
366 396
366 414
366 509
366 510
366 996
366 998
366 1067
366 1070
367 368
367 999
367 1063
367 1070
367 1071
369 370
369 371
369 372
369 373
369 374
369 375
369 376
369 389
369 393
369 394
369 395
369 396
369 405
369 406
369 420
369 464
369 483
369 484
369 485
369 486
369 491
369 554
369 723
369 731
369 867
369 940
369 1068
370 371
370 372
370 373
370 374
370 376
370 389
370 394
370 406
370 420
370 941
370 1071
371 372
371 373
371 374
371 492
372 373
372 374
372 483
372 484
372 485
372 486
373 374
373 483
373 484
373 485
373 486
375 376
375 377
375 378
375 379
375 380
375 381
375 391
375 405
375 444
375 469
375 491
376 377
376 378
376 379
376 380
376 381
376 382
376 389
376 391
376 396
376 405
376 406
376 420
376 444
376 448
376 460
376 469
376 470
376 957
376 1030
377 378
377 379
377 380
378 379
378 380
379 380
380 489
381 382
381 383
381 384
381 385
381 386
381 387
381 388
381 389
381 393
381 394
381 395
381 396
381 405
381 406
381 491
381 492
382 383
382 384
382 385
382 386
382 387
382 388
382 406
382 492
383 384
383 385
383 386
383 387
383 388
384 385
384 386
384 387
384 388
385 386
385 387
385 388
386 387
386 388
386 543
387 388
387 489
387 490
387 491
387 492
387 1048
387 1049
389 390
389 391
389 392
389 393
389 394
389 395
389 396
389 397
389 398
389 427
389 473
389 536
389 777
389 905
389 1048
389 1067
389 1071
390 391
390 392
390 393
390 394
390 395
390 396
390 397
390 398
391 392
391 393
391 394
391 395
391 396
391 397
391 398
391 406
391 409
391 410
391 490
391 1048
391 1049
391 1070
392 393
392 394
392 395
392 396
392 397
392 398
392 406
392 456
392 1049
392 1067
392 1068
392 1071
393 394
393 395
393 396
393 397
393 398
393 399
393 403
393 455
393 521
393 720
394 395
394 396
394 397
394 398
394 542
394 726
394 1070
395 396
395 397
395 398
395 447
395 541
395 720
395 1070
395 1099
396 397
396 398
396 455
396 491
396 684
397 398
399 400
399 401
399 402
399 403
399 404
400 401
400 402
400 403
400 404
401 402
401 403
401 404
402 403
402 404
403 404
403 483
403 484
403 485
403 489
405 406
405 407
405 408
405 419
405 420
405 495
405 608
406 407
406 408
406 490
406 580
406 943
406 1100
407 408
409 410
409 411
409 412
409 413
409 414
409 455
409 469
409 1051
409 1067
410 411
410 412
410 413
410 455
410 456
410 1055
410 1067
410 1127
411 412
411 413
412 413
414 415
414 416
414 417
414 418
414 419
414 420
414 435
414 438
414 439
414 469
414 756
414 922
414 944
414 1025
414 1137
414 1142
414 1157
415 416
415 417
415 418
415 419
415 488
416 417
416 418
417 418
419 420
419 421
419 422
419 423
419 465
419 686
419 687
420 421
420 422
420 423
420 425
420 444
420 469
420 477
420 533
420 585
420 592
420 751
421 422
421 423
422 423
424 425
424 426
424 427
425 426
425 428
425 490
425 492
425 980
425 981
426 1034
427 428
427 443
427 452
427 464
427 477
427 509
427 690
427 947
427 986
427 1062
427 1067
427 1068
429 430
429 431
429 432
429 433
429 434
429 681
429 684
430 431
430 432
430 433
430 434
430 682
430 684
431 432
431 433
431 434
432 433
432 434
433 434
435 436
435 437
435 464
436 437
437 998
438 439
438 440
438 441
438 442
438 443
438 459
438 480
439 440
439 441
439 442
439 455
440 441
440 442
441 442
443 444
443 445
443 446
443 455
443 456
443 459
443 460
443 479
443 489
443 490
443 491
443 773
444 445
444 446
444 452
444 455
444 456
444 460
444 486
444 489
444 490
444 491
444 690
445 446
445 1062
447 448
447 449
447 450
447 451
447 452
447 455
447 456
447 459
447 479
447 485
447 902
448 449
448 450
448 451
448 452
448 456
448 459
448 480
448 489
448 490
448 546
448 810
449 450
449 451
449 452
450 451
450 452
451 452
451 455
451 456
451 459
451 489
451 490
451 690
451 697
451 1034
452 455
452 456
452 459
452 485
452 486
452 490
452 690
453 454
453 456
453 474
453 483
453 484
453 485
453 486
455 456
455 457
455 458
455 459
455 460
455 479
455 480
455 485
455 486
455 489
455 491
456 457
456 458
456 459
456 460
456 486
456 488
456 489
456 490
456 492
456 511
457 458
459 460
459 461
459 462
459 463
459 479
459 480
459 483
459 484
460 461
460 462
460 463
460 479
460 490
461 462
461 463
462 463
464 465
464 466
464 467
464 468
464 469
464 477
464 489
464 491
464 492
464 663
464 690
464 922
464 1050
464 1051
464 1108
464 1120
465 466
465 467
465 468
465 469
465 470
465 474
465 478
465 480
465 485
465 486
465 491
465 492
465 664
465 1050
465 1109
465 1120
465 1127
465 1131
466 467
466 468
467 468
469 470
469 471
469 472
469 944
469 996
469 998
470 471
470 472
470 1049
471 472
472 917
473 474
473 475
473 476
473 477
473 478
473 780
473 838
474 475
474 476
474 477
474 478
474 480
474 664
474 992
475 476
475 477
475 478
476 477
476 478
477 478
477 483
477 484
477 492
477 529
477 980
477 981
477 1050
477 1067
478 569
478 664
478 690
478 838
478 981
478 992
479 480
479 481
479 482
479 483
479 485
479 486
479 550
479 1172
480 481
480 482
480 485
480 682
481 482
483 484
483 485
483 486
483 487
483 488
483 489
484 485
484 486
484 487
484 488
484 1120
485 486
485 487
485 488
485 489
485 492
485 980
485 985
485 986
485 1002
485 1050
485 1051
485 1070
486 487
486 488
486 490
486 1050
486 1051
486 1070
487 488
489 490
489 491
489 492
489 493
489 494
489 495
489 496
489 509
489 510
489 673
489 690
489 944
490 491
490 492
490 493
490 494
490 495
490 496
490 690
491 492
491 493
491 494
491 495
491 496
491 690
491 861
492 493
492 494
492 495
492 496
492 543
492 690
492 861
492 952
492 1131
493 494
493 495
493 496
494 495
494 496
495 496
497 498
497 499
497 500
497 501
497 502
497 504
497 505
497 585
497 586
497 818
498 499
498 500
498 501
498 502
498 504
498 505
498 694
499 500
499 501
499 502
499 504
499 505
499 506
499 508
499 695
501 502
501 503
501 633
501 690
502 503
502 504
502 550
502 683
502 684
504 505
504 506
504 507
504 508
505 506
505 507
505 508
506 507
506 508
507 508
509 510
509 511
509 512
509 513
509 514
509 540
509 635
509 645
509 690
509 751
509 996
509 1048
509 1085
509 1086
510 511
510 512
510 513
510 514
510 530
510 540
510 635
510 636
510 690
510 751
510 1025
510 1086
511 512
511 513
511 514
511 519
511 520
511 522
511 533
511 536
511 540
511 543
511 550
511 560
511 563
511 585
511 673
512 513
512 514
512 520
512 530
512 533
512 536
512 537
512 560
512 586
512 592
513 514
515 516
515 517
515 518
515 520
515 522
515 524
515 591
515 1022
515 1085
516 517
516 518
516 519
516 520
516 522
516 524
516 525
516 592
516 1002
516 1023
517 518
519 520
519 521
519 522
519 523
520 521
520 522
520 523
520 524
520 525
520 530
520 533
520 534
520 585
520 586
521 522
521 523
522 523
522 524
522 525
522 549
522 553
522 567
522 579
522 594
522 609
522 1063
524 525
524 526
524 527
524 528
524 529
524 530
524 543
525 526
525 527
525 528
526 527
526 528
527 528
528 986
529 530
529 531
529 532
529 533
529 534
529 536
529 537
529 589
529 956
530 531
530 532
530 533
530 536
530 590
530 618
531 532
533 534
533 535
533 550
534 535
536 537
536 538
536 539
536 540
536 543
536 550
537 538
537 539
537 540
537 542
537 543
538 539
538 540
539 540
541 542
541 543
541 544
541 545
541 546
541 547
541 550
541 1016
542 543
542 544
542 545
542 550
542 551
542 559
542 1016
542 1017
543 544
543 545
543 550
543 551
543 558
543 559
543 629
543 679
543 1016
543 1017
544 545
546 547
546 548
546 549
546 550
546 551
546 723
546 1025
547 548
547 549
547 550
547 551
547 559
547 569
547 690
547 693
547 694
548 549
550 551
550 552
550 553
550 560
550 673
550 690
550 691
550 721
550 1034
551 552
551 553
551 558
551 1099
552 553
554 555
554 556
554 557
554 558
554 559
554 564
554 565
554 568
554 574
554 575
554 635
554 956
555 556
555 557
555 558
555 559
555 564
555 565
555 568
555 569
555 574
555 575
555 596
555 607
555 1023
556 557
558 559
558 560
558 561
558 562
558 563
558 606
558 608
559 560
559 561
559 562
559 563
560 561
560 562
560 563
560 690
560 691
561 562
561 563
562 563
563 622
563 792
564 565
564 566
564 567
564 617
564 1034
565 566
565 567
566 567
568 569
568 570
568 571
568 572
568 573
569 570
569 571
569 572
569 573
570 571
570 572
570 573
571 572
571 573
572 573
574 575
574 576
574 577
574 578
574 579
574 622
574 1034
575 576
575 577
575 578
575 579
576 577
576 578
576 579
577 578
577 579
578 579
578 622
580 581
580 582
580 583
580 584
580 998
581 582
581 583
581 584
582 583
582 584
583 584
585 586
585 587
585 588
585 589
585 590
585 690
585 724
585 860
585 940
585 941
585 1002
585 1050
585 1051
586 587
586 588
586 589
586 590
586 941
587 588
587 589
587 590
588 589
588 590
589 590
589 817
589 860
589 951
589 1048
591 592
591 593
591 594
591 860
591 933
591 951
591 1070
592 593
592 594
592 1068
592 1071
593 594
595 596
595 597
595 598
595 599
595 600
595 635
595 1034
596 597
596 598
596 599
596 600
596 635
596 636
597 598
597 599
597 600
597 683
598 599
598 600
598 635
598 636
598 637
598 638
598 640
598 641
598 643
599 600
600 637
600 638
600 640
601 602
601 603
601 604
601 605
601 606
601 607
601 714
602 603
602 604
602 605
603 604
603 605
604 605
605 608
606 607
606 608
606 609
606 610
606 611
606 612
606 626
606 671
606 679
606 690
606 956
606 1070
607 608
607 609
607 610
607 611
607 622
607 626
607 671
607 679
607 681
608 609
608 610
608 626
608 671
608 672
608 679
608 690
609 610
611 612
611 613
611 614
611 615
611 616
611 690
611 1013
611 1020
612 613
612 614
612 615
612 616
612 1013
613 614
613 615
613 616
614 615
614 616
615 616
617 618
617 619
617 620
617 621
617 622
617 714
617 731
617 867
618 619
618 620
618 621
618 622
618 623
618 731
619 620
619 621
620 621
622 623
622 624
622 625
622 626
622 627
622 690
622 838
623 624
623 625
623 626
623 627
623 676
623 690
624 625
624 626
624 627
625 626
625 627
626 627
626 690
626 691
628 629
628 630
628 631
628 914
628 915
628 917
629 630
629 631
630 631
632 633
632 634
633 634
635 636
635 637
635 638
635 639
635 640
635 641
635 642
635 643
635 644
635 690
635 867
635 965
636 637
636 638
636 639
636 640
636 641
636 642
636 643
636 644
637 638
637 639
637 640
637 641
637 642
637 643
637 644
638 638
638 639
638 640
638 641
638 642
638 643
638 644
639 640
639 641
639 642
639 643
639 644
640 641
640 642
640 643
640 644
641 642
641 643
641 644
642 643
642 644
643 644
645 646
645 647
645 648
645 714
645 965
646 647
646 648
647 648
649 650
649 651
649 652
649 653
649 654
649 655
649 656
649 657
649 658
649 659
649 660
649 661
649 662
649 867
649 868
650 651
650 652
650 653
650 654
650 655
650 656
650 657
650 658
650 659
650 660
650 661
650 662
651 652
651 653
651 654
651 655
651 656
651 657
651 658
651 659
651 660
651 661
651 662
652 653
652 654
652 655
652 656
652 657
652 658
652 659
652 660
652 661
652 662
653 654
653 655
653 656
653 657
653 658
653 659
653 660
653 661
653 662
654 655
654 656
654 657
654 658
654 659
654 660
654 661
654 662
655 656
655 657
655 658
655 659
655 660
655 661
655 662
655 1025
656 657
656 658
656 659
656 660
656 661
656 662
657 658
657 659
657 660
657 661
657 662
658 659
658 660
658 661
658 662
659 660
659 661
659 662
660 661
660 662
661 662
663 664
663 665
663 666
663 667
663 668
663 669
663 670
663 780
663 956
664 665
664 666
664 667
664 668
664 669
664 670
665 666
665 667
665 668
665 669
665 670
666 667
666 668
666 669
666 670
667 668
667 669
667 670
668 669
668 670
669 670
670 684
671 672
671 673
671 674
671 675
671 681
671 683
671 684
671 956
671 1002
672 673
672 674
672 675
672 957
673 674
673 675
673 714
673 756
673 757
673 780
673 792
673 840
673 842
673 956
674 675
676 677
676 678
676 679
676 680
677 678
677 679
677 680
678 679
678 680
679 680
679 681
679 683
679 684
679 956
680 682
680 957
681 682
681 683
681 684
681 685
681 956
681 1052
682 683
682 684
682 685
682 957
683 684
683 685
683 1052
684 685
684 1052
686 687
686 688
686 689
686 690
686 691
686 693
686 694
686 1070
686 1071
687 688
687 689
688 689
690 691
690 692
690 693
690 694
690 712
690 714
690 727
690 767
690 785
690 816
690 914
690 915
690 917
690 940
690 943
690 956
690 965
690 996
690 997
690 998
690 1002
690 1025
690 1050
691 692
691 694
691 1023
691 1050
693 694
693 695
693 696
693 697
693 698
693 712
693 1002
693 1070
694 695
694 696
694 697
694 698
695 696
695 697
695 698
696 697
696 698
697 698
698 713
698 914
699 700
699 701
699 702
699 718
699 727
699 1025
700 701
700 702
700 718
701 702
703 704
703 705
703 706
703 707
703 708
703 709
703 710
703 711
703 712
703 713
703 714
703 718
703 723
703 731
703 1002
703 1034
704 705
704 706
704 707
704 708
704 709
704 710
704 711
704 713
704 718
704 723
704 724
704 727
704 728
704 731
704 999
704 1002
705 706
705 707
705 708
705 709
705 710
705 711
706 707
706 708
706 709
706 710
706 711
706 718
707 708
707 709
707 710
707 711
707 718
708 709
708 710
708 711
708 712
708 713
708 714
708 718
709 710
709 711
709 718
710 711
710 718
711 714
712 713
712 714
712 715
712 716
712 717
712 718
712 723
712 727
712 1003
713 714
713 715
713 716
713 717
713 718
713 724
713 1003
713 1078
714 715
714 716
714 717
714 718
714 1038
715 716
715 717
715 718
716 717
716 718
717 718
718 724
718 1019
718 1078
719 720
719 721
719 722
719 723
719 724
720 721
720 722
720 1070
721 722
722 724
722 727
723 724
723 725
723 726
723 727
723 728
723 729
723 730
723 731
723 732
723 733
723 734
723 735
723 736
723 737
723 867
723 868
723 940
723 943
724 725
724 726
724 727
724 728
724 729
724 730
724 731
724 732
724 733
724 734
724 735
724 736
724 737
725 726
725 727
725 728
725 729
725 730
725 731
725 732
725 733
725 734
725 735
726 727
726 728
726 729
726 730
726 731
726 732
726 733
726 734
726 735
727 728
727 729
727 730
727 731
727 732
727 733
727 734
727 735
727 736
727 805
728 729
728 730
728 731
728 732
728 733
728 734
728 735
728 737
728 943
729 730
729 731
729 732
729 733
729 734
729 735
730 731
730 732
730 733
730 734
730 735
731 732
731 733
731 734
731 735
731 736
731 737
731 905
731 943
732 733
732 734
732 735
733 734
733 735
734 735
736 737
736 738
736 739
736 740
736 741
736 951
737 738
737 739
737 740
737 741
738 739
738 740
738 741
739 740
739 741
740 741
742 743
742 744
742 745
742 746
742 747
742 758
742 785
742 787
742 792
742 793
742 794
743 744
743 745
743 746
743 747
743 786
743 792
743 793
744 745
744 746
744 747
745 746
745 747
746 747
748 749
748 750
748 756
748 757
748 758
748 785
748 787
749 750
749 756
749 757
749 758
749 786
749 792
749 793
749 794
751 752
751 753
751 754
751 755
751 756
751 757
751 758
752 753
752 754
752 755
752 756
752 757
752 758
752 785
752 787
753 754
753 755
754 755
755 793
756 757
756 758
756 759
756 760
756 761
756 785
756 786
756 787
757 758
757 759
757 760
757 761
757 786
758 759
758 760
758 761
758 763
758 764
759 760
759 761
760 761
762 763
762 764
762 765
762 766
762 785
763 764
763 765
763 766
763 1035
764 765
764 766
765 766
767 768
767 769
767 770
767 771
767 772
767 773
767 774
767 777
767 780
767 781
767 787
767 849
768 769
768 770
768 771
768 772
768 773
768 774
768 777
768 780
768 781
768 782
768 783
768 784
768 786
768 896
768 901
769 770
769 771
769 772
770 771
770 772
771 772
771 780
771 781
771 782
771 785
773 774
773 775
773 776
773 777
773 778
773 779
773 780
773 781
773 782
773 896
774 775
774 776
774 777
774 778
774 779
775 776
775 777
775 778
775 779
776 777
776 778
776 779
777 778
777 779
777 794
777 884
778 779
779 923
779 934
780 781
780 782
780 783
780 784
780 785
780 786
780 787
780 816
780 901
780 902
780 1048
780 1051
781 781
781 782
781 783
781 784
781 785
781 786
781 901
781 1051
782 783
782 784
782 786
782 901
783 784
785 786
785 787
785 788
785 789
785 790
785 791
785 792
785 836
785 976
785 1006
786 787
786 788
786 789
786 790
786 791
786 792
786 793
786 794
786 836
786 976
786 1006
787 788
787 789
787 790
787 791
787 792
787 794
787 902
787 976
787 1006
788 789
788 790
788 791
789 790
789 791
790 791
792 793
792 794
792 795
792 796
792 801
792 1006
792 1103
793 794
793 795
793 796
793 798
793 1006
793 1103
793 1104
794 795
794 796
794 801
794 844
794 869
794 940
794 1006
794 1103
795 796
797 798
797 799
797 800
797 890
797 891
797 895
797 933
798 799
798 800
798 896
799 800
801 802
801 803
801 804
801 840
801 841
801 842
801 933
802 803
802 804
802 841
803 804
805 806
805 807
805 808
806 807
806 808
807 808
809 810
809 811
809 812
809 813
809 814
809 815
810 811
810 812
810 813
810 814
810 815
811 812
811 813
811 814
811 815
812 813
812 814
812 815
813 814
813 815
814 815
816 817
816 818
816 819
816 820
816 821
816 822
816 823
816 829
816 831
816 832
816 879
816 922
816 923
816 1077
817 818
817 819
817 820
817 821
817 822
817 823
817 830
817 831
817 832
817 902
817 914
818 819
818 820
818 821
818 822
818 823
819 820
819 821
819 822
819 823
820 821
820 822
820 823
821 822
821 823
822 823
822 873
823 824
823 914
823 915
823 917
824 825
824 826
824 827
824 828
824 829
824 830
824 832
824 914
824 922
825 826
825 827
825 828
826 827
826 828
827 828
829 830
829 915
829 916
829 917
829 922
829 923
830 914
830 915
830 917
831 832
831 833
831 834
831 835
831 873
832 833
832 834
832 835
832 896
832 914
832 915
832 917
833 834
833 835
834 835
835 873
836 837
836 838
836 839
836 840
836 841
836 842
836 867
836 965
836 1002
837 838
837 839
837 841
837 1002
837 1003
838 839
838 840
838 842
838 867
838 940
840 841
840 842
840 843
840 844
840 933
840 938
840 965
840 976
840 1025
841 842
841 843
841 844
841 885
841 938
841 976
841 977
841 1025
842 843
842 844
842 938
842 976
842 1025
843 844
844 867
844 933
844 934
844 940
844 951
844 952
845 846
845 847
845 848
845 849
846 847
846 848
846 849
847 848
847 849
848 849
848 933
850 851
850 852
850 853
850 854
850 997
850 1067
851 852
851 853
851 854
852 853
852 854
853 854
855 856
855 857
855 858
855 859
855 867
855 868
856 857
856 858
856 859
856 1025
856 1026
857 858
857 859
858 859
858 861
859 860
859 861
859 868
859 872
859 940
859 941
860 861
860 862
860 863
860 864
860 865
860 866
860 867
860 868
860 879
860 880
860 940
860 941
861 862
861 863
861 864
861 865
861 866
861 867
861 868
861 880
861 940
862 863
862 864
862 865
862 866
863 864
863 865
863 866
864 865
864 866
865 866
866 868
866 872
866 940
866 941
867 868
867 869
867 870
867 940
867 941
868 869
868 870
868 940
868 941
868 943
868 989
869 870
869 933
871 872
871 873
871 874
871 875
871 876
871 884
871 898
871 899
871 900
871 905
871 938
872 873
872 874
872 875
872 876
872 884
872 885
872 886
872 898
872 899
872 901
872 905
872 938
872 939
873 874
873 875
873 876
873 879
873 884
873 885
873 890
873 901
873 905
873 922
873 938
873 947
874 875
874 876
874 880
874 884
874 885
874 891
874 901
874 905
874 906
874 911
874 938
874 939
875 876
877 878
877 879
877 880
877 881
877 882
877 883
878 879
878 880
878 881
878 882
878 883
879 880
879 881
879 882
879 883
879 884
879 885
879 890
879 891
879 895
879 922
879 944
879 945
879 956
880 881
880 882
880 883
880 885
880 891
880 989
881 882
881 883
882 883
884 885
884 886
884 887
884 888
884 889
884 890
884 891
884 895
884 896
884 944
885 886
885 887
885 888
885 889
885 890
885 891
885 895
885 896
885 900
885 901
885 902
885 905
885 906
885 911
886 887
886 888
886 889
887 888
887 889
888 889
889 1049
890 891
890 892
890 893
890 894
890 895
890 896
890 897
890 898
890 899
890 900
890 901
891 892
891 893
891 894
891 895
891 896
891 897
891 898
891 899
891 900
891 901
892 893
892 894
892 895
892 896
892 897
892 898
892 899
893 894
893 895
893 896
893 897
893 898
893 899
894 895
894 896
894 897
894 898
894 899
895 896
895 897
895 898
895 899
895 900
895 901
896 897
896 898
896 899
896 900
896 901
896 904
896 905
896 906
896 909
897 898
897 899
898 899
900 901
900 902
900 903
900 904
900 933
900 944
901 902
901 903
901 904
901 934
901 1003
902 903
902 904
902 933
903 904
903 934
905 906
905 907
905 922
905 933
905 934
905 945
905 951
905 952
906 907
906 923
906 933
906 934
906 952
908 909
908 910
908 911
908 912
908 913
909 910
909 911
909 912
909 913
909 945
909 952
910 911
910 912
910 913
910 914
910 915
910 916
910 917
910 934
910 1067
911 912
911 913
911 915
911 917
911 933
911 934
911 989
912 913
914 915
914 916
914 917
914 918
914 919
914 920
914 921
914 922
914 923
914 924
914 925
914 926
914 927
914 928
914 929
914 930
914 931
914 932
914 997
914 1049
914 1103
915 916
915 917
915 918
915 919
915 920
915 921
915 922
915 923
915 924
915 925
915 926
915 927
915 928
915 929
915 930
915 931
915 932
915 1049
915 1103
916 917
916 918
916 919
916 920
916 921
916 922
916 923
916 924
916 925
916 926
916 927
916 928
916 929
916 930
916 931
916 932
916 1077
916 1103
917 918
917 919
917 920
917 921
917 922
917 923
917 924
917 925
917 926
917 927
917 928
917 929
917 930
917 931
917 932
917 989
917 1103
918 919
918 920
918 921
918 922
918 923
918 924
918 925
918 926
918 927
918 928
918 929
918 930
918 931
918 932
919 920
919 921
919 922
919 923
919 924
919 925
919 926
919 927
919 928
919 929
919 930
919 931
919 932
920 921
920 922
920 923
920 924
920 925
920 926
920 927
920 928
920 929
920 930
920 931
920 932
921 922
921 923
921 924
921 925
921 926
921 927
921 928
921 929
921 930
921 931
921 932
922 923
922 924
922 925
922 926
922 927
922 928
922 929
922 930
922 931
922 932
922 938
922 965
922 996
922 997
922 998
922 1002
922 1025
922 1026
923 924
923 925
923 926
923 927
923 928
923 929
923 930
923 931
923 932
923 939
923 952
923 1103
923 1104
924 925
924 926
924 927
924 928
924 929
924 930
924 931
924 932
925 926
925 927
925 928
925 929
925 930
925 931
925 932
926 927
926 928
926 929
926 930
926 931
926 932
927 928
927 929
927 930
927 931
927 932
928 929
928 930
928 931
928 932
929 930
929 931
929 932
929 986
930 931
930 932
931 932
933 934
933 935
933 936
933 937
933 938
933 939
933 951
933 952
933 1033
934 935
934 936
934 937
934 938
934 939
934 951
934 952
935 936
935 937
935 938
935 939
936 937
936 938
936 939
937 938
937 939
938 939
940 941
940 942
940 943
940 944
940 945
940 1002
941 942
941 943
941 945
942 943
943 945
944 945
944 946
945 946
947 948
947 949
947 950
947 951
948 949
948 950
948 951
948 952
948 989
949 950
951 952
951 953
951 954
951 955
951 961
952 953
952 954
952 955
952 961
952 966
953 954
953 955
954 955
956 957
956 958
956 959
956 960
956 961
956 971
956 972
956 981
956 1055
957 958
957 959
957 961
957 965
957 966
957 972
957 978
957 980
957 981
957 987
958 959
960 961
960 962
960 963
960 964
960 980
960 981
961 962
961 963
961 964
961 965
962 963
962 964
963 964
965 966
965 967
965 968
965 969
965 970
965 980
965 981
965 985
966 967
966 968
966 969
966 970
966 972
966 978
966 980
966 981
966 987
967 968
967 969
967 970
968 969
968 970
969 970
971 972
971 973
971 974
971 975
972 973
972 974
972 975
973 974
973 975
974 975
976 977
976 978
976 979
977 978
977 979
978 979
980 981
980 982
980 983
980 984
980 985
980 986
980 987
980 1127
981 982
981 983
981 984
981 985
981 986
981 987
981 989
981 997
981 999
981 1056
981 1127
981 1128
982 983
982 984
983 984
985 986
985 987
985 988
985 989
985 990
985 991
985 992
986 987
986 988
986 989
986 990
986 991
986 992
986 996
986 997
986 999
986 1002
986 1068
987 988
987 989
987 990
987 992
987 997
987 999
988 989
988 990
989 990
989 992
991 992
991 993
991 994
991 995
991 1035
992 993
992 994
992 995
992 997
993 994
993 995
994 995
996 997
996 998
996 999
996 1000
996 1001
996 1002
996 1020
996 1120
996 1175
997 998
997 999
997 1000
997 1001
998 999
998 1000
998 1001
998 1175
999 1000
999 1001
999 1003
1000 1001
1002 1003
1002 1004
1002 1005
1002 1022
1002 1023
1002 1031
1002 1067
1002 1077
1002 1095
1002 1098
1003 1004
1003 1005
1003 1032
1004 1005
1006 1007
1006 1008
1006 1009
1006 1010
1006 1011
1007 1008
1007 1009
1007 1010
1007 1011
1008 1009
1008 1010
1008 1011
1009 1010
1009 1011
1009 1048
1010 1011
1012 1013
1012 1014
1012 1015
1012 1016
1012 1017
1012 1018
1012 1019
1012 1020
1012 1021
1013 1014
1013 1015
1013 1016
1013 1017
1013 1018
1013 1019
1013 1020
1013 1021
1014 1015
1014 1016
1014 1017
1014 1018
1014 1019
1014 1020
1014 1021
1015 1016
1015 1017
1015 1018
1015 1019
1015 1020
1015 1021
1016 1017
1016 1018
1016 1019
1016 1020
1016 1021
1016 1050
1017 1018
1017 1019
1017 1020
1017 1021
1017 1035
1017 1050
1018 1019
1018 1020
1018 1021
1019 1020
1019 1021
1020 1021
1020 1025
1020 1026
1022 1023
1022 1024
1022 1025
1022 1026
1022 1059
1023 1024
1025 1026
1025 1027
1025 1028
1025 1077
1026 1026
1026 1027
1026 1028
1026 1059
1026 1077
1026 1078
1027 1028
1029 1030
1029 1031
1029 1032
1029 1033
1030 1031
1030 1032
1030 1033
1031 1032
1031 1033
1032 1033
1034 1035
1034 1036
1034 1037
1034 1038
1034 1039
1034 1042
1034 1043
1035 1036
1035 1037
1035 1038
1035 1039
1035 1042
1035 1043
1036 1037
1038 1039
1038 1040
1038 1041
1038 1042
1038 1043
1039 1040
1039 1041
1039 1042
1039 1043
1040 1041
1040 1042
1040 1043
1041 1042
1041 1043
1042 1043
1044 1045
1044 1046
1044 1047
1045 1046
1045 1047
1046 1047
1048 1049
1048 1050
1048 1051
1048 1055
1048 1059
1048 1062
1048 1063
1048 1067
1048 1068
1049 1051
1049 1055
1049 1056
1049 1060
1049 1063
1049 1067
1049 1068
1049 1158
1049 1164
1050 1051
1050 1052
1050 1053
1050 1054
1050 1059
1050 1063
1050 1067
1050 1068
1050 1070
1050 1120
1050 1121
1051 1052
1051 1053
1051 1054
1051 1060
1051 1063
1051 1067
1051 1068
1051 1070
1051 1071
1051 1120
1051 1121
1052 1053
1052 1054
1053 1054
1055 1056
1055 1057
1055 1058
1055 1059
1055 1062
1055 1067
1055 1068
1055 1070
1055 1071
1056 1057
1056 1058
1056 1059
1056 1060
1056 1067
1056 1068
1056 1070
1056 1071
1057 1058
1059 1060
1059 1061
1059 1062
1059 1067
1060 1061
1060 1063
1060 1068
1062 1063
1062 1064
1062 1065
1062 1066
1062 1067
1062 1070
1062 1071
1062 1162
1062 1180
1063 1064
1063 1065
1063 1066
1063 1067
1063 1068
1063 1070
1063 1071
1063 1162
1063 1180
1064 1065
1064 1066
1065 1066
1067 1068
1067 1069
1067 1070
1067 1071
1067 1127
1067 1128
1068 1069
1068 1070
1068 1071
1068 1158
1069 1070
1069 1071
1070 1071
1071 1157
1071 1178
1072 1073
1072 1074
1072 1075
1072 1076
1073 1074
1073 1075
1073 1076
1074 1075
1074 1076
1075 1076
1077 1078
1077 1079
1077 1080
1078 1079
1078 1080
1079 1080
1081 1082
1081 1083
1081 1084
1082 1083
1082 1084
1083 1084
1085 1086
1085 1087
1085 1088
1085 1089
1086 1087
1086 1088
1086 1089
1087 1088
1087 1089
1088 1089
1090 1091
1090 1092
1090 1093
1090 1094
1091 1092
1091 1093
1091 1094
1092 1093
1092 1094
1093 1094
1095 1096
1095 1097
1095 1098
1096 1097
1096 1098
1097 1098
1099 1100
1099 1101
1099 1102
1100 1101
1100 1102
1101 1102
1103 1104
1103 1105
1103 1106
1103 1107
1104 1105
1104 1106
1104 1107
1105 1106
1105 1107
1106 1107
1108 1109
1108 1110
1108 1111
1109 1110
1109 1111
1110 1111
1112 1113
1112 1114
1112 1115
1113 1114
1113 1115
1114 1115
1116 1117
1116 1118
1116 1119
1117 1118
1117 1119
1118 1119
1120 1121
1120 1122
1121 1122
1123 1124
1123 1125
1123 1126
1124 1125
1124 1126
1125 1126
1127 1128
1127 1129
1128 1129
1130 1131
1130 1132
1130 1133
1130 1134
1130 1135
1130 1136
1131 1132
1131 1133
1131 1134
1131 1135
1131 1136
1132 1133
1132 1134
1132 1135
1132 1136
1133 1134
1133 1135
1133 1136
1134 1135
1134 1136
1135 1136
1137 1138
1137 1139
1137 1140
1137 1141
1138 1139
1138 1140
1138 1141
1139 1140
1139 1141
1140 1141
1142 1143
1142 1144
1143 1144
1145 1146
1145 1147
1145 1148
1145 1149
1145 1150
1146 1147
1146 1148
1146 1149
1146 1150
1147 1148
1147 1149
1147 1150
1148 1149
1148 1150
1149 1150
1151 1152
1151 1153
1151 1154
1151 1155
1151 1156
1152 1153
1152 1154
1152 1155
1152 1156
1153 1154
1153 1155
1153 1156
1154 1155
1154 1156
1155 1156
1157 1158
1157 1159
1157 1160
1158 1159
1158 1160
1159 1160
1161 1162
1163 1164
1163 1165
1164 1165
1166 1167
1166 1168
1166 1169
1167 1168
1167 1169
1168 1169
1170 1171
1172 1173
1172 1174
1173 1174
1175 1176
1175 1177
1176 1177
1178 1179
1180 1181
1180 1182
1180 1183
1180 1184
1180 1185
1181 1182
1181 1183
1181 1184
1181 1185
1182 1183
1182 1184
1182 1185
1183 1184
1183 1185
1184 1185
