0 1
0 2
0 3
0 15
0 173
0 193
0 199
0 222
0 223
0 225
0 226
0 465
1 2
1 3
1 7
1 143
1 172
1 174
1 178
1 187
1 194
1 200
1 206
1 225
1 355
1 547
2 3
4 5
4 6
4 7
4 8
4 9
4 10
4 11
4 12
4 13
4 14
4 35
4 43
4 71
4 109
4 158
4 274
5 6
5 7
5 8
5 9
5 10
5 11
5 12
5 13
5 14
5 15
5 16
5 30
5 71
5 78
5 79
5 158
5 200
5 274
6 7
6 8
6 9
6 10
6 11
6 12
6 13
6 14
6 15
6 16
6 43
6 274
6 276
6 546
7 8
7 9
7 10
7 11
7 12
7 13
7 14
7 16
7 20
7 30
7 35
7 36
7 50
7 159
7 200
8 9
8 10
8 11
8 12
8 13
8 14
9 10
9 11
9 12
9 13
9 14
10 11
10 12
10 13
10 14
11 12
11 13
11 14
11 20
11 21
11 43
11 59
11 60
11 109
11 274
12 13
12 14
12 16
12 30
12 35
12 43
12 46
12 159
12 408
13 14
15 16
15 17
15 18
15 19
15 20
15 21
15 22
15 23
15 27
15 30
15 37
15 39
15 61
15 66
15 71
15 78
15 83
15 84
15 87
15 158
15 187
15 222
15 248
15 280
15 298
15 305
15 321
15 338
15 339
15 340
15 358
15 360
15 363
15 377
15 433
15 439
15 440
15 458
15 499
15 526
15 531
15 532
15 549
15 568
15 569
15 570
15 577
15 582
15 601
15 602
15 615
15 620
15 628
15 635
15 636
15 641
15 642
15 645
16 17
16 18
16 19
16 20
16 21
16 22
16 40
16 44
16 71
16 78
16 79
16 84
16 88
16 91
16 151
16 194
16 240
16 249
16 339
16 358
16 431
16 569
16 583
16 621
16 633
17 18
17 19
17 20
17 21
17 22
18 19
18 20
18 21
18 22
19 20
19 21
19 22
20 21
20 22
20 29
20 39
20 56
20 59
20 83
20 87
20 91
20 151
20 158
20 598
21 22
21 39
21 40
21 43
21 44
21 45
21 46
21 55
21 57
21 60
21 61
21 88
21 148
21 158
21 291
21 583
21 630
23 24
23 25
23 26
23 27
23 28
23 187
24 25
24 26
24 27
24 28
25 26
25 27
25 28
26 27
26 28
27 28
27 177
28 172
29 30
29 31
29 32
29 33
29 34
30 31
30 32
30 33
30 34
31 32
31 33
31 34
32 33
32 34
33 34
35 36
35 37
35 38
35 174
36 37
36 38
36 200
37 38
38 87
39 40
39 41
39 42
39 43
39 44
39 55
39 61
40 41
40 42
40 43
40 44
41 42
41 43
41 44
42 43
42 44
43 44
43 54
45 46
45 47
45 48
45 49
45 50
45 51
45 52
45 53
46 47
46 48
46 49
46 50
46 51
46 52
46 53
46 61
46 200
47 48
47 49
47 50
47 51
47 52
47 53
48 49
48 50
48 51
48 52
48 53
49 50
49 51
49 52
49 53
50 51
50 52
50 53
50 199
51 52
51 53
52 53
53 645
54 55
54 56
54 57
54 58
54 61
54 66
54 375
55 56
55 57
55 58
55 59
55 60
55 61
55 66
55 67
55 70
55 71
55 375
56 57
56 58
56 59
56 60
56 66
56 67
56 345
57 58
58 59
58 60
58 66
58 67
58 70
59 60
59 61
59 62
59 63
59 64
59 65
59 67
59 71
59 80
59 158
59 159
59 371
59 486
60 61
60 62
60 63
60 64
60 65
60 67
61 62
61 63
61 64
61 65
61 66
61 67
61 70
61 101
61 105
61 158
61 469
61 602
62 63
62 64
62 65
63 64
63 65
64 65
66 67
66 68
66 69
66 70
66 152
66 260
67 68
67 69
67 70
67 159
68 69
68 70
69 70
70 83
71 72
71 73
71 74
71 75
71 76
71 77
71 78
71 79
71 87
71 88
71 101
72 73
72 74
72 75
72 76
72 77
72 79
72 84
72 88
73 74
73 75
73 76
73 77
74 75
74 76
74 77
75 76
75 77
76 77
76 87
78 79
78 80
78 81
78 82
78 83
78 87
78 88
78 92
79 80
79 81
79 82
79 84
79 87
79 88
80 81
80 82
81 82
83 84
83 85
83 86
83 87
83 88
83 146
83 518
83 597
83 624
84 85
84 86
84 87
84 88
84 582
85 86
87 88
87 89
87 90
87 91
87 199
87 390
87 399
87 620
88 89
88 90
88 91
89 90
89 91
90 91
92 93
92 94
92 95
93 94
93 95
93 200
94 95
96 97
96 98
96 99
96 100
96 142
96 173
96 465
97 98
97 99
97 100
98 99
98 100
99 100
101 102
101 103
101 104
101 105
101 135
101 152
101 154
101 182
101 238
101 250
101 494
101 604
102 103
102 104
102 106
102 112
102 131
102 154
102 169
102 240
102 248
102 313
103 104
104 105
104 106
104 163
104 240
105 106
105 107
105 108
105 118
106 107
106 108
106 119
106 123
107 108
109 110
111 112
111 113
111 114
111 115
111 116
111 117
111 146
111 147
111 172
111 174
111 178
112 113
112 114
112 115
112 116
112 117
112 226
112 264
113 114
113 115
113 116
113 117
113 194
114 115
114 116
114 117
115 116
115 117
115 318
116 117
116 123
116 142
118 119
118 120
118 121
118 122
118 123
118 124
118 125
118 142
118 146
118 154
118 173
118 205
118 264
118 268
118 508
118 645
119 120
119 121
119 122
119 123
119 124
119 125
119 147
119 169
120 121
120 122
120 123
120 124
120 125
121 122
121 123
121 124
121 125
122 123
122 124
122 125
122 399
123 124
123 125
123 146
123 158
123 168
123 169
123 431
123 508
123 645
123 665
124 125
126 127
126 128
126 129
126 223
127 128
127 129
127 162
128 129
130 131
130 132
130 133
130 134
130 135
130 161
130 205
131 132
131 133
131 134
131 135
131 143
131 162
132 133
132 134
132 135
133 134
133 135
134 135
136 137
136 138
136 139
136 140
136 141
136 273
136 354
137 138
137 139
137 140
137 141
138 139
138 140
138 141
138 172
139 140
139 141
140 141
141 240
141 354
142 143
142 144
142 145
142 146
142 154
142 173
142 205
142 218
142 338
142 542
142 546
142 547
143 144
143 145
143 147
143 150
143 151
143 155
143 187
143 218
143 273
143 338
143 339
143 542
143 547
144 145
146 147
146 148
146 149
146 150
146 152
146 153
146 154
146 173
146 211
146 218
146 264
146 274
146 275
146 316
146 321
146 338
146 403
146 464
146 527
147 148
147 149
147 150
147 151
147 155
147 233
147 235
147 240
147 338
147 343
147 542
147 547
148 149
150 151
150 152
150 153
151 152
151 153
151 173
151 355
152 153
152 310
152 439
152 440
152 475
152 476
152 531
152 532
154 155
154 156
154 157
154 248
155 156
155 157
155 240
155 249
155 251
156 157
158 159
158 160
159 160
161 162
161 163
161 164
161 165
161 166
161 167
161 168
161 233
161 235
161 238
161 239
162 163
162 164
162 165
162 166
162 167
162 168
162 169
162 233
162 235
162 238
162 240
162 345
162 398
163 164
163 165
163 166
163 167
164 165
164 166
164 167
165 166
165 167
166 167
168 169
168 170
168 171
168 238
169 170
169 171
169 240
169 273
170 171
170 260
171 371
171 375
172 173
172 174
172 175
172 176
172 177
172 178
172 181
172 194
172 198
172 233
173 174
173 175
173 176
173 177
173 186
173 193
173 211
173 343
173 352
173 398
173 508
173 645
174 175
174 176
174 180
174 181
174 187
174 194
174 200
174 235
174 240
174 254
174 398
174 472
174 547
175 176
177 178
177 179
177 180
177 181
177 182
177 193
177 194
177 609
178 179
178 180
178 181
178 183
178 193
178 194
178 249
179 180
179 181
179 375
180 181
180 272
182 183
182 184
182 185
182 238
183 184
183 185
183 194
183 227
184 185
186 187
186 188
186 189
186 190
186 191
186 192
186 265
187 188
187 189
187 190
187 191
187 192
187 194
187 508
188 189
188 190
188 191
188 192
189 190
189 191
189 192
190 191
190 192
191 192
191 194
193 194
193 195
193 196
193 197
193 198
193 226
193 310
193 458
193 481
194 195
194 196
194 197
194 198
194 199
194 226
194 227
195 196
195 197
195 198
196 197
196 198
197 198
199 200
199 201
199 288
199 621
200 201
200 261
200 280
200 281
200 288
200 372
200 563
200 621
202 203
202 204
202 205
202 206
202 211
203 204
203 206
205 206
205 207
205 208
205 209
205 210
205 211
205 217
205 264
205 397
205 402
205 458
205 464
205 465
205 586
206 207
206 208
206 209
206 210
206 211
206 212
206 354
206 355
206 397
206 398
206 402
206 458
206 459
206 465
206 493
206 555
206 586
206 587
206 590
207 208
207 209
207 210
208 209
208 210
209 210
211 212
211 213
211 214
211 215
211 216
211 403
211 405
211 453
211 458
211 460
211 586
212 213
212 214
212 215
213 214
213 215
214 215
216 217
216 398
216 458
216 459
217 375
218 219
218 220
218 221
219 220
219 221
219 222
219 223
219 317
220 221
221 546
222 223
222 224
222 225
222 226
222 433
222 459
222 615
222 616
222 628
223 224
223 225
223 226
223 227
223 616
223 628
224 225
225 231
225 262
225 300
225 301
225 314
225 381
225 515
225 547
226 227
226 228
226 229
226 230
226 250
226 305
226 310
226 360
226 628
226 629
227 228
227 229
227 230
227 240
227 244
227 246
227 355
228 229
228 230
229 230
231 232
231 316
232 547
233 234
233 235
233 236
233 237
233 238
234 235
234 236
234 237
234 240
234 251
234 306
234 459
235 236
235 237
235 251
235 272
235 542
235 547
236 237
238 239
238 240
238 241
238 242
238 305
238 360
239 240
239 241
239 242
240 241
240 242
240 273
240 281
240 355
240 399
241 242
243 244
243 245
243 246
243 247
244 245
244 246
244 247
244 248
244 249
244 299
244 354
244 355
245 246
245 247
245 251
246 247
246 251
248 249
248 250
248 251
248 252
248 260
248 264
248 265
248 298
248 338
248 343
248 344
248 347
249 250
249 251
249 252
249 261
249 265
249 288
249 299
249 339
249 344
249 347
249 348
250 251
250 252
250 260
251 252
251 261
253 254
253 255
254 255
256 257
256 258
256 259
257 258
257 259
257 399
258 259
260 261
260 262
260 263
260 264
260 265
260 266
260 267
260 268
260 269
260 270
260 271
260 273
260 298
260 377
260 475
261 262
261 263
261 264
261 265
261 266
261 267
261 268
261 269
261 270
261 271
261 272
261 273
261 281
261 299
261 300
261 518
261 648
262 263
262 264
262 265
262 266
262 267
262 268
262 269
262 270
263 264
263 265
263 266
263 267
263 268
263 269
263 270
264 265
264 266
264 267
264 268
264 269
264 270
264 273
264 298
264 347
264 546
265 266
265 267
265 268
265 269
265 270
265 272
265 273
265 299
265 300
265 348
265 518
265 648
266 267
266 268
266 269
266 270
267 268
267 269
267 270
268 269
268 270
269 270
269 305
271 272
271 273
271 293
271 324
271 325
271 332
271 333
271 349
272 273
272 332
272 334
272 344
273 298
273 299
273 300
273 304
273 327
273 331
273 332
273 344
273 346
273 348
273 538
274 275
274 276
274 277
274 278
274 279
275 276
275 277
275 278
275 279
276 277
276 278
276 279
277 278
277 279
278 279
280 281
280 282
280 283
280 284
280 285
280 286
280 288
280 289
280 309
280 310
280 312
280 408
280 546
280 555
281 282
281 283
281 284
281 285
281 286
281 288
281 299
281 300
281 309
281 310
281 312
281 313
281 315
281 344
281 546
282 283
282 284
282 285
282 286
283 284
283 285
283 286
284 285
284 286
285 286
287 288
287 289
287 290
287 299
288 289
288 290
289 290
291 292
291 293
292 293
292 371
292 372
292 375
292 382
294 295
294 296
294 297
295 296
295 297
295 312
295 315
296 297
296 305
298 299
298 300
298 301
298 302
298 303
298 304
298 305
298 310
298 316
298 321
298 339
298 343
298 347
298 348
298 537
298 560
299 300
299 301
299 302
299 303
299 306
299 312
299 317
299 318
299 339
299 344
299 348
299 672
300 301
300 302
300 303
300 304
300 318
300 319
300 339
300 346
300 348
300 351
301 302
301 303
302 303
304 305
305 306
305 307
305 308
305 310
305 312
305 316
305 321
305 331
305 332
305 333
305 340
305 341
305 417
305 541
305 542
305 546
305 547
305 628
305 629
306 307
306 309
306 332
306 333
306 334
306 341
308 309
308 313
308 331
308 340
308 531
309 310
309 315
309 318
309 332
309 341
310 311
310 312
310 313
310 314
310 315
310 316
310 321
310 433
311 312
311 313
311 314
311 315
312 313
312 314
312 315
312 434
312 527
313 314
313 315
313 351
313 436
314 315
315 434
315 527
316 317
316 318
316 319
316 320
316 321
316 324
316 338
316 343
317 318
317 319
317 320
317 322
317 325
318 319
318 320
318 322
318 325
318 339
318 344
318 346
318 351
319 320
321 322
321 323
321 541
321 542
321 547
322 323
322 542
322 546
322 547
324 325
324 326
324 327
324 328
324 329
324 330
324 331
324 332
324 333
324 334
324 541
324 542
324 547
324 635
325 326
325 327
325 328
325 329
325 330
325 334
325 341
325 541
325 542
325 547
325 635
325 636
326 327
326 328
326 329
326 330
326 635
326 636
327 328
327 329
327 330
327 636
328 329
328 330
329 330
331 332
331 333
331 334
331 338
332 333
332 334
332 339
333 334
333 338
334 339
335 336
335 337
335 440
335 441
335 531
335 532
336 337
336 441
336 532
338 339
338 340
338 341
338 342
338 343
338 347
339 340
339 341
339 342
339 343
339 348
339 355
340 341
340 342
341 342
343 344
343 345
343 346
344 345
344 346
345 346
345 475
346 351
346 499
347 348
347 349
347 350
347 351
347 377
348 349
348 350
348 351
349 350
349 351
350 351
352 353
352 354
352 355
354 355
354 356
354 434
355 356
357 358
357 359
357 360
357 361
357 362
357 398
357 484
357 485
357 549
358 359
358 360
358 361
358 362
358 376
358 397
358 398
358 485
358 506
358 549
358 550
359 360
359 361
359 362
359 386
359 398
359 399
359 481
359 484
359 485
359 550
360 361
360 362
360 386
360 397
360 464
360 484
360 506
361 362
363 364
363 365
363 366
363 367
363 368
363 369
363 370
363 371
363 375
363 376
363 377
363 378
363 382
363 403
363 404
363 407
363 530
363 577
363 578
363 582
363 583
364 365
364 366
364 367
364 368
364 369
364 370
364 371
364 372
364 378
364 407
364 412
364 446
364 527
364 530
364 573
364 578
364 583
365 366
365 367
365 368
365 369
365 370
365 407
366 367
366 368
366 369
366 370
367 368
367 369
367 370
368 369
368 370
369 370
371 372
371 373
371 374
371 375
371 376
371 377
371 378
371 382
371 386
371 407
371 411
371 445
371 486
371 508
371 591
372 373
372 374
372 376
372 378
372 382
372 446
372 476
372 530
373 374
375 376
375 377
376 377
376 378
376 382
376 412
377 378
377 379
377 380
377 381
377 382
377 445
377 502
377 526
377 527
378 379
378 380
378 381
378 382
378 391
378 404
378 412
378 476
378 527
378 530
379 380
379 381
379 382
380 381
380 382
381 382
382 396
383 384
383 385
383 386
383 387
383 388
383 389
383 475
383 476
384 385
384 386
384 387
384 388
384 389
384 475
384 476
385 386
385 387
385 388
385 389
386 387
386 388
386 389
387 388
387 389
387 530
388 389
388 399
390 391
390 392
390 393
390 394
390 395
390 396
390 526
390 527
390 549
390 550
391 392
391 393
391 394
391 395
391 396
391 404
391 408
391 550
392 393
392 394
392 395
392 396
392 399
393 394
393 395
393 396
393 476
394 395
394 396
395 396
397 398
397 399
397 400
397 401
397 402
397 403
397 453
397 458
397 459
397 484
397 541
397 554
398 399
398 400
398 401
398 402
398 459
398 485
398 555
399 400
399 401
399 402
399 449
399 454
399 458
399 465
399 485
399 530
399 554
399 594
400 401
400 402
401 402
403 404
403 405
403 406
403 407
403 408
403 409
403 410
403 411
403 445
403 446
403 484
403 526
403 527
403 531
403 577
403 578
404 405
404 406
404 407
404 408
404 409
404 410
404 411
404 412
404 446
404 526
404 527
404 578
405 406
405 407
405 408
405 409
405 410
405 411
405 445
405 526
406 407
406 408
406 409
406 410
406 413
406 446
407 408
407 409
407 410
407 411
407 445
407 446
407 475
407 526
407 530
408 409
408 410
408 412
408 413
408 446
408 480
408 530
409 410
411 412
411 413
411 414
411 415
411 577
411 578
412 413
412 414
412 415
412 578
413 414
413 415
414 415
416 417
418 419
418 420
418 421
418 422
418 423
418 424
418 425
418 426
418 427
418 428
418 429
418 430
418 439
418 440
418 441
418 526
418 531
418 532
419 420
419 421
419 422
419 423
419 424
419 425
419 426
419 427
419 428
419 429
419 430
419 439
419 440
419 441
419 526
419 527
419 531
420 421
420 422
420 423
420 424
420 425
420 426
420 427
420 428
420 429
420 430
421 422
421 423
421 424
421 425
421 426
421 427
421 428
421 429
421 430
422 423
422 424
422 425
422 426
422 427
422 428
422 429
422 430
423 424
423 425
423 426
423 427
423 428
423 429
423 430
424 425
424 426
424 427
424 428
424 429
424 430
425 426
425 427
425 428
425 429
425 430
426 427
426 428
426 429
426 430
427 428
427 429
427 430
428 429
428 430
429 430
431 432
431 433
431 434
431 435
431 436
431 437
431 438
431 439
431 440
431 531
431 532
432 433
432 434
432 435
432 436
432 437
432 438
432 532
433 434
433 435
433 436
433 437
433 438
433 439
433 440
433 441
433 526
433 527
433 531
433 549
433 568
433 569
433 570
433 577
433 601
433 602
433 615
433 628
433 635
434 435
434 436
434 437
434 438
434 439
434 440
434 441
434 527
434 569
434 630
435 436
435 437
435 438
436 437
436 438
436 530
437 438
439 440
439 441
439 442
439 443
439 444
439 502
439 620
440 441
440 442
440 443
440 444
440 532
440 562
440 620
441 442
441 443
441 444
441 469
441 531
441 620
442 443
442 444
443 444
445 446
445 447
445 475
445 476
445 479
445 480
445 481
445 499
445 568
445 569
445 570
445 571
446 447
446 475
446 476
446 480
446 481
446 569
446 571
448 449
448 450
448 451
448 452
448 458
449 450
449 451
449 452
450 451
450 452
451 452
453 454
453 455
453 456
453 457
453 458
453 459
453 464
454 455
454 456
454 457
454 458
454 459
454 465
454 481
454 500
455 456
455 457
456 457
458 459
458 460
458 461
458 462
458 463
458 464
458 465
458 475
458 476
458 484
458 554
459 460
459 461
459 462
459 463
459 465
459 476
459 481
459 512
459 523
459 554
460 461
460 462
460 463
461 462
461 463
462 463
464 465
464 466
464 467
464 468
464 484
464 486
464 518
464 590
465 466
465 467
465 468
465 476
465 481
465 499
465 500
465 586
465 588
465 590
466 467
466 468
467 468
469 470
469 471
469 472
469 473
469 474
469 475
469 476
470 471
470 472
470 473
470 474
471 472
471 473
471 474
471 479
472 473
472 474
472 480
473 474
475 476
475 477
475 478
475 479
475 568
475 624
476 477
476 478
476 480
476 481
476 500
476 506
476 568
477 478
479 480
479 481
479 484
479 570
480 485
480 571
481 482
481 483
481 487
481 554
482 483
484 485
484 486
484 487
484 488
484 489
485 486
485 487
485 488
485 489
486 487
486 488
486 489
487 488
487 489
488 489
488 629
490 491
490 502
490 503
492 493
492 494
492 495
492 496
492 499
492 500
492 502
493 494
493 495
493 496
493 500
493 503
494 495
494 496
495 496
497 498
497 499
497 500
498 506
499 500
499 501
499 502
499 503
499 508
499 509
499 512
499 513
499 554
499 559
500 501
500 502
500 503
500 506
500 508
500 509
500 512
500 513
500 515
500 554
500 555
500 559
502 503
502 504
502 505
502 506
502 507
502 508
502 512
502 526
502 582
503 504
503 505
503 506
503 507
503 509
503 513
504 505
504 506
504 507
505 506
505 507
506 507
506 511
506 516
506 555
506 580
508 509
508 510
508 511
509 510
509 511
510 511
512 513
512 514
512 515
512 516
512 517
512 560
513 514
513 515
513 516
513 517
513 561
514 515
514 516
514 517
515 516
515 517
516 517
518 519
518 520
518 521
518 560
518 561
519 520
519 521
519 541
520 521
522 523
522 524
522 525
523 524
523 525
524 525
526 527
526 528
526 529
526 530
527 528
527 529
527 530
528 529
528 530
529 530
531 532
531 533
531 534
531 535
531 536
531 541
532 533
532 534
532 535
532 536
532 541
532 542
532 547
533 534
533 535
533 536
533 546
534 535
534 536
535 536
537 538
537 539
537 540
538 539
538 540
539 540
540 546
541 542
541 543
541 544
541 545
541 546
541 547
541 548
541 598
542 543
542 544
542 545
542 546
542 547
542 548
543 544
543 545
543 546
543 547
543 548
544 545
544 546
544 547
544 548
545 546
545 547
545 548
546 547
546 548
547 548
549 550
549 551
549 552
549 553
549 560
549 568
549 570
549 572
549 577
549 578
549 582
549 583
549 601
550 551
550 552
550 553
550 561
550 569
550 571
550 573
550 602
550 636
551 552
551 553
552 553
554 555
554 556
554 557
554 558
554 559
554 560
554 561
555 556
555 557
555 558
555 559
555 561
556 557
556 558
556 559
557 558
557 559
558 559
560 561
560 568
560 569
560 570
560 572
560 577
560 582
560 601
560 635
561 569
561 571
561 573
561 578
561 583
561 602
561 621
562 563
562 564
562 565
562 566
562 567
562 601
562 616
562 620
562 621
563 564
563 565
563 566
563 567
563 602
563 616
563 621
564 565
564 566
564 567
565 566
565 567
566 567
568 569
568 570
568 571
568 577
568 582
568 601
568 620
568 635
569 569
569 570
569 571
569 578
569 583
569 601
569 602
570 571
570 577
570 582
570 601
570 620
570 624
571 578
571 583
571 602
571 621
571 625
572 573
572 574
572 575
572 576
573 574
573 575
573 576
574 575
574 576
575 576
577 578
577 579
577 580
577 581
577 582
577 583
577 601
577 624
578 579
578 580
578 581
578 583
578 602
578 625
579 580
579 581
580 581
582 583
582 584
582 585
582 620
582 624
582 641
583 584
583 585
583 621
583 625
584 585
586 587
586 588
586 589
587 588
587 589
588 589
590 591
590 592
590 593
590 594
590 595
590 596
590 601
590 602
591 592
591 593
591 594
591 595
591 596
592 593
592 594
592 595
592 596
593 594
593 595
593 596
594 595
594 596
595 596
597 598
597 599
597 600
598 599
598 600
599 600
601 602
601 603
601 615
601 620
601 641
601 661
602 603
602 616
602 621
602 642
602 662
604 605
604 606
604 607
604 608
605 606
605 607
605 608
606 607
606 608
607 608
609 610
609 611
609 612
609 613
609 614
609 630
609 633
609 645
609 646
610 611
610 612
610 613
610 614
610 630
610 634
611 612
611 613
611 614
612 613
612 614
613 614
615 616
615 617
615 618
615 619
615 620
615 624
615 635
615 645
615 646
616 617
616 618
616 619
616 621
616 624
616 625
616 636
616 646
617 618
617 619
618 619
620 621
620 622
620 623
620 628
620 635
620 641
620 645
621 622
621 623
621 630
621 634
621 636
621 642
622 623
624 625
624 626
624 627
624 628
624 630
624 633
624 641
625 626
625 627
625 630
625 633
625 634
625 636
626 627
628 629
628 630
628 631
628 632
628 633
628 634
628 635
628 641
628 642
629 630
629 631
629 632
629 633
629 634
629 657
630 631
630 632
630 633
630 634
630 636
631 632
631 633
631 634
632 633
632 634
633 634
633 635
633 636
634 636
634 642
635 636
635 637
635 638
635 639
635 640
635 641
636 637
636 638
636 639
636 640
636 642
637 638
637 639
637 640
638 639
638 640
639 640
641 642
641 643
641 644
641 645
642 643
642 644
642 645
642 646
643 644
645 646
645 647
646 647
648 649
648 650
649 650
651 652
651 653
651 654
651 655
651 656
651 657
651 658
651 659
651 660
651 661
651 662
651 663
651 664
651 665
651 666
651 667
651 668
651 669
651 670
651 671
651 672
651 673
651 674
652 653
652 654
652 655
652 656
652 657
652 658
652 659
652 660
652 661
652 662
652 663
652 664
652 665
652 666
652 667
652 668
652 669
652 670
652 671
652 672
652 673
652 674
653 654
653 655
653 656
653 657
653 658
653 659
653 660
653 661
653 662
653 663
653 664
653 665
653 666
653 667
653 668
653 669
653 670
653 671
653 672
653 673
653 674
654 655
654 656
654 657
654 658
654 659
654 660
654 661
654 662
654 663
654 664
654 665
654 666
654 667
654 668
654 669
654 670
654 671
654 672
654 673
654 674
655 656
655 657
655 658
655 659
655 660
655 661
655 662
655 663
655 664
655 665
655 666
655 667
655 668
655 669
655 670
655 671
655 672
655 673
655 674
656 657
656 658
656 659
656 660
656 661
656 662
656 663
656 664
656 665
656 666
656 667
656 668
656 669
656 670
656 671
656 672
656 673
656 674
657 658
657 659
657 660
657 661
657 662
657 663
657 664
657 665
657 666
657 667
657 668
657 669
657 670
657 671
657 672
657 673
657 674
658 659
658 660
658 661
658 662
658 663
658 664
658 665
658 666
658 667
658 668
658 669
658 670
658 671
658 672
658 673
658 674
659 660
659 661
659 662
659 663
659 664
659 665
659 666
659 667
659 668
659 669
659 670
659 671
659 672
659 673
659 674
660 661
660 662
660 663
660 664
660 665
660 666
660 667
660 668
660 669
660 670
660 671
660 672
660 673
660 674
661 662
661 663
661 664
661 665
661 666
661 667
661 668
661 669
661 670
661 671
661 672
661 673
661 674
662 663
662 664
662 665
662 666
662 667
662 668
662 669
662 670
662 671
662 672
662 673
662 674
663 664
663 665
663 666
663 667
663 668
663 669
663 670
663 671
663 672
663 673
663 674
664 665
664 666
664 667
664 668
664 669
664 670
664 671
664 672
664 673
664 674
665 666
665 667
665 668
665 669
665 670
665 671
665 672
665 673
665 674
666 667
666 668
666 669
666 670
666 671
666 672
666 673
666 674
667 668
667 669
667 670
667 671
667 672
667 673
667 674
668 669
668 670
668 671
668 672
668 673
668 674
669 670
669 671
669 672
669 673
669 674
670 671
670 672
670 673
670 674
671 672
671 673
671 674
672 673
672 674
673 674
