0 1
0 2
0 3
0 4
0 5
0 6
0 7
0 8
0 9
0 10
0 18
0 20
0 29
0 34
0 56
0 69
0 79
0 82
0 91
0 94
0 184
0 344
0 402
0 576
0 628
0 699
0 703
0 706
0 711
0 740
0 939
1 2
1 3
1 4
1 5
1 6
1 7
1 8
1 9
1 11
1 19
1 20
1 21
1 29
1 70
1 80
1 185
1 403
1 629
1 652
1 653
1 706
1 719
1 723
1 727
1 771
1 790
1 845
1 865
1 870
2 3
2 4
2 5
2 6
2 7
2 8
2 9
3 4
3 5
3 6
3 7
3 8
3 9
4 5
4 6
4 7
4 8
4 9
4 612
4 616
4 620
4 653
5 6
5 7
5 8
5 9
5 10
5 18
5 20
5 29
5 44
5 69
5 79
5 82
5 402
5 699
5 703
5 708
5 711
5 718
5 740
6 7
6 8
6 9
6 709
6 921
7 8
7 9
8 9
10 11
10 12
10 13
10 14
10 15
10 16
10 18
10 19
10 42
10 48
10 56
10 69
10 79
10 94
10 97
10 241
10 278
10 402
10 597
10 648
10 682
10 706
10 740
10 742
10 789
10 873
10 899
10 901
10 975
10 989
11 12
11 13
11 14
11 15
11 16
11 18
11 19
11 50
11 53
11 265
11 528
11 597
11 598
11 683
11 723
11 731
11 741
11 743
11 746
11 865
11 870
11 874
12 13
12 14
12 15
13 14
13 15
14 15
16 17
18 19
18 42
18 138
18 139
18 189
18 278
18 467
18 513
18 601
18 699
18 700
18 704
18 706
18 708
18 711
18 723
18 734
18 736
18 737
18 740
18 741
18 742
19 204
19 586
19 629
19 700
19 704
19 706
19 707
19 709
19 715
19 723
19 737
19 741
20 21
20 22
20 23
20 24
20 25
20 26
20 27
20 628
20 730
21 22
21 23
21 24
21 25
21 26
21 27
21 629
21 731
21 743
22 23
22 24
22 25
22 26
22 27
23 24
23 25
23 26
23 27
24 25
24 26
24 27
24 628
24 740
25 26
25 27
25 629
26 27
28 29
30 31
30 32
30 33
30 52
30 94
30 498
30 499
30 635
30 684
31 32
31 33
31 50
31 53
31 57
31 70
31 95
31 499
31 684
31 700
31 743
32 33
32 53
34 35
34 36
34 37
34 38
34 39
34 40
34 41
34 42
34 44
34 69
34 91
34 94
34 184
34 260
34 301
34 303
34 307
34 699
35 36
35 37
35 38
35 39
35 40
35 41
35 43
35 45
35 49
35 80
35 92
35 93
35 95
35 98
35 260
35 261
35 263
35 304
35 308
35 548
35 700
36 37
36 38
36 39
36 40
36 41
36 916
37 38
37 39
37 40
37 41
37 684
37 918
38 39
38 40
38 41
39 40
39 41
40 41
42 43
42 44
42 45
42 46
42 47
42 48
42 52
42 56
42 65
42 69
42 91
42 94
42 97
42 101
42 646
42 649
42 682
42 699
43 44
43 45
43 46
43 47
43 49
43 50
43 53
43 57
43 66
43 70
43 80
43 92
43 95
43 646
43 700
44 45
44 46
44 47
44 48
44 49
44 52
44 56
44 79
44 91
44 94
44 99
44 646
44 648
44 682
45 46
45 47
45 49
45 53
45 57
45 79
45 80
45 92
45 95
45 646
45 649
45 683
45 684
46 47
46 742
47 824
48 49
48 50
48 51
48 52
48 53
48 54
48 55
48 56
48 63
48 65
48 69
48 79
48 91
48 94
48 184
48 194
48 559
48 646
48 660
49 50
49 51
49 52
49 53
49 54
49 55
49 57
49 63
49 64
49 71
49 80
49 92
49 93
49 95
49 98
49 185
49 647
49 663
49 921
50 51
50 52
50 53
50 54
50 55
50 57
50 63
50 64
50 95
50 118
50 238
51 52
51 53
51 54
51 55
52 53
52 54
52 55
52 56
52 57
52 63
52 64
52 94
52 103
52 117
52 123
52 194
52 230
52 361
52 648
53 54
53 55
53 57
53 63
53 64
53 95
53 98
53 238
53 275
53 807
54 55
56 57
56 58
56 69
56 79
56 91
56 184
56 648
56 864
56 875
56 912
56 941
57 59
57 71
57 80
57 201
57 210
57 235
57 649
57 707
57 865
57 876
58 59
58 60
58 61
58 62
58 63
58 64
59 60
59 61
59 62
59 63
59 64
59 489
60 61
60 62
60 63
60 64
61 62
61 63
61 64
62 63
62 64
63 64
63 69
63 94
63 740
64 71
64 80
64 95
65 66
65 67
65 68
65 69
65 70
65 71
65 559
65 561
65 563
65 573
65 575
65 576
65 656
65 706
66 67
66 68
66 70
66 71
66 403
66 574
66 575
67 68
69 70
69 71
69 72
69 73
69 79
69 91
69 94
69 97
69 184
69 194
69 402
69 485
69 534
69 559
69 573
69 581
69 628
69 648
69 656
70 71
70 72
70 73
70 95
70 235
70 534
70 559
70 560
70 573
70 577
70 580
70 582
70 663
70 806
71 72
71 73
71 93
71 347
71 408
71 559
71 560
71 573
71 575
71 786
71 914
72 73
74 75
74 76
74 77
74 79
74 80
74 515
75 76
75 77
75 80
75 513
76 77
78 79
78 80
78 402
79 80
79 81
79 86
79 87
79 94
79 95
79 344
79 382
79 402
79 404
79 478
79 483
79 513
79 515
79 624
79 656
79 708
79 711
80 81
80 86
80 87
80 88
80 92
80 95
80 382
80 403
80 405
80 513
80 709
80 864
82 83
82 84
82 85
82 344
83 84
83 85
83 284
83 345
83 865
84 85
87 88
87 89
87 90
87 402
87 404
88 89
88 90
88 284
88 405
89 90
91 92
91 93
91 94
91 95
91 97
91 98
91 184
91 660
91 699
91 708
91 711
92 93
92 94
92 95
92 97
92 98
92 185
92 318
92 397
92 403
92 661
92 663
92 700
92 794
93 94
93 95
93 97
93 98
93 186
93 347
93 408
93 661
93 665
93 786
94 95
94 96
94 97
94 98
94 184
94 443
94 699
95 96
95 97
95 98
95 185
95 186
95 628
95 676
95 700
95 709
97 98
97 99
97 100
97 184
97 474
97 475
97 507
97 509
97 527
97 538
97 554
97 872
98 99
98 100
98 185
98 186
98 474
98 475
98 510
98 539
98 555
98 865
99 100
101 102
101 103
101 104
101 105
101 106
101 107
101 114
101 115
101 130
101 131
101 134
101 137
101 143
101 152
101 189
101 197
101 217
101 241
101 646
102 103
102 104
102 105
102 131
102 156
102 190
102 191
102 231
102 299
102 300
102 383
102 402
102 472
103 104
103 105
103 130
103 137
103 168
103 194
103 197
103 230
103 239
103 270
103 299
103 344
103 382
103 383
103 402
103 789
103 920
104 105
104 107
104 131
104 135
104 137
104 195
104 715
106 107
106 108
106 130
106 197
106 203
106 234
106 246
106 344
106 382
106 383
106 785
107 108
107 109
107 114
107 115
107 131
107 137
107 203
107 204
107 241
107 561
107 715
109 110
109 111
109 112
109 113
109 130
109 203
109 252
110 111
110 112
110 113
111 112
111 113
112 113
114 115
114 116
114 252
115 116
115 131
117 118
117 119
117 120
117 121
117 122
117 203
117 204
117 241
117 242
117 246
117 247
117 248
117 249
117 251
118 119
118 120
118 121
118 122
118 204
118 242
118 251
119 120
119 121
119 122
119 203
119 204
119 874
120 121
120 122
121 122
122 137
123 124
125 126
125 127
125 128
125 129
126 127
126 128
126 129
126 131
127 128
127 129
128 129
130 131
130 132
130 133
130 134
130 145
130 152
130 168
130 172
130 177
130 184
130 189
130 190
130 197
130 217
130 230
130 382
130 483
130 707
130 708
130 880
131 132
131 133
131 134
131 139
131 153
131 178
131 185
131 186
131 189
131 190
131 198
131 218
131 230
131 383
132 133
134 135
134 152
135 156
135 191
136 137
136 143
136 144
136 145
136 230
136 231
136 366
136 382
136 383
137 143
137 154
137 156
137 204
138 139
138 140
138 141
138 142
138 152
138 172
138 189
138 197
138 198
138 624
139 140
139 141
139 142
139 144
139 146
139 190
139 191
139 198
140 141
140 142
141 142
143 144
143 145
143 146
143 147
143 148
143 149
143 150
143 151
143 152
143 157
143 166
143 173
143 227
143 234
143 247
143 715
144 145
144 146
144 147
144 148
144 149
144 150
144 151
144 152
144 153
144 154
144 156
144 158
144 173
144 178
144 190
144 238
144 239
144 247
145 146
145 147
145 148
145 149
145 150
145 151
145 230
145 235
145 344
145 382
145 383
145 567
145 581
146 147
146 148
146 149
146 150
146 151
146 153
146 158
146 178
146 190
146 256
146 489
146 580
146 582
147 148
147 149
147 150
147 151
148 149
148 150
148 151
149 150
149 151
149 191
150 151
150 197
150 198
150 637
152 153
152 154
152 155
152 156
152 157
152 168
152 172
152 177
152 189
152 191
152 194
152 197
152 211
152 231
152 252
152 464
152 714
153 154
153 155
153 156
153 158
153 173
153 178
153 190
153 191
153 198
153 212
153 231
153 257
153 465
153 715
154 155
154 156
154 158
154 173
154 178
154 190
154 191
154 212
154 465
154 715
154 737
155 156
156 158
156 178
156 190
156 191
156 212
156 465
156 466
156 715
156 737
156 881
157 158
157 159
157 160
157 168
157 197
158 159
158 160
158 190
158 191
158 198
159 160
161 162
161 163
161 164
161 873
162 163
162 164
162 909
163 164
165 173
166 167
168 169
168 170
168 171
168 172
168 173
168 177
168 189
168 194
168 197
168 221
168 551
168 714
169 170
169 171
169 172
169 173
170 171
170 172
170 173
171 172
171 173
171 539
172 173
172 189
172 190
172 194
172 211
172 221
172 230
172 231
172 252
172 256
172 551
172 714
172 880
173 178
173 185
173 186
173 190
173 191
173 195
173 198
173 221
173 222
173 231
173 253
173 257
173 880
173 881
174 175
174 176
174 230
174 251
174 464
175 176
177 178
177 179
177 180
177 181
177 189
177 190
177 191
177 194
177 197
177 230
177 231
177 615
178 179
178 180
178 181
178 190
178 191
178 198
178 731
178 874
179 180
179 181
179 191
180 181
182 183
182 184
182 185
182 186
183 185
183 186
184 185
184 186
184 187
184 188
184 206
184 382
184 396
184 402
184 562
184 812
184 973
185 186
185 187
185 188
185 190
185 198
185 265
185 383
185 397
185 403
185 580
186 187
186 188
186 198
186 403
186 408
186 786
187 188
189 190
189 191
189 192
189 193
189 194
189 197
189 230
189 231
189 252
189 386
189 464
189 688
190 191
190 192
190 193
190 195
190 198
190 231
190 874
191 192
191 193
191 465
191 552
191 590
191 972
192 193
194 195
194 196
194 197
194 217
194 225
194 264
194 299
194 708
195 196
195 198
195 204
195 218
195 225
195 226
195 264
195 300
197 198
197 199
197 238
197 252
198 199
198 238
198 743
200 201
200 202
201 202
201 204
203 204
203 205
203 225
203 226
203 241
203 248
203 538
204 205
204 225
204 241
204 248
204 249
204 251
204 874
206 207
206 208
206 209
206 210
206 270
206 271
206 646
206 647
206 648
207 208
207 209
207 210
207 271
207 647
207 653
208 209
208 210
209 210
210 568
210 575
210 592
210 683
210 684
211 212
211 213
211 214
211 215
211 216
211 252
211 253
212 213
212 214
212 215
212 216
212 253
213 214
213 215
213 216
214 215
214 216
215 216
217 218
217 219
217 220
218 219
218 220
218 874
219 220
221 222
221 223
221 224
221 252
222 223
222 224
222 489
223 224
224 428
224 683
225 226
225 227
225 228
225 229
225 488
225 489
225 708
225 711
226 227
226 228
226 229
227 228
227 229
227 246
227 646
228 229
230 231
230 232
230 233
230 246
230 247
230 248
230 260
230 263
230 382
230 402
230 563
231 232
231 233
231 242
231 246
231 247
231 248
231 249
231 251
231 261
231 383
232 233
234 235
234 236
234 237
234 238
234 241
234 253
234 270
234 274
234 366
234 367
234 382
235 236
235 237
235 238
235 241
235 242
235 253
235 270
235 271
235 274
235 277
235 367
235 383
236 237
236 238
237 238
239 240
239 241
239 246
239 247
239 248
239 249
239 251
239 905
239 909
241 242
241 243
241 244
241 245
241 246
241 247
241 248
241 249
241 251
241 278
241 344
241 383
242 243
242 244
242 245
242 246
242 247
242 249
242 251
242 344
242 383
243 244
243 245
244 245
244 472
244 918
246 247
246 248
246 249
246 250
246 251
246 252
246 344
246 382
246 538
247 248
247 249
247 250
247 251
247 383
247 561
247 563
248 249
248 250
248 251
248 382
248 646
249 250
249 251
249 383
250 251
252 253
252 254
252 255
252 256
252 278
252 378
252 559
252 636
253 254
253 255
253 256
253 315
253 344
253 383
254 255
256 257
256 258
256 259
256 261
257 258
257 259
257 260
257 263
258 259
260 261
260 262
260 263
260 322
260 323
260 382
260 383
260 402
260 409
260 635
260 636
260 637
260 638
261 262
261 263
261 268
261 322
261 383
261 410
262 263
263 322
263 323
263 383
263 684
264 265
264 266
264 267
264 538
264 559
265 266
265 267
265 268
266 267
268 269
268 271
268 278
268 301
268 303
268 307
268 308
268 699
268 700
270 271
270 272
270 273
270 274
270 275
270 382
270 383
270 402
270 567
270 585
270 588
270 589
270 592
270 594
270 647
270 648
271 272
271 273
271 275
271 277
271 344
271 383
271 539
271 580
271 589
271 592
271 594
271 647
271 707
271 731
271 743
272 273
274 275
274 276
274 277
274 366
274 367
274 382
274 500
275 276
275 277
275 366
275 367
275 383
275 403
275 501
275 865
276 277
276 471
277 367
277 383
277 472
278 279
278 280
278 281
278 378
278 409
278 447
278 452
278 453
278 454
278 464
278 465
278 505
278 506
278 521
278 547
278 551
278 554
278 562
278 588
278 637
278 699
278 1013
279 280
279 281
279 472
280 281
282 283
282 284
283 284
283 285
283 286
283 287
283 288
283 289
283 310
283 314
283 344
283 348
284 285
284 286
284 287
284 288
284 289
284 290
284 295
284 310
284 311
284 315
285 286
285 287
285 288
286 287
286 288
287 288
289 290
289 291
289 292
289 293
289 294
289 295
289 314
290 291
290 292
290 293
290 294
290 296
290 297
290 315
291 292
291 293
291 294
292 293
292 294
292 865
293 294
295 296
295 297
295 298
295 299
295 314
295 344
295 361
296 297
296 298
296 299
296 300
296 314
296 315
296 362
297 298
297 299
297 300
297 315
297 345
297 361
297 362
299 300
299 301
299 303
299 307
299 344
299 361
299 615
300 302
300 304
300 318
300 364
300 365
301 302
301 303
301 304
301 305
301 306
301 307
301 308
301 309
301 314
301 344
302 303
302 304
302 305
302 306
302 307
302 308
302 309
302 315
302 330
302 345
303 304
303 305
303 306
303 307
303 308
303 309
303 314
303 383
304 305
304 306
304 307
304 308
304 309
304 315
304 345
305 306
305 307
305 308
305 309
306 307
306 308
306 309
307 308
307 309
307 314
307 315
307 344
307 345
307 383
307 453
308 309
308 330
308 345
310 311
310 312
310 313
311 312
311 313
312 313
314 315
314 316
314 317
314 318
314 325
314 327
314 328
314 331
314 338
314 344
314 361
314 362
314 364
315 316
315 317
315 318
315 325
315 326
315 327
315 328
315 332
315 339
315 345
315 362
315 364
315 365
315 489
315 516
316 317
316 318
317 318
318 345
318 361
318 362
319 320
319 321
319 325
319 327
319 328
319 676
320 321
320 325
320 326
320 328
320 636
320 677
322 323
322 324
322 327
322 328
322 742
323 324
323 327
323 328
323 345
325 326
325 327
325 328
326 328
327 328
327 329
327 338
327 402
327 409
328 329
328 339
328 345
331 332
331 333
331 334
331 335
331 336
331 337
331 338
331 339
331 344
331 345
332 333
332 334
332 335
332 336
332 337
332 345
332 611
333 334
333 335
333 336
333 337
334 335
334 336
334 337
335 336
335 337
335 338
335 345
336 337
336 339
338 339
338 340
338 341
338 342
338 343
338 344
338 361
338 362
338 402
338 922
339 340
339 341
339 342
339 343
339 344
339 345
339 383
339 402
339 923
340 341
340 342
340 343
341 342
341 343
342 343
343 580
344 345
344 346
344 347
344 348
344 361
344 362
344 485
344 505
344 547
344 619
344 699
345 346
345 347
345 348
345 362
345 364
345 365
345 580
345 620
345 731
346 347
348 349
348 350
348 351
348 352
348 353
348 354
348 355
348 356
348 357
348 358
348 359
348 360
348 361
348 362
348 402
349 350
349 351
349 352
349 353
349 354
349 355
349 356
349 357
349 358
349 359
349 360
350 351
350 352
350 353
350 354
350 355
350 356
350 357
350 358
350 359
350 360
351 352
351 353
351 354
351 355
351 356
351 357
351 358
351 359
351 360
352 353
352 354
352 355
352 356
352 357
352 358
352 359
352 360
353 354
353 355
353 356
353 357
353 358
353 359
353 360
354 355
354 356
354 357
354 358
354 359
354 360
355 356
355 357
355 358
355 359
355 360
356 357
356 358
356 359
356 360
357 358
357 359
357 360
358 359
358 360
359 360
361 362
361 363
361 364
361 365
361 464
362 363
362 364
362 365
362 464
362 465
362 865
364 365
364 402
364 403
364 547
366 367
366 368
366 369
366 370
366 371
366 382
366 383
366 388
367 368
367 369
367 370
367 371
367 383
368 369
369 918
370 371
370 372
370 373
370 374
371 372
371 373
371 374
372 373
372 374
372 471
372 472
373 374
373 472
375 376
375 377
375 567
375 568
375 573
376 377
376 568
377 994
378 379
378 380
378 381
378 382
378 383
378 391
378 393
378 416
378 427
378 434
378 447
378 452
378 453
378 456
378 464
378 465
378 481
378 492
378 498
378 509
378 513
378 515
378 538
378 540
378 551
378 567
378 568
378 573
378 581
378 588
378 635
378 637
378 646
378 660
379 380
379 381
379 382
379 383
379 388
379 389
379 392
379 403
379 457
379 505
379 506
380 381
382 383
382 384
382 385
382 386
382 387
382 388
382 391
382 393
382 459
382 494
382 615
382 619
382 904
383 384
383 385
383 386
383 387
383 389
383 392
383 393
383 394
383 403
383 456
383 457
383 460
383 516
383 539
383 746
384 385
384 386
384 387
385 386
385 387
386 387
388 389
388 390
388 391
388 392
388 394
388 427
388 434
388 459
388 460
388 488
388 489
388 494
388 495
388 591
389 390
389 392
389 394
389 403
389 408
389 435
389 453
389 460
389 494
389 495
391 392
391 393
391 394
391 402
391 434
391 447
391 448
391 452
391 453
391 456
391 459
391 494
391 547
391 548
391 591
392 393
392 394
392 403
392 420
392 448
392 452
392 453
392 457
392 459
392 548
392 846
393 394
393 452
393 456
393 459
393 460
394 453
394 457
394 460
394 682
395 513
395 647
396 397
396 398
396 399
396 400
396 401
396 402
396 403
396 404
396 405
396 408
396 419
396 420
396 434
396 452
396 464
396 562
396 582
396 646
396 652
396 653
396 656
396 960
397 398
397 399
397 400
397 401
397 405
397 420
397 647
398 399
398 400
398 401
399 400
399 401
400 401
402 403
402 404
402 405
402 406
402 407
402 408
402 409
402 419
402 430
402 443
402 494
402 562
402 577
402 646
402 648
402 652
402 656
402 659
402 660
402 706
402 873
402 874
402 883
402 896
402 920
402 921
402 967
403 404
403 405
403 406
403 407
403 408
403 410
403 431
403 465
403 477
403 516
403 539
403 560
403 571
403 577
403 606
403 647
403 652
403 653
403 660
403 661
403 790
403 874
403 920
403 921
404 405
404 406
404 407
404 408
404 430
404 527
404 576
404 656
404 659
404 660
404 869
404 890
404 901
405 406
405 407
405 408
405 501
405 528
405 563
405 571
405 659
405 661
405 870
405 874
405 891
406 407
406 408
407 408
407 562
407 656
408 430
408 445
408 448
408 453
408 457
408 486
408 548
408 571
408 638
408 659
408 874
408 998
409 410
409 411
409 412
409 413
409 414
409 427
409 443
409 464
409 476
409 588
409 635
410 411
410 412
410 413
410 414
410 420
410 428
410 443
410 444
410 448
410 464
410 465
410 476
410 636
410 852
410 853
411 412
411 413
411 414
412 413
412 414
413 414
415 416
415 417
415 418
416 417
416 418
416 419
416 420
416 434
416 452
416 453
416 547
416 637
417 418
419 420
419 421
419 424
419 427
419 434
419 447
419 452
419 464
419 494
419 538
419 660
420 421
420 422
420 425
420 428
420 435
420 440
420 447
420 448
420 452
420 453
420 465
420 598
422 423
424 425
424 426
424 452
424 453
424 576
424 625
425 426
425 448
425 453
425 577
427 428
427 429
427 430
427 434
427 439
427 444
427 447
427 452
427 454
427 456
427 459
427 464
427 483
427 608
427 625
427 635
427 637
427 916
428 429
428 431
428 434
428 435
428 448
428 452
428 453
428 456
428 457
428 459
428 460
428 465
428 638
428 673
428 831
430 431
430 432
430 433
430 434
430 435
431 432
431 433
431 448
431 586
431 612
431 625
432 433
434 435
434 436
434 437
434 438
434 443
434 447
434 452
434 454
434 464
434 542
434 660
434 1012
435 436
435 437
435 438
435 440
435 443
435 444
435 448
435 452
435 453
435 454
435 460
435 464
435 468
435 516
435 539
435 625
436 437
436 438
437 438
437 489
439 440
439 441
439 442
439 500
439 628
440 441
440 442
440 448
440 501
440 629
441 442
443 444
443 445
443 446
443 447
443 448
443 452
443 464
443 465
443 624
444 445
444 446
444 580
444 586
445 446
447 448
447 449
447 450
447 451
447 452
447 453
447 464
447 465
447 467
447 500
447 573
447 577
447 580
447 624
447 625
447 637
448 449
448 450
448 451
448 452
448 453
448 468
448 516
448 577
448 586
448 625
448 638
449 450
449 451
450 451
452 453
452 454
452 455
452 464
452 465
452 624
452 625
452 635
452 637
452 660
453 454
453 455
453 460
453 465
453 489
453 582
453 598
453 624
453 625
453 636
453 638
453 660
454 455
454 547
454 637
456 457
456 458
456 459
456 460
456 547
456 580
456 637
457 458
457 459
457 460
457 489
458 459
458 460
459 460
459 464
459 562
459 573
459 635
460 465
460 561
460 563
461 462
461 463
461 515
461 684
462 463
464 465
464 466
464 505
464 567
464 581
464 597
464 601
464 648
465 466
465 474
465 489
465 506
465 516
465 519
465 636
465 647
466 472
467 468
467 469
467 470
467 471
467 472
468 469
468 470
468 472
468 513
469 470
470 471
470 472
471 472
471 473
471 474
471 475
471 481
471 485
471 488
471 500
471 619
471 734
471 989
472 473
472 474
472 475
472 482
472 513
472 735
472 738
472 989
472 990
473 474
474 515
476 477
476 478
476 479
476 480
476 481
476 482
476 483
476 484
476 635
477 478
477 479
477 480
477 482
477 653
477 684
477 909
478 479
478 480
478 494
478 505
478 742
479 480
479 486
479 495
479 506
481 482
481 483
481 484
481 488
481 492
481 494
481 498
481 509
481 521
481 538
481 551
481 559
481 573
481 585
481 591
481 597
481 635
481 640
481 682
481 1009
482 483
482 484
482 486
482 489
482 492
482 493
482 495
482 499
482 506
482 510
482 515
482 521
482 552
482 561
482 582
482 647
482 707
482 741
483 484
483 485
483 488
483 492
483 498
483 500
483 505
483 521
483 551
483 573
483 588
483 597
483 637
483 652
484 486
484 489
484 493
484 495
484 501
484 506
484 539
484 734
485 486
485 487
485 488
485 494
485 500
485 562
485 576
485 637
485 648
485 655
485 660
485 699
485 711
485 742
485 904
486 487
486 489
486 495
486 498
486 499
486 501
486 516
486 561
486 563
486 577
486 638
486 649
486 653
486 743
488 489
488 490
488 491
488 492
488 493
488 494
488 495
488 499
488 500
488 509
488 554
488 576
488 619
488 648
488 711
489 490
489 491
489 492
489 493
489 494
489 495
489 501
489 516
489 539
489 555
489 653
489 670
490 491
490 492
490 493
491 492
491 493
492 493
492 494
492 495
492 498
492 563
492 676
492 740
493 495
493 515
493 516
493 561
493 563
493 568
493 677
494 495
494 496
494 497
494 505
494 534
494 554
494 562
494 581
494 585
494 588
494 593
494 742
495 496
495 497
495 499
495 501
495 506
495 510
495 515
495 516
495 535
495 731
496 497
498 499
498 500
498 501
498 502
498 503
498 504
498 505
498 509
498 538
498 551
498 559
498 635
498 672
498 676
498 682
498 699
498 736
498 740
499 500
499 501
499 502
499 503
499 504
499 510
499 552
499 560
499 561
499 571
499 574
499 582
499 586
499 677
499 682
499 740
499 741
500 501
500 502
500 503
500 504
500 505
500 531
500 538
500 547
500 554
500 559
500 576
500 585
500 637
500 648
500 680
500 682
500 730
500 740
500 836
500 843
500 857
501 502
501 503
501 504
501 506
501 532
501 548
501 555
501 561
501 647
501 649
501 653
501 680
501 682
501 683
501 684
501 707
501 709
501 731
501 740
501 741
501 743
501 837
501 843
501 858
502 503
502 504
503 504
505 506
505 507
505 508
505 509
505 516
505 534
505 538
505 559
505 585
505 588
505 624
505 640
505 642
506 507
506 508
506 510
506 513
506 516
506 535
506 548
506 558
506 561
506 562
506 588
506 589
506 619
506 642
506 643
506 649
506 731
506 741
506 865
507 508
507 628
507 629
509 510
509 511
509 512
509 515
509 538
509 567
509 588
509 682
510 511
510 512
510 513
510 515
510 516
510 683
510 741
511 512
513 514
513 515
513 516
513 528
513 539
513 783
514 515
515 516
515 535
515 539
515 684
516 517
516 518
516 519
516 528
516 532
516 539
516 586
516 647
516 743
518 519
518 520
518 646
519 520
520 918
521 522
521 523
521 524
521 525
521 526
522 523
522 524
522 525
522 526
522 864
522 865
523 524
523 525
523 526
524 525
524 526
525 526
525 577
527 528
527 529
527 530
527 567
527 682
527 699
527 740
528 529
528 530
528 539
528 563
528 683
529 530
531 532
531 533
531 539
531 547
531 581
532 533
532 539
532 684
534 535
534 536
534 537
534 538
534 539
534 547
534 548
534 576
534 593
535 536
535 537
535 539
535 548
536 537
538 539
538 540
538 541
538 542
538 559
538 573
538 601
538 742
539 540
539 541
539 542
539 543
539 546
539 550
539 574
539 575
539 589
539 592
540 541
540 562
542 543
542 544
542 545
542 546
542 547
542 573
542 574
542 575
542 576
542 593
543 544
543 545
543 546
543 575
544 545
544 546
545 546
545 699
547 548
547 549
547 550
547 593
547 637
548 549
548 550
548 561
548 568
548 643
548 689
549 550
550 647
551 552
551 553
551 567
551 588
551 593
552 553
553 576
553 711
554 555
554 556
554 557
554 558
554 567
555 556
555 557
555 558
555 574
556 557
556 558
557 558
559 560
559 561
559 562
559 563
559 564
559 565
559 566
559 567
559 573
559 574
559 575
559 576
559 577
559 580
559 585
559 632
559 635
559 640
559 646
559 652
559 656
559 659
559 706
559 743
559 803
560 561
560 562
560 563
560 564
560 565
560 566
560 568
560 574
560 575
560 580
560 647
560 707
561 562
561 563
561 564
561 565
561 566
561 573
561 586
561 646
561 653
561 659
562 563
562 564
562 565
562 566
562 573
562 576
562 577
562 580
562 586
562 648
562 652
562 653
562 660
562 662
562 682
562 695
562 711
562 740
562 873
562 977
563 564
563 565
563 566
563 573
563 575
563 577
563 629
563 649
563 653
563 661
563 663
563 865
564 565
564 566
565 566
567 568
567 569
567 570
567 588
567 619
567 642
567 659
567 660
567 669
567 688
568 569
568 570
568 573
568 598
568 649
568 748
569 570
571 572
571 653
572 638
572 647
572 649
573 574
573 575
573 576
573 577
573 578
573 579
573 580
573 581
573 588
573 591
573 592
573 593
573 597
573 608
573 635
573 637
573 640
573 646
573 648
573 652
573 656
573 676
573 706
573 912
573 1009
573 1013
574 575
574 576
574 577
574 578
574 579
574 580
574 586
574 588
574 589
574 598
574 629
574 636
574 661
574 913
574 1010
575 576
575 577
575 578
575 579
575 580
575 598
575 606
575 609
575 636
575 638
575 641
575 647
575 677
575 707
575 709
575 741
575 1010
575 1014
576 577
576 578
576 579
576 580
576 585
576 597
576 615
576 619
576 648
576 652
576 682
576 857
577 578
577 579
577 580
577 586
577 598
577 648
577 649
577 653
577 663
577 817
577 874
577 1014
578 579
578 580
579 580
580 585
580 586
580 598
580 602
580 623
580 641
580 653
580 683
580 747
580 807
581 582
581 583
581 584
581 585
581 586
581 588
581 591
581 593
581 597
581 600
581 615
581 646
581 648
581 659
581 660
581 667
582 583
582 584
582 585
582 586
582 588
582 589
582 591
582 594
582 598
582 600
582 684
582 1009
582 1010
583 584
583 646
585 586
585 587
585 588
585 589
585 591
585 592
585 593
585 594
585 600
585 601
585 605
585 637
585 640
585 641
585 646
585 648
585 1009
586 587
586 588
586 589
586 591
586 592
586 594
586 612
586 638
586 646
586 647
586 649
586 653
586 707
586 711
586 727
586 864
586 870
588 589
588 590
588 591
588 592
588 593
588 594
588 597
588 601
588 605
588 611
588 615
588 619
588 624
588 635
588 637
588 640
588 652
588 682
588 873
588 1009
589 590
589 591
589 592
589 594
589 598
589 600
589 602
589 606
589 619
589 638
589 641
589 683
589 874
589 1009
589 1010
591 592
591 593
591 594
591 595
591 596
591 597
591 600
591 615
591 619
591 640
591 646
591 659
591 682
591 1009
592 593
592 594
592 595
592 596
592 598
592 600
592 609
592 636
592 638
592 683
593 594
593 595
593 596
593 597
593 615
593 619
593 637
593 652
593 730
593 1009
593 1012
594 595
594 596
594 598
594 600
594 606
594 625
594 638
594 684
595 596
597 598
597 599
597 601
597 635
597 742
598 599
598 636
598 637
598 638
598 741
599 977
600 602
600 620
600 625
600 635
600 636
600 638
600 684
601 602
601 603
601 604
601 605
601 619
601 628
601 632
601 638
601 653
601 714
602 603
602 604
602 605
602 606
602 609
602 638
602 647
602 649
603 604
605 606
605 607
605 635
605 637
605 638
605 676
605 677
606 607
606 612
606 620
606 625
606 636
606 638
606 677
606 683
608 609
608 610
608 635
608 636
608 637
608 638
609 610
609 636
611 612
611 613
611 614
611 615
611 616
611 617
611 618
611 619
611 620
611 621
611 622
611 623
611 624
611 628
611 629
611 646
611 648
611 660
611 688
611 723
611 782
611 788
611 864
611 869
612 613
612 614
612 615
612 616
612 617
612 618
612 619
612 620
612 621
612 622
612 623
612 625
612 629
612 631
612 633
612 636
612 707
613 614
613 615
613 616
613 617
613 618
613 619
613 620
613 621
613 622
613 623
614 615
614 616
614 617
614 618
614 619
614 620
614 621
614 622
614 623
615 616
615 617
615 618
615 619
615 620
615 621
615 622
615 623
615 628
615 635
615 688
615 711
615 864
615 869
615 875
615 1000
616 617
616 618
616 619
616 620
616 621
616 622
616 623
616 629
616 707
616 865
617 618
617 619
617 620
617 621
617 622
617 623
618 619
618 620
618 621
618 622
618 623
619 620
619 621
619 622
619 623
619 774
619 780
619 869
619 920
619 935
619 939
619 977
619 994
619 1000
620 621
620 622
620 623
620 625
620 631
620 633
620 636
620 707
620 1001
621 622
621 623
622 623
624 625
624 626
624 627
624 628
624 631
624 688
624 734
624 830
624 853
624 904
625 626
625 627
625 629
625 631
625 632
625 633
625 636
625 647
625 707
625 853
626 627
628 629
628 630
628 631
628 632
628 652
628 699
628 705
628 706
628 708
628 711
629 630
629 631
629 632
629 633
629 653
629 677
629 705
629 707
629 709
629 723
629 746
630 631
632 633
632 634
632 706
633 634
635 636
635 637
635 638
635 639
635 640
635 899
635 900
636 637
636 638
636 639
636 640
636 641
636 704
636 876
636 978
637 638
637 639
637 640
637 652
637 656
638 639
638 641
638 649
638 746
638 888
640 641
640 642
640 643
640 644
640 645
640 682
640 742
641 642
641 643
641 644
641 645
641 647
641 683
641 741
642 643
642 644
642 645
642 676
642 677
642 682
643 644
643 645
643 683
644 645
646 647
646 648
646 649
646 650
646 651
646 653
646 659
646 682
646 699
646 706
646 887
647 648
647 649
647 650
647 651
647 653
647 712
647 723
647 862
648 649
648 650
648 651
648 652
648 785
649 650
649 651
649 653
649 841
649 853
650 651
652 653
652 654
652 655
652 656
652 657
652 658
652 659
652 660
652 662
652 682
652 706
652 708
652 711
652 996
653 654
653 655
653 656
653 657
653 658
653 659
653 661
653 663
653 707
653 709
654 655
654 656
654 657
654 658
654 659
655 656
655 657
655 658
655 659
656 657
656 658
656 659
656 660
656 706
656 708
656 711
656 965
657 658
657 659
658 659
659 706
659 707
659 708
659 709
659 711
660 661
660 662
660 663
660 664
660 665
660 666
660 707
660 740
661 662
661 663
661 664
661 665
661 666
662 663
662 664
662 665
662 666
663 664
663 665
663 666
664 665
664 666
665 666
667 668
667 676
668 676
669 670
669 671
670 671
672 673
672 674
672 675
672 676
672 677
673 674
673 675
673 677
673 684
674 675
676 677
676 678
676 679
676 680
676 681
676 682
676 686
676 706
676 718
676 740
676 864
677 678
677 679
677 680
677 681
677 682
677 683
677 684
677 687
677 709
677 718
677 740
677 741
677 742
678 679
678 680
678 681
678 699
679 680
679 681
680 681
680 682
680 683
680 699
681 683
681 699
682 683
682 684
682 685
682 686
682 688
682 699
682 706
682 740
682 824
682 845
682 904
683 684
683 685
683 689
683 731
683 740
683 741
683 743
683 746
683 797
683 824
683 858
683 905
684 685
684 740
684 741
686 687
686 688
686 689
686 690
686 691
686 692
686 693
686 694
687 688
687 689
687 690
687 691
687 692
687 693
687 694
688 689
688 690
688 691
688 692
688 693
688 694
689 690
689 691
689 692
689 693
689 694
690 691
690 692
690 693
690 694
691 692
691 693
691 694
692 693
692 694
693 694
695 696
695 697
695 698
695 699
695 706
696 697
696 698
696 700
696 709
697 698
699 700
699 701
699 702
699 703
699 706
699 707
699 708
699 709
699 745
700 701
700 702
700 704
700 707
700 723
701 702
703 704
703 705
704 705
704 707
704 709
706 707
706 708
706 709
706 710
706 711
706 712
706 713
706 740
706 899
706 916
706 975
707 708
707 709
707 710
707 711
707 712
707 713
707 723
707 741
708 709
708 710
708 711
708 712
708 713
708 736
708 740
709 710
709 711
709 712
709 713
709 723
709 731
709 741
710 711
710 712
710 713
711 712
711 713
711 736
711 916
712 713
714 715
714 716
714 717
714 718
714 719
714 720
714 721
714 722
715 716
715 717
715 718
715 719
715 720
715 721
715 722
715 723
716 717
716 718
716 719
716 720
716 721
716 722
717 718
717 719
717 720
717 721
717 722
718 719
718 720
718 721
718 722
718 742
719 720
719 721
719 722
720 721
720 722
721 722
723 725
723 726
723 731
723 735
723 739
723 741
724 725
724 726
724 727
724 728
724 729
724 730
724 731
725 726
725 727
725 728
725 729
726 727
726 728
726 729
727 728
727 729
728 729
730 731
730 732
730 733
730 738
730 740
730 789
730 864
730 869
730 875
731 732
731 733
731 735
731 738
731 741
731 746
731 797
731 865
731 870
731 902
732 733
734 735
734 736
734 737
734 738
734 739
735 736
735 737
735 738
735 739
736 737
736 738
736 739
737 738
737 739
738 739
739 921
740 741
740 742
740 743
740 744
740 754
740 789
741 742
741 743
741 744
741 746
742 743
742 744
742 789
743 744
743 760
745 746
745 781
745 789
745 795
745 823
745 851
745 853
745 864
745 865
745 869
745 875
745 880
745 883
745 884
745 887
745 894
745 895
745 899
745 904
745 912
745 973
745 974
746 780
746 781
746 790
746 796
746 797
746 846
746 852
746 853
746 864
746 865
746 869
746 870
746 880
746 881
746 887
746 894
746 973
746 974
747 748
747 749
747 750
747 751
748 749
748 750
748 751
749 750
749 751
750 751
752 753
752 754
752 755
752 756
752 757
752 758
752 912
752 913
753 754
753 755
753 756
753 757
753 758
754 755
754 756
754 757
754 758
755 756
755 757
755 758
756 757
756 758
757 758
758 823
758 864
759 760
759 761
759 762
760 761
760 762
761 762
763 764
764 824
765 766
765 767
765 768
765 769
765 774
765 780
765 795
765 812
766 767
766 768
766 769
766 771
766 775
766 781
766 813
767 768
767 769
768 769
770 771
770 772
770 773
770 774
770 780
770 781
770 789
770 795
770 812
770 823
770 845
770 847
770 851
770 864
770 869
770 873
770 875
770 883
770 899
771 772
771 773
771 781
771 790
771 796
771 797
771 799
771 812
771 823
771 824
771 843
771 846
771 848
771 865
771 874
771 875
771 876
771 880
771 881
771 958
772 773
774 775
774 776
774 777
774 778
774 779
774 780
774 781
774 812
774 843
774 845
774 847
774 864
774 869
774 880
774 901
774 930
774 957
774 1000
775 776
775 777
775 778
775 779
775 780
775 781
775 797
775 812
775 813
775 843
775 845
775 846
775 848
775 865
775 869
775 876
775 902
775 912
775 921
775 930
775 931
775 936
775 958
776 777
776 778
776 779
777 778
777 779
778 779
780 781
780 789
780 793
780 843
780 864
780 869
780 876
780 880
780 912
780 930
780 931
780 1000
781 843
781 864
781 865
781 870
781 875
781 876
781 880
781 881
781 931
781 958
782 783
782 784
783 784
785 786
785 787
785 788
785 989
786 787
786 788
787 788
789 790
789 791
789 792
789 795
789 798
789 812
789 845
789 864
789 869
789 875
789 894
789 917
789 939
789 957
789 989
790 791
790 792
790 796
790 806
790 813
790 824
790 846
790 851
790 864
790 865
790 870
790 876
790 917
790 958
791 792
793 794
794 813
795 796
795 797
795 803
795 806
795 816
795 823
795 845
795 847
795 864
795 899
795 916
795 918
795 989
796 797
796 799
796 804
796 806
796 807
796 808
796 813
796 824
796 853
796 864
796 865
796 870
796 876
796 917
797 813
797 851
797 865
797 876
797 884
798 799
798 800
798 801
798 802
799 800
799 801
799 802
800 801
800 802
801 802
803 804
803 805
803 812
804 805
804 813
806 807
806 845
806 846
806 851
806 853
806 873
806 887
806 899
806 902
806 975
806 976
806 989
806 991
807 846
807 851
807 852
807 888
807 940
807 990
807 1000
807 1001
808 809
808 810
808 811
808 812
808 813
808 875
809 810
809 811
809 813
809 876
810 811
812 813
812 814
812 815
812 830
812 840
812 842
812 845
812 851
812 864
812 875
812 880
812 901
812 912
813 814
813 815
813 824
813 831
813 840
813 842
813 846
813 848
813 860
813 901
813 902
814 815
814 918
816 817
816 818
816 819
816 820
816 821
816 823
816 824
816 851
816 852
816 853
816 864
816 865
816 875
816 962
817 818
817 819
817 820
817 821
817 824
817 876
818 819
818 820
818 821
818 852
818 875
819 820
819 821
819 876
820 821
820 852
820 853
820 973
821 876
822 823
822 824
823 824
823 825
823 826
823 827
823 828
823 845
823 846
823 851
823 857
823 864
823 869
823 875
823 878
824 825
824 826
824 827
824 846
824 852
824 853
824 860
824 865
824 870
824 876
824 879
824 909
825 826
825 827
826 827
828 829
828 830
828 831
828 832
828 833
828 834
828 835
828 845
828 851
828 852
828 853
828 875
829 830
829 831
829 832
829 833
829 834
829 835
829 852
830 831
830 832
830 833
830 834
830 835
830 852
830 853
831 832
831 833
831 834
831 835
831 852
832 833
832 834
832 835
833 834
833 835
833 852
833 853
833 875
834 835
834 876
836 837
836 838
836 839
836 840
836 841
836 842
836 843
836 844
836 904
837 838
837 839
837 840
837 841
837 842
837 843
837 844
837 905
838 839
838 840
838 841
838 842
838 843
838 844
839 840
839 841
839 842
839 843
839 844
840 841
840 842
840 843
840 844
841 842
841 843
841 844
842 843
842 844
842 845
842 846
842 851
842 852
842 853
842 875
842 876
842 901
842 902
842 971
843 844
845 846
845 851
845 853
845 857
845 864
845 869
845 878
845 899
846 851
846 852
846 853
846 860
846 865
846 870
846 879
846 899
846 900
847 848
847 849
847 850
847 851
848 849
848 850
849 850
851 852
851 853
851 854
851 855
851 856
851 857
851 869
851 875
851 894
851 899
852 853
852 854
852 855
852 856
852 857
852 870
852 875
852 876
852 895
853 854
853 855
853 856
853 857
853 870
853 876
853 895
854 855
854 856
855 856
857 858
857 859
858 859
860 861
860 862
860 863
860 875
860 876
861 862
861 863
862 863
864 865
864 866
864 867
864 868
864 869
864 870
864 873
864 875
864 881
864 883
864 884
864 887
864 899
864 900
864 901
864 904
864 909
864 912
864 935
864 939
864 941
864 957
864 962
864 975
864 976
864 977
864 991
864 994
864 1000
864 1003
864 1004
865 866
865 867
865 868
865 869
865 870
865 874
865 881
865 900
865 902
865 905
865 909
865 913
865 940
865 961
865 963
865 990
865 992
865 1000
865 1001
865 1004
866 867
866 868
867 868
869 870
869 871
869 872
869 873
869 881
869 883
869 884
869 887
869 894
869 895
869 899
869 900
869 901
869 912
869 920
869 921
869 935
869 939
869 971
869 974
869 975
869 976
869 989
869 991
869 994
869 1000
869 1001
870 871
870 872
870 874
870 888
870 900
870 902
870 990
870 992
870 995
870 1000
870 1001
871 872
871 994
873 874
873 904
873 916
873 973
873 989
874 990
875 876
875 877
875 878
875 879
875 880
875 881
875 883
875 884
875 887
875 894
875 895
875 899
875 901
875 916
875 922
875 923
875 935
875 962
875 973
875 974
875 975
875 977
875 978
875 981
875 989
875 991
875 1000
875 1001
876 877
876 878
876 879
876 881
876 883
876 888
876 899
876 900
876 902
876 909
876 918
876 921
876 923
876 940
876 975
876 976
876 978
876 985
876 990
876 1001
877 878
877 879
878 879
878 899
878 900
878 901
878 902
878 977
879 894
879 895
879 900
879 971
879 976
879 978
880 881
880 882
880 883
880 884
880 887
880 888
880 891
880 894
880 895
880 899
880 939
880 971
880 973
880 974
880 975
880 977
880 981
880 984
880 989
880 1000
881 882
881 884
881 887
881 888
881 894
881 895
881 902
881 976
881 978
881 981
881 982
881 985
881 990
883 884
883 885
883 886
883 887
883 888
883 894
883 895
883 902
883 977
884 885
884 886
884 887
884 888
884 894
884 895
884 902
885 886
887 888
887 889
887 890
887 894
887 895
887 962
887 977
887 981
887 984
887 991
888 889
888 891
888 894
888 895
888 974
888 982
888 985
888 992
888 995
890 891
890 892
890 893
890 904
890 994
891 892
891 893
891 992
892 893
894 895
894 899
894 939
894 971
894 973
894 974
894 975
894 977
894 978
894 981
894 984
894 985
894 989
894 991
894 994
895 900
895 905
895 909
895 971
895 974
895 976
895 978
895 981
895 984
895 985
895 990
896 897
896 898
896 899
896 901
896 904
896 975
896 977
896 994
897 898
897 900
897 902
897 976
897 990
897 992
897 995
899 900
899 901
899 902
899 903
899 904
899 905
899 939
899 975
899 977
899 981
899 984
899 989
900 901
900 902
900 903
900 905
900 971
900 976
900 977
900 978
900 982
900 990
900 992
901 902
901 903
901 939
901 971
901 973
901 975
901 977
901 981
901 984
901 991
901 994
902 903
902 974
902 978
902 982
902 988
902 990
902 992
902 995
904 905
904 906
904 907
904 908
904 909
904 910
904 911
904 912
904 922
904 925
904 939
904 949
904 952
904 953
904 957
904 960
904 962
904 973
904 989
904 1004
905 906
905 907
905 908
905 909
905 910
905 911
905 912
905 913
905 958
905 971
905 1004
906 907
906 908
906 909
906 910
906 911
907 908
907 909
907 910
907 911
908 909
908 910
908 911
909 910
909 911
909 912
909 913
909 954
909 958
909 971
909 1008
910 911
912 913
912 914
912 915
912 916
912 917
912 918
912 920
912 925
912 926
912 930
912 935
912 939
912 940
912 957
912 958
912 960
912 962
912 973
913 914
913 915
913 916
913 917
913 918
913 925
913 930
913 957
913 961
913 963
914 915
916 917
916 918
916 919
916 920
916 922
916 925
916 926
916 930
916 935
916 936
916 939
916 940
916 941
916 942
916 949
916 957
916 958
916 960
917 918
917 919
917 921
917 923
917 925
917 926
917 930
917 931
917 936
917 940
917 943
917 953
917 954
918 919
918 925
918 926
918 930
918 941
918 943
918 949
918 950
918 951
920 921
920 922
920 923
920 924
920 925
920 930
920 935
920 936
920 941
920 942
920 943
920 949
920 953
921 922
921 923
921 924
921 925
921 926
921 930
921 931
921 936
921 940
921 941
921 942
921 943
921 954
921 960
921 990
922 923
922 924
922 925
922 930
922 939
922 941
922 942
922 962
923 924
923 925
923 926
923 930
923 941
923 942
923 943
925 926
925 927
925 928
925 929
925 962
925 973
926 927
926 928
926 929
927 928
927 929
928 929
930 931
930 932
930 933
930 934
930 935
930 936
930 939
930 940
931 932
931 933
931 934
931 940
932 933
932 934
932 939
933 934
935 936
935 937
935 938
935 939
935 940
935 941
935 942
935 943
935 957
935 958
935 960
935 962
936 937
936 938
936 939
936 940
936 941
936 943
936 958
936 961
936 963
937 938
937 939
937 940
937 941
938 939
938 940
938 941
939 940
939 941
940 941
940 943
940 958
941 957
941 958
941 1000
942 943
942 944
942 945
942 946
942 947
942 948
942 957
942 962
943 944
943 945
943 946
943 947
943 948
943 958
944 945
944 946
944 947
944 948
945 946
945 947
945 948
946 947
946 948
947 948
949 950
949 951
949 952
949 957
949 958
949 960
950 951
950 952
951 952
952 960
952 961
952 962
952 963
953 954
953 955
953 956
953 957
953 958
953 960
953 962
954 955
954 956
954 957
954 958
954 961
955 956
957 958
957 959
957 960
957 961
957 962
957 963
958 959
958 960
958 961
958 963
960 961
960 962
960 963
960 964
960 965
960 966
961 962
961 963
961 964
961 965
961 966
962 963
962 964
962 965
962 966
962 973
962 994
963 964
963 965
963 966
963 995
964 965
964 966
965 966
967 968
967 969
967 970
968 969
968 970
969 970
971 972
971 973
971 974
971 975
971 976
971 977
971 978
971 989
971 990
971 992
971 994
971 995
972 973
972 974
973 974
973 975
973 977
973 991
973 994
974 978
974 985
974 992
974 995
975 976
975 977
975 978
975 979
975 980
975 981
975 985
976 977
976 978
976 979
976 980
976 981
976 985
976 988
976 989
976 990
976 992
976 995
977 978
977 979
977 980
977 981
977 989
977 991
977 994
978 979
978 980
978 992
978 995
979 980
981 982
981 983
981 989
981 991
981 994
982 983
982 990
982 992
982 995
984 985
984 986
984 987
984 988
984 989
985 986
985 987
985 988
985 992
985 995
986 987
986 988
987 988
989 990
989 991
989 992
989 993
989 994
989 995
990 991
990 992
990 993
990 994
990 995
991 992
991 993
991 994
991 995
992 993
992 994
992 995
993 994
993 995
994 995
996 997
996 998
996 999
997 998
997 999
998 999
1000 1001
1000 1002
1001 1002
1003 1004
1003 1005
1003 1006
1003 1007
1003 1008
1004 1005
1004 1006
1004 1007
1004 1008
1005 1006
1005 1007
1005 1008
1006 1007
1006 1008
1007 1008
1009 1010
1009 1011
1009 1012
1010 1011
1010 1012
1011 1012
1013 1014
