0 1
0 2
0 3
0 4
0 22
0 250
0 368
0 369
0 370
1 2
1 3
1 4
1 22
1 552
2 3
2 4
2 370
2 654
3 4
3 368
3 369
3 370
3 454
3 513
5 6
5 7
5 8
5 9
5 10
5 14
5 221
5 662
6 7
6 8
6 9
6 11
6 13
6 22
6 457
6 691
7 8
7 9
8 9
10 11
10 12
10 13
10 14
10 15
10 16
10 22
10 140
10 272
10 377
10 440
10 559
10 595
10 797
10 800
10 803
10 818
10 823
10 827
10 881
11 12
11 13
11 14
11 15
11 17
11 22
11 140
11 272
11 583
12 13
12 14
12 15
13 14
13 15
13 17
13 140
13 452
13 800
13 881
14 15
14 16
14 83
14 272
14 377
14 559
14 595
14 797
14 818
14 823
14 825
14 827
15 198
15 199
15 213
16 17
16 18
16 19
16 20
17 18
17 19
17 20
17 22
18 19
18 20
19 20
21 22
21 23
21 24
21 25
21 26
21 27
21 32
21 33
21 73
21 241
21 272
22 23
22 24
22 25
22 26
22 27
22 205
22 249
22 250
22 251
22 252
22 253
23 24
23 25
23 26
23 27
23 32
23 241
23 272
24 25
24 26
24 27
24 242
25 26
25 27
26 27
26 249
27 252
28 29
28 30
28 31
28 33
28 208
29 30
29 31
29 231
29 426
30 31
30 232
32 33
32 34
32 35
32 36
32 37
32 79
32 94
32 101
33 33
33 34
33 35
33 36
33 49
33 58
33 60
33 68
33 92
33 94
33 101
33 199
34 35
34 36
35 36
37 38
37 39
37 40
37 41
37 140
37 145
37 187
37 260
37 543
37 700
38 39
38 40
38 41
38 188
38 226
38 231
38 233
38 237
38 579
39 40
39 41
40 41
42 43
42 44
42 45
42 46
42 47
42 48
42 49
42 50
42 51
42 52
42 117
42 300
43 44
43 45
43 46
43 47
43 48
43 49
43 50
43 51
43 52
43 117
44 45
44 46
44 47
44 48
44 49
44 50
44 51
44 52
44 159
44 339
44 857
45 46
45 47
45 48
45 49
45 50
45 51
45 52
46 47
46 48
46 49
46 50
46 51
46 52
46 115
46 368
47 48
47 49
47 50
47 51
47 52
48 49
48 50
48 51
48 52
49 50
49 51
49 52
49 99
49 100
49 161
50 51
50 52
50 162
51 52
51 461
53 54
53 55
53 56
53 57
53 58
53 59
53 89
53 99
53 100
53 326
54 55
54 56
54 57
54 58
54 59
54 113
55 56
55 57
55 58
55 59
56 57
56 58
56 59
57 58
57 59
57 117
58 59
58 89
58 112
60 61
60 62
60 63
60 64
60 65
60 66
60 67
60 112
60 113
60 115
60 161
60 322
61 62
61 63
61 64
61 65
61 66
61 67
61 322
62 63
62 64
62 65
62 66
62 67
62 242
62 538
62 856
63 64
63 65
63 66
63 67
63 117
64 65
64 66
64 67
65 66
65 67
66 67
67 117
68 69
68 70
68 71
68 72
68 73
68 74
68 75
68 88
68 92
68 114
68 115
69 70
69 71
69 72
69 73
69 74
69 75
70 71
70 72
70 73
70 74
70 75
70 88
70 89
70 100
71 72
71 73
71 74
71 75
72 73
72 74
72 75
73 74
73 75
73 89
73 93
73 161
73 241
74 75
76 303
77 78
77 79
77 80
77 81
77 82
77 83
77 84
77 85
77 86
77 87
77 92
78 79
78 80
78 81
78 82
78 83
78 84
78 85
78 86
78 87
79 80
79 81
79 82
79 83
79 84
79 85
79 86
79 87
79 88
79 92
79 93
79 99
79 100
80 81
80 82
80 83
80 84
80 85
80 86
80 87
81 82
81 83
81 84
81 85
81 86
81 87
82 83
82 84
82 85
82 86
82 87
82 334
83 84
83 85
83 86
83 87
83 88
83 230
84 85
84 86
84 87
85 86
85 87
86 87
86 535
88 89
88 90
88 91
88 92
88 93
88 94
88 101
89 90
89 91
89 92
89 93
89 94
89 106
90 91
90 92
90 93
91 92
91 93
92 93
92 94
92 101
92 114
92 134
92 136
92 162
92 183
92 226
93 94
93 101
93 205
93 208
93 226
93 231
93 233
93 245
93 398
94 95
94 96
94 97
94 98
94 140
95 96
95 97
95 98
95 262
96 97
96 98
97 98
99 100
99 101
99 102
99 114
99 116
99 135
99 140
99 145
99 398
99 449
99 785
99 827
100 101
100 102
100 114
100 116
100 135
100 145
100 146
100 449
100 785
100 827
101 102
101 140
101 303
103 104
103 105
103 106
104 105
104 106
104 124
104 226
105 106
107 108
107 109
107 110
107 111
107 135
108 109
108 110
108 111
108 146
109 110
109 111
110 111
112 113
112 114
112 117
112 270
112 302
113 114
113 270
114 115
114 116
114 117
114 118
114 119
114 120
114 121
114 134
114 135
114 138
114 154
114 260
114 270
114 272
114 295
114 299
115 116
115 117
115 118
115 119
115 120
115 121
115 159
115 260
115 270
115 279
115 293
116 117
116 118
116 119
116 120
116 134
116 135
116 137
116 138
116 154
116 270
116 538
116 619
117 118
117 119
117 120
117 121
117 136
117 270
117 299
118 119
118 120
119 120
121 122
121 123
121 135
122 123
123 125
124 125
124 126
124 127
124 130
124 137
124 138
124 140
124 150
124 175
124 176
124 180
124 326
124 585
125 126
125 127
125 150
125 175
125 176
125 180
125 303
125 326
126 326
127 128
127 129
128 129
128 155
128 233
128 237
130 131
130 132
130 133
130 230
130 325
131 132
131 133
131 188
131 231
131 233
131 237
131 333
132 133
132 135
132 232
133 135
134 135
134 136
134 137
134 138
134 145
134 146
134 174
134 192
134 226
134 231
134 270
134 293
134 708
135 136
135 137
135 145
135 150
135 155
135 161
135 207
135 230
135 250
135 280
135 300
135 797
136 137
136 138
136 141
136 146
136 149
136 150
136 155
136 159
136 162
136 175
136 295
136 645
136 797
138 139
138 140
138 141
138 175
138 180
138 198
138 241
139 141
139 155
139 199
140 141
140 142
140 143
140 144
140 145
140 154
140 155
140 161
140 175
140 205
140 547
140 583
140 664
140 885
141 142
141 143
141 144
141 154
141 155
141 159
141 175
142 143
142 144
143 144
145 146
145 147
145 148
145 154
145 175
145 187
145 226
145 227
145 232
145 333
146 147
146 148
146 154
146 155
146 176
146 187
146 188
146 193
146 199
146 227
146 323
146 330
146 693
147 148
149 150
149 151
149 152
149 153
149 161
149 162
150 151
150 152
150 153
150 155
150 199
150 232
150 233
151 152
151 153
152 153
154 155
154 156
154 157
154 158
154 159
154 192
154 198
154 250
154 254
154 260
154 272
155 156
155 157
155 158
155 159
155 161
155 162
155 293
155 295
155 299
156 157
156 158
157 158
158 232
159 160
159 161
159 162
159 163
159 164
159 165
159 166
159 180
159 192
159 205
159 246
159 372
159 398
159 693
159 797
160 161
160 162
160 163
160 164
160 165
160 166
160 426
160 579
161 162
161 163
161 164
161 165
161 166
161 175
161 192
161 203
161 204
161 245
161 272
161 280
161 372
161 595
161 710
162 163
162 164
162 165
162 166
162 168
162 187
162 192
162 193
162 198
162 204
162 230
162 231
162 240
162 372
163 164
163 165
163 166
164 165
164 166
165 166
167 168
167 169
167 170
167 171
167 172
167 173
167 174
168 169
168 170
168 171
168 172
168 173
168 174
169 170
169 171
169 172
169 173
169 174
170 171
170 172
170 173
170 174
171 172
171 173
171 174
172 173
172 174
173 174
175 176
175 177
175 178
175 179
175 180
175 181
175 188
175 205
175 206
175 226
175 232
175 240
175 260
175 339
175 372
176 177
176 178
176 179
176 180
176 181
176 188
176 205
176 208
176 233
176 246
176 251
176 261
176 303
177 178
177 179
177 180
177 181
178 179
178 180
178 181
178 330
179 180
179 181
180 181
180 206
180 232
180 449
180 818
180 857
181 648
182 183
182 184
182 185
182 186
182 188
182 217
182 222
182 272
182 397
182 403
182 404
182 796
182 798
183 184
183 185
183 186
183 198
183 211
183 372
183 580
183 710
183 775
183 815
184 185
184 186
184 188
184 211
184 217
184 397
184 403
184 408
184 796
184 798
185 186
187 187
187 188
187 189
187 190
187 191
187 198
187 226
187 227
187 236
187 262
187 511
187 852
187 853
188 189
188 190
188 191
188 199
188 227
188 233
188 260
188 261
188 294
188 786
189 190
189 191
190 191
190 208
190 226
192 193
192 194
192 195
192 196
192 197
192 198
192 222
192 226
192 227
192 241
192 246
192 511
193 194
193 195
193 196
193 197
193 198
193 199
193 222
193 226
193 227
193 240
193 242
193 261
194 195
194 196
194 197
195 196
195 197
196 197
198 198
198 199
198 200
198 201
198 202
198 213
198 226
198 241
198 246
199 200
199 201
199 202
199 213
199 226
199 227
200 201
200 202
201 202
203 204
204 205
205 206
205 207
205 208
205 209
205 226
205 231
205 241
205 242
205 246
205 253
205 260
205 261
206 207
206 208
206 209
206 232
206 856
207 208
207 209
207 249
208 209
208 211
208 213
208 218
208 242
208 246
208 258
208 261
210 211
210 262
210 398
210 407
210 408
210 409
211 397
211 399
211 408
211 410
212 213
212 214
212 215
212 216
212 222
212 259
212 398
212 409
212 413
212 414
212 418
212 419
212 425
213 214
213 215
213 217
213 222
213 253
213 419
213 426
214 215
216 217
216 218
216 219
216 220
216 222
216 413
216 414
216 425
216 426
216 534
216 567
217 218
217 219
217 220
217 222
217 253
218 219
218 220
219 220
219 222
221 222
221 223
221 224
221 225
221 226
221 236
221 429
221 461
222 223
222 224
222 225
222 372
223 224
223 225
224 225
226 227
226 228
226 229
226 233
226 237
226 270
226 737
227 228
227 229
227 265
227 300
228 229
230 231
230 232
230 233
230 234
230 235
230 236
230 237
230 238
230 239
230 302
230 329
230 332
230 353
230 372
230 595
230 890
231 232
231 233
231 234
231 235
231 236
231 237
231 238
231 239
231 328
231 353
231 356
231 387
231 419
232 233
232 234
232 235
232 236
232 237
232 238
232 239
232 245
232 311
232 339
232 353
232 490
232 859
232 890
233 234
233 235
233 236
233 237
233 238
233 239
233 242
233 262
233 333
233 353
234 235
234 236
234 237
234 238
234 239
235 236
235 237
235 238
235 239
236 237
236 238
236 239
236 240
236 353
236 413
237 238
237 239
237 246
237 258
237 329
237 353
238 239
240 241
240 242
240 243
240 244
240 245
240 246
240 247
240 248
240 249
240 261
240 262
240 279
240 583
241 241
241 242
241 243
241 244
241 245
241 246
241 247
241 248
242 243
242 244
242 245
242 246
242 247
242 248
242 249
242 291
242 399
242 861
243 244
243 245
243 246
243 247
243 248
244 245
244 246
244 247
244 248
245 246
245 247
245 248
245 250
245 252
245 289
245 300
245 302
246 247
246 248
246 249
246 250
246 251
246 253
246 258
246 261
246 262
246 300
246 302
246 303
247 248
247 425
249 250
249 251
249 252
249 253
249 254
249 255
249 256
249 261
249 262
249 678
250 251
250 252
250 253
250 254
250 255
250 256
250 260
250 354
250 678
250 822
250 857
251 252
251 253
251 254
251 255
251 256
251 261
251 262
251 300
251 822
251 856
252 253
252 254
252 255
252 256
252 260
252 293
252 562
252 563
252 623
252 693
252 822
252 857
253 254
253 255
253 256
253 822
254 255
254 256
255 256
257 258
257 259
258 259
258 262
260 261
260 262
260 263
260 264
260 497
260 857
261 262
261 263
261 264
261 300
262 263
262 264
263 264
265 266
267 268
267 269
268 269
268 340
270 271
272 273
272 274
272 275
272 276
272 277
272 278
272 299
272 801
273 274
273 275
273 276
273 277
273 278
273 340
274 275
274 276
274 277
274 278
275 276
275 277
275 278
276 277
276 278
277 278
280 281
280 282
280 283
280 284
280 409
281 282
281 283
281 284
282 283
282 284
283 284
285 286
285 287
285 288
286 287
286 288
287 288
288 454
289 290
289 291
289 292
290 291
290 292
291 292
293 294
293 299
293 300
293 313
294 313
294 314
295 296
295 297
295 298
295 313
295 551
296 297
296 298
296 300
297 298
299 300
299 301
299 372
300 301
300 303
300 372
302 303
302 304
302 662
302 691
302 763
302 800
302 847
303 304
303 322
305 306
305 307
305 308
306 307
306 308
306 313
306 322
306 323
306 325
307 308
309 310
309 311
309 312
309 313
310 311
310 312
310 314
311 312
311 332
311 339
311 340
311 341
312 340
312 341
313 314
313 315
313 316
313 317
313 328
313 332
313 339
313 356
314 315
314 316
314 317
314 318
314 328
314 330
314 333
314 348
314 356
315 316
315 317
316 317
317 332
318 319
318 320
318 321
318 322
318 325
318 543
319 320
319 321
320 321
320 461
322 323
322 324
322 325
322 326
322 327
322 538
322 543
323 324
323 325
323 326
323 327
323 348
323 514
323 518
323 519
323 538
323 539
323 543
323 624
324 325
324 326
324 327
325 326
325 327
325 348
325 763
326 327
328 329
328 330
328 331
328 332
328 333
328 334
328 335
328 340
328 341
328 356
328 368
328 372
328 584
328 890
328 891
329 330
330 333
330 335
330 340
330 341
330 342
330 353
330 358
330 884
330 891
331 333
331 334
331 335
331 340
331 341
331 519
332 333
332 334
332 335
332 336
332 337
332 338
332 344
332 527
332 544
332 547
332 664
332 790
332 890
333 334
333 335
333 336
333 337
333 338
333 340
333 341
333 348
333 356
333 452
333 474
333 528
333 539
333 548
333 694
333 701
333 764
333 891
334 335
334 336
334 337
334 338
334 340
334 375
334 499
334 595
334 792
334 797
335 336
335 337
335 338
335 340
335 353
335 545
335 890
335 891
336 337
336 338
337 338
337 817
339 340
339 341
339 342
339 343
339 372
339 602
339 616
339 693
339 797
339 801
340 341
340 342
340 343
340 373
340 557
340 584
340 586
340 603
340 705
340 801
340 862
340 865
341 342
341 343
341 603
342 343
342 857
344 345
344 346
345 346
345 356
347 348
347 349
347 350
347 351
347 352
348 349
348 350
348 351
348 352
348 356
348 539
349 350
349 351
349 352
349 356
350 351
350 352
351 352
353 354
353 355
354 355
355 461
356 357
356 358
356 360
356 375
356 376
356 452
356 474
356 498
357 358
359 360
359 361
359 362
359 479
359 555
359 585
359 664
359 791
360 361
360 362
360 363
360 424
360 479
360 754
362 363
362 364
362 365
362 366
362 367
362 368
362 370
363 364
363 365
363 366
363 367
363 369
363 371
363 452
364 365
364 366
364 367
365 366
365 367
366 367
368 369
368 370
368 371
368 372
368 449
368 539
368 543
368 619
368 898
369 370
369 371
369 373
369 539
370 371
370 372
370 563
370 664
370 680
370 689
370 754
370 759
371 373
371 538
372 373
372 374
372 386
372 410
372 539
372 545
372 568
372 616
372 617
372 797
372 800
373 374
373 662
375 376
375 377
375 378
375 379
375 380
375 381
375 407
375 408
375 449
375 451
375 461
375 595
375 662
375 785
375 815
375 816
376 377
376 378
376 379
376 380
376 381
376 394
376 408
377 378
377 379
377 380
377 381
377 393
377 408
377 547
377 552
377 701
377 815
378 379
378 380
378 381
378 408
379 380
379 381
380 381
381 451
382 383
382 384
382 385
382 386
382 393
382 394
382 639
383 384
383 385
383 387
383 388
383 389
383 393
383 394
384 385
384 393
385 393
386 387
386 388
386 389
386 390
386 391
386 392
386 393
386 518
386 602
386 877
387 388
387 389
387 390
387 391
387 392
387 394
387 430
387 539
387 545
387 576
387 586
387 602
387 645
387 647
388 389
388 390
388 391
388 392
388 394
388 430
388 432
388 519
388 576
389 390
389 391
389 392
389 394
389 430
389 518
389 576
389 911
390 391
390 392
391 392
393 394
393 395
393 396
393 398
393 497
393 544
393 545
393 547
393 548
393 576
393 602
393 604
393 647
393 662
393 684
393 815
394 395
394 396
394 519
394 539
394 545
394 548
394 576
394 589
394 647
394 648
394 650
394 877
394 906
395 396
395 418
395 544
395 638
395 872
397 398
397 399
397 400
397 401
397 402
397 404
397 407
397 408
397 410
397 581
398 399
398 400
398 401
398 402
398 407
398 408
398 409
398 425
399 400
399 401
399 402
399 404
399 407
399 408
399 410
399 424
399 462
399 466
399 528
399 531
399 539
399 545
399 564
399 595
399 797
400 401
400 402
401 402
402 408
402 413
403 404
403 405
403 406
404 405
404 406
404 407
404 408
404 426
404 528
404 539
404 545
404 595
404 602
405 406
405 585
407 408
407 409
407 410
407 411
407 412
407 416
407 425
407 449
407 497
407 563
407 564
407 595
407 797
408 409
408 410
408 411
408 412
408 564
408 905
409 410
409 411
409 412
409 413
409 473
410 411
410 412
410 424
410 511
410 564
411 412
413 414
413 415
413 416
413 417
413 419
413 423
413 425
413 439
413 442
413 580
413 603
413 631
413 639
414 415
414 416
414 417
414 423
414 425
414 426
414 429
414 430
414 435
414 443
414 444
414 603
414 639
414 644
415 416
415 417
416 417
416 418
416 567
418 419
418 420
418 421
418 422
418 423
418 424
418 425
418 451
418 473
418 877
419 420
419 421
419 422
419 423
419 424
419 425
419 426
419 435
419 443
419 474
420 421
420 422
420 423
420 424
421 422
421 423
421 424
422 423
422 424
423 424
423 426
424 426
424 429
424 430
424 434
424 435
424 442
424 443
424 785
424 787
425 426
425 427
425 428
425 429
425 434
425 442
425 451
425 490
425 539
425 547
425 678
425 680
425 739
425 877
426 427
426 428
426 434
426 435
426 439
426 443
426 452
426 503
426 504
426 539
426 681
426 770
427 428
429 430
429 431
429 432
429 433
429 562
429 567
429 850
430 431
430 432
430 433
431 432
431 433
432 433
434 435
434 436
434 437
434 438
434 454
434 455
434 534
434 562
434 567
435 436
435 437
435 438
435 452
435 454
436 437
436 438
437 438
439 440
439 441
439 449
440 441
440 452
442 443
442 444
442 445
442 534
442 567
443 444
443 445
443 452
444 445
446 447
446 448
447 448
447 449
447 450
447 451
447 452
447 539
449 450
449 451
449 452
449 453
449 488
449 595
449 647
449 870
449 871
449 872
449 873
450 451
450 452
450 453
450 528
450 871
451 452
451 453
451 555
451 691
451 872
452 453
452 462
452 466
452 504
452 509
452 524
452 539
452 576
452 871
454 455
454 456
454 457
454 458
454 459
454 462
454 473
454 474
454 476
454 477
454 583
454 595
455 456
455 457
455 458
455 459
455 462
455 470
456 457
456 458
457 458
457 459
457 462
457 470
457 471
459 460
461 462
461 463
461 464
461 465
461 470
461 473
461 490
462 463
462 464
462 465
462 466
462 474
462 476
462 478
462 491
463 464
465 466
465 467
465 468
465 469
465 470
466 467
466 468
466 469
466 543
467 468
467 469
468 469
470 471
470 472
471 472
473 474
473 475
474 475
474 545
476 477
478 479
478 480
478 481
478 482
478 483
478 484
478 485
478 486
478 487
479 480
479 481
479 482
479 483
479 484
479 485
479 486
479 487
479 567
480 481
480 482
480 483
480 484
480 485
480 486
480 487
481 482
481 483
481 484
481 485
481 486
481 487
482 483
482 484
482 485
482 486
482 487
483 484
483 485
483 486
483 487
484 485
484 486
484 487
485 486
485 487
486 487
486 770
488 489
488 490
488 491
488 492
488 493
488 647
489 490
489 491
489 492
489 493
489 648
489 650
490 491
490 492
490 493
490 547
490 548
490 575
490 588
490 817
491 492
491 493
492 493
494 495
494 496
494 508
494 509
494 657
494 791
494 792
494 793
495 496
495 791
495 793
496 793
497 498
497 499
497 500
497 501
497 502
497 534
497 551
497 815
498 499
498 500
498 501
498 502
499 500
499 501
499 502
499 508
500 501
500 502
500 508
500 509
501 502
501 547
503 504
503 505
503 506
503 507
503 508
503 509
504 505
504 506
504 507
504 596
505 506
505 507
505 509
506 507
508 509
508 510
508 514
508 523
508 553
508 623
508 701
508 751
508 838
508 877
509 510
509 524
509 551
509 553
509 554
509 752
509 793
511 512
511 513
511 514
511 515
511 516
511 517
511 519
511 543
511 595
511 619
511 657
511 658
511 662
511 894
512 513
512 514
512 515
512 516
512 517
512 543
512 619
512 639
512 657
512 694
513 514
513 515
513 516
513 517
513 551
513 585
513 587
513 604
513 619
513 657
513 664
513 771
513 908
514 515
514 516
514 517
514 524
514 616
514 619
514 620
514 643
514 645
514 657
514 694
515 516
515 517
516 517
516 792
518 519
518 520
518 521
518 522
518 523
518 524
518 547
518 548
518 555
518 575
518 588
518 595
518 686
518 691
518 693
518 708
518 747
518 790
518 794
518 878
519 520
519 521
519 522
519 523
519 524
519 538
519 539
519 548
519 584
519 611
519 693
519 694
519 766
519 781
519 842
520 521
520 522
521 522
521 585
522 628
523 524
523 525
523 526
523 662
524 525
524 526
525 526
527 528
527 529
527 530
527 544
527 548
527 708
527 816
528 529
528 530
528 539
529 530
531 532
531 533
531 535
531 538
531 539
532 533
532 535
532 575
534 535
534 536
534 537
534 544
534 545
534 547
534 548
534 563
535 536
535 537
535 538
535 539
535 550
535 617
535 693
535 697
535 775
535 885
536 537
538 539
538 540
538 541
538 542
538 543
538 544
538 545
538 547
538 551
538 568
538 619
538 623
538 624
538 649
538 667
538 671
538 691
538 706
538 716
538 763
539 540
539 541
539 542
539 543
539 545
539 548
539 563
539 576
539 581
539 583
539 584
539 595
539 611
539 668
539 716
540 541
540 542
540 543
541 542
541 543
542 543
543 588
543 595
543 647
543 662
543 769
543 775
543 776
543 795
543 796
544 545
544 546
544 547
544 548
544 551
544 568
544 680
544 797
544 877
545 546
545 547
545 548
545 568
545 691
545 798
545 877
547 548
547 549
547 550
547 551
547 563
547 568
547 588
547 691
547 877
548 549
548 550
548 568
548 576
548 877
549 550
551 552
551 553
551 554
551 562
551 563
551 564
551 567
551 894
552 553
552 554
552 555
552 560
552 562
552 564
552 568
552 570
552 895
553 554
555 556
555 557
555 558
555 588
555 815
556 557
556 558
557 558
557 563
557 564
559 560
559 561
559 657
559 793
560 561
562 563
562 564
562 565
562 566
562 570
563 564
563 565
563 566
563 568
563 894
564 565
564 566
565 566
567 568
567 569
567 894
568 569
568 595
570 848
570 849
571 572
571 573
571 574
571 595
571 870
572 573
572 574
573 574
573 575
573 576
575 576
575 577
575 578
575 580
575 588
575 602
575 623
575 664
575 680
575 720
575 779
575 842
575 886
576 577
576 578
576 579
576 581
576 720
577 578
579 580
579 581
579 582
579 584
579 586
579 589
579 604
579 624
579 647
579 664
579 739
579 816
579 905
580 581
580 582
580 583
580 585
580 588
580 797
580 798
580 838
581 582
581 583
581 584
581 585
581 586
581 588
581 589
581 604
581 713
581 739
581 793
581 798
581 816
583 584
583 585
583 586
583 587
583 588
583 595
583 596
583 691
583 795
583 800
584 585
584 586
584 587
584 588
584 589
584 736
584 744
584 796
584 798
584 801
585 586
585 587
585 590
585 733
585 736
585 743
585 744
585 748
585 765
585 771
585 797
585 798
586 587
586 589
586 736
586 744
586 791
586 793
586 798
588 589
588 590
588 591
588 592
588 593
588 595
588 602
588 664
588 671
588 749
588 751
588 752
588 797
588 815
588 841
588 877
589 590
589 591
589 592
589 596
589 749
589 750
589 751
589 752
589 816
590 591
590 592
591 592
592 708
592 816
593 594
593 639
593 816
594 766
594 774
594 816
595 596
595 616
595 700
595 708
595 709
595 712
595 769
595 785
595 791
595 795
595 796
595 797
595 798
595 800
595 841
595 842
595 847
595 904
596 623
596 624
596 629
596 707
596 789
596 796
596 797
596 798
596 800
596 838
596 858
597 598
597 599
597 600
597 601
597 602
597 657
597 662
597 700
598 599
598 600
598 601
598 603
598 616
598 617
598 623
598 624
598 625
598 626
598 629
599 600
599 601
600 601
602 603
602 604
602 605
602 606
602 616
602 623
602 638
602 691
603 604
603 605
603 606
603 616
603 617
603 638
603 639
603 648
603 901
604 605
604 606
604 872
605 606
607 608
607 609
607 610
607 611
608 609
608 610
608 611
608 774
609 610
609 611
610 611
611 786
611 796
611 798
612 613
612 614
612 615
613 614
613 615
613 625
614 615
616 617
616 618
616 623
616 700
616 701
616 765
616 791
616 797
616 877
617 618
617 624
617 625
617 626
617 638
617 701
617 764
617 797
617 877
619 620
619 621
619 622
619 624
620 621
620 622
620 625
621 622
623 624
623 625
623 626
623 627
623 691
623 700
623 704
623 795
623 797
623 856
624 625
624 626
624 627
624 629
624 691
624 700
624 705
624 707
624 760
625 626
625 627
625 700
625 701
625 704
625 707
625 724
626 627
626 686
626 691
626 692
626 701
626 705
626 707
626 752
626 858
628 629
628 630
628 631
628 632
628 633
628 634
628 654
628 678
628 796
628 839
629 630
629 631
629 632
629 634
629 654
629 655
630 631
632 633
632 634
632 635
632 636
632 637
632 654
632 691
633 634
633 635
633 636
633 637
633 639
633 692
633 694
634 635
634 636
634 637
634 654
634 655
635 636
635 637
636 637
636 708
638 639
638 640
638 641
638 642
638 649
638 671
638 680
638 769
638 792
638 877
639 640
639 641
639 642
639 658
639 786
639 787
640 641
640 642
641 642
643 644
643 645
643 646
644 645
644 646
644 648
644 667
645 646
645 648
645 668
647 648
647 649
647 650
647 651
647 652
647 653
647 657
647 658
647 667
647 906
647 907
647 912
648 649
648 650
648 651
648 652
648 653
648 655
648 658
648 785
648 906
649 649
649 650
649 651
649 652
649 653
649 657
649 912
649 913
650 651
650 652
650 653
650 655
650 657
650 658
650 906
651 652
651 653
652 653
654 655
654 656
654 680
654 692
654 693
655 656
655 658
657 658
657 659
657 660
657 661
657 662
657 667
657 693
657 694
657 700
658 659
658 660
658 661
658 662
658 668
658 694
658 723
658 724
659 660
659 661
660 661
662 663
662 664
662 665
662 666
662 667
662 668
662 671
662 672
662 686
662 724
662 727
662 756
662 774
662 809
662 847
663 664
663 665
663 666
663 668
664 665
664 666
665 666
667 668
667 669
667 670
667 671
667 675
667 723
667 774
668 669
668 670
668 671
668 672
668 723
668 724
669 670
671 672
671 673
671 674
671 693
672 673
672 674
673 674
675 676
675 677
676 677
678 679
678 680
678 681
678 682
678 683
678 691
678 693
678 694
678 695
678 708
678 709
679 680
679 681
679 682
679 683
679 694
679 696
679 709
680 681
680 682
680 683
680 691
680 693
680 695
680 708
680 709
680 712
681 682
681 683
681 692
681 694
681 695
681 696
681 708
681 709
682 683
682 695
683 695
684 685
684 686
684 687
684 688
684 689
684 690
684 693
684 694
684 749
685 686
685 687
685 688
685 689
685 690
686 687
686 688
686 689
686 690
686 693
686 695
686 696
687 688
687 689
687 690
687 692
687 695
687 696
688 689
688 690
688 695
688 696
689 690
689 712
691 692
691 693
691 694
691 695
691 696
691 697
691 698
691 699
691 751
691 790
692 693
692 694
692 695
692 696
692 697
692 698
692 699
692 723
692 724
692 750
692 877
692 878
693 694
693 695
693 696
693 697
693 698
693 699
693 723
693 759
694 695
694 696
694 697
694 698
694 699
694 727
694 759
694 760
694 775
695 696
695 697
695 698
695 699
695 713
695 757
695 760
696 697
696 698
696 699
696 755
696 757
696 758
696 759
696 760
696 761
696 762
696 878
697 698
697 699
698 699
700 701
700 702
700 703
701 702
701 703
701 779
701 786
702 703
704 705
704 706
704 707
705 706
705 707
705 796
706 707
708 709
708 710
708 711
708 712
708 713
708 714
708 736
708 737
708 739
708 743
708 751
708 752
708 763
708 795
708 796
708 832
708 839
708 841
708 847
709 710
709 711
709 712
709 713
709 714
709 736
709 737
709 740
709 744
709 832
709 833
709 838
709 839
709 841
710 711
710 712
710 713
710 714
710 838
710 839
710 841
711 712
711 713
711 714
711 839
712 713
712 714
712 725
712 727
712 736
712 737
712 739
712 751
712 752
712 791
712 832
712 838
712 839
712 842
712 847
712 848
713 714
713 724
713 730
713 733
713 736
713 737
713 739
713 740
713 743
713 744
713 747
713 752
713 839
715 716
715 717
715 718
715 719
715 746
715 747
716 717
716 718
716 719
717 718
717 719
718 719
720 721
720 722
720 841
720 842
721 722
721 841
723 724
723 725
723 726
723 747
723 765
723 774
723 850
724 725
724 726
724 746
724 747
725 726
727 728
727 848
728 850
729 730
729 731
729 732
729 746
730 731
730 732
730 746
730 747
731 732
731 769
733 734
733 735
733 751
733 817
734 735
734 752
734 839
736 737
736 738
736 739
736 740
736 741
736 742
736 743
736 744
736 745
736 746
736 747
737 738
737 739
737 740
737 741
737 742
737 743
737 744
737 745
737 747
737 791
738 739
738 740
738 741
738 742
738 743
738 744
738 745
739 740
739 741
739 742
739 743
739 744
739 745
739 844
740 741
740 742
740 743
740 744
740 745
740 766
741 742
741 743
741 744
741 745
742 743
742 744
742 745
743 744
743 745
743 746
744 745
744 746
744 747
744 793
744 817
744 839
746 747
746 748
746 749
746 750
746 751
746 765
747 748
747 750
747 752
749 750
749 751
749 752
749 753
749 754
749 766
749 769
749 781
749 791
749 815
749 816
750 751
750 752
750 753
750 754
750 765
750 766
750 781
750 791
750 815
751 752
751 753
751 754
751 765
751 766
751 781
751 815
751 816
751 817
752 753
752 754
752 766
752 816
752 817
752 839
754 755
754 764
754 766
754 769
754 787
756 757
756 758
757 758
759 760
759 761
759 762
759 800
760 761
760 762
761 762
763 764
763 765
763 766
763 767
763 768
763 769
763 770
763 771
763 772
763 773
763 774
763 775
763 776
763 781
763 785
763 786
763 787
763 790
763 870
764 765
764 766
764 767
764 768
764 769
764 770
764 771
764 772
764 773
764 774
764 781
764 782
764 785
764 786
764 787
765 766
765 767
765 768
765 769
765 770
765 771
765 772
765 773
765 774
765 781
765 790
765 797
765 806
766 767
766 768
766 769
766 770
766 771
766 772
766 773
766 774
766 785
766 786
766 787
766 850
767 768
767 769
767 770
767 771
767 772
767 773
767 774
768 769
768 770
768 771
768 772
768 773
768 774
769 770
769 771
769 772
769 773
769 774
769 788
769 790
769 797
770 771
770 772
770 773
770 774
770 781
770 786
770 839
771 772
771 773
771 774
772 773
772 774
772 844
773 774
774 785
774 786
775 776
775 777
775 778
775 792
776 777
776 778
776 793
777 778
779 780
779 785
779 786
779 787
780 786
780 787
781 782
781 783
781 784
781 785
781 786
782 783
782 784
782 786
782 787
782 793
783 784
783 838
785 786
785 787
785 838
786 787
788 789
788 790
788 791
789 791
790 791
790 792
790 793
790 794
791 792
791 793
791 794
792 793
792 794
793 794
793 817
795 796
795 797
795 798
795 799
795 841
795 847
795 848
795 901
796 797
796 798
796 799
796 841
796 845
796 847
796 849
797 798
797 799
798 799
798 850
800 801
800 806
800 811
801 802
801 811
801 881
802 803
802 804
802 805
803 804
803 805
804 805
806 807
806 808
806 809
806 810
807 808
807 809
807 810
808 809
808 810
809 810
811 812
811 813
811 814
812 813
812 814
813 814
815 816
815 817
815 870
816 817
816 833
816 844
816 870
816 871
816 873
817 829
817 873
818 819
818 820
818 821
818 822
818 870
819 820
819 821
819 822
819 873
820 821
820 822
821 822
823 824
823 825
823 826
823 827
823 828
823 829
823 830
823 831
824 825
824 826
824 827
824 828
824 829
824 830
824 831
825 826
825 827
825 828
825 829
825 830
825 831
825 856
826 827
826 828
826 829
826 830
826 831
826 873
827 828
827 829
827 830
827 831
828 829
828 830
828 831
829 830
829 831
830 831
832 833
832 834
832 835
832 836
832 837
832 838
832 842
832 848
833 834
833 835
833 836
833 837
833 838
833 839
833 842
833 848
833 849
833 850
833 871
834 835
834 836
834 837
835 836
835 837
836 837
838 839
838 840
838 842
838 850
839 840
839 846
839 850
840 841
841 842
841 843
841 856
842 843
842 846
844 845
844 846
844 847
844 848
844 849
844 850
845 846
845 847
845 848
845 849
845 850
847 848
847 849
847 850
847 851
847 852
848 849
848 850
848 851
849 850
849 851
850 851
852 853
852 854
852 855
852 856
853 854
853 855
854 855
856 857
856 858
856 859
856 860
856 861
856 865
857 858
857 859
857 860
858 859
858 860
859 860
861 862
861 863
861 864
862 863
862 864
863 864
865 866
865 867
865 868
865 869
866 867
866 868
866 869
867 868
867 869
868 869
870 871
870 872
870 873
870 874
870 875
870 876
871 872
871 873
871 874
871 875
871 876
871 886
872 873
872 874
872 875
872 876
872 885
873 874
873 875
873 876
874 875
874 876
875 876
877 878
877 879
877 880
878 879
878 880
879 880
881 882
881 883
881 884
882 883
882 884
883 884
885 886
885 887
885 888
885 889
886 887
886 888
886 889
887 888
887 889
888 889
890 891
890 892
890 893
891 892
891 893
892 893
894 895
894 896
894 897
895 896
895 897
896 897
898 899
898 900
899 900
901 902
901 903
902 903
904 905
906 907
906 908
906 909
906 910
906 911
907 908
907 909
907 910
907 911
908 909
908 910
908 911
909 910
909 911
910 911
912 913
