0 1
0 2
0 31
1 2
3 4
3 5
3 6
3 7
3 8
3 9
3 10
3 11
3 12
3 13
3 14
3 15
3 35
3 295
4 5
4 6
4 7
4 8
4 9
4 10
4 11
5 6
5 7
5 8
5 9
5 10
5 11
5 14
5 102
5 332
6 7
6 8
6 9
6 10
6 11
6 142
7 8
7 9
7 10
7 11
8 9
8 10
8 11
9 10
9 11
10 11
12 13
12 14
12 15
12 16
12 17
12 18
12 19
12 27
12 34
12 35
12 36
12 39
12 71
12 72
12 221
12 228
12 356
12 393
12 500
12 558
13 14
13 15
13 16
13 17
13 18
13 19
13 27
13 34
13 35
13 39
13 72
13 221
13 342
13 559
13 577
14 15
14 16
14 17
14 18
14 19
14 27
14 34
14 35
14 39
14 40
14 104
14 178
14 221
14 319
14 341
14 361
14 525
14 558
15 16
15 17
15 18
15 19
15 27
15 35
15 36
15 453
15 558
15 559
16 17
16 18
16 19
17 18
17 19
18 19
18 31
18 40
20 21
20 22
20 23
20 24
20 25
20 26
20 57
20 59
20 473
21 22
21 23
21 24
21 25
21 26
21 57
21 262
21 500
21 520
22 23
22 24
22 25
22 26
22 31
22 232
23 24
23 25
23 26
23 27
23 32
24 25
24 26
25 26
27 28
27 29
27 30
27 44
27 59
27 85
27 338
27 428
27 537
27 558
27 559
28 29
28 30
29 30
31 32
31 33
31 34
31 35
31 39
31 54
31 55
31 59
31 104
31 301
31 361
31 425
31 533
32 33
32 34
32 35
32 36
32 39
32 40
32 54
32 59
32 88
32 104
33 34
34 35
35 36
35 37
35 38
35 39
35 40
35 41
35 42
35 43
35 49
35 121
35 140
35 220
35 221
35 275
35 341
35 361
35 419
35 423
35 431
35 558
35 559
36 37
36 38
36 39
36 40
36 41
36 42
36 43
36 49
36 53
36 342
36 559
37 38
37 39
37 40
37 41
37 42
37 43
38 39
38 40
38 41
38 42
38 43
39 40
39 41
39 42
39 43
39 49
39 50
39 53
39 120
39 223
39 337
39 341
39 360
39 361
39 504
39 558
40 41
40 42
40 43
40 49
40 50
40 121
40 223
40 275
40 341
40 342
40 504
40 558
41 42
41 43
42 43
43 59
44 45
44 46
44 47
44 48
44 341
44 342
44 345
44 346
44 347
45 46
45 47
45 48
46 47
46 48
47 48
49 50
49 51
49 52
49 53
49 341
49 345
49 376
50 51
50 52
50 53
50 342
50 345
51 52
51 53
52 53
52 104
54 55
54 56
54 57
54 58
54 59
55 56
55 57
55 59
57 58
57 59
57 60
57 61
57 62
57 64
57 559
58 59
58 60
58 61
58 62
58 63
58 81
58 82
58 85
58 95
58 122
58 298
58 356
58 361
59 60
59 61
59 62
59 64
59 71
59 72
59 82
59 85
59 88
59 95
59 96
59 109
59 116
59 361
59 558
59 559
60 61
60 62
61 62
63 64
63 65
63 66
63 67
63 68
63 113
63 284
63 308
63 341
63 342
64 65
64 66
64 67
64 68
64 114
64 116
64 119
64 129
64 448
65 66
65 67
65 68
66 67
66 68
67 68
69 70
69 185
69 337
69 338
70 376
71 72
71 73
71 74
71 75
71 76
71 77
71 78
71 79
71 80
71 308
71 309
72 73
72 74
72 75
72 76
72 77
72 78
72 79
72 80
72 309
73 74
73 75
73 76
73 77
73 78
73 79
73 80
74 75
74 76
74 77
74 78
74 79
74 80
75 76
75 77
75 78
75 79
75 80
76 77
76 78
76 79
76 80
77 78
77 79
77 80
78 79
78 80
79 80
81 82
81 83
81 84
81 95
81 324
82 83
82 84
82 96
82 114
82 119
83 84
84 119
86 87
86 88
86 89
86 90
87 88
87 89
87 90
88 89
88 90
88 274
89 90
91 92
91 93
91 94
91 284
91 427
92 93
92 94
92 119
92 285
93 94
95 96
95 97
95 98
95 99
95 109
95 115
95 154
95 155
95 157
95 204
95 209
95 210
95 558
96 97
96 98
96 99
96 110
96 119
96 155
96 209
96 210
96 256
97 98
97 99
98 99
100 101
100 140
100 158
100 295
101 105
102 103
102 104
102 105
102 106
102 107
102 108
102 148
102 150
102 157
102 158
102 204
102 227
102 228
102 231
102 232
102 236
102 248
102 258
102 259
102 280
102 298
102 299
102 341
102 361
102 558
103 104
103 105
103 106
103 107
103 108
103 141
103 149
103 151
103 158
103 179
103 228
103 232
103 362
103 576
103 577
104 105
104 106
104 107
104 108
104 118
104 140
104 231
104 235
104 237
104 248
104 258
104 361
104 552
104 581
105 106
105 107
105 108
105 291
105 361
105 362
106 107
106 108
106 210
107 108
109 110
109 111
109 112
109 213
109 265
109 284
109 301
109 324
109 361
109 558
110 111
110 112
110 119
110 213
110 266
110 362
110 552
110 559
111 112
112 119
113 114
113 115
113 116
113 117
113 118
113 119
113 136
113 140
113 273
113 361
114 115
114 116
114 117
114 118
114 119
114 137
114 464
115 116
115 117
115 118
115 119
115 136
115 140
115 558
116 117
116 118
116 119
116 128
116 137
116 140
116 141
116 256
117 118
117 119
117 227
118 119
120 121
120 122
120 123
120 124
120 125
120 126
120 127
120 273
120 277
120 280
120 281
120 295
120 426
121 122
121 123
121 124
121 126
121 255
121 261
121 277
122 123
122 124
122 280
122 281
123 124
125 126
125 127
125 128
125 129
125 130
125 131
125 265
125 434
126 127
126 128
126 129
126 130
126 131
126 265
126 266
126 274
126 434
127 128
127 129
127 130
127 131
127 273
127 274
127 434
127 552
127 563
128 129
128 130
128 131
129 130
129 131
129 274
129 281
130 131
132 133
132 134
132 135
132 213
132 255
132 256
132 259
133 134
133 135
133 259
134 135
136 137
136 138
136 139
136 140
136 141
136 142
136 154
136 160
136 163
136 231
136 232
136 256
136 258
136 259
136 262
137 138
137 139
137 140
137 141
137 210
137 258
138 139
138 261
138 262
139 261
140 141
140 142
140 143
140 144
140 154
140 160
140 187
140 231
140 232
140 258
140 259
140 261
140 262
140 265
140 266
140 361
140 362
140 429
140 536
140 576
141 142
141 143
141 144
141 231
141 232
141 245
141 255
141 258
141 259
141 261
141 262
141 266
141 361
142 143
142 144
142 147
142 159
142 232
142 250
142 258
142 259
142 261
142 265
142 266
142 362
143 144
145 146
145 147
145 148
145 149
145 150
145 151
145 214
145 255
145 256
146 147
146 148
146 149
146 151
146 214
147 151
147 261
147 262
147 427
148 149
148 150
148 151
148 152
148 153
148 154
148 160
148 187
148 240
148 423
148 424
148 427
149 150
149 151
149 152
149 153
149 240
149 241
149 428
150 151
150 152
150 153
150 213
150 231
151 152
151 153
151 155
151 228
151 232
151 235
151 236
151 239
151 241
151 245
152 153
154 155
154 156
154 157
154 209
154 240
154 241
154 558
155 156
155 158
155 209
155 210
155 223
157 158
157 159
157 187
157 231
157 240
157 241
157 298
157 348
158 159
158 160
158 213
158 214
158 228
158 232
158 240
158 241
158 265
158 428
159 240
160 161
160 162
160 240
160 258
160 284
161 162
162 361
163 164
163 165
163 166
163 167
163 168
163 213
163 254
163 255
163 256
163 258
163 281
163 284
164 165
164 166
164 167
164 168
164 209
164 210
164 285
165 166
165 167
165 168
166 167
166 168
167 168
169 170
169 171
169 172
169 173
169 332
169 333
170 171
170 172
170 173
170 213
170 274
171 172
171 173
172 173
174 175
174 176
174 177
174 273
174 427
175 176
175 177
176 177
178 179
178 180
178 273
179 180
179 281
181 182
181 183
181 184
181 185
181 187
181 188
181 338
181 427
181 428
181 518
182 183
182 184
183 184
183 188
183 280
185 186
185 188
185 190
185 197
185 427
187 188
187 200
187 427
187 558
188 361
188 427
188 428
188 543
189 190
189 191
189 192
190 191
190 192
190 427
191 192
193 194
193 195
194 195
195 428
196 197
196 198
196 199
196 200
196 201
196 510
196 511
196 520
196 521
197 198
197 199
197 511
197 521
198 199
200 201
200 202
200 203
200 209
200 210
200 269
200 361
200 510
200 511
200 566
201 202
201 203
201 210
201 256
201 511
201 566
201 567
202 203
204 205
204 206
204 207
204 208
204 255
204 423
205 206
205 207
205 208
205 209
205 210
206 207
206 208
207 208
209 210
209 211
209 212
210 211
210 212
210 222
210 223
210 361
211 212
213 214
213 215
213 216
213 217
213 219
213 222
213 228
213 266
214 215
214 216
214 217
214 219
214 223
214 352
215 216
215 217
216 217
218 219
218 220
218 531
218 532
219 220
221 222
221 223
221 224
221 225
221 226
221 345
221 531
221 532
221 542
221 543
222 223
222 224
222 225
222 226
222 543
223 224
223 225
223 226
223 228
223 256
223 514
224 225
224 226
225 226
227 228
227 229
227 230
227 231
227 315
227 372
227 422
228 229
228 230
228 231
228 232
228 302
228 315
228 361
228 372
228 429
228 558
229 230
229 261
231 232
231 233
231 234
231 240
231 258
231 259
231 262
231 361
231 393
231 542
231 558
232 233
232 234
232 258
232 261
232 262
232 277
233 234
234 262
235 236
235 237
235 238
235 239
236 237
236 238
236 239
236 262
237 238
237 239
238 239
240 241
240 242
240 243
240 248
240 249
240 280
241 242
241 243
241 249
241 255
241 256
241 280
241 281
242 243
243 422
244 245
244 246
244 247
244 254
244 256
244 273
245 246
245 247
245 254
245 255
245 256
245 281
246 247
248 249
248 250
248 251
248 252
248 253
248 254
248 256
249 250
249 251
249 252
249 253
249 254
249 255
249 256
250 251
250 252
250 253
251 252
251 253
252 253
254 255
254 256
254 257
254 265
254 266
254 295
254 361
255 256
255 257
255 258
255 259
255 265
255 266
255 273
255 274
255 295
255 361
255 558
256 257
256 265
256 266
256 269
256 273
256 274
256 277
256 295
256 361
258 259
258 260
258 261
258 262
258 263
258 264
258 265
258 284
258 361
258 558
259 260
259 261
259 262
259 263
259 264
259 361
260 261
260 262
260 263
260 264
261 262
261 263
261 264
261 270
261 292
262 263
262 264
262 266
262 270
262 277
262 511
263 264
265 266
265 267
265 268
265 273
265 274
265 280
265 296
265 361
265 429
266 267
266 268
266 273
266 274
266 284
266 285
266 296
266 361
266 430
267 268
268 361
269 270
269 271
269 272
269 280
269 281
270 271
270 272
271 272
273 274
273 275
273 276
273 298
273 361
273 416
273 426
273 431
273 480
273 524
274 275
274 276
274 289
274 290
274 559
275 276
277 278
277 279
277 281
277 302
277 558
278 279
280 281
280 282
280 283
280 284
280 285
280 290
280 295
280 296
280 297
280 306
280 361
280 429
281 282
281 283
281 285
281 289
281 290
281 296
281 297
281 299
281 305
281 315
281 347
281 356
281 397
281 398
281 415
282 283
284 285
284 286
284 287
284 288
284 289
284 298
284 423
284 458
285 286
285 287
285 288
285 483
286 287
286 288
287 288
289 290
289 291
289 292
289 293
289 294
290 291
290 292
290 293
290 294
291 292
291 293
291 294
292 293
292 294
293 294
295 296
295 297
295 341
295 429
296 302
296 341
296 342
296 361
296 428
296 429
298 299
298 300
298 481
298 482
298 553
299 300
299 339
301 302
301 303
301 304
301 308
301 338
301 339
302 303
302 304
302 338
302 521
303 304
305 306
305 307
305 427
306 307
307 428
308 309
308 310
308 311
308 312
308 313
308 314
308 328
308 371
308 429
309 310
309 311
309 312
309 313
309 314
309 315
309 338
309 408
309 415
309 549
310 311
310 312
310 313
311 312
311 313
312 313
314 315
314 316
314 317
314 318
315 316
315 317
315 318
316 317
316 318
317 318
319 320
319 321
319 322
319 323
320 321
320 322
320 323
321 322
321 323
322 323
324 325
324 326
324 327
324 332
324 337
324 338
324 376
324 423
324 552
325 326
325 327
325 333
325 337
325 338
325 377
325 423
325 424
326 327
328 329
328 330
328 331
328 337
328 338
328 339
328 345
328 346
328 347
328 348
328 500
329 330
329 331
329 339
329 345
330 331
332 333
332 334
332 335
332 336
332 341
332 342
332 357
332 542
332 552
332 553
333 334
333 335
333 336
333 339
333 357
334 335
334 336
335 336
337 338
337 339
337 340
337 376
337 400
337 401
337 552
338 339
338 340
338 355
338 397
338 398
338 400
338 401
338 447
338 493
338 552
339 340
339 371
339 372
339 375
339 400
339 401
339 403
339 482
339 520
341 342
341 343
341 344
341 346
341 347
341 348
341 368
341 407
341 548
341 572
342 343
342 344
342 347
342 348
342 361
342 369
342 407
342 572
342 573
343 344
345 346
345 347
345 348
345 349
345 350
345 351
345 352
345 356
345 361
345 393
345 400
345 576
346 347
346 348
346 349
346 350
346 351
346 352
346 355
346 356
346 357
346 393
346 394
346 400
347 348
347 349
347 350
347 351
347 357
347 362
347 372
347 570
348 349
348 350
348 351
348 356
348 371
348 397
348 510
349 350
351 352
351 353
351 354
351 355
352 353
352 354
352 355
353 354
353 355
354 355
356 357
356 358
357 358
359 360
359 361
359 362
359 363
359 364
359 365
359 366
359 367
359 419
359 420
359 422
359 427
359 428
359 528
359 536
359 548
360 361
360 362
360 363
360 364
360 365
360 366
360 367
360 419
360 528
360 529
360 536
360 548
361 362
361 363
361 364
361 365
361 366
361 367
361 369
361 390
361 393
361 419
361 420
361 422
361 442
361 500
361 518
361 520
361 521
361 536
361 537
361 542
361 548
361 549
361 550
361 551
362 363
362 364
362 365
362 366
362 367
362 422
362 528
362 548
362 549
363 364
363 365
363 366
363 367
363 368
363 390
363 419
363 422
363 528
364 365
364 366
364 367
365 366
365 367
366 367
368 369
368 370
369 370
371 372
371 373
371 374
371 375
371 481
372 373
372 374
372 375
373 374
373 375
374 375
376 377
376 378
376 379
376 380
376 381
376 382
376 383
376 384
376 388
376 389
376 390
376 391
376 393
376 394
376 406
376 461
376 463
376 481
376 548
377 378
377 379
377 380
377 381
377 382
377 385
377 391
377 481
378 379
378 380
378 381
379 380
379 381
380 381
380 390
380 393
380 394
381 391
382 383
382 384
382 385
382 386
382 387
382 388
382 389
382 390
382 393
382 394
383 384
383 385
383 386
383 387
383 388
383 389
383 391
384 385
384 386
384 387
384 388
384 389
385 386
385 387
385 388
385 389
386 387
386 388
386 389
387 388
387 389
388 389
390 391
390 392
390 393
390 394
390 563
390 576
391 392
391 394
391 398
393 394
393 395
393 396
393 397
393 513
393 514
393 542
393 576
394 395
394 396
394 397
394 398
394 543
395 396
397 398
397 399
397 548
398 399
400 401
400 402
400 403
400 482
401 402
401 403
402 403
404 405
404 406
405 406
407 408
407 409
407 410
407 411
407 412
407 413
407 427
408 409
408 410
408 411
408 412
408 413
408 481
409 410
409 411
409 412
409 413
409 426
410 411
410 412
410 413
411 412
411 413
411 422
412 413
414 415
414 416
414 417
414 418
414 441
414 446
414 447
414 473
415 416
415 417
415 418
415 447
416 417
416 418
417 418
419 420
419 421
419 422
419 423
419 424
419 429
419 430
419 500
419 528
419 529
419 552
420 421
420 422
420 423
420 424
420 426
420 430
420 521
420 525
420 529
421 422
422 423
422 424
422 426
422 431
422 433
422 521
422 525
422 528
422 530
422 554
423 424
423 425
423 426
423 430
423 524
423 528
423 558
424 425
424 426
424 430
424 524
424 528
425 426
426 429
426 431
426 433
426 524
426 525
426 528
427 428
427 446
427 447
427 457
427 500
427 518
427 552
427 558
428 443
428 558
429 430
429 431
429 432
429 433
429 434
429 482
429 521
430 431
430 432
430 433
430 434
431 432
431 433
431 434
431 441
431 443
432 433
432 434
433 434
435 436
435 437
435 438
435 439
435 440
435 500
435 501
435 513
435 514
435 520
436 437
436 438
436 439
436 440
436 472
436 481
436 501
437 438
437 439
437 440
437 481
438 439
438 440
439 440
440 521
441 442
441 443
441 444
441 445
441 462
441 518
442 443
442 444
442 445
442 446
442 447
442 448
442 461
442 462
442 463
442 464
442 473
442 486
442 510
442 511
442 518
442 520
442 542
442 550
442 576
443 444
443 445
443 447
443 463
443 464
443 481
443 510
443 511
444 445
446 447
446 448
446 449
446 450
446 451
446 462
446 463
446 501
446 518
446 521
447 448
447 449
447 450
447 451
447 463
447 464
447 482
447 483
447 520
447 521
447 566
448 449
448 450
448 451
448 463
448 521
449 450
449 451
450 451
450 500
451 500
451 520
451 521
452 453
452 454
452 455
452 456
452 462
452 472
452 473
452 500
452 513
452 514
453 454
453 455
453 456
453 482
454 455
454 456
455 456
457 458
457 459
457 460
457 500
457 520
458 459
458 460
458 518
458 521
459 460
459 521
461 462
461 463
461 464
461 465
461 466
461 467
461 482
462 463
462 464
462 465
462 466
462 467
462 472
462 482
462 486
462 513
463 464
463 465
463 466
463 467
463 486
463 520
463 552
463 566
463 576
464 465
464 466
464 467
464 481
464 482
464 486
464 511
464 514
464 552
465 466
465 467
465 513
465 514
466 467
466 500
468 469
468 470
468 471
468 472
468 481
468 482
468 510
468 521
469 470
469 471
469 481
469 482
469 510
469 511
470 471
472 473
472 474
472 475
472 481
472 482
472 531
473 474
473 475
473 479
473 481
473 482
473 500
473 518
473 566
475 476
475 477
475 478
475 479
476 477
476 478
476 479
476 482
477 478
477 479
478 479
479 482
480 481
480 482
480 483
480 484
480 485
480 520
480 521
481 482
481 483
481 484
481 485
481 520
481 521
482 483
482 484
482 485
482 507
482 520
482 521
482 531
482 558
483 484
483 485
483 510
483 511
483 520
484 485
486 487
486 488
486 489
486 518
486 520
486 521
487 488
487 489
487 510
487 511
488 489
490 491
490 501
490 518
490 521
491 518
492 493
492 494
492 495
493 494
493 495
494 495
496 497
496 498
496 499
496 500
497 498
497 499
497 500
498 499
498 520
500 501
500 502
500 503
500 504
500 505
500 506
500 507
500 520
500 558
500 567
501 502
501 503
501 504
501 505
502 503
502 504
502 505
503 504
503 505
504 505
506 507
506 508
506 509
506 520
507 508
507 509
507 520
507 521
508 509
510 511
510 512
510 513
510 514
510 518
510 542
510 543
511 512
511 513
511 514
511 531
511 543
513 514
513 515
513 516
513 518
513 520
513 542
514 515
514 516
514 585
515 516
517 518
517 519
517 520
517 521
517 522
517 523
518 519
518 520
518 521
518 522
518 523
518 531
519 520
519 521
519 522
519 523
520 521
520 522
520 523
520 532
520 558
521 522
521 523
521 532
521 566
521 567
522 523
524 525
524 526
524 527
525 526
525 527
526 527
528 529
528 530
529 530
529 548
531 532
531 533
531 534
531 535
531 536
531 542
531 543
531 552
531 558
531 585
532 533
532 534
532 535
532 536
532 543
532 552
532 585
533 534
533 535
533 552
534 535
536 537
536 538
536 539
536 540
536 541
536 542
536 543
537 538
537 539
537 540
537 541
537 543
538 539
538 540
538 541
539 540
539 541
540 541
542 543
542 544
542 545
542 546
542 548
542 549
542 585
543 544
543 545
543 546
543 548
544 545
544 546
545 546
547 548
547 549
547 550
547 551
548 549
548 550
548 551
548 552
548 563
549 550
549 551
550 551
551 552
552 553
552 554
552 555
552 556
552 558
552 563
552 572
553 554
553 555
553 556
553 558
553 564
554 555
554 556
555 556
557 558
557 559
557 560
557 561
557 562
558 559
558 560
558 561
558 562
559 560
559 561
559 562
560 561
560 562
561 562
563 564
563 565
564 565
566 567
566 568
567 568
569 570
569 571
570 571
572 573
572 574
572 575
573 574
573 575
574 575
576 577
576 578
576 579
576 580
577 578
577 579
577 580
578 579
578 580
579 580
581 582
581 583
581 584
582 583
582 584
583 584
585 586
585 587
585 588
586 587
586 588
587 588
