0 1
0 2
0 3
0 4
0 125
0 214
0 220
0 309
0 310
0 519
0 551
1 2
1 3
1 4
1 125
1 214
1 220
1 257
1 519
1 551
1 1049
1 1050
1 1083
2 3
2 4
2 214
2 221
2 257
2 258
2 519
2 520
2 551
2 552
2 1083
2 1094
3 4
5 6
5 7
5 8
5 9
5 10
5 758
5 759
5 794
5 796
6 7
6 8
6 9
6 10
6 744
6 758
6 759
6 794
6 796
7 8
7 9
7 10
7 775
8 9
8 10
8 745
9 10
11 12
11 13
11 14
11 15
11 16
11 649
11 650
12 13
12 14
12 15
12 16
12 18
13 14
13 15
13 16
13 17
13 807
14 15
14 16
14 18
15 16
17 18
17 19
17 107
17 131
17 283
17 317
17 402
17 585
17 586
17 1011
17 1049
17 1097
18 19
18 80
18 242
18 832
18 859
18 1010
18 1098
20 21
20 22
20 23
20 33
20 1083
21 22
21 23
22 23
24 25
24 26
24 27
24 28
24 29
24 30
24 31
24 32
24 77
24 78
24 342
25 26
25 27
25 28
25 29
25 30
25 31
25 32
26 27
26 28
26 29
26 30
26 31
26 32
26 326
27 28
27 29
27 30
27 31
27 32
28 29
28 30
28 31
28 32
29 30
29 31
29 32
30 31
30 32
31 32
31 1094
33 34
33 35
33 363
33 364
33 365
33 369
33 371
33 409
33 654
33 655
33 657
33 658
33 680
33 684
33 701
33 706
33 710
33 749
33 865
33 866
33 912
34 35
34 369
34 370
34 552
34 698
34 699
34 702
35 710
36 37
36 38
36 39
36 40
36 41
37 38
37 39
37 40
37 41
37 343
37 349
38 39
38 40
38 41
38 161
38 358
38 360
38 361
38 598
39 40
39 41
39 427
39 599
40 41
42 43
42 44
42 45
42 46
42 60
42 67
42 125
42 317
42 321
42 336
42 348
42 440
42 444
42 535
42 1015
42 1093
42 1094
43 44
43 45
43 54
43 68
43 349
43 427
43 441
43 445
43 536
43 1016
43 1094
44 45
46 47
46 48
46 49
46 50
46 51
46 53
46 60
46 220
46 519
46 520
46 524
46 525
47 48
47 49
47 50
47 53
47 54
47 61
47 520
47 524
48 49
48 50
49 50
49 51
49 242
49 519
49 520
49 523
49 524
49 638
49 639
50 520
50 524
51 52
51 53
51 54
51 55
51 56
51 57
51 58
51 59
51 60
51 61
51 62
51 104
51 167
51 244
51 438
51 449
51 892
51 964
51 965
52 53
52 54
52 55
52 56
52 57
52 58
52 59
52 60
52 61
52 62
52 526
52 1094
53 54
53 55
53 56
53 57
53 58
53 59
53 60
53 61
53 62
53 124
53 153
53 317
53 326
53 535
54 55
54 56
54 57
54 58
54 59
54 60
54 61
54 62
54 339
54 536
54 1094
55 56
55 57
55 58
55 59
55 60
55 61
55 62
55 199
55 247
55 428
55 1094
56 57
56 58
56 59
56 60
56 61
56 62
57 58
57 59
57 60
57 61
57 62
58 59
58 60
58 61
58 62
59 60
59 61
59 62
59 746
60 61
60 62
60 169
60 338
60 535
61 62
61 339
61 427
61 457
61 631
61 662
63 64
63 65
63 66
63 67
63 68
63 218
63 248
63 261
63 262
63 396
63 426
63 427
63 551
63 621
63 758
63 842
64 65
64 66
64 68
64 219
64 248
64 397
64 552
64 758
64 843
65 66
65 67
65 397
65 400
65 401
65 426
65 428
65 551
65 554
67 68
67 69
67 70
67 220
67 426
67 427
67 489
67 551
68 69
68 70
68 221
68 552
69 70
71 72
71 73
71 74
71 75
71 76
71 336
71 337
71 476
71 477
71 677
71 1064
72 73
72 74
72 75
72 76
72 337
72 476
72 477
72 478
72 520
72 784
72 797
73 74
73 75
73 76
74 75
74 76
75 76
75 478
76 794
76 1086
77 78
77 79
77 331
77 332
77 336
77 337
77 535
77 842
78 79
78 331
78 332
78 334
78 536
78 843
80 81
80 82
80 83
80 84
80 85
80 86
80 87
80 88
80 89
80 90
80 207
80 208
80 242
80 496
80 498
80 499
80 500
80 501
80 706
80 850
81 82
81 83
81 84
81 85
81 996
82 83
82 84
82 85
82 86
82 87
82 89
83 84
83 85
83 87
83 88
83 89
83 90
84 85
84 86
86 87
86 88
86 89
86 90
86 96
86 98
86 210
86 510
86 590
86 591
86 603
86 604
86 829
86 1020
86 1053
87 88
87 89
87 90
87 96
87 603
87 604
87 635
88 89
88 90
88 604
88 608
89 90
89 96
89 282
89 328
89 603
89 604
89 794
90 604
90 608
91 92
91 93
91 94
91 207
91 208
91 496
92 93
92 94
93 94
95 96
95 97
95 98
95 744
95 820
96 97
96 98
97 98
98 234
98 807
98 824
99 100
99 101
99 102
99 103
99 104
99 169
99 170
99 230
99 244
99 261
99 291
99 292
99 535
99 842
99 1015
100 101
100 102
100 103
100 104
100 116
100 117
100 169
100 170
100 245
100 291
100 292
100 357
100 599
100 829
100 832
100 1015
100 1027
101 102
101 103
101 104
102 103
102 104
103 104
105 106
105 107
105 108
105 1085
105 1086
106 107
106 108
106 123
106 124
106 1086
107 108
107 161
109 110
109 111
109 112
109 113
109 114
109 115
109 1036
110 111
110 112
110 113
110 114
110 115
110 123
110 124
111 112
111 113
111 114
111 115
112 113
112 114
112 115
113 114
113 115
114 115
114 1037
114 1086
116 117
116 118
116 119
116 120
116 121
116 122
116 450
116 451
116 452
117 118
117 119
117 120
117 121
117 122
118 119
118 120
118 121
118 122
119 120
119 121
119 122
119 155
119 392
119 1086
120 121
120 122
121 122
123 124
123 125
123 126
123 127
123 128
123 129
123 130
123 220
123 254
123 336
123 585
123 633
123 634
123 714
123 722
123 796
123 807
123 1009
123 1011
123 1022
123 1047
123 1049
123 1050
123 1056
123 1057
124 125
124 126
124 127
124 128
124 129
124 130
124 274
124 633
124 1010
124 1050
124 1107
125 126
125 127
125 128
125 129
125 130
125 273
125 336
125 337
125 371
125 585
125 638
125 654
125 1048
125 1049
125 1053
125 1061
125 1064
125 1065
126 127
126 128
126 129
126 130
127 128
127 129
127 130
127 721
128 129
128 130
129 130
131 132
131 133
131 134
131 135
131 326
131 569
131 649
131 828
131 830
131 837
132 133
132 134
132 135
132 158
132 644
132 649
132 830
133 134
133 135
134 135
136 137
136 138
136 139
136 140
136 141
136 142
136 153
136 154
136 161
136 162
136 177
137 138
137 139
137 140
137 141
137 142
137 162
137 177
137 180
137 227
137 498
138 139
138 140
138 141
138 142
138 710
139 140
139 141
139 142
139 144
139 155
139 158
139 162
140 141
140 142
141 142
143 144
143 145
143 146
143 147
143 148
143 153
143 154
143 155
143 157
143 158
143 161
143 162
143 169
143 326
143 569
143 837
143 1085
144 145
144 146
144 147
144 148
144 153
144 154
144 157
144 158
144 162
144 170
144 838
145 146
145 147
145 148
146 147
146 148
147 148
149 150
149 151
149 152
149 154
149 246
150 151
150 152
150 154
151 152
153 154
153 155
153 156
153 157
153 158
153 177
153 246
153 535
153 818
153 819
153 820
153 821
153 824
154 155
154 156
154 158
154 177
154 180
154 808
154 819
154 820
154 821
154 824
155 156
155 409
157 158
157 159
157 160
157 161
157 169
157 177
157 264
157 265
157 268
157 812
158 159
158 160
158 162
158 265
159 160
161 162
161 163
161 164
161 165
161 166
161 167
161 177
161 228
161 546
161 577
162 163
162 164
162 165
162 166
162 177
162 178
162 180
162 527
162 532
162 650
163 164
163 165
163 166
164 165
164 166
165 166
166 180
167 168
167 169
167 170
167 171
167 172
167 173
167 174
167 175
167 176
167 177
167 180
167 226
168 169
168 170
168 171
168 172
168 173
168 174
168 175
168 176
169 170
169 171
169 172
169 173
169 174
169 175
169 176
169 177
169 1085
170 171
170 172
170 173
170 174
170 175
170 176
171 172
171 173
171 174
171 175
171 176
172 173
172 174
172 175
172 176
173 174
173 175
173 176
174 175
174 176
175 176
175 360
175 824
177 178
177 179
177 180
177 277
177 317
177 321
177 502
177 624
177 1093
177 1118
178 179
178 180
179 180
181 182
181 183
181 184
181 185
181 186
181 187
181 417
181 472
181 473
181 474
181 475
182 183
182 184
182 185
182 186
182 187
182 473
182 475
183 184
183 185
183 186
183 187
184 185
184 186
184 187
185 186
185 187
186 187
186 360
188 189
188 190
188 191
188 192
188 273
188 337
189 190
189 191
189 192
189 273
189 274
189 327
189 634
190 191
190 192
191 192
193 194
193 195
193 196
193 207
193 208
193 480
193 481
193 807
193 808
193 941
194 195
194 196
194 208
194 212
194 480
194 481
195 196
197 198
197 199
197 200
197 207
197 480
197 481
197 483
197 484
197 807
197 808
198 199
198 200
198 208
198 212
198 478
198 484
199 200
201 202
201 203
201 204
201 205
201 206
201 208
201 326
201 336
201 339
201 472
201 473
201 475
202 203
202 204
202 205
202 206
202 473
203 204
203 205
203 206
204 205
204 206
204 721
205 206
207 208
207 209
207 210
207 211
207 212
207 213
207 484
207 489
207 514
208 209
208 210
208 211
208 212
208 213
208 326
208 332
208 481
208 484
208 489
208 490
208 514
209 210
209 211
209 212
209 213
209 480
210 211
210 212
210 213
210 480
211 212
211 213
211 481
212 213
212 217
212 464
212 569
212 996
212 997
214 215
214 216
214 217
214 218
214 219
214 220
214 221
214 222
214 223
214 224
214 225
214 241
214 309
214 310
214 426
214 590
214 744
214 765
214 794
214 807
214 818
214 821
215 216
215 217
215 218
215 219
215 220
215 221
215 222
215 223
215 224
215 225
215 807
215 819
215 821
216 217
216 218
216 219
216 220
216 221
216 222
216 223
216 224
216 225
216 794
217 218
217 219
217 220
217 221
217 222
217 223
217 224
217 225
218 219
218 220
218 221
218 222
218 223
218 224
218 225
218 824
219 220
219 221
219 222
219 223
219 224
219 225
220 221
220 222
220 223
220 224
220 225
220 234
220 273
220 336
220 371
220 381
220 383
220 384
220 474
220 476
220 477
220 478
220 480
220 519
220 520
220 523
220 524
220 585
220 586
220 590
220 633
220 644
220 649
220 654
220 655
220 657
220 658
220 675
220 676
220 677
220 684
220 685
220 699
220 701
220 702
220 706
220 710
220 711
220 714
220 721
220 722
220 758
220 775
220 783
220 796
220 807
220 808
220 820
220 837
220 1015
220 1016
220 1047
220 1048
220 1049
220 1050
220 1053
220 1057
220 1061
220 1064
220 1065
221 222
221 223
221 224
221 225
221 234
221 235
221 644
221 684
221 685
221 711
221 783
221 820
221 838
221 1016
222 223
222 224
222 225
222 581
222 582
222 585
222 590
222 657
222 820
222 824
223 224
223 225
223 582
224 225
226 227
226 228
226 229
226 230
226 231
226 235
226 317
226 402
226 514
226 947
226 1049
227 228
227 229
227 230
227 231
227 233
227 235
227 245
227 947
227 1028
227 1086
227 1119
228 229
228 246
229 501
230 231
230 232
230 233
230 326
230 495
230 501
231 232
231 233
231 234
231 235
231 1086
232 233
232 234
234 235
234 236
234 237
234 238
234 239
234 240
234 241
234 242
234 254
234 317
234 485
234 486
234 559
234 812
235 236
235 237
235 238
235 239
235 240
235 242
235 317
235 485
235 812
235 1070
236 237
236 238
236 239
236 240
237 238
237 239
237 240
238 239
238 240
239 240
239 242
239 402
239 1022
239 1050
239 1086
241 242
241 243
241 1064
242 243
242 248
242 312
242 481
242 503
242 525
242 595
242 638
242 1019
242 1068
242 1070
244 245
244 246
244 247
244 248
244 249
244 250
244 251
244 261
244 262
244 285
244 383
244 387
244 431
244 436
244 438
244 496
244 871
244 899
244 999
244 1115
245 246
245 247
245 248
245 249
245 250
245 251
245 262
245 285
245 286
245 431
245 436
245 496
245 570
245 872
245 901
245 978
245 999
245 1115
245 1116
246 247
246 248
246 249
246 250
246 251
246 285
246 295
246 431
246 436
246 840
246 976
247 248
247 249
247 250
247 251
247 566
248 249
248 250
248 251
248 286
248 457
249 250
249 251
250 251
252 253
252 254
252 273
252 274
252 501
252 837
252 838
253 254
253 309
253 310
254 274
254 941
255 256
255 257
255 258
255 259
255 260
255 498
255 499
255 500
255 828
255 830
256 257
256 258
256 259
256 260
257 258
257 259
257 260
257 519
257 520
257 524
257 828
258 259
258 260
258 262
258 310
258 828
259 260
261 262
261 263
261 264
261 265
261 266
261 267
261 268
261 269
261 270
261 271
261 272
261 285
261 289
261 356
261 431
261 495
261 535
261 1018
261 1093
262 263
262 264
262 265
262 266
262 267
262 268
262 269
262 270
262 271
262 272
262 274
262 285
262 286
262 290
262 445
262 1018
262 1019
262 1070
263 264
263 265
263 266
263 267
263 268
263 269
263 270
263 271
263 272
264 265
264 266
264 267
264 268
264 269
264 270
264 271
264 272
264 291
265 266
265 267
265 268
265 269
265 270
265 271
265 272
265 292
265 296
266 267
266 268
266 269
266 270
266 271
266 272
267 268
267 269
267 270
267 271
267 272
268 269
268 270
268 271
268 272
268 291
268 295
269 270
269 271
269 272
269 274
269 281
269 286
270 271
270 272
271 272
273 274
273 275
273 276
273 634
273 635
273 831
274 275
274 276
274 566
274 634
274 635
274 1069
275 276
276 633
277 278
277 309
277 397
277 406
277 495
277 570
277 827
277 1009
277 1010
278 499
278 570
278 650
278 654
279 280
279 281
279 282
279 283
279 284
279 519
279 824
279 1050
280 281
280 282
280 283
280 284
281 282
281 283
281 284
282 283
282 284
283 284
284 1010
285 286
285 287
285 288
286 287
286 288
287 288
289 290
289 291
289 292
289 293
289 294
289 295
289 296
289 297
289 298
289 299
289 300
289 301
289 302
289 303
289 304
289 305
289 326
289 828
289 830
289 837
289 838
289 996
290 291
290 292
290 293
290 294
290 295
290 296
290 297
290 298
290 299
290 300
290 301
290 302
290 303
290 305
290 838
291 292
291 293
291 294
291 295
291 296
291 297
291 298
291 299
291 300
291 301
291 302
291 303
291 304
291 1085
292 293
292 294
292 295
292 296
292 297
292 298
292 299
292 300
292 301
292 302
292 303
292 305
293 294
293 295
293 296
293 297
293 298
293 299
293 300
293 301
293 302
293 303
294 295
294 296
294 297
294 298
294 299
294 300
294 301
294 302
294 303
295 296
295 297
295 298
295 299
295 300
295 301
295 302
295 303
295 304
296 297
296 298
296 299
296 300
296 301
296 302
296 303
296 305
297 298
297 299
297 300
297 301
297 302
297 303
298 299
298 300
298 301
298 302
298 303
299 300
299 301
299 302
299 303
300 301
300 302
300 303
300 304
300 621
300 622
301 302
301 303
301 305
302 303
304 305
304 306
304 307
304 308
304 309
304 311
304 598
304 1009
305 306
305 307
305 308
305 309
305 311
305 598
305 599
305 634
305 1010
306 307
306 308
307 308
309 310
309 311
309 326
309 327
309 338
309 514
309 515
309 621
309 622
309 800
309 802
309 831
309 973
310 311
310 327
310 499
310 500
310 586
312 313
312 314
312 315
312 316
312 1022
313 314
313 315
313 316
314 315
314 316
315 316
316 496
317 318
317 319
317 320
317 321
317 322
317 323
317 324
317 325
317 444
317 483
317 485
317 633
317 639
317 649
317 807
318 319
318 320
318 321
318 322
318 323
318 324
318 325
318 483
318 484
318 486
318 639
318 649
318 650
318 807
319 320
319 321
319 322
319 323
319 324
319 325
320 321
320 322
320 323
320 324
320 325
321 322
321 323
321 324
321 325
321 444
321 483
321 485
322 323
322 324
322 325
322 481
322 483
322 484
322 485
322 486
323 324
323 325
324 325
325 484
325 807
326 327
326 328
326 329
326 330
326 331
326 383
326 483
326 850
327 328
327 329
327 330
327 331
327 332
327 334
327 336
327 464
327 483
327 490
327 598
327 899
327 943
328 329
328 330
329 330
331 332
331 333
331 334
331 335
332 333
332 334
332 335
332 534
333 334
333 335
334 335
334 478
336 337
336 463
336 467
336 472
336 476
336 1009
337 463
337 464
337 472
337 473
337 476
337 477
338 339
338 340
338 341
338 431
338 456
338 483
338 598
338 1085
338 1093
339 340
339 341
339 440
339 441
339 444
339 454
339 455
339 456
339 457
339 1085
339 1093
339 1094
340 341
340 1094
342 343
342 344
342 345
342 346
342 347
342 348
342 349
342 350
342 351
342 352
342 353
342 354
342 355
342 358
342 359
342 360
342 361
342 431
342 436
342 535
342 551
342 742
342 928
343 344
343 345
343 346
343 347
343 348
343 349
343 350
343 351
343 352
343 353
343 354
343 355
343 402
343 431
343 436
343 437
343 551
343 552
344 345
344 346
344 347
344 348
344 349
344 350
344 351
344 352
344 353
344 354
344 355
344 358
344 360
344 361
344 397
344 431
344 436
344 437
344 551
344 552
345 346
345 347
345 348
345 349
345 350
345 351
345 352
345 353
345 354
345 355
345 359
345 431
345 432
345 436
345 437
345 548
345 552
346 347
346 348
346 349
346 350
346 351
346 352
346 353
346 354
346 355
347 348
347 349
347 350
347 351
347 352
347 353
347 354
347 355
348 349
348 350
348 351
348 352
348 353
348 354
348 355
348 358
348 361
348 406
348 431
348 437
348 552
349 350
349 351
349 352
349 353
349 354
349 355
349 432
349 437
349 552
350 351
350 352
350 353
350 354
350 355
351 352
351 353
351 354
351 355
351 358
351 360
351 551
351 552
352 353
352 354
352 355
352 359
352 360
352 431
352 552
353 354
353 355
354 355
354 397
354 431
354 436
354 551
354 657
355 431
355 432
355 436
355 437
355 552
356 357
356 358
356 359
356 360
356 361
356 472
356 535
356 1093
357 851
358 359
358 360
358 361
358 362
358 431
358 433
358 436
358 535
359 360
359 361
359 362
359 403
359 650
360 361
360 362
360 433
360 435
361 362
361 433
363 364
363 365
363 366
363 367
363 368
363 369
363 370
363 706
364 365
364 366
364 367
364 368
364 369
364 370
365 366
365 367
365 368
365 369
365 370
365 451
365 706
365 710
365 772
365 1053
366 367
366 368
366 369
366 370
366 699
366 702
366 710
366 711
366 758
366 759
367 368
367 369
367 370
368 369
368 370
369 370
369 371
369 383
369 654
369 655
369 657
369 658
369 699
369 701
369 702
369 706
369 850
369 1015
370 634
370 635
370 707
370 850
370 851
370 1016
371 372
371 551
371 657
371 701
371 710
373 374
373 375
373 376
373 377
373 380
373 706
373 707
374 375
374 376
374 377
374 711
375 376
375 377
376 377
378 379
379 765
380 381
380 382
380 383
380 387
380 663
380 684
380 697
380 701
380 713
380 1089
380 1111
380 1130
380 1132
380 1136
381 382
381 384
381 387
381 418
381 495
381 663
381 684
381 686
381 697
381 713
381 1089
381 1130
383 384
383 385
383 386
383 485
383 582
383 654
383 675
383 676
383 697
383 699
383 701
383 1047
383 1130
384 385
384 386
384 387
384 569
384 582
384 675
384 676
384 677
384 680
384 684
384 697
384 713
384 1132
384 1136
385 386
386 392
386 710
387 388
387 389
387 390
387 396
387 397
387 585
387 706
387 707
387 710
388 389
388 390
388 655
388 675
388 676
388 677
389 390
391 392
391 393
391 394
391 396
391 397
391 559
391 675
391 676
391 964
392 393
392 394
392 400
392 559
392 653
392 666
392 667
392 670
392 675
392 676
392 677
392 710
392 808
392 1090
393 710
394 395
394 800
394 803
396 397
396 398
396 399
396 400
396 401
396 559
396 564
396 643
396 648
396 657
396 658
396 670
396 737
396 1015
397 398
397 399
397 400
397 401
397 559
397 564
397 643
397 654
397 655
397 657
397 661
397 666
397 670
397 675
397 676
397 677
398 399
398 400
398 401
398 721
399 400
399 401
400 401
400 590
400 591
402 403
402 404
402 405
402 406
402 407
402 408
402 409
402 410
402 506
402 508
402 818
402 820
402 824
402 1010
402 1011
402 1022
403 404
403 405
403 406
403 407
403 408
403 409
403 410
403 507
403 566
403 650
403 818
403 819
403 820
403 821
404 405
404 406
404 407
404 408
404 409
404 410
405 406
405 407
405 408
405 409
405 410
406 407
406 408
406 409
406 410
406 422
406 506
406 818
406 819
406 820
406 824
407 408
407 409
407 410
407 412
407 415
407 417
407 423
407 427
407 507
407 508
407 557
407 650
407 818
407 819
407 1123
408 409
408 410
409 410
410 417
410 818
410 819
411 412
411 413
411 414
411 415
411 416
411 633
411 765
411 783
411 800
411 820
412 413
412 414
412 415
412 416
413 414
413 415
413 416
414 415
414 416
414 417
414 422
414 800
414 802
415 416
415 417
415 422
415 423
415 800
415 801
415 802
415 803
417 418
417 419
417 420
417 421
417 422
417 423
417 424
417 425
417 676
417 677
417 800
417 801
417 802
417 803
418 419
418 420
418 421
418 422
418 423
418 424
418 425
419 420
419 421
419 422
419 423
419 424
419 425
420 421
420 422
420 423
420 424
420 425
421 422
421 423
421 424
421 425
422 423
422 424
422 425
422 725
422 789
422 800
422 802
422 872
422 1122
423 424
423 425
423 725
423 800
423 802
423 872
423 1122
423 1123
424 425
426 427
426 428
426 429
426 430
426 444
426 445
426 551
426 552
426 556
426 557
426 684
426 876
427 428
427 429
427 430
427 445
427 551
427 552
427 557
427 1023
428 429
428 430
429 430
431 432
431 433
431 434
431 435
431 452
431 478
432 433
432 434
432 435
433 434
433 435
433 1009
434 435
436 437
438 439
438 440
438 441
438 442
438 443
438 706
438 1093
438 1094
439 440
439 441
439 442
439 443
440 441
440 442
440 443
440 1094
441 442
441 443
441 1093
441 1094
442 443
444 445
444 446
444 447
444 448
444 449
444 1093
444 1094
445 446
445 447
445 448
445 449
445 1093
445 1094
446 447
446 448
446 449
447 448
447 449
448 449
450 451
450 452
450 453
450 454
450 455
450 456
450 457
450 462
450 508
451 452
451 453
451 462
452 453
452 457
452 533
454 455
454 456
454 457
454 458
454 459
454 460
454 461
454 462
454 533
454 619
454 620
455 456
455 457
455 458
455 459
455 460
455 461
455 462
455 533
455 621
456 457
456 458
456 459
456 460
456 461
456 462
457 458
457 459
457 460
457 461
457 462
457 473
457 475
457 500
457 533
458 459
458 460
458 461
458 462
459 460
459 461
459 462
460 461
460 462
461 462
461 622
462 472
462 473
463 464
463 465
463 466
463 472
463 473
463 474
463 475
463 476
463 477
463 478
463 633
464 465
464 466
464 473
464 476
465 466
467 468
467 469
467 470
467 471
467 472
467 474
467 519
467 520
467 523
468 469
468 470
468 471
468 475
468 478
468 519
468 520
468 523
468 524
468 808
469 470
469 471
470 471
472 473
472 474
472 475
472 476
472 477
472 501
472 746
472 977
473 474
473 475
473 476
473 477
473 478
473 506
473 507
474 475
474 476
474 523
474 633
474 1095
475 503
475 507
475 633
475 634
475 635
476 477
476 478
476 479
476 480
476 483
476 484
476 485
476 486
476 500
477 478
477 479
477 480
477 483
477 484
477 486
477 495
477 496
477 498
477 499
477 500
478 479
478 484
478 487
478 498
478 499
478 500
478 501
480 481
480 482
480 483
480 484
480 503
480 783
480 807
480 824
480 1020
481 482
481 483
481 484
481 498
481 499
481 500
481 501
481 503
481 807
481 1061
482 483
482 484
483 484
483 643
483 807
483 1061
484 807
484 808
484 1061
484 1062
485 486
485 487
485 488
485 807
485 808
485 1056
486 487
486 488
487 488
488 1015
488 1016
489 490
489 491
489 492
489 493
489 494
489 807
490 491
490 492
490 493
490 494
490 807
491 492
491 493
491 494
491 820
492 493
492 494
493 494
493 824
495 496
495 497
495 498
495 499
495 500
495 501
496 497
496 498
496 499
496 500
496 501
496 608
496 618
496 648
496 695
496 784
497 498
497 499
497 500
497 501
498 499
498 500
498 501
498 608
498 635
498 1019
498 1110
499 500
499 501
499 599
499 608
499 616
499 633
499 635
499 639
499 832
500 501
500 608
500 616
500 633
500 634
500 635
500 1049
500 1110
501 608
501 615
501 616
501 633
501 634
502 503
502 504
502 505
502 506
502 507
502 523
502 758
502 807
502 818
502 819
502 820
502 821
502 824
503 504
503 505
503 506
503 507
503 819
503 821
503 824
504 505
504 506
504 507
505 506
505 507
505 819
505 820
505 821
505 824
506 507
506 519
506 523
506 818
506 819
506 821
506 824
507 819
507 820
507 821
508 509
508 510
508 511
508 512
508 513
509 510
509 511
509 512
509 513
510 511
510 512
510 513
511 512
511 513
512 513
514 515
514 516
514 517
514 518
514 590
514 591
514 808
515 516
515 517
515 518
515 591
515 644
516 517
516 518
517 518
519 520
519 521
519 522
519 523
519 524
519 525
519 526
519 590
519 638
520 521
520 522
520 523
520 524
520 525
520 526
520 530
520 590
520 591
520 638
520 639
520 640
520 783
521 522
521 523
521 524
521 525
521 526
522 523
522 524
522 525
522 526
523 524
523 525
523 526
523 590
523 638
523 639
524 525
524 526
524 590
524 591
524 638
524 639
524 640
525 526
525 591
525 638
525 639
526 639
527 528
527 529
527 530
527 531
527 532
527 533
527 534
528 529
528 530
528 531
528 532
528 533
528 534
529 530
529 531
529 532
529 533
529 534
530 531
530 532
530 533
530 534
530 570
531 532
531 533
531 534
531 570
532 533
532 534
533 534
533 570
535 536
535 537
535 538
535 539
535 540
535 541
535 542
535 543
535 544
535 545
535 714
535 744
535 746
535 794
535 1077
535 1093
536 537
536 538
536 539
536 540
536 541
536 542
536 543
536 544
536 545
536 570
537 538
537 539
537 540
537 541
537 542
537 543
537 544
537 545
537 565
538 539
538 540
538 541
538 542
538 543
538 544
538 545
539 540
539 541
539 542
539 543
539 544
539 545
540 541
540 542
540 543
540 544
540 545
541 542
541 543
541 544
541 545
542 543
542 544
542 545
543 544
543 545
544 545
546 547
546 548
546 549
546 550
546 565
546 569
547 548
547 549
547 550
547 819
548 549
548 550
548 565
548 566
548 650
549 550
551 552
551 553
551 554
551 555
551 701
551 706
552 553
552 554
552 555
553 554
553 555
554 555
556 557
556 558
557 558
558 801
558 1083
559 560
559 561
559 562
559 563
559 564
559 654
559 655
559 658
560 561
560 562
560 563
560 564
560 655
560 657
560 658
561 562
561 563
561 564
562 563
562 564
563 564
564 644
564 908
565 566
565 567
565 568
565 569
565 570
565 582
565 590
565 650
565 663
565 838
565 1011
566 567
566 568
566 569
566 570
566 595
566 604
566 640
566 650
566 838
566 1069
567 568
567 569
567 570
568 569
568 570
569 570
569 648
569 649
569 652
569 654
569 745
569 925
569 948
569 965
569 994
570 586
570 595
570 650
570 699
570 745
570 746
570 965
570 1007
571 572
571 573
571 574
571 575
571 576
571 577
571 578
571 579
571 580
571 772
571 773
571 775
572 573
572 574
572 575
572 576
572 577
572 578
572 579
572 580
572 773
573 574
573 575
573 576
573 577
573 578
573 579
573 580
574 575
574 576
574 577
574 578
574 579
574 580
574 765
574 773
575 576
575 577
575 578
575 579
575 580
576 577
576 578
576 579
576 580
577 578
577 579
577 580
577 582
577 649
577 758
578 579
578 580
579 580
580 649
581 582
581 583
581 584
581 638
581 639
581 652
581 706
581 1011
581 1015
581 1018
581 1049
582 583
582 584
582 638
582 639
582 846
582 994
582 1018
583 584
585 586
585 587
585 588
585 589
585 594
585 595
585 633
585 638
585 649
585 650
585 994
586 587
586 588
586 589
586 591
586 594
586 638
586 644
586 650
586 994
586 1107
587 588
587 589
588 589
589 644
589 649
590 591
590 592
590 593
590 594
590 598
590 638
590 639
590 649
590 703
590 1020
591 592
591 593
591 594
591 595
591 599
591 638
591 703
591 1020
591 1031
592 593
594 595
594 596
594 597
594 638
594 649
594 654
595 596
595 597
595 639
596 597
598 599
598 600
598 601
598 602
598 619
598 620
598 633
598 1102
599 600
599 601
599 602
599 619
599 620
599 622
599 838
599 1102
599 1103
600 601
600 602
601 602
603 604
603 605
603 606
603 607
603 608
603 609
603 610
603 634
604 605
604 606
604 607
604 608
604 609
604 610
604 634
604 635
605 606
605 607
605 608
605 609
605 610
606 607
606 608
606 609
606 610
607 608
607 609
607 610
608 609
608 610
609 610
611 612
611 613
611 614
611 615
611 616
611 617
611 618
612 613
612 614
612 615
612 616
612 617
612 618
613 614
613 615
613 616
613 617
613 618
614 615
614 616
614 617
614 618
615 616
615 617
615 618
615 649
616 617
616 618
617 618
617 649
619 620
619 621
619 622
619 623
619 624
619 625
619 633
619 638
619 847
619 1083
619 1085
620 621
620 622
620 623
620 624
620 625
620 633
620 634
620 801
620 1107
621 622
621 623
621 624
621 625
621 633
621 634
621 635
621 638
621 639
621 802
621 847
621 941
621 1085
621 1109
622 623
622 624
622 625
622 626
622 633
622 634
622 635
622 1085
622 1107
622 1108
623 624
623 625
624 625
626 627
626 628
626 629
626 630
626 1085
627 628
627 629
627 630
627 803
628 629
628 630
629 630
631 632
633 634
633 635
633 636
633 637
633 800
633 801
633 1011
633 1027
633 1028
633 1047
633 1048
633 1049
633 1050
633 1053
633 1054
633 1068
633 1109
634 635
634 636
634 637
634 800
634 801
634 847
634 1023
634 1027
634 1028
634 1047
634 1054
634 1069
635 636
635 637
635 1028
635 1047
635 1054
636 637
637 1083
638 639
638 640
638 641
638 642
638 649
638 973
639 640
639 641
639 642
639 644
639 994
639 995
640 641
640 642
641 642
643 644
643 645
643 646
643 649
644 645
644 646
644 648
644 650
644 995
644 1103
645 646
645 721
647 648
647 876
648 649
649 650
649 651
649 654
649 801
649 802
649 880
650 651
650 654
650 800
650 801
650 803
652 653
652 677
652 721
652 957
652 958
653 677
654 655
654 656
654 657
654 658
654 659
654 660
654 672
655 656
655 657
655 658
655 659
655 660
655 671
655 677
655 1064
655 1111
655 1112
656 657
656 658
656 659
656 660
657 658
657 659
657 660
657 671
657 677
657 701
657 706
657 721
657 747
657 1065
657 1111
658 659
658 660
658 671
658 674
658 676
658 677
658 747
658 1064
658 1111
658 1112
659 660
661 662
661 663
661 664
661 665
661 666
661 667
662 663
662 664
662 665
662 666
662 667
662 1057
663 664
663 665
663 685
664 665
664 685
666 667
666 668
666 669
666 671
667 668
667 669
667 671
667 681
667 1091
668 669
670 671
670 672
670 673
670 674
670 1093
671 672
671 673
671 674
671 997
671 1085
672 673
672 674
672 701
672 706
672 710
673 674
675 676
675 677
675 678
675 679
676 677
676 678
676 679
676 1061
676 1062
677 678
677 679
677 858
678 679
680 681
680 682
680 683
680 684
680 706
680 710
680 1065
681 682
681 683
681 684
681 711
682 683
684 685
684 686
684 687
684 702
684 706
684 710
684 711
685 686
685 687
685 688
685 699
685 702
685 710
685 711
685 983
686 706
687 688
687 689
687 690
688 689
688 690
688 711
689 690
691 692
691 693
691 694
691 695
691 696
691 697
691 698
691 820
691 1036
692 693
692 694
692 695
692 696
692 697
692 698
693 694
693 695
693 696
693 697
693 698
694 695
694 696
694 697
694 698
695 696
695 697
695 698
695 701
695 706
695 710
695 759
696 697
696 698
697 698
697 699
697 706
698 699
698 702
699 700
699 701
699 702
699 703
699 704
699 705
699 706
699 707
699 708
699 709
699 710
699 711
700 701
700 702
700 703
700 704
700 705
700 706
700 707
700 708
700 709
700 713
700 1130
700 1131
701 702
701 703
701 704
701 705
701 706
701 707
701 708
701 709
701 710
701 959
702 703
702 704
702 705
702 706
702 707
702 708
702 709
702 710
702 711
702 959
703 704
703 705
703 706
703 707
703 708
703 709
704 705
704 706
704 707
704 708
704 709
705 706
705 707
705 708
705 709
706 707
706 708
706 709
706 710
706 853
706 1130
707 708
707 709
707 711
707 713
707 784
707 865
708 709
710 711
710 712
710 713
710 747
710 748
710 907
710 964
710 965
711 712
711 713
711 965
712 713
714 715
714 716
714 721
714 722
714 748
714 787
714 796
714 797
714 880
714 881
714 919
715 716
715 796
717 718
717 719
717 720
717 794
718 719
718 720
718 796
719 720
721 722
721 723
721 724
721 725
721 726
721 735
721 747
721 748
721 749
721 787
721 788
721 792
721 794
721 796
721 802
721 919
721 990
722 723
722 724
722 747
722 748
722 771
722 787
722 794
722 796
722 797
722 919
722 957
723 724
725 726
725 727
725 728
725 729
725 730
725 731
725 743
725 745
725 758
725 759
725 1085
725 1086
726 727
726 728
726 729
726 730
726 731
726 745
726 746
726 758
726 759
726 1086
727 728
727 729
727 730
727 731
727 758
728 729
728 730
728 731
728 745
729 730
729 731
729 745
730 731
731 744
731 765
731 783
731 784
731 794
731 1086
732 733
732 734
732 735
732 736
732 737
732 738
732 739
732 740
732 741
732 742
732 743
732 744
732 797
733 734
733 735
733 736
733 737
733 738
733 739
733 740
733 741
733 742
733 743
733 744
733 759
733 783
733 784
733 794
733 797
733 1008
734 735
734 736
734 737
734 738
734 739
734 740
734 741
734 742
734 996
735 736
735 737
735 738
735 739
735 740
735 741
735 742
735 743
735 745
735 746
736 737
736 738
736 739
736 740
736 741
736 742
736 743
736 744
736 746
737 738
737 739
737 740
737 741
737 742
737 743
737 744
737 745
737 746
738 739
738 740
738 741
738 742
738 744
739 740
739 741
739 742
739 744
740 741
740 742
741 742
742 743
742 744
742 762
742 1077
743 744
743 745
743 746
743 751
743 787
743 788
743 791
743 794
743 1007
744 745
744 746
744 748
744 788
744 804
745 746
745 794
745 919
747 748
747 749
747 750
747 758
747 759
747 772
747 775
747 783
747 784
747 796
747 797
748 749
748 750
748 758
748 759
748 784
748 796
748 797
748 1086
749 750
749 797
751 752
751 753
751 754
751 755
751 756
751 757
751 758
751 763
752 753
752 754
752 755
752 756
752 757
752 758
752 759
752 762
752 763
752 764
753 754
753 755
753 756
753 757
753 758
753 759
753 797
754 755
754 756
754 757
754 758
755 756
755 757
756 757
758 759
758 760
758 761
758 762
758 763
758 765
758 777
758 779
758 793
758 855
758 1068
759 760
759 761
759 762
759 763
759 765
759 777
759 778
759 784
759 788
759 793
759 794
759 797
760 761
760 762
760 763
761 762
761 763
762 763
762 764
762 796
763 764
763 765
763 791
763 797
764 765
764 766
764 772
764 783
764 791
764 796
764 1093
764 1126
765 766
765 794
765 1086
765 1123
765 1126
765 1127
767 768
767 769
767 770
767 800
767 801
767 802
767 807
768 769
768 770
769 770
771 772
771 775
771 802
771 1086
772 773
772 774
772 775
772 776
772 777
772 778
772 779
772 783
772 798
772 928
772 973
773 774
773 775
773 776
773 777
773 778
773 779
773 780
773 783
773 784
773 798
773 799
774 775
774 776
774 777
774 778
775 776
775 777
775 778
775 783
775 784
775 787
775 789
775 793
775 928
776 777
776 778
776 783
776 784
777 778
777 783
777 784
777 796
778 783
778 784
779 780
779 781
779 782
779 783
779 784
780 781
780 782
780 783
780 784
781 782
783 784
783 785
783 786
783 794
783 798
783 872
783 876
784 785
784 786
784 794
784 797
784 1007
785 786
787 788
787 789
787 790
787 791
787 796
787 797
788 789
788 790
788 791
788 797
789 790
789 791
789 797
790 791
791 797
792 793
792 794
792 802
793 794
794 795
794 796
794 797
794 799
796 797
796 1047
796 1049
796 1053
797 799
798 799
800 801
800 802
800 803
800 805
800 1049
800 1093
801 802
801 803
801 805
801 838
801 1050
801 1093
801 1123
802 803
802 805
802 1049
802 1122
803 805
803 982
803 983
804 805
804 806
805 806
807 808
807 809
807 810
807 811
807 813
807 816
807 817
807 1011
807 1062
808 809
808 810
808 811
808 812
808 818
808 891
809 810
809 811
810 811
812 813
812 814
812 815
812 816
812 817
812 818
812 819
812 820
812 824
813 814
813 815
813 816
813 817
813 819
813 820
813 821
813 824
814 815
814 816
814 817
815 816
815 817
816 817
817 818
817 819
817 821
818 819
818 820
818 821
818 822
818 823
818 824
818 825
818 826
818 866
818 896
819 820
819 821
819 822
819 823
819 824
819 825
819 826
819 866
819 896
820 821
820 822
820 823
820 824
820 825
820 826
820 866
820 896
820 897
820 970
821 822
821 823
821 824
821 825
821 826
821 866
821 897
821 978
821 1062
822 823
822 824
822 825
822 826
823 824
823 825
823 826
824 825
824 826
824 866
824 880
824 897
824 970
825 826
827 828
827 829
827 830
827 837
827 850
827 865
827 1097
828 829
828 830
828 837
828 838
828 1057
829 830
830 837
830 851
830 1018
831 832
831 833
831 834
831 835
831 836
831 837
831 1009
831 1010
832 833
832 834
832 835
832 836
832 1010
833 834
833 835
833 836
834 835
834 836
835 836
837 838
837 839
837 1009
838 839
838 1010
840 841
840 842
840 843
840 844
840 845
841 842
841 843
841 844
841 845
842 843
842 844
842 845
843 844
843 845
844 845
846 847
846 848
846 849
847 848
847 849
848 849
850 851
850 852
850 860
850 871
850 872
850 884
850 948
850 949
850 1027
851 852
851 853
851 854
851 860
851 871
851 872
851 884
853 854
853 855
853 856
853 857
853 862
853 884
853 1049
853 1053
853 1056
853 1061
853 1064
854 855
854 856
854 857
854 862
854 863
854 884
854 940
854 1028
854 1037
854 1048
854 1054
855 856
855 857
856 857
857 874
858 859
858 860
858 861
858 862
858 863
859 860
859 861
859 862
859 863
860 861
860 862
861 885
862 863
862 864
862 868
862 977
862 982
862 1004
863 864
863 869
863 978
865 866
865 867
865 876
865 877
865 880
865 881
865 885
865 1077
866 867
867 880
867 1053
868 869
868 870
868 876
868 877
868 880
868 881
869 870
869 877
869 881
871 872
871 873
871 874
871 925
871 957
871 958
871 959
872 873
872 958
872 959
874 875
874 876
874 877
874 878
874 879
874 880
874 881
874 882
874 883
874 884
874 886
874 896
874 916
875 876
875 877
875 878
875 879
875 880
875 881
875 882
876 877
876 878
876 879
876 880
876 881
876 882
876 884
876 892
876 896
876 927
876 1049
876 1050
877 878
877 879
877 880
877 881
877 882
877 885
877 892
877 893
877 897
877 925
878 879
878 880
878 881
878 882
879 880
879 881
879 882
880 881
880 882
880 885
880 886
880 892
880 896
880 925
880 990
881 882
881 885
881 893
881 896
881 897
881 925
883 884
883 885
884 885
884 886
884 887
884 888
884 889
884 890
884 891
884 892
884 893
885 886
885 887
885 888
885 889
885 890
885 891
885 948
885 949
886 887
886 888
886 889
886 890
886 891
886 893
886 925
886 926
886 948
886 949
887 888
887 889
887 890
887 891
888 889
888 890
888 891
889 890
889 891
890 891
892 893
892 894
892 895
892 957
892 958
892 959
893 894
893 895
894 895
896 897
896 898
897 898
899 900
899 901
899 902
899 903
899 904
899 905
899 906
900 901
900 902
900 903
900 904
900 905
900 906
900 925
901 902
901 903
901 904
901 905
901 906
902 903
902 904
902 905
902 906
903 904
903 905
903 906
904 905
904 906
905 906
907 908
907 909
907 910
907 911
907 912
907 916
907 964
907 965
907 1027
908 909
908 910
908 911
908 916
908 965
908 991
909 910
909 911
910 911
912 913
912 914
912 915
912 957
912 1077
912 1085
913 914
913 915
914 915
916 917
916 918
916 958
916 959
917 918
919 920
921 922
921 923
921 924
921 925
922 923
922 924
922 925
923 924
925 926
925 927
925 952
925 958
925 959
926 927
928 929
929 941
930 931
930 932
930 933
930 934
930 935
930 936
930 937
930 938
930 939
931 932
931 933
931 934
931 935
931 936
931 937
931 938
931 939
932 933
932 934
932 935
932 936
932 937
932 938
932 939
933 934
933 935
933 936
933 937
933 938
933 939
934 935
934 936
934 937
934 938
934 939
935 936
935 937
935 938
935 939
936 937
936 938
936 939
937 938
937 939
938 939
938 940
938 942
939 940
939 942
940 941
940 942
940 947
940 1085
940 1086
941 942
941 943
941 948
941 1017
941 1053
941 1085
941 1086
942 947
942 1085
942 1086
943 944
943 945
943 946
944 945
944 946
944 1083
945 946
947 948
947 949
947 950
947 951
947 1047
948 949
948 950
948 951
948 1009
948 1010
948 1027
948 1036
948 1041
948 1053
948 1061
948 1078
949 950
949 951
949 1010
949 1042
949 1053
949 1054
949 1062
949 1078
950 951
952 953
952 954
952 955
952 956
953 954
953 955
953 956
954 955
954 956
955 956
957 958
957 959
957 960
957 961
957 962
957 964
958 959
958 960
958 961
958 962
958 964
958 965
959 960
959 961
959 962
959 1013
960 961
960 962
961 962
963 964
963 965
964 965
964 966
964 967
964 968
964 969
964 970
964 994
965 966
965 967
965 968
965 969
965 970
965 971
965 994
965 995
966 967
966 968
966 969
967 968
967 969
968 969
970 971
970 972
971 972
973 974
973 975
973 976
974 975
974 976
975 976
977 978
977 979
977 980
977 981
977 1041
977 1042
978 979
978 980
978 981
978 983
979 980
979 981
980 981
982 983
982 984
982 985
982 986
982 987
982 988
982 989
982 990
982 991
982 996
982 997
982 1002
982 1037
983 984
983 985
983 986
983 987
983 988
983 989
983 997
983 1002
983 1003
984 985
984 986
984 987
984 988
984 989
985 986
985 987
985 988
985 989
986 987
986 988
986 989
987 988
987 989
988 989
990 991
990 992
990 993
990 996
990 997
990 1053
990 1061
990 1064
991 992
991 993
991 997
991 1062
992 993
994 995
996 997
996 998
996 999
996 1000
996 1001
996 1002
996 1049
997 998
997 999
997 1000
997 1001
997 1002
997 1003
998 999
998 1000
998 1001
999 1000
999 1001
1000 1001
1002 1003
1002 1004
1002 1005
1002 1006
1003 1004
1003 1005
1003 1006
1003 1007
1003 1008
1004 1005
1004 1006
1005 1006
1007 1008
1007 1015
1008 1015
1009 1010
1009 1011
1009 1012
1009 1013
1009 1014
1009 1090
1009 1091
1010 1011
1010 1012
1010 1013
1010 1014
1010 1091
1011 1012
1011 1013
1011 1014
1011 1077
1011 1093
1012 1013
1012 1014
1012 1053
1013 1014
1015 1016
1015 1017
1015 1018
1015 1093
1016 1017
1016 1018
1018 1019
1018 1020
1018 1021
1018 1047
1019 1020
1019 1021
1020 1021
1021 1022
1022 1023
1022 1024
1022 1025
1022 1026
1022 1068
1022 1072
1022 1090
1023 1024
1023 1025
1023 1026
1023 1068
1023 1069
1024 1025
1024 1026
1025 1026
1027 1028
1027 1029
1027 1030
1027 1031
1027 1047
1027 1048
1027 1056
1027 1061
1028 1029
1028 1030
1028 1032
1028 1047
1028 1048
1028 1062
1028 1078
1028 1083
1029 1030
1031 1032
1031 1033
1031 1034
1031 1035
1031 1036
1031 1037
1031 1041
1031 1053
1031 1078
1031 1083
1032 1033
1032 1034
1032 1035
1032 1041
1032 1042
1032 1047
1032 1048
1032 1049
1032 1054
1032 1062
1032 1078
1032 1083
1033 1034
1033 1035
1034 1035
1036 1037
1036 1038
1036 1039
1036 1040
1036 1041
1036 1047
1036 1061
1036 1077
1037 1038
1037 1039
1037 1040
1037 1041
1037 1047
1037 1048
1037 1054
1037 1061
1037 1062
1037 1077
1038 1039
1038 1040
1039 1040
1041 1042
1041 1043
1041 1044
1041 1045
1041 1046
1041 1047
1041 1053
1041 1078
1042 1043
1042 1044
1042 1045
1042 1046
1042 1047
1042 1048
1042 1053
1042 1054
1042 1078
1043 1044
1043 1045
1043 1046
1044 1045
1044 1046
1045 1046
1045 1047
1045 1077
1045 1078
1046 1048
1046 1078
1046 1086
1047 1048
1047 1049
1047 1050
1047 1051
1047 1052
1047 1053
1047 1054
1047 1055
1047 1061
1047 1062
1048 1049
1048 1050
1048 1051
1048 1052
1048 1053
1048 1054
1048 1055
1048 1062
1049 1050
1049 1051
1049 1052
1049 1053
1049 1054
1049 1055
1049 1056
1049 1061
1049 1064
1049 1065
1049 1073
1049 1085
1050 1051
1050 1052
1050 1053
1050 1054
1050 1055
1050 1056
1050 1057
1050 1062
1050 1064
1050 1065
1050 1072
1050 1073
1050 1094
1051 1052
1051 1053
1051 1054
1051 1055
1052 1053
1052 1054
1052 1055
1053 1054
1053 1055
1053 1064
1053 1090
1054 1055
1054 1062
1056 1057
1056 1058
1056 1059
1056 1060
1056 1061
1056 1064
1056 1065
1056 1068
1057 1058
1057 1059
1057 1060
1057 1061
1057 1062
1057 1064
1057 1065
1057 1086
1058 1059
1058 1060
1059 1060
1061 1062
1061 1063
1061 1064
1061 1065
1061 1068
1062 1063
1062 1064
1062 1065
1062 1068
1062 1078
1062 1083
1064 1065
1064 1066
1064 1067
1064 1068
1064 1085
1065 1066
1065 1067
1065 1069
1066 1067
1068 1069
1068 1070
1068 1071
1069 1070
1069 1071
1069 1083
1070 1071
1072 1073
1072 1074
1072 1075
1072 1076
1072 1083
1073 1074
1073 1075
1073 1076
1073 1083
1073 1086
1074 1075
1074 1076
1075 1076
1077 1078
1077 1079
1077 1080
1077 1081
1077 1085
1078 1079
1078 1080
1078 1081
1079 1080
1079 1081
1080 1081
1082 1083
1082 1084
1083 1084
1085 1086
1085 1087
1085 1088
1086 1087
1086 1088
1087 1088
1089 1090
1089 1091
1089 1092
1090 1091
1090 1092
1091 1092
1093 1094
1093 1095
1093 1096
1094 1095
1094 1096
1095 1096
1097 1098
1097 1099
1097 1100
1097 1101
1098 1099
1098 1100
1098 1101
1099 1100
1099 1101
1100 1101
1102 1103
1102 1104
1102 1105
1102 1106
1103 1104
1103 1105
1103 1106
1104 1105
1104 1106
1105 1106
1107 1108
1107 1109
1107 1110
1108 1109
1108 1110
1109 1110
1111 1112
1111 1113
1111 1114
1112 1113
1112 1114
1113 1114
1115 1116
1115 1117
1116 1117
1118 1119
1118 1120
1118 1121
1119 1120
1119 1121
1120 1121
1122 1123
1122 1124
1122 1125
1123 1124
1123 1125
1124 1125
1126 1127
1126 1128
1126 1129
1127 1128
1127 1129
1128 1129
1130 1131
1130 1132
1130 1133
1130 1134
1130 1135
1130 1136
1130 1137
1130 1138
1130 1139
1131 1132
1131 1133
1131 1134
1131 1135
1131 1136
1131 1137
1131 1138
1131 1139
1132 1133
1132 1134
1132 1135
1132 1136
1132 1137
1132 1138
1132 1139
1133 1134
1133 1135
1133 1136
1133 1137
1133 1138
1133 1139
1134 1135
1134 1136
1134 1137
1134 1138
1134 1139
1135 1136
1135 1137
1135 1138
1135 1139
1136 1137
1136 1138
1136 1139
1137 1138
1137 1139
1138 1139
