0 1
0 2
0 3
0 8
0 9
0 28
0 93
0 112
0 808
0 812
0 817
0 956
1 1
1 2
1 3
1 9
1 10
1 28
1 38
1 96
1 693
1 694
1 701
1 808
1 809
1 812
1 817
1 818
1 883
2 3
4 5
4 6
4 7
4 349
5 6
5 7
5 60
5 299
6 7
6 876
8 9
8 10
8 23
8 78
8 80
8 86
8 665
8 956
9 10
9 24
9 77
9 78
9 80
9 86
10 24
10 77
10 78
10 80
10 86
11 12
11 13
11 14
11 15
11 16
11 17
11 18
11 19
11 23
11 24
11 273
11 278
11 567
11 568
11 569
11 735
12 13
12 14
12 15
12 16
12 17
12 18
12 19
12 20
12 23
12 24
12 29
12 44
12 135
12 260
12 568
12 730
12 735
12 736
12 941
13 14
13 15
13 16
13 17
13 18
13 19
14 15
14 16
14 17
14 18
14 19
15 16
15 17
15 18
15 19
16 17
16 18
16 19
16 20
16 23
16 24
16 29
16 81
16 135
17 18
17 19
18 19
18 23
18 24
19 23
19 24
19 735
20 21
20 22
20 24
21 22
23 24
23 25
23 26
23 27
23 43
23 70
23 76
23 134
23 135
23 225
23 289
23 314
23 642
23 733
23 735
23 736
24 25
24 26
24 27
24 29
24 134
24 135
24 736
25 26
25 27
26 27
28 29
28 30
28 31
28 32
28 33
28 34
28 35
28 36
28 37
28 43
28 48
28 58
28 112
28 410
28 481
28 482
28 665
28 723
28 725
28 729
28 791
28 952
28 956
29 30
29 31
29 32
29 33
29 34
29 35
29 36
29 43
29 665
29 723
29 724
29 726
29 956
30 31
30 32
30 33
30 34
30 481
30 729
31 32
31 33
31 34
32 33
32 34
33 34
33 35
33 37
33 38
35 36
35 37
35 38
35 39
35 40
35 41
35 42
35 58
35 723
35 729
35 732
35 757
35 952
35 956
36 37
36 38
36 39
36 40
36 41
36 42
36 43
36 44
36 45
36 723
36 729
36 732
37 38
37 39
37 40
37 41
37 42
37 43
37 45
37 46
37 59
37 87
37 160
37 725
37 729
37 810
38 39
38 40
38 41
38 42
38 44
38 46
38 51
38 723
38 726
38 729
38 730
38 732
38 818
39 40
39 41
39 42
40 41
40 42
41 42
43 44
43 45
43 46
43 47
43 51
43 59
43 184
43 503
43 735
43 873
44 45
44 46
44 47
44 51
44 60
44 184
44 185
44 504
44 549
44 873
45 46
45 47
45 128
45 146
46 47
46 51
46 52
46 62
46 184
46 504
46 873
48 49
48 50
49 50
51 52
51 53
51 734
51 736
52 53
52 793
54 55
54 56
54 57
54 58
54 60
54 729
55 56
55 57
55 58
55 60
55 65
56 57
56 58
57 58
58 794
59 60
59 61
59 62
59 63
59 64
59 65
59 665
59 725
59 729
59 740
59 787
59 895
59 896
60 61
60 62
60 63
60 64
60 65
60 726
60 740
60 741
60 895
60 896
61 62
61 63
62 63
64 65
64 66
64 67
64 68
64 69
64 895
65 66
65 67
65 68
65 69
65 349
65 575
65 736
65 740
65 741
65 895
65 896
66 67
66 68
66 69
66 896
67 68
67 69
68 69
68 859
70 71
70 72
70 73
70 74
70 75
70 76
70 77
71 72
71 73
71 74
71 75
71 76
71 77
71 96
71 149
72 73
72 74
72 75
72 76
72 77
73 74
73 75
73 76
73 77
74 75
74 76
74 77
75 76
75 77
76 77
78 79
78 80
78 81
78 82
78 83
78 84
78 85
78 420
79 80
79 81
79 82
79 83
79 84
79 85
79 314
80 81
80 82
80 83
80 84
80 85
80 235
80 236
80 569
81 82
81 83
81 84
81 85
81 101
82 83
82 84
82 85
83 84
83 85
84 85
84 134
84 851
84 877
86 87
86 88
86 89
86 90
86 91
86 92
86 510
87 88
87 89
87 90
87 91
87 92
88 89
88 90
88 91
88 92
88 149
89 90
89 91
89 92
90 91
90 92
91 92
91 521
93 94
93 95
93 96
93 97
93 98
93 99
93 100
93 101
93 102
93 103
93 104
93 105
93 112
93 139
93 166
93 168
93 172
93 410
93 700
93 751
93 801
93 877
93 956
94 95
94 96
94 97
94 98
94 99
94 100
94 101
94 102
94 103
94 104
94 105
94 112
94 113
94 166
94 168
94 172
94 801
94 874
95 96
95 97
95 98
95 99
95 100
95 101
95 102
95 103
95 104
95 105
95 112
95 134
95 139
95 148
95 167
95 171
95 178
95 184
95 661
95 662
95 693
95 694
95 700
95 801
95 895
96 97
96 98
96 99
96 100
96 101
96 102
96 103
96 104
96 105
96 112
96 113
96 135
96 167
96 172
96 179
96 184
96 662
96 694
96 701
96 801
97 98
97 99
97 100
97 101
97 102
97 103
97 104
97 105
98 99
98 100
98 101
98 102
98 103
98 104
98 105
99 100
99 101
99 102
99 103
99 104
99 105
100 101
100 102
100 103
100 104
100 105
100 107
100 112
100 134
100 139
100 147
100 148
100 801
100 877
101 102
101 103
101 104
101 105
101 112
101 113
101 172
101 179
101 801
101 878
102 103
102 104
102 105
103 104
103 105
104 105
106 107
106 108
106 109
106 110
106 111
106 112
106 113
106 114
106 115
106 661
107 108
107 109
107 110
107 111
107 112
107 113
107 114
107 115
108 109
108 110
108 111
108 112
108 113
108 114
108 115
109 110
109 111
109 112
109 113
109 114
109 115
110 111
110 112
110 113
110 114
110 115
111 112
111 113
111 114
111 115
112 113
112 114
112 115
113 114
113 115
113 168
114 115
116 117
116 118
116 119
116 120
116 121
116 122
116 123
116 877
117 118
117 119
117 120
117 121
117 122
117 123
118 119
118 120
118 121
118 122
118 123
119 120
119 121
119 122
119 123
120 121
120 122
120 123
120 877
121 122
121 123
122 123
122 874
124 125
124 126
124 127
124 128
124 129
125 126
125 127
125 129
125 874
126 127
127 745
128 129
128 130
128 131
128 132
128 133
128 139
128 165
128 184
128 210
128 214
128 873
128 874
128 877
129 130
129 131
129 132
129 133
129 139
129 165
129 211
129 214
129 215
129 217
129 218
129 333
129 349
129 874
129 877
130 131
130 132
130 133
131 132
131 133
132 133
133 332
134 135
134 136
134 137
134 138
134 146
134 147
134 178
134 184
134 188
134 196
134 642
134 643
134 849
134 877
134 895
135 136
135 137
135 138
135 146
135 147
135 149
135 168
135 179
135 184
135 642
135 877
135 895
135 896
136 137
136 138
137 138
139 140
139 141
139 142
139 143
139 144
139 145
139 146
139 147
139 149
139 174
139 332
139 346
139 347
139 569
139 877
140 141
140 142
140 143
140 144
140 145
140 149
141 142
141 143
141 144
141 145
141 347
142 143
142 144
142 145
143 144
143 145
144 145
144 149
145 373
146 147
146 148
146 149
146 150
146 151
146 152
146 174
146 420
146 740
146 741
146 745
146 762
146 895
147 148
147 149
147 150
147 151
147 152
147 166
147 284
147 740
147 741
147 745
147 895
147 896
148 149
148 150
148 151
148 152
149 150
149 151
149 152
149 740
149 895
150 151
150 152
151 152
153 154
153 155
153 156
153 157
153 158
153 159
153 252
153 733
153 825
154 155
154 156
154 157
154 158
154 159
155 156
155 157
155 158
155 159
156 157
156 158
156 159
157 158
157 159
158 159
160 161
160 162
160 163
160 164
160 165
160 166
160 223
161 162
161 163
161 164
161 165
161 166
162 163
162 164
162 165
162 166
163 164
163 165
163 166
164 165
164 166
165 166
165 877
166 662
167 168
167 169
167 170
167 179
167 184
167 286
167 332
167 392
167 394
167 395
167 396
167 397
167 398
168 169
168 170
168 179
168 332
168 392
168 395
168 397
169 170
171 172
171 173
171 174
171 175
171 196
171 405
171 406
172 173
172 175
172 197
174 175
174 176
174 177
174 184
174 196
174 214
174 225
174 252
174 289
174 298
174 313
174 319
174 401
174 405
174 407
174 569
174 851
174 877
175 176
175 177
175 215
175 253
175 401
175 405
176 177
178 179
178 180
178 181
178 182
178 183
178 877
179 180
179 181
179 182
179 183
180 181
180 182
180 183
181 182
181 183
182 183
184 185
184 186
184 187
184 188
184 189
184 190
184 346
184 700
184 745
185 186
185 187
185 188
185 189
185 190
186 187
186 188
186 189
186 190
187 188
187 189
187 190
188 189
188 190
189 190
191 192
191 193
191 194
191 195
191 206
191 221
191 222
191 223
191 224
191 225
191 226
191 481
191 482
192 193
192 194
192 195
192 206
192 207
192 326
192 482
192 546
193 194
193 195
193 781
193 782
193 786
194 195
195 207
195 373
196 197
196 198
196 199
196 200
196 202
196 340
196 346
196 347
196 410
196 413
196 416
196 488
196 821
196 822
196 825
197 198
197 199
197 200
197 203
197 340
197 347
197 416
197 821
197 822
197 825
197 826
198 199
198 200
199 200
199 832
201 202
201 203
201 204
201 205
201 332
201 333
201 781
201 782
201 786
201 860
202 203
202 204
202 205
202 206
202 207
202 735
202 736
203 204
203 205
203 206
203 207
203 736
204 205
205 946
206 207
206 208
206 209
206 336
206 340
206 793
206 914
206 956
207 208
207 209
207 336
207 337
207 340
207 341
207 441
207 736
207 915
208 209
210 211
210 212
210 213
210 221
210 222
210 223
210 224
210 735
210 877
211 212
211 213
211 221
211 222
211 223
211 224
211 735
212 213
214 215
214 216
214 217
214 218
214 219
214 220
214 252
214 253
214 332
214 369
214 370
214 781
214 782
214 783
214 785
214 786
215 216
215 217
215 218
215 219
215 220
215 252
215 253
215 332
215 333
215 785
215 786
216 217
216 218
216 219
216 220
217 218
217 219
217 220
217 253
217 304
217 332
217 781
217 785
217 786
217 835
218 219
218 220
218 253
218 332
218 781
218 785
218 786
219 220
221 222
221 223
221 224
221 225
221 226
221 229
221 252
221 253
221 273
221 274
221 313
221 410
221 459
221 648
221 826
221 845
221 859
221 877
222 223
222 224
222 225
222 229
222 253
222 459
222 460
222 821
222 826
223 224
223 225
223 229
223 252
223 253
223 334
223 387
223 826
223 859
224 225
224 229
224 253
224 826
225 226
225 227
225 228
225 229
225 230
225 236
225 259
225 260
225 267
225 294
225 301
225 302
225 304
225 313
225 314
225 315
225 319
225 322
225 326
225 348
225 349
225 397
225 405
225 406
225 753
225 845
226 227
226 228
226 229
226 230
226 236
226 260
226 294
226 302
226 406
227 228
227 373
229 230
229 231
229 232
229 233
229 234
229 825
230 231
230 232
230 233
230 234
230 236
231 232
231 233
231 234
232 233
232 234
233 234
235 236
235 237
235 238
235 264
235 293
235 359
235 371
235 372
235 373
235 410
235 415
235 416
235 825
235 873
236 236
236 237
236 238
236 260
236 264
236 410
236 415
236 786
236 821
237 238
239 240
239 241
239 242
239 243
239 252
239 253
239 267
239 268
239 273
239 274
239 278
239 279
239 782
239 785
239 786
240 241
240 242
240 243
240 252
240 253
240 268
240 273
240 274
240 278
240 279
240 713
240 783
240 794
241 242
241 243
241 252
241 253
241 268
241 274
241 279
241 408
242 243
242 304
242 832
244 245
244 246
244 247
244 346
244 347
244 449
244 734
245 246
245 247
245 347
245 449
245 734
246 247
248 249
248 250
248 251
248 319
248 326
248 327
248 736
249 250
249 251
250 251
252 253
252 254
252 255
252 256
252 257
252 258
252 313
252 364
252 825
252 850
252 851
252 855
252 873
253 254
253 255
253 256
253 257
253 258
253 268
253 273
253 274
253 708
253 754
253 826
253 830
254 255
254 256
254 257
254 258
255 256
255 257
255 258
256 257
256 258
257 258
258 316
258 320
258 323
258 397
258 398
258 826
258 830
259 260
259 261
259 262
259 263
259 264
259 265
259 266
259 273
259 373
259 826
260 261
260 262
260 263
260 264
260 265
260 266
260 274
260 686
260 826
261 262
261 263
261 264
261 265
261 266
262 263
262 264
262 265
262 266
263 264
263 265
263 266
264 265
264 266
264 371
264 372
264 373
264 415
264 416
265 266
267 268
267 269
267 270
267 271
267 272
267 301
267 302
267 304
267 322
267 394
267 735
267 753
267 826
268 269
268 270
268 271
268 272
268 278
268 279
268 301
268 302
268 304
268 316
268 320
268 323
268 327
269 270
269 271
269 272
270 271
270 272
271 272
271 273
271 274
273 274
273 275
273 276
273 277
273 278
273 279
274 275
274 276
274 277
274 278
274 279
275 276
275 277
276 277
278 279
278 280
278 281
278 282
278 283
278 284
278 307
278 313
278 510
279 280
279 281
279 282
279 283
279 284
279 307
279 313
279 322
279 323
280 281
280 282
280 283
280 284
281 282
281 283
281 284
282 283
282 284
283 284
283 313
283 314
283 315
283 316
283 319
283 320
283 322
283 323
284 320
285 286
285 287
285 288
285 301
285 349
285 740
286 287
286 288
287 288
289 290
289 291
289 292
289 313
289 314
289 315
289 735
289 845
290 291
290 292
291 292
293 294
293 295
293 296
293 297
294 295
294 296
294 297
294 299
295 296
295 297
296 297
298 299
298 300
298 482
298 877
299 300
299 314
299 375
299 978
301 302
301 303
301 304
301 305
301 306
301 313
301 314
301 315
301 316
301 319
301 320
301 322
301 323
301 326
301 327
301 348
301 349
301 397
301 410
301 833
302 303
302 304
302 305
302 306
302 314
302 315
302 316
302 319
302 320
302 322
302 323
302 326
302 349
302 358
302 833
302 834
303 304
303 305
303 306
303 320
303 322
303 323
303 394
303 777
304 305
304 306
304 314
304 315
304 316
304 320
304 323
304 327
304 777
304 833
305 306
307 308
307 309
307 310
307 311
307 312
307 316
307 319
307 320
307 322
307 323
307 877
308 309
308 310
308 311
308 312
309 310
309 311
309 312
309 316
309 320
309 322
309 323
309 394
310 311
310 312
311 312
313 314
313 315
313 316
313 317
313 318
313 319
313 320
313 321
313 322
313 323
313 324
313 325
313 326
313 327
313 328
313 329
313 330
313 331
313 332
313 333
313 348
313 349
313 364
313 371
313 372
313 394
313 396
313 397
313 398
313 410
313 510
313 808
313 833
314 315
314 316
314 317
314 318
314 319
314 320
314 321
314 322
314 323
314 324
314 325
314 326
314 327
314 328
314 329
314 330
314 331
314 333
314 410
314 821
314 833
315 316
315 317
315 318
315 319
315 320
315 321
315 322
315 323
315 324
315 325
315 326
315 327
315 328
315 329
315 330
315 331
315 349
315 487
315 661
315 808
315 833
315 869
315 872
316 317
316 318
316 319
316 320
316 321
316 322
316 323
316 324
316 325
316 326
316 327
316 328
316 329
316 330
316 331
316 349
316 358
316 833
316 834
317 318
317 319
317 320
317 321
317 322
317 323
317 324
317 325
317 326
317 327
317 328
317 329
317 330
317 331
318 319
318 320
318 321
318 322
318 323
318 324
318 325
318 326
318 327
318 328
318 329
318 330
318 331
319 320
319 321
319 322
319 323
319 324
319 325
319 326
319 327
319 328
319 329
319 330
319 331
319 349
319 358
319 459
319 661
319 720
319 833
319 834
319 918
320 321
320 322
320 323
320 324
320 325
320 326
320 327
320 328
320 329
320 330
320 331
320 333
320 349
320 358
320 833
320 834
321 322
321 323
321 324
321 325
321 326
321 327
321 328
321 329
321 330
321 331
322 323
322 324
322 325
322 326
322 327
322 328
322 329
322 330
322 331
322 349
322 358
322 762
322 767
322 833
322 834
322 895
323 324
323 325
323 326
323 327
323 328
323 329
323 330
323 331
323 349
323 358
323 833
323 834
324 325
324 326
324 327
324 328
324 329
324 330
324 331
325 326
325 327
325 328
325 329
325 330
325 331
326 327
326 328
326 329
326 330
326 331
326 358
326 413
326 834
327 328
327 329
327 330
327 331
327 348
327 358
327 776
327 783
328 329
328 330
328 331
329 330
329 331
330 331
332 333
332 334
332 335
332 346
332 347
332 348
332 349
332 406
332 500
332 513
332 751
332 774
332 851
332 867
333 334
333 335
333 346
333 347
333 381
333 513
333 751
333 774
333 846
333 867
334 335
335 733
335 781
336 337
336 338
336 339
336 346
336 471
336 472
336 510
337 338
337 339
337 346
337 347
338 339
340 341
340 342
340 343
340 344
340 345
340 346
341 342
341 343
341 344
341 345
341 347
342 343
342 344
342 345
343 344
343 345
344 345
346 347
346 348
346 349
346 642
346 733
346 734
346 956
347 733
347 734
348 349
348 350
348 351
348 352
348 353
348 364
348 369
348 693
348 825
348 846
349 350
349 351
349 352
349 353
349 364
349 375
349 451
349 826
349 846
350 351
350 352
350 353
351 352
351 353
352 353
354 355
354 356
354 357
354 735
354 736
355 356
355 357
355 367
356 357
359 360
359 361
359 362
359 363
359 364
359 365
359 367
359 369
359 481
359 482
359 492
359 498
359 590
359 777
359 778
360 361
360 362
360 363
360 493
360 499
360 591
360 778
361 362
361 363
362 363
364 365
364 366
364 367
364 368
364 369
364 370
364 405
364 420
364 421
364 476
364 481
364 482
364 488
364 492
364 498
364 877
365 366
365 367
365 368
365 369
365 370
365 451
365 481
365 492
365 493
365 499
365 559
365 565
365 587
366 367
366 368
367 368
367 369
367 481
367 489
367 492
367 544
367 587
368 492
368 493
369 370
369 802
369 956
370 420
370 421
370 493
370 607
371 372
371 373
371 374
371 375
371 410
371 415
371 527
371 558
371 559
372 372
372 373
372 374
372 376
372 410
372 415
372 426
372 558
372 575
373 374
373 410
373 415
373 420
373 527
373 558
373 768
373 875
375 376
375 377
375 378
375 379
375 380
375 381
375 382
375 383
375 384
375 385
375 386
376 377
376 378
376 379
376 380
376 381
376 382
376 383
376 384
376 385
376 386
377 378
377 379
377 380
377 381
377 382
377 383
377 384
377 385
377 386
378 379
378 380
378 381
378 382
378 383
378 384
378 385
378 386
379 380
379 381
379 382
379 383
379 384
379 385
379 386
380 381
380 382
380 383
380 384
380 385
380 386
381 382
381 383
381 384
381 385
381 386
382 383
382 384
382 385
382 386
383 384
383 385
383 386
384 385
384 386
385 386
387 388
387 389
387 390
387 391
387 394
387 395
387 396
387 397
387 398
388 389
388 390
388 391
388 395
389 390
389 391
389 396
390 391
392 393
392 394
392 395
392 396
392 397
392 398
392 492
392 498
393 395
393 396
393 493
394 395
394 396
394 397
394 398
394 781
394 782
395 396
395 397
395 398
395 414
395 575
396 397
396 398
396 414
396 765
397 398
397 399
397 400
397 405
397 406
397 410
397 419
397 575
398 399
398 400
398 419
398 575
398 754
399 400
401 402
401 403
401 404
401 405
401 406
402 403
402 404
403 404
405 406
405 407
405 408
405 409
405 410
405 420
405 426
405 482
405 510
405 653
405 777
406 407
406 408
406 409
406 410
406 653
407 408
407 409
407 781
407 782
408 409
408 895
410 411
410 412
410 413
410 414
410 415
410 416
410 648
411 412
411 413
411 414
411 416
411 649
412 413
412 414
413 414
415 416
415 417
415 418
415 440
415 450
415 481
416 417
416 418
416 482
417 418
420 421
420 422
420 423
420 424
420 425
420 433
420 434
420 438
420 488
420 492
420 790
421 422
421 423
421 424
421 425
421 430
421 434
421 438
421 488
421 489
421 492
421 493
422 423
422 424
422 425
423 424
423 425
424 425
426 427
426 428
426 429
426 430
426 431
426 432
427 428
427 429
427 430
427 431
427 432
428 429
428 430
428 431
428 432
429 430
429 431
429 432
429 433
430 431
430 432
430 433
430 434
430 489
431 432
433 434
433 435
433 436
433 437
433 492
433 493
433 498
433 499
434 435
434 436
434 437
434 493
434 498
434 499
435 436
437 438
437 439
437 450
438 439
438 449
438 450
438 451
438 459
438 460
438 476
438 489
438 546
440 441
440 442
440 443
440 444
440 445
440 446
440 447
440 448
440 646
441 442
441 443
441 444
441 445
441 446
441 447
441 448
441 646
442 443
442 444
442 445
442 446
442 447
442 448
443 444
443 445
443 446
443 447
443 448
444 445
444 446
444 447
444 448
445 446
445 447
445 448
446 447
446 448
447 448
449 450
449 451
449 452
449 453
449 481
449 487
449 512
449 646
449 808
450 451
450 452
450 453
450 476
450 486
450 693
450 758
450 766
451 452
451 453
451 459
451 460
451 477
451 482
451 675
451 758
452 453
454 455
454 456
454 457
454 458
454 548
454 590
454 685
455 456
455 457
455 458
455 549
455 591
456 457
456 458
457 458
459 460
459 461
459 462
459 463
459 464
459 481
459 482
459 527
459 528
459 529
459 541
459 555
459 556
459 564
459 617
459 661
459 808
459 877
460 461
460 462
460 463
460 464
460 481
460 482
460 527
460 528
460 529
460 556
460 564
460 565
461 462
461 463
461 464
462 463
462 464
463 464
465 466
465 467
465 468
465 469
465 470
465 471
465 472
465 548
465 549
465 949
465 956
465 957
466 467
466 468
466 469
466 470
466 472
466 549
467 468
467 469
467 470
468 469
468 470
469 470
471 472
471 473
471 474
471 475
471 481
471 863
472 473
472 474
472 475
472 481
472 482
472 863
472 864
473 474
473 475
474 475
476 477
476 478
476 479
476 480
476 481
476 482
476 486
476 487
476 488
476 489
476 498
476 499
476 510
476 625
476 648
476 649
476 650
477 478
477 479
477 480
477 482
477 486
477 487
477 488
477 489
477 498
477 511
477 570
477 648
477 649
478 479
478 480
479 480
481 482
481 483
481 484
481 485
481 486
481 487
481 489
481 498
481 503
481 510
481 547
481 555
481 580
481 607
481 618
481 674
481 675
482 483
482 484
482 485
482 486
482 487
482 488
482 489
482 498
482 503
482 510
482 513
482 514
482 515
482 534
482 542
482 546
482 607
482 641
482 646
482 670
482 675
483 484
483 485
483 486
483 487
484 485
484 486
484 487
485 486
485 487
486 487
486 512
486 521
486 877
488 489
488 490
488 491
488 498
488 499
488 510
488 554
488 564
488 567
488 590
488 648
488 969
489 490
489 491
489 498
489 513
489 546
489 591
489 599
489 648
490 491
492 493
492 494
492 495
492 496
492 497
492 498
492 510
492 512
492 553
492 590
493 494
493 495
493 496
493 497
493 499
493 511
493 514
493 546
493 599
494 495
494 496
494 497
495 496
495 497
496 497
498 499
498 500
498 501
498 502
498 510
498 512
498 553
498 564
498 567
498 590
498 648
498 649
498 650
499 500
499 501
499 502
499 513
499 546
499 554
499 556
499 565
499 570
499 591
499 599
499 648
500 501
500 502
501 502
503 504
503 505
503 506
503 507
503 508
503 509
503 510
503 513
504 505
504 506
504 507
504 508
504 509
505 506
505 507
505 508
505 509
506 507
506 508
506 509
507 508
507 509
508 509
509 512
510 511
510 512
510 513
510 514
510 515
510 541
510 653
511 512
511 513
511 514
511 515
511 530
511 534
511 570
511 591
511 653
511 654
512 513
512 514
512 515
512 541
512 546
512 653
513 514
513 515
513 530
513 542
513 653
514 515
514 546
514 554
514 653
515 542
515 544
515 653
516 517
516 518
516 519
516 520
517 518
517 519
517 520
517 522
518 519
518 520
519 520
521 522
521 523
521 524
521 525
521 526
521 527
521 528
521 529
521 541
521 564
521 590
521 625
521 658
522 523
522 524
522 525
522 526
522 527
522 528
522 530
522 541
522 542
522 546
522 577
522 598
522 686
523 524
523 525
523 526
523 527
523 528
524 525
524 526
524 527
524 528
525 526
525 527
525 528
526 527
526 528
527 528
528 554
529 530
529 531
529 532
530 531
530 532
530 554
531 532
533 534
533 535
533 536
533 537
533 538
533 539
533 540
533 553
533 555
533 564
534 535
534 536
534 537
534 538
534 539
534 540
534 554
535 536
535 537
535 538
535 539
535 540
536 537
536 538
536 539
536 540
537 538
537 539
537 540
538 539
538 540
539 540
541 542
541 543
541 544
541 545
541 625
542 543
542 544
542 545
543 544
543 545
544 545
544 650
546 547
546 552
548 549
548 550
548 551
548 552
548 555
548 569
548 584
548 709
549 550
549 551
549 552
549 556
549 591
550 551
550 552
551 552
553 554
553 555
553 556
553 557
553 558
553 653
553 829
553 849
554 555
554 556
554 557
554 653
554 654
555 556
555 557
555 560
555 567
555 569
555 583
555 617
556 557
556 560
556 561
556 570
556 654
558 559
558 560
558 561
558 562
558 563
559 560
559 561
559 562
559 563
560 561
560 562
560 563
561 562
561 563
562 563
564 565
564 566
564 567
564 568
564 569
564 570
564 581
564 603
564 607
565 566
565 567
565 570
565 581
565 604
565 608
567 568
567 569
567 570
567 571
567 572
567 573
567 580
567 590
567 617
567 653
568 569
568 570
568 571
568 572
568 573
568 581
568 590
568 591
568 617
568 618
568 653
568 654
568 679
568 680
569 570
569 571
569 572
569 573
569 580
569 590
569 603
569 607
569 617
569 877
570 571
570 572
570 573
570 591
571 572
571 573
572 573
574 575
576 577
576 578
576 579
577 578
577 579
578 579
580 581
580 582
580 583
580 584
580 585
580 586
580 587
580 588
580 589
581 582
581 583
581 584
581 585
581 586
581 587
581 588
581 589
582 583
582 584
582 585
582 586
582 587
582 588
582 589
583 584
583 585
583 586
583 587
583 588
583 589
584 585
584 586
584 587
584 588
584 589
585 586
585 587
585 588
585 589
586 587
586 588
586 589
587 588
587 589
588 589
589 704
590 591
590 592
590 593
590 594
590 595
590 596
590 597
590 598
590 603
590 604
590 611
590 640
591 592
591 593
591 594
591 595
591 596
591 597
591 598
591 618
591 640
592 593
592 594
592 595
592 596
592 597
592 598
593 594
593 595
593 596
593 597
593 598
594 595
594 596
594 597
594 598
595 596
595 597
595 598
596 597
596 598
597 598
598 608
598 640
598 646
598 649
599 600
599 601
599 602
599 603
599 604
599 641
599 657
599 763
600 601
600 602
601 602
603 604
603 605
603 606
604 605
604 606
604 608
605 606
607 608
607 609
607 610
607 611
607 612
607 625
607 641
607 642
607 643
607 785
608 609
608 610
608 611
608 612
608 625
608 626
608 641
608 643
608 646
608 965
608 966
609 610
611 612
611 613
611 614
611 615
611 616
611 617
611 625
611 627
611 641
612 613
612 614
612 615
612 616
612 627
612 641
613 614
613 615
613 616
614 615
614 616
615 616
617 618
617 619
617 620
617 621
617 622
617 625
617 626
617 642
617 643
617 700
617 762
617 877
617 956
618 619
618 620
618 621
618 622
618 625
618 627
618 641
618 643
618 763
618 776
618 877
619 620
619 621
620 621
622 623
622 624
622 625
622 627
623 624
623 625
625 626
625 627
625 628
625 629
625 630
625 631
625 636
625 762
625 851
625 965
626 627
626 628
626 629
626 630
626 631
627 628
627 629
627 630
627 631
627 636
627 637
628 629
628 630
628 631
629 630
629 631
630 631
632 633
632 634
632 635
632 636
632 637
633 634
633 635
633 636
633 637
634 635
634 636
634 637
635 636
635 637
636 637
638 639
638 640
639 640
640 776
641 646
641 795
642 643
642 644
642 645
643 644
643 645
644 645
646 647
648 649
648 650
648 651
648 652
648 653
648 661
648 662
648 665
648 762
648 763
648 793
648 888
648 895
648 896
649 650
649 651
649 652
649 653
649 654
649 661
649 662
649 665
649 666
649 762
649 763
649 888
649 896
650 651
650 652
650 654
650 662
650 666
651 652
653 654
653 655
653 656
653 777
653 829
653 877
654 655
654 656
654 775
654 776
654 777
654 783
655 656
657 658
657 659
657 660
658 659
658 660
659 660
661 662
661 663
661 664
661 665
661 707
661 708
661 712
661 713
661 802
661 803
661 863
662 663
662 664
662 665
662 666
662 707
662 708
662 712
662 713
662 802
662 803
663 664
665 666
665 667
665 668
665 729
666 667
666 668
666 776
667 668
669 670
669 671
669 672
669 673
669 674
669 675
669 676
669 677
669 678
669 679
669 680
670 671
670 672
670 673
670 674
670 675
670 676
670 677
670 678
670 679
670 680
671 672
671 673
671 674
671 675
671 676
671 677
671 678
671 679
671 680
672 673
672 674
672 675
672 676
672 677
672 678
672 679
672 680
673 674
673 675
673 676
673 677
673 678
673 679
673 680
674 675
674 676
674 677
674 678
674 679
674 680
675 676
675 677
675 678
675 679
675 680
676 677
676 678
676 679
676 680
677 678
677 679
677 680
678 679
678 680
679 680
680 682
681 682
681 683
681 684
681 685
681 686
681 690
681 767
682 683
682 684
682 685
682 686
682 690
682 691
682 813
683 684
685 686
685 687
685 688
685 689
685 690
685 691
685 767
685 781
686 687
686 688
686 689
686 690
686 691
686 878
687 688
687 689
688 689
689 786
690 691
690 692
690 777
691 692
693 694
693 695
693 696
693 697
693 698
693 699
693 700
693 701
693 707
693 712
693 713
693 735
693 777
693 778
693 877
694 695
694 696
694 697
694 698
694 699
694 700
694 701
694 707
694 708
694 712
694 713
694 778
695 696
695 697
695 698
695 699
696 697
696 698
696 699
697 698
697 699
698 699
698 700
698 701
698 704
698 705
699 701
699 704
699 705
699 778
700 701
700 702
700 703
700 704
700 705
700 706
700 707
700 808
700 895
701 702
701 703
701 704
701 705
701 706
701 708
701 713
701 808
701 810
701 818
702 703
702 704
702 705
702 706
703 704
703 705
703 706
704 705
704 706
704 712
704 802
704 805
704 808
704 809
704 810
705 706
705 713
705 808
705 809
705 810
705 818
707 708
707 709
707 710
707 711
707 712
707 793
707 802
708 709
708 710
708 711
708 712
708 713
708 793
709 710
709 711
710 711
712 713
712 714
712 715
712 754
713 714
713 715
713 754
713 794
714 715
716 717
716 718
716 719
716 720
716 721
716 722
716 723
716 724
716 949
717 718
717 719
717 720
717 721
717 722
717 723
717 724
718 719
718 720
718 721
718 722
718 723
718 724
719 720
719 721
719 722
719 723
719 724
720 721
720 722
720 723
720 724
720 729
720 949
720 956
721 722
721 723
721 724
722 723
722 724
723 724
723 729
723 730
725 726
725 727
725 728
725 729
725 730
725 740
726 727
726 728
726 729
726 730
727 728
729 730
729 731
729 732
729 740
729 741
729 745
729 777
729 957
730 731
730 732
730 733
730 741
731 732
733 734
733 735
733 736
733 737
733 738
733 777
733 895
733 896
734 735
734 736
734 737
734 738
734 895
734 896
735 736
735 737
735 738
735 895
735 896
736 737
736 738
736 741
736 776
736 783
736 896
737 738
739 877
739 895
739 896
740 741
740 742
740 743
740 744
740 745
740 746
740 747
740 748
740 749
740 750
740 751
740 752
740 845
740 882
740 887
740 891
740 895
740 896
741 742
741 743
741 744
741 745
741 746
741 747
741 748
741 749
741 750
741 751
741 752
741 882
741 883
741 895
741 896
742 743
742 744
742 745
742 746
742 747
742 748
742 749
742 750
742 751
742 752
743 744
743 745
743 746
743 747
743 748
743 749
743 750
743 751
743 752
744 745
744 746
744 747
744 748
744 749
744 750
744 751
744 752
745 746
745 747
745 748
745 749
745 750
745 751
745 752
745 891
745 895
745 896
746 747
746 748
746 749
746 750
746 751
746 752
747 748
747 749
747 750
747 751
747 752
748 749
748 750
748 751
748 752
749 750
749 751
749 752
750 751
750 752
751 752
751 888
751 895
753 754
753 755
753 756
753 767
753 782
753 783
753 873
753 874
753 876
754 755
754 756
754 785
754 852
754 873
754 874
754 876
755 756
757 758
757 759
757 760
757 761
757 775
757 776
757 829
758 759
758 760
758 761
759 760
759 761
760 761
762 763
762 764
762 765
762 766
762 775
762 776
763 764
763 765
763 766
763 775
763 776
764 765
764 766
765 766
765 778
767 768
767 769
767 770
767 771
767 772
767 773
768 769
768 770
768 771
768 772
768 773
769 770
769 771
769 772
769 773
770 771
770 772
770 773
771 772
771 773
772 773
772 775
772 776
774 775
774 776
775 776
775 786
775 788
775 794
775 850
775 859
775 860
775 878
776 778
776 783
777 778
777 779
777 780
777 787
778 779
778 780
778 783
778 788
778 818
779 780
781 782
781 783
781 784
781 785
781 786
781 825
781 867
781 873
782 783
782 784
782 785
782 786
782 867
782 873
783 784
783 785
783 786
783 852
783 873
783 874
784 785
784 786
785 786
785 797
785 867
785 873
786 798
786 867
786 874
787 788
787 789
788 789
788 794
790 791
790 792
790 793
791 792
793 794
793 795
793 796
793 797
793 802
793 804
794 795
794 796
794 798
794 801
795 796
797 798
797 799
797 800
797 801
798 799
798 800
798 801
799 800
799 801
800 801
802 803
802 804
802 805
802 806
802 807
803 804
803 805
803 806
803 807
804 805
804 806
804 807
805 806
805 807
806 807
808 809
808 810
808 811
808 877
809 810
809 811
810 811
812 813
812 814
812 815
812 816
813 814
813 815
813 816
814 815
814 816
815 816
816 832
817 818
817 819
817 820
817 855
818 819
818 820
819 820
821 822
821 823
821 824
821 826
822 823
822 824
822 825
822 826
822 829
823 824
825 826
825 827
825 828
825 829
825 830
825 845
825 859
826 827
826 828
826 830
826 832
826 852
826 856
826 874
826 876
826 878
827 828
829 830
829 831
829 832
829 849
829 869
829 873
830 831
830 832
830 850
830 856
830 860
830 869
831 832
832 834
832 869
832 876
833 834
833 835
833 836
834 835
834 836
835 836
837 838
837 839
837 840
837 841
837 842
837 843
837 844
837 849
837 851
837 859
837 863
837 882
837 887
838 839
838 840
838 841
838 842
838 843
838 844
838 846
838 850
838 852
838 864
838 882
838 883
838 887
838 888
839 840
839 841
839 842
839 843
839 844
840 841
840 842
840 843
840 844
841 842
841 843
841 844
841 849
841 850
841 851
841 852
841 855
841 856
841 882
841 887
842 843
842 844
842 850
842 856
842 883
843 844
845 846
845 847
845 848
845 849
845 850
845 851
845 852
845 855
845 856
845 859
845 877
845 882
846 847
846 848
846 850
846 851
846 852
846 855
846 856
846 860
846 864
846 883
847 848
849 850
849 851
849 852
849 853
849 854
849 855
849 856
849 889
850 851
850 852
850 853
850 854
850 856
850 889
851 852
851 853
851 854
851 855
851 856
851 859
851 863
851 873
851 889
852 853
852 854
852 855
852 856
852 860
852 864
852 876
852 889
853 854
855 856
855 857
855 858
855 859
855 863
855 882
855 883
855 887
855 888
856 857
856 858
856 860
856 864
856 883
856 888
856 890
857 858
859 860
859 861
859 862
859 863
859 864
859 867
859 882
860 861
860 862
860 864
860 867
860 883
861 862
863 864
863 865
863 866
863 867
863 868
863 873
863 882
864 865
864 866
864 867
864 868
864 876
865 866
865 867
865 868
866 867
866 868
867 868
869 870
869 871
869 872
870 871
870 872
871 872
873 874
873 875
873 876
874 875
874 876
875 876
877 878
877 879
877 880
877 881
878 879
878 880
878 881
879 880
879 881
880 881
882 883
882 884
882 885
882 886
882 887
882 888
882 889
882 890
882 895
882 896
883 884
883 885
883 886
883 887
883 888
883 889
883 890
883 896
884 885
884 886
884 887
884 888
884 889
884 890
885 886
885 887
885 888
885 889
885 890
886 887
886 888
886 889
886 890
887 888
887 889
887 890
887 891
887 895
888 889
888 890
888 891
888 896
889 890
891 892
891 893
891 894
892 893
892 894
893 894
895 896
895 897
895 898
895 899
895 900
896 897
896 898
896 899
896 900
896 907
897 898
897 899
897 900
898 899
898 900
899 900
901 902
901 903
901 904
901 905
901 931
901 938
901 949
902 903
902 904
902 905
902 918
902 919
902 932
902 936
902 944
902 945
902 946
903 904
903 905
904 905
906 907
906 908
906 909
906 910
906 911
906 912
906 913
906 914
906 915
906 916
906 918
906 923
906 926
906 928
906 929
906 931
906 944
906 949
906 956
906 957
907 908
907 909
907 910
907 911
907 912
907 913
907 914
907 915
907 917
907 919
907 923
907 928
907 929
907 932
907 944
907 945
907 946
907 950
907 958
908 909
908 910
908 911
908 912
908 913
908 914
908 915
909 910
909 911
909 912
909 913
909 914
909 915
910 911
910 912
910 913
910 914
910 915
910 916
910 918
910 923
910 928
910 929
910 944
910 957
911 912
911 913
911 914
911 915
911 917
911 919
911 923
911 928
911 929
911 932
911 944
911 945
911 958
912 913
912 914
912 915
913 914
913 915
914 915
914 918
914 919
914 944
914 945
914 946
915 919
916 917
916 918
916 919
917 918
917 919
918 919
918 920
918 921
918 922
918 923
918 924
918 926
918 928
918 929
918 930
918 931
918 932
918 935
918 938
918 939
918 944
918 949
918 950
918 953
918 958
918 963
919 920
919 921
919 922
919 923
919 924
919 928
919 929
919 932
919 945
919 946
919 949
919 950
919 958
920 921
920 922
920 923
920 924
921 922
921 923
921 924
922 923
922 924
923 924
923 956
925 926
925 927
925 928
926 927
926 928
926 957
927 928
928 931
928 932
928 935
928 936
928 938
928 939
928 944
928 945
928 946
928 950
928 956
928 957
928 958
929 930
929 944
929 945
929 946
931 932
931 933
931 934
931 935
931 936
931 937
931 938
931 939
931 940
931 941
931 942
931 943
931 944
931 945
931 956
932 933
932 934
932 935
932 936
932 937
932 938
932 939
932 940
932 941
932 942
932 943
932 944
932 945
932 946
932 950
932 953
932 958
932 963
933 934
933 935
933 936
933 937
933 938
933 939
933 940
933 941
933 942
933 943
934 935
934 936
934 937
934 938
934 939
934 940
934 941
934 942
934 943
935 936
935 937
935 938
935 939
935 940
935 941
935 942
935 943
935 944
935 949
935 957
936 937
936 938
936 939
936 940
936 941
936 942
936 943
936 944
936 945
936 950
936 953
936 958
937 938
937 939
937 940
937 941
937 942
937 943
938 939
938 940
938 941
938 942
938 943
938 944
938 949
938 954
938 957
939 940
939 941
939 942
939 943
939 944
939 945
939 950
939 958
940 941
940 942
940 943
941 942
941 943
942 943
943 963
944 945
944 946
944 947
944 948
944 949
944 950
944 952
944 953
944 956
944 957
944 958
945 946
945 947
945 948
945 950
945 953
945 956
945 957
945 958
946 947
946 948
946 950
946 958
947 948
949 950
949 951
949 952
949 956
949 957
949 958
950 951
950 952
950 953
950 956
950 958
950 963
952 953
952 954
952 955
952 956
952 957
952 958
952 963
953 954
953 955
953 958
953 963
954 955
956 957
956 958
956 959
956 960
956 961
956 962
956 963
956 964
957 957
957 958
957 959
957 960
957 961
957 962
957 963
957 964
958 959
958 960
958 961
958 962
958 963
958 964
959 960
959 961
959 962
959 963
959 964
960 961
960 962
960 963
960 964
961 962
961 963
961 964
962 963
962 964
963 964
965 966
965 967
965 968
966 967
966 968
967 968
969 970
969 971
969 972
969 973
969 974
969 975
969 976
970 971
970 972
970 973
970 974
970 975
970 976
971 972
971 973
971 974
971 975
971 976
972 973
972 974
972 975
972 976
973 974
973 975
973 976
974 975
974 976
975 976
977 978
977 979
978 979
