0 1
0 2
0 3
0 4
0 13
0 328
0 350
0 351
0 589
0 602
0 603
0 630
0 659
0 687
0 688
0 691
0 796
0 873
0 879
1 2
1 3
1 4
1 5
1 13
1 350
1 603
1 609
1 667
1 688
2 3
2 4
2 602
3 4
5 6
5 7
5 8
5 334
5 350
5 351
5 817
6 7
6 8
6 325
6 585
7 8
9 10
9 11
9 12
9 293
9 294
9 299
9 465
9 466
9 602
9 623
9 626
9 634
9 739
9 745
10 11
10 12
10 293
10 294
10 459
10 462
10 464
10 466
10 739
10 743
11 12
13 14
13 15
13 310
13 442
13 443
13 463
13 680
13 687
13 688
13 691
13 692
14 15
14 310
14 311
14 442
14 466
14 579
14 664
14 687
16 17
16 18
16 19
16 20
16 21
16 22
16 26
16 27
16 102
16 179
16 191
16 194
16 221
16 242
16 256
16 362
16 372
16 378
16 415
16 435
16 544
17 18
17 19
17 20
17 21
17 22
17 71
17 72
17 194
17 256
17 262
17 367
17 372
17 384
17 439
17 470
17 722
18 19
18 20
18 21
19 20
19 21
19 22
19 23
19 63
19 103
19 105
19 394
20 21
20 22
20 23
20 60
20 80
20 102
20 130
20 390
22 23
22 24
22 25
22 26
22 27
22 256
22 282
22 370
22 371
22 415
22 438
22 461
23 24
23 25
23 27
23 140
23 172
23 219
23 256
23 394
23 415
23 439
24 25
26 27
26 28
26 29
26 30
26 31
26 32
26 71
26 150
26 192
26 229
26 230
26 237
26 242
26 267
26 383
26 525
27 28
27 29
27 30
27 31
27 32
27 33
27 71
27 72
27 229
27 268
27 470
28 29
28 30
28 31
29 30
29 31
30 31
30 182
30 194
31 194
31 200
32 33
32 34
32 186
32 362
33 34
33 93
34 247
35 36
35 37
35 38
35 39
35 60
35 61
35 95
35 109
36 37
36 38
36 39
36 61
36 96
36 367
37 38
37 39
37 194
38 39
40 41
40 42
40 43
40 44
40 45
40 92
40 171
40 209
40 243
41 42
41 43
41 44
41 45
41 93
41 96
41 237
41 247
42 43
42 44
42 45
42 92
42 93
42 362
43 44
43 45
44 45
46 47
46 48
46 49
46 60
46 186
46 362
46 527
47 48
47 49
47 63
47 172
47 237
48 49
50 51
50 52
50 53
50 129
51 52
51 53
51 60
51 61
51 63
51 367
52 53
54 55
54 56
54 57
54 58
54 59
54 61
55 56
55 57
55 58
55 59
55 61
56 57
56 58
56 59
57 58
57 59
58 59
58 61
58 194
58 240
60 61
60 62
60 63
60 171
60 247
60 371
61 62
61 63
61 128
61 200
61 416
63 64
63 65
63 122
63 151
63 192
63 194
63 461
63 604
64 65
66 67
66 68
66 69
66 70
66 76
66 129
66 186
67 68
67 69
67 70
67 92
67 93
67 213
67 247
68 69
68 70
69 70
71 72
71 73
71 74
71 75
71 92
71 93
71 129
71 186
71 209
71 213
71 242
71 243
71 438
71 439
71 469
72 73
72 74
72 75
72 194
72 247
72 384
72 470
73 74
73 75
74 75
76 77
76 78
76 79
76 80
76 102
76 103
76 156
76 182
76 229
76 243
76 378
76 479
76 525
76 571
77 78
77 79
77 81
77 84
77 102
77 105
77 174
77 243
78 79
80 81
80 82
80 83
80 84
80 85
80 86
80 92
80 95
80 102
80 103
80 104
80 105
80 114
80 135
80 174
80 186
81 82
81 83
81 84
81 85
81 86
81 87
81 96
81 97
81 102
81 103
81 105
81 157
81 192
81 243
81 383
81 384
82 83
82 84
82 85
82 86
82 103
82 131
83 84
83 85
83 86
84 85
84 86
84 89
84 96
84 102
84 103
84 105
84 137
84 194
84 222
85 86
87 88
87 89
87 90
87 91
87 129
87 131
87 135
87 137
87 185
87 200
88 89
88 90
88 91
88 130
88 136
88 137
88 140
88 187
88 328
89 90
89 91
90 91
92 93
92 94
92 96
92 102
92 104
92 107
92 204
92 209
92 242
92 243
92 253
92 264
93 94
93 95
93 96
93 102
93 103
93 104
93 105
93 109
93 136
93 204
93 213
93 237
95 96
95 97
95 102
95 108
95 125
95 190
95 200
95 209
95 571
96 103
96 109
96 240
96 367
96 571
97 98
97 99
97 100
97 101
97 192
97 243
98 99
98 100
98 101
98 109
99 100
99 101
100 101
100 186
102 103
102 104
102 105
102 106
102 107
102 125
102 171
102 190
102 371
102 702
102 703
103 104
103 105
103 106
103 107
103 151
103 487
103 488
103 702
103 703
104 105
104 106
104 107
105 106
105 107
105 140
105 703
106 107
108 109
108 110
108 111
108 112
108 135
108 136
108 150
108 151
108 154
108 370
109 110
109 111
109 112
109 119
109 122
109 136
109 151
109 174
109 222
110 111
110 112
111 112
113 114
113 115
113 116
113 117
113 118
113 119
113 120
113 171
113 230
114 115
114 116
114 117
114 118
114 119
114 120
114 171
115 116
115 117
115 118
115 119
115 120
116 117
116 118
116 119
116 120
117 118
117 119
117 120
118 119
118 120
118 194
119 120
121 122
121 123
121 124
121 164
122 123
122 124
122 165
122 230
123 124
125 126
125 139
125 209
127 128
127 173
127 362
127 383
128 186
129 130
129 131
129 132
129 133
129 134
129 135
129 136
129 137
129 138
129 139
129 140
129 141
129 142
129 145
129 171
129 173
129 182
129 183
129 200
129 201
129 421
130 131
130 132
130 133
130 134
130 135
130 136
130 137
130 138
130 139
130 140
130 141
130 142
130 146
130 182
130 186
130 197
130 201
130 497
131 132
131 133
131 134
131 135
131 136
131 137
131 138
131 139
131 140
131 141
131 142
131 190
131 200
131 238
131 269
131 330
131 341
131 347
132 133
132 134
132 135
132 136
132 137
132 138
132 139
132 140
132 141
132 142
132 144
132 146
132 148
132 187
132 432
133 134
133 135
133 136
133 137
133 138
133 139
133 140
133 141
133 142
134 135
134 136
134 137
134 138
134 139
134 140
134 141
134 142
134 182
135 136
135 137
135 138
135 139
135 140
135 141
135 142
135 145
135 182
135 184
135 185
135 186
135 242
135 702
136 137
136 138
136 139
136 140
136 141
136 142
136 146
136 186
136 187
136 201
137 138
137 139
137 140
137 141
137 142
137 146
137 183
137 194
137 200
137 201
137 240
137 715
138 139
138 140
138 141
138 142
138 182
139 140
139 141
139 142
139 143
139 182
139 185
139 200
139 201
139 218
139 221
139 242
139 260
139 267
139 272
139 350
139 358
139 452
139 546
140 141
140 142
140 143
140 157
140 183
140 200
140 201
140 236
140 261
140 572
141 142
143 144
143 145
143 146
143 147
143 182
143 185
144 145
144 146
144 147
144 187
145 146
145 147
145 185
145 186
145 187
145 461
146 147
146 187
146 526
148 149
148 187
148 362
150 151
150 152
150 153
150 154
150 155
150 156
150 164
150 362
150 438
151 152
151 153
151 154
151 155
151 157
152 153
152 154
152 155
152 194
153 154
153 155
154 155
156 157
156 158
156 159
156 160
156 161
156 162
156 164
156 171
156 172
156 174
156 204
156 229
156 421
157 158
157 159
157 160
157 162
157 165
157 166
157 169
157 174
157 233
158 159
158 160
159 160
160 182
160 409
161 162
161 163
161 164
161 165
161 169
161 171
161 172
161 174
161 186
162 163
162 165
162 166
162 169
162 171
162 174
162 201
162 204
162 205
162 237
162 268
163 174
164 165
164 166
164 167
164 168
164 169
164 170
164 171
164 172
164 173
164 174
164 200
164 201
164 204
164 214
164 248
164 407
164 419
165 166
165 167
165 168
165 169
165 170
165 172
165 201
165 205
165 215
165 230
166 167
166 168
166 169
166 170
166 174
166 181
166 201
166 204
166 205
167 168
167 169
167 170
168 169
168 170
169 170
169 174
169 234
169 376
171 172
171 173
171 174
171 175
171 176
171 177
171 178
171 179
171 180
171 181
171 204
171 229
171 260
171 371
172 173
172 174
172 175
172 176
172 177
172 178
172 179
172 180
172 181
172 230
173 174
173 175
173 176
173 177
173 178
173 179
173 180
173 181
173 204
173 209
173 248
173 362
173 435
173 541
174 175
174 176
174 177
174 178
174 179
174 180
174 181
174 201
175 176
175 177
175 178
175 179
175 180
175 181
176 177
176 178
176 179
176 180
176 181
177 178
177 179
177 180
177 181
178 179
178 180
178 181
179 180
179 181
180 181
182 183
182 184
182 185
182 190
182 196
182 198
182 200
182 201
182 238
183 184
183 186
183 187
183 197
183 201
184 185
184 187
185 186
185 187
185 188
185 189
185 190
185 200
186 187
186 188
186 189
186 190
186 201
187 187
187 188
187 189
187 190
187 197
187 201
187 465
188 189
188 190
189 190
190 209
191 192
191 193
191 194
191 195
192 193
192 194
192 195
192 229
192 243
192 703
193 194
193 195
194 195
194 238
194 240
194 270
196 197
196 198
196 199
197 198
197 199
198 199
198 362
200 201
200 202
200 203
200 225
200 240
200 408
201 202
201 203
201 205
201 215
202 203
204 205
204 206
204 207
204 208
204 240
204 402
205 206
205 207
205 208
205 530
206 207
206 208
207 208
208 363
209 210
209 211
209 212
209 213
209 218
209 219
210 211
210 212
210 213
210 222
210 326
210 399
210 407
210 410
210 430
211 212
211 213
212 213
213 219
214 215
214 216
214 217
215 216
215 217
216 217
218 219
218 220
218 221
218 222
218 223
218 224
218 225
218 226
218 227
218 228
218 242
218 363
219 220
219 221
219 222
219 223
219 224
219 225
219 226
219 227
219 228
219 237
219 363
220 221
220 222
220 223
220 224
220 225
220 226
220 227
220 228
221 222
221 223
221 224
221 225
221 226
221 227
221 228
221 240
221 242
222 223
222 224
222 225
222 226
222 227
222 228
223 224
223 225
223 226
223 227
223 228
224 225
224 226
224 227
224 228
225 226
225 227
225 228
225 240
226 227
226 228
227 228
229 230
229 231
229 232
229 237
229 240
229 283
230 231
230 232
230 236
230 237
230 243
230 346
230 348
231 232
233 234
233 235
233 236
233 237
233 240
234 235
234 236
235 236
237 238
237 239
237 240
237 241
237 243
237 268
237 862
238 239
238 240
238 241
239 240
239 241
240 241
240 374
240 458
240 487
242 243
242 244
242 245
242 246
242 247
242 262
242 267
242 326
242 350
242 358
242 362
242 363
242 384
243 244
243 245
243 246
243 247
243 248
243 256
243 260
243 262
243 362
244 245
244 246
244 247
245 246
245 247
246 247
247 249
247 260
247 839
247 840
248 249
248 250
248 251
248 252
249 250
249 251
249 252
250 251
250 252
251 252
253 254
253 255
253 256
253 257
253 258
253 259
253 260
253 261
254 255
254 256
254 257
254 258
254 259
254 260
254 261
255 256
255 257
255 258
255 259
255 260
255 261
256 257
256 258
256 259
256 260
256 261
256 362
257 258
257 259
257 260
257 261
258 259
258 260
258 261
259 260
259 261
260 261
260 363
262 263
262 264
262 265
262 266
262 324
262 350
262 362
262 363
262 384
263 264
263 265
263 266
263 367
264 265
264 266
265 266
267 268
267 269
267 270
267 271
267 275
267 300
267 305
267 324
267 363
267 574
267 634
268 269
268 270
268 271
268 301
268 302
268 306
268 346
268 348
269 270
269 271
270 271
272 273
272 274
272 275
272 276
272 283
272 284
272 293
272 294
272 305
272 306
272 324
272 326
272 334
272 343
272 345
272 350
272 358
272 448
273 274
273 275
273 276
273 281
273 287
273 301
273 302
273 325
273 329
273 334
273 335
273 344
273 346
273 348
273 354
275 276
275 277
275 278
275 279
275 283
275 284
275 286
275 293
275 294
275 300
275 305
275 306
275 310
275 324
275 325
275 326
275 334
275 345
275 350
275 358
275 448
275 544
275 623
275 634
276 277
276 278
276 279
276 284
276 287
276 301
276 302
276 325
276 329
276 335
276 344
276 346
276 348
276 354
276 547
277 278
277 279
278 279
278 338
280 281
280 282
280 334
280 335
281 282
281 325
281 329
281 346
281 348
283 284
283 285
283 286
283 293
283 294
283 297
283 300
283 310
283 324
283 326
283 329
283 335
283 343
283 346
283 350
283 353
283 527
283 544
284 285
284 286
284 293
284 298
284 301
284 311
284 325
284 329
284 335
284 344
284 346
284 348
284 354
284 528
286 287
286 288
286 289
286 290
286 334
286 708
287 288
287 289
287 290
287 293
287 325
287 329
287 335
287 346
287 348
288 289
288 290
289 290
291 292
292 294
292 398
292 443
292 488
292 526
292 562
292 627
292 724
292 731
292 735
292 739
292 745
293 294
293 295
293 296
293 300
293 305
293 310
293 324
293 334
293 335
293 339
293 343
293 345
293 346
293 350
293 448
293 452
293 496
293 612
293 618
293 623
293 624
293 634
293 724
293 725
293 739
293 746
294 295
294 296
294 299
294 300
294 306
294 329
294 335
294 346
294 453
294 497
294 635
294 725
294 735
294 740
294 746
295 296
297 298
297 299
297 326
297 471
297 631
297 702
297 740
298 299
298 348
298 631
299 461
299 462
299 634
300 301
300 302
300 303
300 304
300 305
300 306
300 307
300 308
300 309
300 310
300 324
300 326
300 343
300 346
300 350
300 353
300 452
300 471
300 574
300 582
300 714
300 752
300 830
300 864
300 873
301 302
301 303
301 304
301 305
301 306
301 307
301 308
301 309
301 311
301 344
301 346
301 354
301 453
301 575
301 714
301 752
301 753
301 757
301 830
301 831
301 865
301 873
302 303
302 304
302 305
302 306
302 307
302 308
302 309
302 311
302 346
302 354
302 453
302 714
302 752
302 830
302 873
303 304
303 305
303 306
303 307
303 308
303 309
304 305
304 306
304 307
304 308
304 309
305 306
305 307
305 308
305 309
305 310
305 343
305 353
305 452
305 714
305 752
305 830
305 873
306 307
306 308
306 309
306 310
306 311
306 344
306 346
306 354
306 714
306 715
306 752
306 753
306 830
306 831
306 862
306 873
307 308
307 309
308 309
310 311
310 312
310 313
310 314
310 315
310 324
310 326
310 335
310 350
310 687
310 688
310 691
310 692
311 312
311 313
311 314
311 315
311 335
311 346
311 448
311 449
311 575
312 313
312 314
312 315
313 314
313 315
314 315
316 317
316 318
317 318
318 849
319 320
319 321
319 322
319 324
319 325
319 326
319 329
319 334
319 335
319 337
319 338
319 626
320 321
320 322
320 329
320 335
320 337
320 338
320 346
320 348
320 470
321 322
322 337
322 338
323 346
323 348
324 325
324 326
324 327
324 328
324 329
324 334
324 335
324 337
324 338
324 339
324 343
324 345
324 350
324 358
325 326
325 327
325 329
325 334
325 337
325 344
325 442
325 544
326 327
326 328
326 334
326 337
326 338
326 339
326 343
326 345
326 452
328 329
328 330
328 331
328 332
328 333
328 334
328 335
328 342
328 344
328 346
328 350
328 352
328 353
328 407
328 408
328 409
328 442
328 453
328 612
328 664
329 330
329 331
329 332
329 333
329 334
329 339
329 345
329 351
329 354
329 403
329 408
329 410
329 442
329 453
329 470
329 635
329 663
329 725
330 331
330 332
330 333
330 409
331 332
331 333
332 333
334 335
334 336
334 337
334 338
334 343
334 402
334 452
334 471
335 336
335 337
335 338
335 343
335 348
335 452
335 453
335 477
336 337
336 338
337 338
337 340
338 344
338 476
339 340
339 341
339 342
339 343
339 344
339 350
339 402
340 341
340 342
340 343
340 344
340 348
341 342
341 343
341 344
341 409
342 343
342 344
342 402
343 344
343 346
343 348
343 407
343 408
343 469
343 470
343 472
344 470
345 346
345 347
345 348
345 349
345 350
345 472
346 347
346 348
346 349
346 398
346 400
346 403
346 453
346 469
346 590
347 348
347 349
347 402
348 349
348 354
348 453
348 469
350 351
350 352
350 358
350 398
350 402
350 407
350 409
350 421
350 422
350 589
350 612
350 623
350 631
350 634
350 718
351 352
351 359
351 398
351 400
351 403
351 408
351 410
351 625
351 663
351 664
351 667
351 668
353 354
353 355
353 356
353 357
353 407
353 409
354 355
354 356
354 357
354 402
354 408
354 470
355 356
355 357
356 357
358 359
358 360
358 361
358 363
359 360
359 361
360 361
362 363
362 364
362 365
362 366
362 367
362 368
362 369
362 370
362 371
362 391
363 364
363 365
363 366
363 367
363 368
363 369
363 370
363 371
363 550
364 365
364 366
364 367
364 368
364 369
364 370
364 371
365 366
365 367
365 368
365 369
365 370
365 371
366 367
366 368
366 369
366 370
366 371
367 368
367 369
367 370
367 371
367 416
367 470
368 369
368 370
368 371
369 370
369 371
370 371
371 438
372 373
372 374
372 375
372 376
372 377
372 383
372 384
373 374
373 375
373 376
373 377
373 384
374 375
374 376
374 377
375 376
375 377
376 377
378 379
378 380
378 381
378 382
378 383
378 384
379 380
379 381
379 382
379 384
380 381
380 382
381 382
383 384
383 385
383 386
383 387
383 388
383 394
383 426
383 435
384 385
384 386
384 387
384 388
384 526
385 386
385 387
385 388
386 387
386 388
387 388
389 390
389 391
389 392
389 421
390 391
390 392
390 422
391 392
392 394
393 394
393 395
393 396
393 421
393 438
394 395
394 396
394 416
394 422
394 432
395 396
397 398
397 399
397 400
397 401
398 399
398 400
398 401
398 403
398 410
399 400
399 401
399 409
400 401
400 402
400 403
401 408
402 403
402 404
402 405
402 406
402 407
402 408
402 409
402 426
402 438
403 404
403 405
403 406
403 407
403 408
403 410
404 405
404 406
405 406
407 408
407 409
407 410
407 411
407 412
407 413
407 414
407 604
407 875
408 409
408 410
408 411
408 412
408 413
408 414
408 419
408 420
408 605
409 410
409 411
409 412
409 413
409 414
409 419
409 438
409 465
410 411
410 412
410 413
410 414
411 412
411 413
411 414
412 413
412 414
413 414
415 416
415 417
415 418
415 419
415 420
415 421
415 422
416 417
416 418
416 419
416 420
416 422
416 439
417 418
417 419
417 420
418 419
418 420
419 420
419 422
421 422
421 423
421 424
421 425
421 426
422 423
422 424
422 425
422 427
422 432
422 461
423 424
423 425
424 425
426 427
426 428
426 429
426 430
426 438
426 439
427 428
427 429
427 430
427 439
428 429
428 430
429 430
431 432
431 433
431 434
432 433
432 434
432 439
433 434
435 436
435 437
435 438
435 439
435 448
436 437
436 439
438 439
438 440
438 441
438 461
439 440
439 441
439 461
439 462
440 441
442 443
442 444
442 445
442 446
442 447
442 448
442 449
442 848
443 444
443 445
443 446
443 447
443 449
444 445
444 446
444 447
445 446
445 447
446 447
448 449
448 450
448 451
448 452
448 454
448 525
448 526
448 708
449 450
449 451
449 452
449 453
449 455
449 459
449 461
449 462
449 526
449 612
450 451
452 453
452 469
452 535
453 740
454 455
454 456
454 457
454 687
454 739
455 456
455 457
455 464
456 457
458 459
458 460
458 461
458 462
458 463
458 510
458 550
458 584
458 604
458 626
458 630
458 644
458 659
459 460
459 461
459 462
459 464
459 466
459 585
459 604
459 660
460 461
460 462
461 462
461 463
461 465
461 604
461 670
462 466
462 585
462 604
462 605
463 464
463 465
463 467
463 468
463 493
463 584
463 596
463 602
463 614
463 749
464 465
464 466
464 491
464 492
465 466
465 467
465 584
465 630
466 467
467 585
469 470
469 471
469 472
469 473
469 474
469 475
469 612
470 471
470 472
470 473
470 474
470 475
470 476
471 472
471 473
471 474
471 475
471 481
471 493
471 556
471 612
471 710
472 473
472 474
472 475
472 476
472 511
472 521
472 557
473 474
475 476
475 477
475 478
475 479
475 535
475 557
475 574
475 724
476 477
476 478
476 585
477 478
479 480
479 481
479 483
479 487
479 492
479 511
479 514
479 525
479 526
479 527
479 556
479 557
479 558
479 597
479 608
479 612
479 618
479 632
479 758
481 482
481 483
481 484
481 485
481 486
481 491
481 492
481 511
481 525
481 526
481 556
481 557
481 558
482 483
482 484
482 485
482 486
482 491
482 492
482 497
482 556
483 484
483 485
483 486
483 496
483 510
483 535
483 556
483 557
483 626
484 485
484 486
484 529
485 486
487 488
487 489
487 490
487 491
487 492
487 496
487 525
487 526
487 527
487 557
488 489
488 490
488 492
488 526
488 527
488 528
489 490
489 507
489 529
490 558
491 492
491 493
491 494
491 495
491 496
491 497
491 574
491 634
491 691
491 724
491 725
492 493
492 494
492 495
492 496
492 515
492 528
492 561
492 574
492 575
492 612
492 634
492 724
493 494
493 495
493 502
494 495
496 497
496 498
496 499
496 500
496 501
496 561
496 562
496 626
496 634
496 644
496 724
496 725
496 786
497 498
497 499
497 500
497 501
497 561
497 562
497 634
497 724
497 725
497 731
497 735
497 740
497 746
498 499
498 500
498 501
499 500
499 501
500 501
502 503
502 504
502 505
502 506
502 510
502 550
502 558
502 612
502 614
502 739
503 504
503 505
503 506
503 507
503 510
503 511
504 505
506 507
506 508
506 509
506 510
506 535
506 550
506 556
506 558
506 608
506 614
506 709
507 508
507 509
507 510
507 511
507 532
507 536
507 545
507 551
507 556
508 509
510 511
510 512
510 513
510 514
510 527
510 531
510 535
510 544
510 546
511 512
511 513
511 514
511 521
511 551
511 556
512 513
514 515
514 516
514 517
514 518
514 519
514 520
514 521
514 522
514 526
514 556
514 557
514 632
515 516
515 517
515 518
515 519
515 520
515 521
515 522
515 526
515 528
516 517
516 518
516 519
516 520
516 521
516 522
517 518
517 519
517 520
517 521
517 522
518 519
518 520
518 521
518 522
519 520
519 521
519 522
520 521
520 522
521 522
521 530
523 524
523 525
523 526
523 558
524 525
524 526
525 526
525 527
525 558
525 634
525 772
526 536
526 545
526 589
526 672
526 681
526 794
527 528
527 529
527 530
527 535
527 544
527 556
527 612
527 806
528 529
528 530
528 535
528 536
528 541
528 545
528 797
528 798
529 530
529 532
529 536
529 541
530 531
530 532
530 536
530 542
530 825
531 532
531 533
531 534
531 535
531 536
532 533
532 534
532 536
533 534
535 536
535 537
535 538
535 539
535 540
535 544
535 545
535 546
535 612
535 758
536 537
536 538
536 539
536 540
536 544
536 545
536 546
536 556
536 557
536 798
537 538
537 539
537 540
538 539
538 540
538 825
539 540
541 542
541 543
541 544
541 545
542 543
542 544
542 545
543 544
543 545
544 545
544 556
546 547
546 548
546 549
547 548
547 549
548 549
550 551
550 552
550 553
550 554
550 555
550 558
551 552
551 553
551 554
551 555
552 553
552 554
552 555
553 554
553 555
554 555
556 557
556 558
556 559
556 560
556 612
557 558
557 559
557 560
557 567
557 573
557 612
558 559
558 560
558 614
558 843
559 560
561 562
561 563
561 564
561 565
561 571
561 724
561 725
562 563
562 564
562 565
562 567
563 564
563 565
564 565
566 567
566 568
566 569
566 570
566 571
566 572
566 725
566 817
566 818
566 822
566 823
566 824
566 825
567 568
567 569
567 570
567 571
567 572
567 625
567 626
567 627
567 635
567 638
567 640
567 645
567 688
567 721
567 722
567 725
567 735
567 773
567 781
567 817
567 822
567 823
567 824
567 825
568 569
568 570
568 571
568 572
568 742
569 570
569 571
569 572
570 571
570 572
571 572
571 626
571 644
571 721
571 730
571 734
571 772
571 815
571 817
571 822
571 824
573 638
573 797
574 575
574 576
574 577
574 578
574 581
574 584
574 591
574 593
574 612
574 614
574 615
574 623
574 626
574 627
574 762
574 855
574 873
575 576
575 577
575 578
575 579
575 581
575 590
575 592
575 612
575 613
575 614
575 619
575 625
575 627
575 665
575 857
576 577
577 585
577 590
577 592
578 579
578 580
578 581
578 582
578 583
578 584
578 590
578 817
579 580
579 581
579 582
579 583
579 585
580 581
580 582
580 583
581 582
581 583
581 585
581 589
581 590
581 619
581 635
581 861
582 583
582 592
582 634
582 635
583 585
583 724
584 585
584 586
584 587
584 588
584 589
584 602
584 615
584 618
584 623
584 634
584 858
585 586
585 587
585 588
585 589
585 590
585 591
585 592
585 619
585 631
586 587
586 588
587 588
588 816
589 590
589 591
589 592
589 714
589 744
589 748
589 861
590 591
590 592
590 635
590 717
590 861
591 592
592 802
592 812
593 594
593 595
594 595
595 742
596 597
596 598
597 598
597 624
597 626
597 632
597 633
599 600
599 601
600 601
601 602
601 603
602 603
602 604
602 605
602 615
602 619
602 626
602 627
602 669
602 670
602 745
603 605
603 609
603 615
603 619
603 627
604 605
604 606
604 607
605 606
605 607
605 655
605 704
606 607
608 609
608 610
608 611
608 624
608 630
608 631
608 632
608 716
608 796
608 801
608 822
608 839
609 610
609 611
609 631
609 635
610 611
612 613
612 614
612 615
612 616
612 617
612 618
612 619
612 623
612 624
612 625
612 626
612 627
612 630
612 659
612 660
612 714
612 796
613 614
613 615
613 616
613 617
613 627
613 631
614 615
614 616
614 617
614 627
614 630
614 631
614 716
615 616
615 617
615 618
615 619
615 623
615 624
615 626
615 627
615 630
615 654
616 617
617 718
618 619
618 620
618 621
618 622
618 623
618 624
618 625
618 626
618 627
618 630
618 631
618 656
618 659
618 660
618 664
618 666
618 667
618 670
618 755
618 850
619 620
619 621
619 622
619 625
619 627
619 631
619 655
619 663
619 665
620 621
620 622
621 622
623 624
623 625
623 659
623 660
623 670
623 671
623 685
623 745
624 625
624 626
624 630
624 632
624 633
624 642
624 654
624 655
624 664
625 627
625 655
625 664
625 724
625 739
625 745
626 627
626 628
626 629
626 630
626 631
626 632
626 663
626 666
626 824
627 628
627 629
627 630
627 631
627 633
627 655
627 664
627 824
627 825
628 629
630 631
630 632
630 633
630 635
630 645
630 659
630 663
630 758
631 632
631 633
631 635
631 644
632 633
632 644
632 663
632 666
633 638
633 645
634 635
634 636
634 637
634 638
634 639
634 640
634 641
634 724
634 725
634 739
634 740
634 742
634 745
634 861
635 636
635 637
635 638
635 639
635 640
635 641
635 724
635 725
635 739
635 740
635 742
636 637
636 638
636 639
636 640
636 641
637 638
637 639
637 640
637 641
638 639
638 640
638 641
638 643
638 739
639 640
639 641
640 641
640 731
640 735
640 739
640 740
640 741
640 743
641 742
642 643
642 644
642 645
642 646
642 647
642 648
643 644
643 645
643 646
643 647
643 648
644 645
644 646
644 647
644 648
645 646
645 647
645 648
645 717
645 718
646 647
646 648
647 648
649 650
649 651
649 652
649 653
650 651
650 652
650 653
651 652
651 653
652 653
652 688
652 692
652 773
652 796
652 797
652 798
653 692
654 655
654 656
654 657
654 658
654 659
654 664
654 666
654 714
654 781
655 656
655 657
655 658
655 660
655 664
655 669
655 674
656 657
656 658
657 658
659 660
659 661
659 662
659 663
659 822
659 824
660 661
660 662
660 664
661 662
663 664
663 665
664 665
666 667
666 714
668 669
668 670
668 671
668 672
669 670
671 672
671 691
671 696
672 681
672 683
672 688
673 674
673 675
673 676
673 677
673 678
673 679
674 675
674 676
674 677
674 678
674 679
674 688
674 818
675 676
675 677
675 678
675 679
676 677
676 678
676 679
677 678
677 679
678 679
679 692
680 681
680 682
680 687
680 688
680 692
681 682
681 798
683 684
683 685
683 686
683 691
683 798
684 685
684 686
684 692
684 773
685 686
685 691
687 688
687 689
687 690
687 691
687 739
687 786
687 817
688 689
688 690
688 691
688 787
688 794
689 690
691 692
691 693
691 694
691 695
691 791
692 693
692 694
692 695
693 694
693 695
694 695
696 697
696 698
696 699
696 700
696 701
697 698
697 699
697 700
697 701
698 699
698 700
698 701
698 704
699 700
699 701
700 701
702 703
702 704
702 705
702 767
702 806
702 884
703 704
703 739
703 884
704 706
704 803
704 807
705 706
705 707
705 777
706 707
708 709
708 710
708 711
708 712
708 713
708 714
708 716
708 752
708 756
708 762
708 873
709 710
709 711
709 712
709 713
709 752
709 753
709 756
709 762
709 873
709 874
710 711
710 712
710 713
711 712
711 713
711 842
712 713
714 715
714 716
714 717
714 718
714 719
714 720
714 752
714 762
714 766
714 769
714 801
714 827
715 716
715 717
715 718
715 719
715 720
715 752
715 762
715 763
715 796
715 797
715 829
715 831
715 837
715 840
715 849
716 716
716 717
716 718
716 719
716 720
716 752
716 755
716 758
716 762
716 772
716 801
716 806
716 808
716 811
716 851
716 869
717 718
717 719
717 720
717 753
717 758
717 759
717 763
717 818
717 828
717 844
717 870
718 719
718 720
718 762
718 765
718 775
718 827
718 851
719 720
721 722
721 723
721 817
721 818
721 822
721 823
721 824
721 825
722 723
722 825
724 725
724 726
724 727
724 728
724 729
724 734
724 735
724 739
724 740
724 742
724 758
724 801
725 726
725 727
725 728
725 729
725 734
725 735
725 739
725 740
725 745
725 746
726 727
726 728
726 729
727 728
727 729
728 729
730 731
730 732
730 733
731 732
731 733
732 733
734 735
734 736
734 737
734 738
734 745
735 736
735 737
735 738
735 740
735 743
735 745
735 746
736 737
736 738
737 738
739 740
739 741
739 742
739 743
739 744
739 745
739 746
739 781
739 793
739 796
739 861
740 741
740 742
740 743
740 744
740 745
740 746
740 816
740 861
741 742
741 743
741 744
742 743
742 744
742 745
743 744
743 746
743 863
745 746
745 747
745 748
745 777
745 861
746 747
746 748
746 759
746 778
747 748
749 750
749 751
750 751
752 753
752 754
752 755
753 754
753 755
754 755
756 757
756 758
756 759
756 760
756 761
757 758
757 759
757 760
757 761
758 759
758 760
758 761
759 760
759 761
759 818
760 761
762 763
762 764
762 765
762 766
762 769
762 777
763 764
763 765
764 765
764 842
765 825
766 767
766 768
766 769
766 770
766 771
766 853
766 865
766 873
766 874
767 768
767 769
767 770
767 771
768 769
768 770
768 771
769 770
769 771
769 818
769 865
769 870
769 873
770 771
772 773
772 774
772 775
772 776
772 777
772 778
772 801
772 864
772 869
773 774
773 775
773 776
773 778
773 781
773 801
773 806
774 775
774 776
775 776
776 816
777 778
777 779
777 780
777 783
777 806
777 815
777 843
778 779
778 780
778 783
778 784
778 825
779 780
781 782
781 783
781 784
781 785
781 796
781 797
781 801
781 802
781 816
782 783
782 784
782 785
783 784
783 785
783 796
783 815
784 785
786 787
786 788
786 789
786 790
786 791
786 792
787 788
787 789
787 790
787 791
787 792
788 789
788 790
788 791
788 792
789 790
789 791
789 792
790 791
790 792
791 792
793 794
793 795
793 796
793 797
793 798
794 795
795 798
796 797
796 798
796 801
796 807
797 798
797 801
799 800
799 803
801 802
801 803
801 804
801 805
801 806
801 815
801 816
801 848
801 864
801 873
802 803
802 804
802 805
802 806
802 807
802 812
802 865
803 804
803 805
803 808
803 809
803 811
803 866
804 805
806 807
806 808
806 809
806 810
806 815
806 816
807 808
807 809
807 810
808 809
808 810
808 843
809 810
811 812
811 813
811 814
812 813
812 814
813 814
815 816
817 818
817 819
817 820
817 821
817 822
817 824
817 873
818 819
818 820
818 821
818 822
818 823
818 825
818 873
819 820
819 821
820 821
822 823
822 824
822 825
822 826
822 830
822 847
823 824
823 825
823 826
823 829
823 831
823 840
823 849
824 825
824 826
824 843
824 848
825 826
825 843
825 844
827 828
827 829
827 847
828 829
829 839
829 840
829 842
830 831
830 832
830 833
830 834
830 842
830 847
830 861
831 832
831 833
831 834
831 840
832 833
832 834
833 834
835 836
835 837
835 838
836 837
836 838
836 843
836 844
836 847
836 861
837 838
839 840
839 841
839 842
839 843
839 844
839 847
839 849
840 841
840 842
840 843
840 844
841 842
842 843
843 844
843 845
843 846
843 847
843 848
843 849
843 851
843 861
843 869
844 845
844 846
844 847
844 851
844 869
845 846
845 847
846 847
847 848
848 849
848 850
848 851
848 852
848 853
848 861
848 869
849 850
849 851
849 852
849 853
849 873
850 851
850 852
850 853
851 852
851 853
851 869
852 853
854 855
856 857
856 858
856 859
856 860
857 858
857 859
857 860
858 859
858 860
859 860
861 862
861 863
862 863
864 865
864 866
864 867
864 868
865 866
865 867
865 868
866 867
866 868
867 868
869 870
869 871
869 872
869 873
869 874
870 871
870 872
870 873
870 874
871 872
871 873
871 874
872 873
872 874
873 874
875 876
875 877
875 878
876 877
876 878
877 878
879 880
879 881
879 882
879 883
879 884
880 881
880 882
880 883
880 884
881 882
881 883
881 884
882 883
882 884
883 884
