0 1
0 2
0 3
0 10
0 125
0 144
0 252
1 2
1 3
1 11
1 13
1 41
1 132
1 134
1 142
1 145
2 3
4 5
4 6
4 7
4 8
4 9
4 985
4 987
4 990
4 995
4 1012
5 6
5 7
5 8
5 9
5 985
5 986
5 990
5 991
6 7
6 8
6 9
7 8
7 9
8 9
10 11
10 12
10 13
10 14
10 15
10 34
10 93
10 142
10 223
10 276
10 280
10 596
10 621
10 779
10 835
10 907
11 12
11 13
11 14
11 15
11 17
11 93
11 907
12 13
12 14
12 15
12 41
12 144
12 149
12 576
12 873
12 908
13 14
13 15
13 90
13 145
13 194
13 195
13 200
13 907
13 908
13 911
13 912
14 15
15 74
16 17
16 18
16 190
16 191
16 960
16 961
16 962
17 18
17 81
17 147
17 148
17 149
17 150
18 72
18 937
19 20
19 21
19 22
19 23
19 24
19 25
19 26
19 39
19 66
19 72
19 73
19 74
19 80
19 81
19 907
20 21
20 22
20 23
20 24
20 26
20 39
20 42
20 71
20 73
20 74
20 80
20 81
21 22
21 23
21 24
22 23
22 24
23 24
25 26
25 27
25 28
25 29
25 30
25 31
25 32
25 33
25 911
26 27
26 28
26 29
26 30
26 31
26 32
26 33
26 71
26 81
27 28
27 29
27 30
27 31
27 32
27 33
28 29
28 30
28 31
28 32
28 33
28 580
29 30
29 31
29 32
29 33
30 31
30 32
30 33
31 32
31 33
32 33
34 35
34 36
34 37
34 41
34 42
34 66
34 69
34 74
34 80
34 97
34 125
34 126
34 365
34 366
34 907
35 36
35 37
36 37
38 39
38 40
38 840
38 842
39 40
39 41
39 42
39 71
39 252
39 305
39 841
41 42
41 43
41 44
41 45
41 64
41 66
41 72
41 73
41 357
42 43
42 44
42 45
42 66
42 72
42 73
43 44
43 45
44 45
46 47
46 48
46 49
46 50
46 51
46 52
47 48
47 49
47 50
47 51
47 52
47 73
48 49
48 50
48 51
48 52
48 161
49 50
49 51
49 52
50 51
50 52
51 52
53 54
53 55
53 56
53 57
53 58
53 59
53 60
53 61
53 62
53 63
53 64
54 55
54 56
54 57
54 58
54 59
54 60
54 61
54 62
54 63
54 64
55 56
55 57
55 58
55 59
55 60
55 61
55 62
55 63
55 64
56 57
56 58
56 59
56 60
56 61
56 62
56 63
56 64
57 58
57 59
57 60
57 61
57 62
57 63
57 64
58 59
58 60
58 61
58 62
58 63
58 64
59 60
59 61
59 62
59 63
59 64
60 61
60 62
60 63
60 64
61 62
61 63
61 64
62 63
62 64
63 64
63 358
64 125
64 126
65 66
65 67
65 68
65 69
65 72
65 73
65 74
65 123
65 711
66 67
66 68
66 69
66 70
66 71
66 73
66 80
66 88
66 89
66 123
66 200
66 866
67 68
69 70
69 71
69 72
69 74
69 142
69 200
69 943
70 71
70 73
70 93
70 126
70 308
71 73
71 90
71 201
72 73
72 74
72 75
72 76
72 77
72 80
72 149
72 1031
73 74
73 75
73 76
73 77
73 80
73 81
73 132
73 201
73 864
74 75
74 76
74 77
74 80
74 81
74 468
74 486
75 76
75 77
76 77
78 79
78 371
80 81
80 82
80 83
81 82
81 83
81 223
81 921
82 83
84 85
84 86
84 87
84 101
84 125
85 86
85 87
85 100
85 101
85 119
85 123
86 87
88 89
88 90
88 91
88 92
88 101
88 102
88 123
88 128
88 226
89 90
89 91
89 92
89 97
89 100
89 101
89 102
89 117
89 119
89 123
89 128
90 91
90 92
90 97
90 102
90 119
90 123
90 128
91 92
93 94
93 95
93 96
93 97
93 100
94 95
94 96
95 96
97 98
97 99
97 100
97 101
97 102
97 119
97 123
97 154
97 366
98 99
98 100
99 100
100 102
100 123
100 367
101 102
101 103
101 104
101 105
101 118
101 119
101 123
101 147
101 230
101 371
101 372
102 103
102 104
102 105
102 118
102 119
102 123
102 372
103 104
103 105
104 105
106 107
106 108
106 109
106 110
106 111
106 112
106 113
106 114
106 115
107 108
107 109
107 110
107 111
107 112
107 113
107 114
107 115
107 1041
108 109
108 110
108 111
108 112
108 113
108 114
108 115
109 110
109 111
109 112
109 113
109 114
109 115
110 111
110 112
110 113
110 114
110 115
111 112
111 113
111 114
111 115
112 113
112 114
112 115
113 114
113 115
113 911
114 115
115 119
116 117
117 223
117 277
118 119
118 120
118 121
118 122
118 123
118 761
119 120
119 121
119 122
119 123
120 121
120 122
121 122
123 124
123 125
123 126
123 154
123 757
125 126
125 127
125 128
125 881
125 882
126 127
126 128
126 129
126 882
126 907
126 937
126 938
127 158
127 159
128 129
128 130
129 130
131 132
131 133
131 134
131 135
131 136
131 137
131 142
131 144
131 145
131 390
131 391
132 133
132 134
132 135
132 136
132 137
132 142
132 145
132 173
132 879
133 134
133 135
133 136
134 135
134 136
134 137
134 142
134 145
134 162
134 173
134 879
135 136
137 138
137 139
137 140
137 141
137 142
137 144
137 145
137 190
137 191
138 139
138 140
138 141
138 145
139 140
139 141
140 141
142 143
142 144
142 145
142 146
142 365
142 845
142 1021
143 144
143 145
143 146
144 145
144 146
145 146
145 376
146 158
146 159
147 148
147 149
147 150
147 151
147 164
147 357
147 873
147 887
147 911
147 1045
148 149
148 150
148 151
148 391
149 150
149 151
149 164
149 878
149 887
149 1045
150 151
150 391
152 153
152 158
152 159
152 161
152 1021
153 159
153 161
154 155
154 156
154 157
154 158
154 159
154 161
155 156
155 157
155 159
155 161
156 157
158 159
158 160
158 161
158 200
158 513
158 935
159 160
159 161
159 163
159 200
159 935
160 161
161 185
161 186
161 200
161 201
161 870
161 935
162 163
162 164
162 165
163 164
163 165
164 165
166 167
166 168
167 168
168 197
169 170
169 171
169 172
169 173
170 171
170 172
170 173
171 172
171 173
172 173
174 175
174 176
174 177
174 178
174 179
174 180
174 181
174 182
174 183
174 184
174 185
174 186
175 176
175 177
175 178
175 179
175 180
175 181
175 182
175 183
175 184
175 185
175 186
176 177
176 178
176 179
176 180
176 181
176 182
176 183
176 184
176 185
176 186
177 178
177 179
177 180
177 181
177 182
177 183
177 184
177 185
177 186
178 179
178 180
178 181
178 182
178 183
178 184
178 185
178 186
178 318
178 353
178 365
178 464
178 791
179 180
179 181
179 182
179 183
179 184
179 185
179 186
180 181
180 182
180 183
180 184
180 185
180 186
181 182
181 183
181 184
181 185
181 186
181 200
181 357
181 361
182 183
182 184
182 185
182 186
182 358
183 184
183 185
183 186
184 185
184 186
185 186
185 484
187 188
187 189
187 190
188 189
188 190
188 191
189 357
190 191
190 192
190 193
190 194
190 200
190 201
190 280
190 281
190 382
190 383
190 960
190 961
190 962
191 192
191 193
191 194
191 197
191 200
191 201
191 280
191 383
191 393
192 193
194 195
194 196
194 197
194 198
194 199
194 200
194 201
194 246
194 248
194 252
194 330
194 365
194 376
194 396
194 597
194 907
194 908
194 910
194 911
194 912
194 937
195 196
195 197
195 198
195 199
195 200
195 280
195 366
195 376
195 597
195 907
195 908
195 910
196 197
196 198
196 199
197 198
197 199
197 200
197 366
197 367
197 375
197 376
197 597
197 907
197 910
198 199
198 654
200 201
200 202
200 203
200 204
200 365
200 375
200 376
200 907
200 908
200 910
200 911
200 912
201 202
201 203
201 204
201 366
201 371
201 372
201 376
201 379
201 380
201 907
202 203
202 204
203 204
205 362
206 207
206 208
206 209
206 210
206 211
206 212
206 213
206 214
207 208
207 209
207 210
207 211
207 212
207 213
207 214
208 209
208 210
208 211
208 212
208 213
208 214
208 357
208 757
209 210
209 211
209 212
209 213
209 214
209 353
209 358
209 362
210 211
210 212
210 213
210 214
211 212
211 213
211 214
212 213
212 214
213 214
215 216
215 217
215 218
215 353
216 217
216 218
217 218
219 220
219 221
219 222
219 223
219 226
219 240
219 248
219 349
219 350
219 361
219 362
219 411
219 562
219 761
219 864
220 221
220 222
220 223
220 227
220 305
220 326
220 345
220 362
220 424
220 846
221 222
221 223
222 223
223 269
223 270
223 274
223 280
223 281
223 282
223 285
223 290
223 348
223 349
223 1019
224 225
224 226
224 227
224 228
224 229
224 1040
225 226
225 227
225 228
225 229
226 227
226 228
226 229
226 276
226 280
226 335
226 344
226 371
226 484
226 494
226 656
226 657
226 775
226 779
226 791
226 792
227 228
227 229
227 336
227 767
227 776
227 792
228 229
230 231
230 232
231 232
233 234
233 235
233 236
233 237
233 238
233 239
233 274
233 276
233 318
233 422
233 423
234 235
234 236
234 237
234 238
234 239
234 319
234 423
234 424
235 236
235 237
235 238
235 239
235 293
235 551
236 237
236 238
236 239
236 294
236 319
237 238
237 239
238 239
240 241
240 242
240 243
240 321
241 242
241 243
242 243
244 245
244 246
244 247
245 246
245 247
245 248
245 249
245 254
245 303
245 305
245 309
245 311
245 312
245 313
245 318
245 319
245 321
245 322
246 247
246 248
246 249
246 274
246 275
246 584
246 1040
247 248
247 275
247 319
248 249
248 250
248 251
248 254
248 274
248 275
248 276
248 280
248 284
248 308
248 309
248 316
248 321
248 322
248 370
248 437
248 584
248 941
249 250
249 251
249 275
249 305
249 321
249 322
249 585
249 941
250 251
252 253
252 254
252 255
252 256
252 257
252 274
252 280
252 281
252 282
252 285
252 288
252 303
252 309
252 318
252 484
252 584
252 585
253 254
253 255
253 256
253 257
253 280
253 281
253 282
253 284
253 285
253 288
253 303
253 305
253 319
253 584
254 255
254 256
254 257
254 274
254 280
254 284
254 285
254 288
254 303
254 308
254 309
254 584
255 256
255 257
255 274
255 275
255 280
255 281
255 282
255 285
255 288
255 303
255 305
255 309
255 507
255 584
256 257
258 259
258 260
258 261
258 262
258 301
258 302
258 308
258 311
258 312
258 335
258 577
258 580
258 584
259 260
259 261
259 262
259 280
259 301
259 302
259 308
259 311
259 312
259 564
259 576
259 577
259 581
260 261
260 262
260 577
261 262
261 313
263 264
263 265
263 266
263 267
263 268
263 538
263 757
264 265
264 266
264 267
264 268
264 539
265 266
265 267
265 268
266 267
266 268
267 268
269 270
269 271
269 272
269 275
269 284
269 863
270 271
270 272
271 272
271 274
271 275
271 276
271 277
271 284
271 312
272 275
272 277
273 274
273 275
273 276
273 277
273 278
273 279
273 280
273 281
273 284
273 288
273 293
273 308
273 411
273 413
274 274
274 275
274 276
274 277
274 278
274 279
274 280
274 281
274 282
274 284
274 285
274 290
274 293
274 294
274 301
274 302
274 308
274 311
274 312
274 471
274 480
275 276
275 277
275 278
275 279
275 280
275 282
275 284
275 285
275 290
275 302
275 309
275 312
275 412
275 471
275 832
276 277
276 278
276 279
276 280
276 281
276 282
276 284
276 285
276 289
276 290
276 308
276 335
276 480
276 530
276 546
276 954
277 278
277 279
277 280
277 285
277 289
277 531
278 279
280 281
280 282
280 283
280 284
280 285
280 288
280 289
280 293
280 294
280 297
280 301
280 302
280 303
280 305
280 308
280 309
280 311
280 312
280 326
280 330
280 339
280 499
280 500
280 510
280 584
280 585
280 729
280 840
280 942
280 963
280 979
280 1041
281 282
281 283
281 284
281 285
281 288
281 290
281 293
281 294
281 301
281 308
281 766
282 283
282 285
282 290
282 293
282 296
282 305
282 312
282 424
282 507
284 285
284 286
284 287
284 288
284 290
284 293
284 294
284 308
284 311
284 318
284 480
284 584
284 942
285 286
285 287
285 288
285 290
285 293
285 294
285 301
285 308
285 311
285 312
285 319
285 322
285 376
286 287
288 289
288 290
288 291
288 292
288 293
288 294
288 308
289 290
289 291
289 292
290 291
290 292
290 293
290 294
290 308
291 292
293 294
293 295
293 296
293 301
293 303
293 308
293 311
293 411
294 295
294 296
294 302
294 305
294 311
294 411
295 296
297 298
297 299
297 300
297 301
297 302
297 311
297 577
298 299
298 300
298 301
298 302
298 319
298 322
298 577
299 300
301 302
301 308
301 342
301 344
301 840
302 308
302 342
302 344
302 840
303 304
303 305
303 306
303 307
303 308
303 309
303 310
303 311
303 312
303 513
303 514
304 305
304 306
304 307
304 308
304 309
304 310
305 306
305 307
305 308
305 309
305 310
305 312
305 513
306 307
306 308
306 309
306 310
307 308
307 309
307 310
308 309
308 310
308 311
308 313
309 310
309 311
309 312
309 313
311 312
311 313
311 314
311 315
311 316
311 321
311 344
311 835
312 313
312 314
312 315
313 314
313 315
314 315
316 317
316 325
316 335
316 348
316 417
318 319
318 320
318 321
318 322
318 395
318 422
318 503
318 551
319 320
319 322
319 326
319 396
319 422
321 322
321 323
321 324
321 325
321 335
321 336
321 411
321 418
321 422
321 480
321 481
321 584
322 323
322 324
322 336
322 418
322 419
322 480
322 481
322 585
323 324
325 326
325 327
325 328
325 329
325 1045
325 1046
326 327
326 328
326 329
326 1046
327 328
327 329
328 329
330 331
330 332
330 333
330 334
330 344
330 591
330 1012
330 1040
330 1041
331 332
331 333
331 334
331 345
331 1013
331 1041
332 333
332 334
333 334
335 336
335 337
335 338
335 344
335 418
335 422
335 423
335 424
335 441
335 446
335 456
335 480
335 481
335 591
336 337
336 339
336 345
336 418
336 419
336 421
336 422
336 424
336 442
336 480
336 481
336 1041
338 339
338 340
338 341
338 344
338 348
338 464
338 468
338 473
338 503
338 943
339 340
339 341
339 345
339 349
339 464
339 468
339 469
339 473
339 503
340 341
342 343
344 345
344 346
344 347
344 348
345 346
345 347
345 349
346 347
348 349
348 350
348 351
348 352
348 446
348 486
348 518
348 519
348 864
349 350
349 351
349 352
349 447
349 519
350 351
350 352
350 494
350 563
351 352
351 758
353 354
353 355
353 356
353 357
353 358
353 361
353 362
353 1018
353 1019
354 355
354 356
355 356
357 358
357 359
357 360
357 361
357 365
357 375
357 1018
358 359
358 360
358 361
358 362
358 366
358 370
359 360
361 362
361 363
361 364
361 365
361 370
361 371
361 381
361 534
361 835
361 840
362 363
362 364
362 366
362 370
362 371
362 372
362 381
362 603
362 835
362 836
363 364
364 366
365 366
365 367
365 368
365 369
365 370
365 371
365 372
365 375
365 907
366 367
366 368
366 369
366 370
366 371
366 372
366 376
367 368
367 369
367 370
368 369
368 370
369 370
371 372
371 373
371 374
371 375
371 376
372 373
372 374
372 376
373 374
375 376
375 377
375 378
375 379
375 380
375 392
375 766
376 377
376 378
376 379
376 380
377 378
377 379
377 380
378 379
378 380
379 380
381 382
381 383
381 384
381 385
381 386
381 392
381 605
381 608
381 609
382 383
382 384
382 385
382 386
382 576
383 384
383 385
383 386
383 607
384 385
384 386
385 386
385 392
385 551
387 388
387 389
387 390
387 391
387 392
387 608
387 873
387 874
387 878
387 879
388 389
388 390
388 391
388 605
388 609
388 874
389 390
389 391
390 391
392 393
392 394
392 395
392 401
392 418
392 893
392 894
393 394
393 395
393 396
393 401
393 402
393 405
393 546
393 547
395 396
395 397
395 398
395 399
395 400
395 506
395 893
395 894
396 397
396 398
396 399
396 400
397 398
397 399
397 400
398 399
398 400
399 400
401 402
401 403
401 404
401 405
401 406
401 893
401 894
402 403
402 404
402 405
402 406
403 404
403 405
403 406
404 405
404 406
405 406
405 484
407 408
407 409
407 410
407 592
407 594
407 603
407 937
407 939
408 409
408 410
408 644
408 776
408 860
409 410
411 412
411 413
411 414
411 415
411 416
411 417
411 506
411 518
411 1040
412 413
412 414
412 415
412 416
412 417
412 495
412 592
412 594
413 414
413 415
413 416
413 417
413 518
414 415
414 416
414 417
415 416
415 417
416 417
418 419
418 420
418 421
418 422
418 423
418 424
418 464
418 480
418 481
418 484
418 486
418 494
418 551
418 591
419 420
419 421
419 424
419 480
419 481
419 552
419 592
420 421
421 552
421 591
421 592
422 422
422 423
422 424
422 425
422 426
422 427
422 428
422 429
422 437
422 441
422 446
422 480
422 584
422 591
423 424
423 425
423 426
423 427
423 428
423 437
423 441
423 576
423 591
424 425
424 426
424 427
424 429
424 433
424 437
424 442
424 500
424 504
424 552
424 592
425 426
425 427
426 427
428 429
428 430
428 431
429 430
429 431
430 431
432 433
432 434
432 435
432 436
432 437
432 438
432 439
432 440
433 434
433 435
433 436
433 437
433 438
433 439
433 440
434 435
434 436
434 437
434 438
434 439
434 440
435 436
435 437
435 438
435 439
435 440
436 437
436 438
436 439
436 440
437 438
437 439
437 440
438 439
438 440
438 492
438 494
439 440
441 442
441 443
441 444
441 445
441 492
441 494
441 495
441 577
442 443
442 444
442 445
442 493
442 495
442 504
443 444
443 445
443 531
444 445
446 447
446 448
446 449
446 450
446 451
446 456
446 457
446 459
446 464
446 481
446 484
446 486
446 492
446 494
446 499
447 448
447 449
447 450
447 451
447 453
447 454
447 456
447 457
447 459
447 465
447 469
447 481
447 485
447 495
448 449
450 451
450 452
450 453
450 454
450 455
450 456
450 457
450 464
450 465
450 468
450 469
450 473
450 480
451 452
451 453
451 454
451 455
451 456
451 457
451 464
451 465
451 469
451 473
451 481
451 493
451 504
452 453
452 454
452 455
453 454
453 455
453 456
453 457
453 464
453 465
453 469
453 472
453 473
454 455
454 456
454 457
454 464
454 465
454 469
454 473
456 457
456 458
456 459
456 464
456 465
456 468
456 469
456 480
456 481
456 486
456 714
456 715
457 458
457 459
457 464
457 465
457 469
457 473
457 481
458 459
460 461
460 462
460 463
460 580
461 462
461 463
461 581
462 463
464 465
464 466
464 467
464 468
464 469
464 473
464 480
464 481
464 530
465 466
465 467
465 468
465 469
465 472
465 473
465 481
465 531
466 467
468 469
468 470
468 471
468 473
468 480
468 580
469 470
469 471
469 472
469 473
469 480
469 481
471 472
471 473
471 580
472 473
472 581
473 480
473 481
474 475
474 476
474 477
474 478
474 479
475 476
475 477
475 478
475 479
475 552
476 477
476 478
476 479
477 478
477 479
478 479
480 481
480 482
480 483
480 484
480 506
480 551
480 563
480 564
480 641
481 482
481 483
481 485
481 500
481 507
481 531
481 552
481 564
481 603
481 641
482 483
484 485
484 486
484 487
484 492
484 493
484 494
484 495
484 563
484 864
484 866
485 486
485 487
485 492
485 493
485 564
485 866
486 487
486 499
486 800
488 489
488 490
488 491
489 490
489 491
489 493
489 495
490 491
492 493
492 494
492 495
492 506
492 518
492 863
492 865
493 494
493 495
493 500
493 585
493 699
494 495
494 580
494 586
494 961
495 497
495 514
495 961
496 497
496 498
496 576
496 766
497 498
499 500
499 501
499 502
499 518
499 519
500 501
500 502
500 513
500 514
500 518
500 519
500 531
500 564
500 569
500 695
501 502
504 505
504 557
504 562
504 564
504 567
504 582
505 567
506 507
506 508
506 509
506 513
506 518
506 522
506 534
506 542
507 508
507 509
507 510
507 513
507 514
507 519
508 509
510 511
510 512
510 576
511 512
513 514
513 515
513 516
513 517
514 515
514 516
514 517
515 516
515 517
516 517
518 519
518 520
518 521
518 551
518 569
518 686
518 694
518 840
519 520
519 521
519 552
519 569
519 686
519 695
520 521
522 523
522 524
522 525
522 526
522 527
522 528
522 529
522 546
522 547
523 524
523 525
523 526
523 527
523 528
523 529
524 525
524 526
524 527
524 528
524 529
525 526
525 527
525 528
525 529
526 527
526 528
526 529
527 528
527 529
528 529
530 531
530 532
530 533
530 534
530 537
530 540
530 542
530 546
530 547
531 532
531 533
531 534
531 536
531 546
531 547
531 548
531 588
532 533
534 535
534 536
534 537
534 546
534 547
535 536
535 537
536 537
536 1040
538 539
538 540
538 541
538 542
538 546
538 907
538 1024
539 540
539 541
539 543
539 547
539 907
539 908
539 1025
540 541
540 1040
542 543
542 544
542 545
542 546
542 547
542 893
542 894
543 544
543 545
544 545
546 547
546 548
546 549
546 550
546 591
547 548
547 549
547 550
548 549
548 550
549 550
551 552
551 553
551 554
551 555
551 580
551 591
551 592
551 613
551 869
552 553
552 554
552 555
552 564
552 577
553 554
553 555
554 555
556 557
556 558
556 559
556 560
556 561
556 562
556 563
556 564
556 567
556 950
556 951
557 558
557 559
557 560
557 561
557 562
558 559
558 560
558 561
558 562
559 560
559 561
559 562
560 561
560 562
561 562
563 564
563 565
563 566
563 567
563 568
563 576
563 641
563 840
563 950
563 951
564 565
564 566
564 567
564 568
564 576
564 577
564 591
564 910
564 951
565 566
565 567
565 568
566 567
566 568
567 568
567 576
567 577
569 570
569 571
570 571
572 573
572 574
572 575
572 580
572 584
573 574
573 575
573 581
573 585
574 575
576 577
576 578
576 579
576 580
576 581
576 582
576 583
576 766
576 959
577 578
577 579
577 580
577 581
577 582
577 583
578 579
578 580
578 581
578 582
578 583
579 580
579 581
579 582
579 583
580 581
580 582
580 583
580 584
581 582
581 583
581 584
581 585
582 583
584 585
584 586
584 587
584 588
584 596
584 603
584 1055
585 586
585 587
585 588
585 592
585 594
585 939
585 1041
585 1056
586 587
588 589
588 590
588 592
589 590
591 592
591 593
591 840
592 592
592 593
592 594
594 595
594 850
594 937
594 939
596 597
596 598
596 599
596 600
596 601
596 641
596 644
596 652
596 660
596 662
596 664
596 775
596 779
596 791
596 840
596 845
596 853
596 865
597 598
597 599
597 600
597 601
597 644
597 652
597 653
597 657
597 661
597 663
597 665
597 780
597 832
597 846
597 854
598 599
598 600
598 601
598 772
598 773
599 600
599 601
600 601
601 641
602 603
602 604
602 605
602 608
602 652
602 653
602 654
602 660
602 662
602 694
602 698
602 755
602 757
602 758
602 761
602 762
602 770
602 771
602 783
602 786
602 820
603 604
603 605
603 609
603 653
603 699
603 755
603 758
603 762
603 783
605 606
605 607
605 608
605 609
605 610
605 611
605 612
605 656
605 719
605 787
606 607
606 608
606 609
606 610
606 611
606 641
606 656
606 660
606 662
606 719
606 791
606 795
607 608
607 609
607 610
607 612
607 641
607 657
607 795
607 796
608 609
608 610
608 611
608 618
608 633
608 711
608 719
608 763
608 786
609 610
609 611
609 612
609 719
609 787
609 823
611 612
611 613
611 614
611 615
611 616
611 617
611 618
611 619
611 620
611 770
611 771
611 772
611 773
612 613
612 614
612 615
612 616
612 617
612 618
612 619
612 620
613 614
613 615
613 616
613 617
613 618
613 619
613 620
613 621
613 660
613 766
613 771
614 615
614 616
614 617
614 618
614 619
614 620
614 771
615 616
615 617
615 618
615 619
615 620
616 617
616 618
616 619
616 620
617 618
617 619
617 620
618 619
618 620
618 771
619 620
621 622
621 623
621 624
621 625
621 626
621 627
621 628
621 652
621 656
621 676
621 698
621 711
621 714
621 748
621 775
621 786
621 1060
622 623
622 624
622 625
622 626
622 627
622 628
622 656
622 657
622 676
622 680
622 685
622 695
622 712
622 748
622 775
622 776
622 787
622 1061
623 624
623 625
623 626
623 627
623 628
624 625
624 626
624 627
624 628
625 626
625 627
625 628
626 627
626 628
627 628
627 917
629 630
629 631
629 632
630 631
630 632
631 632
631 654
633 634
633 635
633 636
633 637
633 638
633 639
633 640
633 755
633 771
634 635
634 636
634 637
634 638
634 639
634 640
634 771
635 636
635 637
635 638
635 639
635 640
636 637
636 638
636 639
636 640
637 638
637 639
637 640
638 639
638 640
639 640
639 641
639 657
639 770
640 644
641 642
641 643
641 644
641 645
641 646
641 656
641 660
641 674
641 690
641 714
641 853
642 643
642 644
642 645
642 646
642 854
643 644
643 645
643 646
644 645
644 646
644 661
644 860
645 646
647 648
647 649
647 650
647 651
648 649
648 650
648 651
648 653
649 650
649 651
650 651
652 653
652 654
652 655
652 656
652 672
652 686
652 795
652 826
653 654
653 655
653 661
653 680
653 795
654 655
654 728
654 774
654 795
656 657
656 658
656 659
656 660
656 662
656 664
656 748
656 749
656 791
656 853
656 1045
657 658
657 659
657 661
657 662
657 663
657 665
657 792
658 659
660 661
660 662
660 663
660 664
660 668
660 690
660 698
660 699
660 763
660 893
661 662
661 663
661 665
661 668
661 749
662 663
662 664
662 665
662 666
662 667
662 668
662 684
662 698
662 699
663 664
663 665
663 666
663 667
663 668
664 665
664 666
664 667
664 671
664 690
664 701
664 800
665 666
665 667
665 668
666 667
669 670
669 671
669 672
669 673
670 671
670 672
670 673
670 823
671 672
671 673
671 694
672 673
672 698
674 675
674 766
676 677
676 678
676 679
676 680
676 860
677 678
677 758
679 680
679 681
679 682
679 683
679 684
679 685
679 686
679 690
679 694
679 695
679 698
679 763
679 819
680 681
680 682
680 683
680 684
680 685
680 695
680 699
680 767
680 776
680 813
680 819
681 682
681 683
681 684
681 685
682 683
682 684
682 685
683 684
683 685
684 685
684 763
685 687
685 695
685 813
685 819
685 820
686 687
686 688
686 689
686 694
686 695
686 698
686 711
687 688
687 689
687 695
687 699
687 712
687 715
687 776
688 689
690 691
690 692
690 693
690 694
690 695
690 698
690 711
690 755
691 692
691 693
691 695
691 767
692 693
694 695
694 696
694 697
694 698
694 711
694 714
694 726
694 727
694 763
694 775
695 696
695 697
695 699
695 715
695 727
695 776
696 697
698 699
698 700
698 701
698 702
698 703
699 700
699 701
699 702
699 703
699 704
699 749
699 763
699 820
700 701
700 702
700 703
701 702
701 703
702 703
704 705
704 706
704 707
704 708
704 709
704 710
705 706
705 707
705 708
705 709
705 710
706 707
706 708
706 709
706 710
707 708
707 709
707 710
708 709
708 710
709 710
711 712
711 713
711 714
711 715
711 719
711 791
712 713
712 714
712 715
712 719
712 720
712 792
712 823
714 715
714 716
714 717
714 718
714 719
714 779
715 716
715 717
715 718
715 719
715 720
715 749
715 776
716 717
716 718
717 718
717 773
719 720
719 721
719 722
719 723
719 724
719 725
719 748
720 721
720 722
720 723
720 724
720 725
721 722
721 723
721 724
721 725
722 723
722 724
722 725
723 724
723 725
724 725
726 727
726 728
726 791
727 728
729 730
729 731
729 732
729 755
729 757
729 758
729 761
730 731
730 732
730 755
730 762
730 767
731 732
731 772
733 734
733 735
733 736
733 737
733 738
733 739
734 735
734 736
734 737
734 738
734 739
735 736
735 737
735 738
735 739
735 773
736 737
736 738
736 739
737 738
737 739
738 739
740 741
740 742
740 743
740 744
740 745
740 746
740 747
741 742
741 743
741 744
741 745
741 746
741 747
742 743
742 744
742 745
742 746
742 747
743 744
743 745
743 746
743 747
744 745
744 746
744 747
745 746
745 747
746 747
746 748
747 748
748 749
748 750
748 751
748 752
748 753
748 754
748 763
748 766
748 770
748 791
748 826
749 750
749 751
749 752
749 753
749 754
749 767
749 776
749 780
749 791
750 751
750 752
750 753
750 754
751 752
751 753
751 754
752 753
752 754
753 754
755 756
755 757
755 758
755 759
755 760
755 761
755 762
755 763
755 764
755 771
755 780
755 799
755 893
755 1037
756 757
756 758
756 759
756 760
756 761
756 762
757 758
757 759
757 760
757 761
757 762
757 763
757 770
757 773
757 779
757 893
757 902
758 759
758 760
758 761
758 762
758 764
758 767
758 771
758 773
758 775
758 776
758 780
758 792
758 841
759 760
759 761
759 762
760 761
760 762
761 762
761 763
761 766
761 770
761 779
761 798
761 799
761 835
762 764
762 767
762 771
762 780
762 799
762 894
763 764
763 765
763 766
763 770
763 771
763 775
763 779
763 845
764 765
764 767
764 771
764 772
764 773
764 775
764 776
764 780
766 767
766 768
766 769
766 770
766 771
766 775
766 779
766 791
766 831
766 832
766 840
766 842
766 845
767 768
767 769
767 771
767 772
767 773
767 776
767 780
767 820
767 823
767 832
767 843
768 769
770 771
770 772
770 773
770 774
770 775
770 779
770 791
770 812
770 819
770 835
771 772
771 773
771 774
771 779
771 780
771 783
771 792
771 831
771 840
772 773
772 774
772 780
772 782
772 847
773 774
773 780
773 813
773 825
773 843
773 847
775 776
775 777
775 778
775 779
775 780
775 791
775 831
775 835
775 924
776 777
776 778
776 779
776 780
776 792
776 823
776 832
776 836
776 841
776 843
776 866
776 925
777 778
778 847
779 780
779 781
779 782
779 791
779 798
779 835
780 781
780 782
780 792
780 836
780 841
781 782
783 784
783 785
783 823
784 785
786 787
786 788
786 789
786 790
787 788
787 789
787 790
788 789
788 790
789 790
791 792
791 793
791 794
791 795
791 835
791 863
792 793
792 794
792 796
792 836
792 879
793 794
795 796
795 797
796 797
796 823
798 799
798 800
798 801
798 802
798 803
798 804
798 805
798 806
798 807
798 808
798 809
798 810
798 811
799 800
799 801
799 802
799 803
799 804
799 805
799 806
799 807
799 808
799 809
799 810
799 811
800 801
800 802
800 803
800 804
800 805
800 806
800 807
800 808
800 809
800 810
800 811
801 802
801 803
801 804
801 805
801 806
801 807
801 808
801 809
801 810
801 811
802 803
802 804
802 805
802 806
802 807
802 808
802 809
802 810
802 811
803 804
803 805
803 806
803 807
803 808
803 809
803 810
803 811
804 805
804 806
804 807
804 808
804 809
804 810
804 811
805 806
805 807
805 808
805 809
805 810
805 811
806 807
806 808
806 809
806 810
806 811
807 808
807 809
807 810
807 811
808 809
808 810
808 811
809 810
809 811
810 811
812 813
812 814
812 815
812 816
812 817
812 818
812 831
813 814
813 815
813 816
813 817
813 818
813 831
813 832
814 815
814 816
814 817
814 818
815 816
815 817
815 818
816 817
816 818
817 818
819 820
819 821
819 822
820 821
820 822
821 822
823 824
823 825
823 826
823 827
823 836
824 825
826 827
826 828
826 829
826 830
827 828
827 829
827 830
827 832
828 829
828 830
829 830
831 832
831 833
831 834
831 835
831 840
831 841
831 845
831 846
831 856
832 833
832 834
832 836
832 838
832 840
832 841
832 843
832 846
832 857
833 834
835 836
835 837
835 838
835 839
835 840
835 841
835 842
835 843
835 845
835 853
835 854
835 856
835 857
836 837
836 838
836 839
836 841
836 843
836 846
836 847
836 854
836 857
837 838
837 839
837 840
837 842
837 845
837 856
838 839
838 841
838 843
838 846
838 847
838 854
838 857
840 841
840 842
840 843
840 844
840 845
840 846
840 853
840 854
840 856
840 878
840 897
841 842
841 843
841 844
841 846
841 847
841 854
841 857
841 860
841 864
842 843
842 844
842 845
842 853
842 856
842 865
842 873
842 897
843 844
843 846
843 847
843 854
843 857
843 866
843 898
845 846
845 847
845 848
845 853
845 856
845 897
845 924
846 847
846 848
846 854
846 857
846 860
846 864
847 848
847 854
847 857
849 850
849 851
849 852
850 851
850 852
850 939
850 1041
851 852
853 854
853 855
853 856
853 857
853 924
854 855
854 856
854 857
854 925
854 994
856 857
856 858
856 859
856 924
856 967
856 987
857 858
857 859
857 1051
858 859
860 861
860 862
860 864
860 866
860 873
860 874
860 878
860 879
860 881
861 862
861 863
861 865
863 864
863 865
863 866
863 867
863 868
863 869
863 873
863 878
863 885
863 893
863 941
864 865
864 866
864 867
864 868
864 870
864 874
864 879
864 882
865 866
865 867
865 868
865 869
865 873
865 878
865 894
866 867
866 868
866 870
866 873
866 874
866 878
866 879
866 975
866 1046
867 868
869 870
869 871
869 872
870 871
870 872
871 872
873 874
873 875
873 876
873 877
873 878
873 879
873 1021
874 875
874 876
874 877
874 878
874 879
875 876
875 877
876 877
878 879
878 880
878 893
878 907
878 908
878 959
879 880
879 908
881 882
881 883
881 884
882 883
882 884
883 884
885 886
885 887
885 888
886 887
886 888
886 893
886 894
887 888
889 890
889 891
889 892
889 893
890 891
890 892
890 894
891 892
893 894
893 895
893 896
893 898
894 895
894 896
894 898
895 896
897 898
897 899
897 900
897 901
898 899
898 900
898 901
899 900
899 901
900 901
902 903
902 904
902 905
902 906
903 904
903 905
903 906
904 905
904 906
905 906
907 908
907 909
907 910
907 911
907 912
907 913
907 914
907 915
907 916
907 917
907 920
907 930
907 934
907 935
907 960
907 967
907 1021
908 909
908 910
908 911
908 912
908 913
908 914
908 915
908 916
908 918
908 921
908 931
908 934
908 936
908 962
908 1022
908 1025
909 910
909 911
909 912
909 913
909 914
909 915
909 916
910 911
910 912
910 913
910 914
910 915
910 916
911 912
911 913
911 914
911 915
911 916
911 920
911 930
911 934
911 935
912 913
912 914
912 915
912 916
912 918
912 921
912 931
912 934
912 936
912 968
913 914
913 915
913 916
914 915
914 916
915 916
916 937
917 918
917 919
917 920
917 930
917 936
918 919
918 921
918 931
918 934
920 921
920 922
920 923
920 960
920 1021
921 922
921 923
921 934
921 964
921 968
922 923
924 925
924 926
924 927
924 928
924 929
925 926
925 927
925 928
925 929
926 927
926 928
926 929
927 928
927 929
928 929
930 931
930 932
930 933
930 967
931 932
931 933
931 934
931 962
931 964
931 968
932 933
934 937
934 939
934 968
934 1021
934 1022
935 936
935 937
935 960
935 1021
935 1022
936 939
936 1025
937 938
937 939
937 940
937 961
938 939
938 940
938 961
939 940
939 945
941 942
941 944
941 945
941 985
941 988
941 990
941 991
942 944
942 945
942 951
942 964
942 968
942 991
942 994
942 1045
943 944
943 950
943 967
943 990
943 1021
944 951
944 961
944 991
945 946
945 947
945 948
945 949
945 951
945 964
945 967
945 968
946 947
946 948
946 949
946 950
947 948
947 949
948 949
950 951
950 952
950 953
950 954
950 960
950 961
950 963
950 967
950 990
950 1040
951 952
951 953
951 955
951 961
951 962
951 963
951 964
951 968
951 1041
952 953
954 955
954 956
954 957
954 958
954 959
955 956
955 957
955 958
955 959
955 964
956 957
956 958
956 959
957 958
957 959
958 959
960 961
960 962
960 963
960 964
960 967
960 1021
961 962
962 964
963 964
963 965
963 966
963 967
963 968
964 965
964 966
964 967
964 968
965 966
967 968
967 969
967 1040
968 969
968 1041
970 971
970 972
970 973
970 1045
971 972
971 973
972 973
974 975
974 976
974 977
975 976
975 977
976 977
978 979
978 980
978 981
979 980
979 981
980 981
982 983
982 984
982 1047
982 1048
982 1050
982 1051
983 984
983 1012
983 1013
983 1048
983 1051
985 986
985 987
985 988
985 989
985 990
985 991
986 987
986 988
986 989
986 991
986 1013
987 988
987 989
988 989
990 991
990 992
990 993
990 1012
991 992
991 993
991 994
991 1013
991 1051
993 994
993 995
993 996
993 997
993 998
993 999
993 1000
993 1001
993 1012
994 995
994 996
994 997
994 998
994 999
994 1000
994 1001
994 1013
995 996
995 997
995 998
995 999
995 1000
995 1001
996 997
996 998
996 999
996 1000
996 1001
997 998
997 999
997 1000
997 1001
998 999
998 1000
998 1001
999 1000
999 1001
1000 1001
1002 1003
1002 1004
1002 1005
1002 1006
1002 1021
1002 1024
1002 1028
1002 1040
1002 1045
1002 1047
1002 1050
1003 1004
1003 1005
1003 1006
1003 1022
1003 1025
1003 1029
1003 1041
1003 1048
1003 1051
1004 1005
1006 1007
1006 1008
1006 1009
1006 1010
1006 1011
1007 1008
1007 1009
1007 1010
1007 1011
1008 1009
1008 1010
1008 1011
1009 1010
1009 1011
1010 1011
1012 1013
1012 1014
1012 1015
1012 1016
1012 1017
1012 1040
1012 1045
1012 1047
1012 1050
1013 1014
1013 1015
1013 1016
1013 1017
1013 1046
1013 1048
1013 1051
1014 1015
1014 1016
1014 1017
1015 1016
1015 1017
1016 1017
1018 1019
1018 1020
1018 1024
1019 1020
1019 1022
1019 1025
1021 1022
1021 1023
1021 1024
1021 1040
1021 1045
1022 1023
1022 1025
1022 1030
1022 1041
1024 1025
1024 1026
1024 1027
1024 1030
1024 1040
1025 1026
1025 1027
1025 1030
1025 1041
1026 1027
1028 1029
1028 1030
1029 1030
1029 1041
1031 1032
1031 1033
1031 1034
1031 1035
1032 1033
1032 1034
1032 1035
1033 1034
1033 1035
1034 1035
1036 1037
1036 1038
1036 1039
1037 1038
1037 1039
1037 1046
1038 1039
1040 1041
1040 1042
1040 1043
1040 1044
1040 1045
1040 1047
1041 1042
1041 1043
1041 1044
1041 1048
1042 1043
1042 1044
1043 1044
1044 1046
1045 1046
1045 1047
1045 1050
1046 1051
1047 1048
1047 1049
1047 1050
1047 1051
1048 1049
1048 1050
1048 1051
1050 1051
1050 1052
1050 1053
1050 1054
1051 1052
1051 1053
1051 1054
1052 1053
1052 1054
1053 1054
1055 1056
1055 1057
1055 1058
1055 1059
1056 1057
1056 1058
1056 1059
1057 1058
1057 1059
1058 1059
1060 1061
1060 1062
1060 1063
1061 1062
1061 1063
1062 1063
