0 1
0 2
0 3
0 4
0 99
0 187
0 188
0 190
0 191
0 264
0 618
1 2
1 3
1 4
1 107
1 189
1 310
2 3
2 4
3 4
5 6
5 7
5 8
5 9
5 10
6 7
6 8
6 9
6 10
7 8
7 9
7 10
8 9
8 10
9 10
9 626
11 12
11 13
12 13
12 386
12 641
13 87
14 15
14 16
14 17
14 18
14 37
14 43
14 44
14 195
14 623
15 16
15 17
15 18
15 44
15 90
15 212
15 213
15 214
16 17
16 18
17 18
19 20
19 21
19 30
19 33
19 37
19 38
19 142
19 179
19 180
19 195
19 264
19 489
19 490
20 21
20 31
20 34
20 38
20 180
20 196
22 23
22 24
22 25
22 43
23 24
23 25
23 31
23 37
23 38
24 25
26 27
26 28
26 29
26 30
27 28
27 29
27 31
28 29
30 31
30 32
30 33
30 34
30 35
30 36
30 64
30 376
30 495
30 564
30 613
30 617
30 618
30 641
30 642
30 911
30 1078
30 1079
30 1083
30 1084
31 32
31 33
31 34
31 35
31 36
31 65
31 496
31 565
31 613
31 669
31 694
31 824
31 912
31 920
31 923
31 924
32 33
32 34
32 35
32 36
33 34
33 35
33 36
33 489
33 564
33 613
34 35
34 36
34 94
34 564
34 565
34 613
35 36
37 38
37 39
37 40
37 41
37 42
37 43
37 47
37 48
37 195
37 197
37 208
37 416
37 491
37 565
37 737
37 817
37 818
37 819
37 822
37 923
38 39
38 40
38 41
38 42
38 48
38 196
38 265
38 416
38 564
38 720
39 40
39 41
39 42
40 41
40 42
41 42
43 44
43 45
43 46
43 47
43 48
43 183
43 195
43 235
43 264
43 1227
44 45
44 46
44 47
44 48
44 52
44 56
44 196
44 212
44 214
44 236
44 523
44 753
45 46
45 47
45 48
46 47
46 48
47 48
47 89
47 213
47 264
47 1124
47 1126
48 212
48 213
48 214
48 235
48 236
49 50
49 51
49 52
49 53
49 54
50 51
50 52
50 53
50 54
51 52
51 53
51 54
52 53
52 54
53 54
55 56
55 57
55 272
55 285
55 329
55 667
55 1098
55 1119
55 1126
56 57
56 64
56 65
56 113
56 339
58 59
58 60
58 61
58 62
58 63
58 662
58 683
59 60
59 61
59 62
59 63
60 61
60 62
60 63
61 62
61 63
62 63
62 190
64 65
64 66
64 67
64 86
64 640
64 661
64 678
64 923
64 1096
65 66
65 67
65 142
65 421
65 1221
66 67
68 69
69 187
69 881
70 71
70 72
70 73
70 74
71 72
71 73
71 74
72 73
72 74
72 83
73 74
75 76
75 153
76 83
77 78
77 79
77 80
77 558
78 79
78 80
78 558
79 80
81 82
81 83
81 84
81 85
81 86
81 87
81 89
81 90
81 98
81 99
81 100
81 195
81 196
81 197
81 198
81 208
81 209
81 221
81 247
81 494
81 608
81 622
81 969
82 83
82 84
82 85
82 130
82 195
82 205
82 207
82 242
82 617
83 84
83 85
83 87
83 89
83 164
83 207
83 212
84 85
86 87
86 88
86 89
86 110
86 358
86 381
86 732
86 733
86 842
86 846
86 931
86 1018
86 1156
87 88
87 110
87 196
87 234
87 359
87 413
87 596
87 624
87 931
89 90
89 91
89 92
89 207
89 221
89 230
89 235
89 260
89 264
89 291
89 338
89 509
89 510
89 526
89 609
89 849
90 91
90 92
90 230
90 231
90 236
90 264
90 265
90 292
90 510
90 527
90 541
91 92
93 94
93 95
93 96
93 97
93 176
93 641
93 642
93 686
93 1098
94 95
94 96
94 97
95 96
95 97
95 582
96 97
97 274
97 732
98 99
98 100
98 101
98 102
98 103
98 104
98 105
98 106
98 107
98 109
98 113
98 179
98 412
98 509
98 1018
98 1245
98 1249
98 1251
99 100
99 101
99 102
99 103
99 104
99 105
99 107
99 179
99 382
99 630
99 824
99 1119
99 1161
100 101
100 102
100 103
100 104
100 105
100 170
100 179
100 217
101 102
101 103
101 104
101 105
101 110
101 179
102 103
102 104
102 105
103 104
103 105
103 637
104 105
106 107
106 108
106 109
106 110
106 111
106 112
106 113
106 114
106 115
106 116
106 287
106 302
106 303
106 354
106 386
106 686
106 1105
106 1249
107 108
107 109
107 110
107 111
107 112
107 113
107 114
107 115
107 116
107 302
107 355
107 372
107 375
107 399
107 596
107 837
107 944
107 1105
107 1251
108 109
108 110
108 111
108 112
108 113
108 114
108 115
108 116
109 110
109 111
109 112
109 113
109 114
109 115
109 116
109 183
109 358
109 370
109 386
109 853
109 1098
110 111
110 112
110 113
110 114
110 115
110 116
110 303
110 350
110 438
110 1240
111 112
111 113
111 114
111 115
111 116
112 113
112 114
112 115
112 116
113 114
113 115
113 116
113 303
113 369
113 399
113 823
113 1312
114 115
114 116
114 242
115 116
117 118
117 119
117 120
117 121
117 314
117 348
117 386
117 387
117 388
117 931
117 936
118 119
118 120
118 121
118 334
118 348
118 402
118 403
118 737
118 931
119 120
119 121
119 377
119 981
120 121
122 123
122 124
122 125
122 126
122 127
122 128
122 129
122 130
122 131
122 132
122 133
122 330
123 124
123 125
123 126
123 127
123 128
123 129
123 130
123 131
123 132
123 133
123 374
124 125
124 126
124 127
124 128
124 129
124 130
124 131
124 132
124 133
124 314
124 1251
125 126
125 127
125 128
125 129
125 130
125 131
125 132
125 133
126 127
126 128
126 129
126 130
126 131
126 132
126 133
127 128
127 129
127 130
127 131
127 132
127 133
127 329
128 129
128 130
128 131
128 132
128 133
128 285
128 287
128 313
128 314
128 329
128 402
128 403
128 891
128 1057
129 130
129 131
129 132
129 133
130 131
130 132
130 133
131 132
131 133
131 313
131 329
131 965
132 133
132 152
132 330
134 135
134 136
134 137
134 138
134 139
134 140
134 141
134 151
134 179
134 188
134 286
134 288
134 298
135 136
135 137
135 138
135 139
135 140
135 141
135 288
135 296
135 310
136 137
136 138
136 139
136 140
136 141
136 871
137 138
137 139
137 140
137 141
137 288
137 310
138 139
138 140
138 141
139 140
139 141
139 285
139 287
139 314
139 1105
140 141
140 273
140 296
142 143
142 144
142 145
142 146
142 147
142 148
142 149
142 150
142 151
142 309
142 406
142 509
142 510
142 516
142 980
142 1098
142 1180
143 144
143 145
143 146
143 147
143 148
143 149
143 150
143 163
143 310
143 330
143 377
144 145
144 146
144 147
144 148
144 149
144 150
145 146
145 147
145 148
145 149
145 150
146 147
146 148
146 149
146 150
146 581
147 148
147 149
147 150
148 149
148 150
148 509
148 510
148 511
148 1059
148 1133
149 150
150 274
150 275
150 286
150 288
151 152
151 153
151 154
151 155
151 162
151 168
151 169
151 171
151 172
151 176
151 264
151 266
151 273
151 274
151 295
151 296
151 298
151 329
151 350
151 368
151 369
151 475
151 581
151 582
151 617
151 683
151 781
151 870
151 894
151 934
151 960
151 965
151 976
151 977
151 1037
151 1049
151 1079
151 1083
151 1084
151 1124
151 1127
151 1137
151 1154
151 1195
151 1200
151 1202
151 1220
151 1221
151 1222
151 1244
151 1251
152 153
152 154
152 155
152 169
152 172
152 266
152 286
152 369
152 617
152 796
152 1159
152 1202
152 1252
152 1306
153 154
153 155
153 174
153 266
153 279
153 287
153 288
153 335
153 403
153 440
153 662
153 1143
153 1144
154 155
156 157
156 158
156 159
156 160
156 161
156 260
156 329
156 1220
157 158
157 159
157 160
157 161
158 159
158 160
158 161
158 476
159 160
159 161
160 161
162 163
162 164
162 165
162 166
162 167
162 168
162 171
162 172
162 230
162 254
162 264
162 265
162 412
162 818
162 1098
162 1100
162 1126
162 1143
163 164
163 165
163 166
163 167
163 169
163 171
163 172
163 173
163 174
163 184
163 222
163 265
163 818
164 165
164 166
164 167
164 169
164 172
164 183
164 184
164 269
164 354
164 796
165 166
165 167
165 268
165 388
166 167
166 169
168 169
168 170
168 171
168 891
169 170
169 172
169 174
169 871
171 172
171 173
171 174
171 175
171 176
171 207
171 268
172 173
172 174
172 175
172 198
172 269
173 174
173 175
173 176
173 252
173 315
173 748
173 802
174 175
174 252
174 255
174 529
174 558
174 626
174 656
174 665
174 1144
174 1155
176 177
176 178
176 314
176 540
176 553
176 944
177 178
177 314
177 934
177 935
179 180
179 181
179 182
179 183
179 188
179 235
179 252
179 260
179 264
179 443
179 653
179 1018
179 1119
179 1249
180 181
180 182
180 184
180 236
180 253
180 255
180 264
180 265
180 1120
180 1249
180 1252
181 182
183 184
183 185
183 186
183 849
184 185
184 186
184 187
184 188
184 190
184 191
185 186
187 188
187 189
187 190
187 191
187 192
187 193
187 194
187 208
187 212
187 222
187 235
187 252
187 277
188 189
188 190
188 191
188 192
188 193
188 194
188 212
188 213
188 217
188 235
188 236
188 252
188 386
188 387
188 389
188 468
188 647
189 190
189 191
189 192
189 193
189 194
189 212
189 236
189 239
189 252
189 388
189 561
190 191
190 192
190 193
190 194
190 212
190 217
190 235
190 239
190 252
190 277
190 315
190 613
190 662
190 1059
191 192
191 193
191 194
191 212
191 214
191 236
191 252
191 849
191 1189
192 193
192 194
193 194
195 196
195 197
195 198
195 199
195 200
195 201
195 202
195 203
195 204
195 205
195 206
195 207
195 607
195 802
196 197
196 198
196 199
196 200
196 201
196 202
196 203
196 204
196 205
196 206
196 207
196 208
196 212
196 608
197 198
197 199
197 200
197 201
197 202
197 203
197 204
197 205
197 206
197 207
197 364
197 834
197 969
197 1038
197 1249
198 199
198 200
198 201
198 202
198 203
198 204
198 205
198 206
198 207
198 208
198 212
198 243
198 387
198 835
198 1251
199 200
199 201
199 202
199 203
199 204
199 205
199 206
200 201
200 202
200 203
200 204
200 205
200 206
201 202
201 203
201 204
201 205
201 206
201 509
201 510
202 203
202 204
202 205
202 206
202 1223
203 204
203 205
203 206
204 205
204 206
205 206
205 443
207 208
207 209
207 210
207 211
208 209
208 210
208 211
208 214
208 388
209 210
209 211
210 211
212 213
212 214
212 215
212 216
212 217
212 218
212 234
212 243
212 1223
213 214
213 215
213 216
213 217
213 218
213 242
213 266
213 1059
214 215
214 216
214 217
214 218
214 243
214 266
214 574
215 216
215 217
215 218
216 217
216 218
216 302
217 218
217 242
219 220
220 748
221 222
221 223
221 224
221 225
221 226
221 227
221 228
221 229
221 489
221 490
221 491
221 492
221 694
221 849
222 223
222 224
222 225
222 226
222 227
222 228
222 229
222 494
222 833
223 224
223 225
223 226
223 227
223 228
223 229
223 287
224 225
224 226
224 227
224 228
224 229
225 226
225 227
225 228
225 229
226 227
226 228
226 229
227 228
227 229
228 229
230 231
230 232
230 233
230 234
230 235
230 242
230 1227
230 1228
231 232
231 233
231 234
232 233
232 234
233 234
235 236
235 237
235 238
235 242
235 243
235 252
235 690
235 758
236 237
236 238
236 253
236 255
236 818
237 238
239 240
239 241
239 260
239 981
240 241
240 260
240 261
242 243
242 244
242 245
242 252
242 260
242 268
242 960
242 1249
242 1303
243 244
243 245
243 260
243 758
243 759
244 245
246 247
246 248
246 249
246 250
246 251
246 1191
247 248
247 249
247 250
247 251
248 249
248 250
248 251
249 250
249 251
250 251
251 386
252 253
252 254
252 255
252 256
252 257
252 258
252 259
252 260
252 261
252 558
252 646
252 647
252 648
252 649
252 651
252 733
252 818
252 894
253 254
253 255
253 256
253 257
253 258
253 259
253 266
253 558
253 647
253 649
254 255
254 256
254 257
254 258
254 259
255 256
255 257
255 258
255 259
255 261
255 641
256 257
256 258
256 259
257 258
257 259
258 259
258 422
258 684
258 924
260 261
260 262
260 263
260 264
260 266
260 374
260 557
260 558
260 574
261 262
261 263
261 264
261 265
261 266
261 315
261 1278
262 263
264 265
264 266
264 267
264 428
264 453
264 824
264 976
264 1167
264 1168
264 1195
265 266
265 267
265 375
266 267
267 976
268 269
268 270
268 271
269 270
269 271
269 298
270 271
272 273
272 274
272 275
272 276
272 277
272 278
272 279
272 280
272 281
272 282
272 283
272 348
272 349
272 351
272 352
272 506
272 516
272 517
272 518
272 519
272 969
272 976
273 274
273 275
273 276
273 277
273 278
273 279
273 280
273 281
273 282
273 283
273 348
273 626
274 275
274 276
274 277
274 278
274 279
274 280
274 281
274 282
274 348
274 352
274 1157
274 1216
274 1251
275 276
275 277
275 278
275 279
275 280
275 281
275 282
275 981
276 277
276 278
276 279
276 280
276 281
276 282
277 278
277 279
277 280
277 281
277 282
278 279
278 280
278 281
278 282
278 288
278 309
279 280
279 281
279 282
279 288
280 281
280 282
281 282
283 284
284 641
285 286
285 287
285 288
285 295
285 362
285 402
285 509
285 732
285 780
285 880
285 939
285 969
285 1049
285 1085
286 287
286 288
286 642
286 876
286 970
286 980
286 1059
286 1138
286 1223
287 288
287 304
287 345
287 351
287 362
287 364
287 376
287 402
287 930
288 292
288 365
288 955
289 290
289 291
289 292
289 293
289 294
290 291
290 292
290 293
290 294
290 296
291 292
291 293
291 294
291 302
292 293
292 294
292 296
292 303
292 369
292 413
293 294
295 296
295 297
295 298
295 299
295 300
295 301
295 304
295 369
295 617
295 1036
295 1049
295 1050
296 297
296 298
296 299
296 300
296 301
296 304
296 305
296 330
296 350
296 421
296 617
296 626
296 1049
297 298
297 299
297 300
297 301
298 299
298 300
298 301
298 304
298 305
298 310
298 351
298 352
298 368
298 369
298 375
298 526
298 835
299 300
299 301
300 301
302 303
302 368
302 369
302 777
302 823
302 1312
303 369
303 1312
303 1313
304 305
304 306
304 307
304 308
304 309
304 369
304 402
304 749
304 1034
305 306
305 307
305 308
305 310
305 1127
306 307
306 308
307 308
309 310
309 311
309 312
309 915
310 311
310 312
310 350
311 312
313 314
313 320
313 322
313 323
313 330
313 578
313 934
313 936
314 321
314 323
314 348
314 350
314 351
314 352
314 582
314 626
315 316
315 317
315 318
315 319
315 338
315 519
315 749
315 923
315 1138
316 317
316 318
316 319
316 339
317 318
317 319
318 319
318 338
318 339
319 368
320 321
320 322
320 323
320 324
320 325
320 326
320 327
320 329
320 330
320 338
320 339
320 374
320 381
320 421
320 449
320 823
320 965
321 322
321 323
321 324
321 325
321 326
321 327
322 323
322 324
322 325
322 326
322 327
322 338
323 324
323 325
323 326
323 327
323 339
323 936
324 325
324 326
324 327
325 326
325 327
326 327
328 329
328 330
328 331
328 332
328 333
328 334
328 374
328 453
328 454
328 737
329 330
329 331
329 332
329 333
329 335
329 488
329 772
329 1196
330 331
330 332
330 333
330 335
331 332
331 333
332 333
334 335
334 336
334 337
334 338
334 339
334 402
334 403
335 336
335 337
335 403
336 337
338 339
338 340
338 341
338 437
338 1143
338 1267
339 340
339 341
339 453
339 1119
339 1120
339 1266
340 341
342 343
342 344
342 345
342 346
342 347
342 977
343 344
343 345
343 346
343 347
344 345
344 346
344 347
345 346
345 347
346 347
348 349
348 350
348 351
348 352
348 353
348 362
348 369
348 1268
349 350
349 351
349 352
349 353
349 362
349 364
349 395
349 1267
350 351
350 352
350 353
350 362
350 363
350 369
350 981
351 352
351 353
351 362
351 365
351 421
351 526
351 527
351 1119
351 1120
352 353
352 365
352 1058
352 1265
352 1266
354 355
354 356
354 357
354 669
355 356
355 357
356 357
358 359
358 360
358 361
358 369
358 373
358 381
358 382
358 386
358 395
358 931
358 1179
359 360
359 361
359 369
359 373
359 386
360 361
362 363
362 364
362 365
362 366
362 367
362 443
362 516
362 517
362 807
363 364
363 365
363 366
363 367
364 365
364 366
364 367
364 634
364 965
364 1083
365 366
365 367
365 414
365 416
365 417
366 367
368 369
368 370
368 371
368 372
368 373
368 617
368 931
368 1060
368 1267
369 370
369 371
369 373
369 1120
369 1252
369 1272
370 371
372 373
374 375
374 376
374 377
374 378
374 379
374 380
374 381
374 382
374 667
374 934
374 935
374 944
374 1271
375 376
375 377
375 378
375 379
375 380
375 382
375 387
375 416
375 934
375 1301
376 377
376 378
376 379
376 380
376 381
376 382
376 386
376 388
376 518
376 778
376 883
376 934
376 1265
376 1272
377 378
377 379
377 380
377 381
377 382
377 387
377 388
377 389
377 394
377 741
377 1265
377 1268
377 1271
377 1272
378 379
378 380
379 380
381 382
381 383
381 384
381 385
381 386
381 388
381 394
381 413
381 880
382 383
382 384
382 385
382 386
382 387
382 388
382 389
382 394
383 384
383 385
384 385
386 387
386 388
386 389
386 390
386 391
386 392
386 393
386 394
386 910
386 1095
387 388
387 389
387 390
387 391
387 392
387 393
387 394
387 817
387 862
387 1127
387 1271
387 1303
388 389
388 390
388 391
388 392
388 393
388 625
388 876
388 1110
389 390
389 391
389 392
389 393
389 394
389 431
389 533
389 843
389 844
390 391
390 392
390 393
391 392
391 393
392 393
394 395
394 396
395 396
396 451
397 398
397 399
397 400
397 401
397 1039
398 399
398 400
398 401
398 981
398 1050
399 400
399 401
399 414
399 416
399 417
400 401
401 1037
401 1039
402 403
402 404
402 405
403 404
403 405
403 413
404 405
404 897
406 407
406 408
406 409
406 410
406 411
407 408
407 409
407 410
407 411
407 449
407 451
408 409
408 410
408 411
409 410
409 411
409 469
410 411
412 413
412 416
412 1098
412 1099
412 1100
413 417
413 469
413 527
413 622
414 415
414 416
414 417
414 418
414 419
414 420
414 468
414 475
414 479
414 486
415 416
415 417
415 418
415 419
415 420
415 444
415 448
415 647
416 417
416 418
416 419
416 420
416 475
416 476
416 486
416 623
417 418
417 419
417 420
417 422
417 464
417 469
417 486
418 419
418 420
419 420
421 422
421 423
421 424
421 425
421 486
421 892
421 957
421 1248
422 423
422 424
422 425
422 434
422 464
422 476
422 486
422 891
422 892
422 1252
423 424
423 425
424 425
425 892
426 427
426 428
426 429
426 430
427 428
427 429
427 430
427 647
428 429
428 430
428 647
429 430
431 432
431 433
431 434
431 435
431 436
431 1033
432 433
432 434
432 435
432 436
433 434
433 435
433 436
433 475
434 435
434 436
435 436
437 438
438 493
439 440
439 441
439 442
439 443
439 453
440 441
440 442
440 444
440 449
440 454
441 442
443 444
443 445
443 446
443 447
443 453
443 836
443 1048
444 445
444 446
444 447
444 449
444 587
444 635
444 807
445 446
445 447
445 976
446 447
447 823
448 449
448 450
448 451
448 452
448 454
448 484
448 595
448 807
448 939
448 1167
449 450
449 451
449 452
449 454
449 807
450 451
450 452
450 807
451 452
451 454
451 733
451 807
451 864
453 454
453 455
453 456
453 750
453 789
454 455
454 456
454 750
454 807
454 892
455 456
455 942
457 458
457 459
457 460
457 461
457 462
458 459
458 460
458 461
458 462
458 476
458 829
458 833
459 460
459 461
459 462
460 461
460 462
461 462
463 464
463 465
463 466
463 467
463 686
464 465
464 466
464 467
464 476
464 1251
465 466
465 467
466 467
468 469
468 470
468 471
468 472
468 484
468 485
468 486
468 487
468 490
468 493
468 709
468 754
468 870
468 1259
469 470
469 471
469 472
469 489
469 490
469 491
469 492
469 493
469 754
469 871
469 1257
469 1259
470 471
470 472
471 472
471 476
473 474
474 496
474 655
474 911
474 912
475 476
475 477
475 478
475 479
475 607
475 650
475 986
476 477
476 478
476 479
476 1223
476 1252
477 478
478 731
479 480
479 481
479 482
479 483
479 623
479 741
480 481
480 482
480 483
481 482
481 483
482 483
482 1134
484 485
484 486
484 487
484 488
484 489
484 493
484 494
484 1257
485 486
485 487
485 488
485 489
485 490
485 494
485 1257
486 487
486 488
486 489
486 493
486 494
486 581
486 1257
487 488
487 489
487 494
487 1257
489 490
489 491
489 492
489 493
489 494
490 491
490 492
490 493
490 494
491 492
491 493
491 875
491 1261
492 493
492 494
492 824
493 494
493 496
493 511
493 516
493 541
493 693
493 1220
494 495
494 496
494 598
494 626
494 667
494 683
494 721
495 533
495 667
495 683
495 721
495 746
496 497
496 498
496 500
496 695
496 911
496 912
496 1031
496 1223
497 498
499 500
499 501
499 502
499 618
500 501
500 502
501 502
503 504
503 505
503 506
503 507
503 508
503 634
504 505
504 506
504 507
504 508
505 506
505 507
505 508
506 507
506 508
506 516
506 517
506 518
506 519
506 746
507 508
509 510
509 511
509 516
509 517
509 518
509 519
509 526
509 585
509 1018
509 1019
509 1251
510 511
510 513
510 516
510 526
510 980
511 512
511 513
511 516
511 518
511 519
511 526
512 513
512 514
512 515
512 516
512 517
512 518
512 519
512 976
513 514
513 515
513 960
513 961
514 515
516 517
516 518
516 519
516 520
516 521
516 526
516 981
517 518
517 519
517 520
517 521
517 526
517 981
518 519
518 520
518 521
518 526
518 981
518 1301
519 520
519 521
519 526
519 981
520 521
521 553
522 523
522 524
522 525
522 581
523 524
523 525
523 572
524 525
526 527
526 528
526 529
526 1019
527 528
527 529
528 529
530 531
530 532
530 655
530 942
531 532
531 942
533 534
533 535
533 536
533 544
533 554
534 535
534 536
534 544
534 553
534 554
535 536
537 538
537 539
538 539
538 709
540 541
540 542
540 543
540 544
540 545
540 546
540 553
540 554
540 1278
541 542
541 543
541 545
541 553
541 1278
541 1279
541 1282
542 543
544 545
544 1285
546 547
546 548
546 549
546 550
546 551
546 552
546 554
546 617
546 780
546 1042
546 1124
547 548
547 549
547 550
547 551
547 552
548 549
548 550
548 551
548 552
549 550
549 551
549 552
550 551
550 552
551 552
551 558
553 554
553 555
553 556
553 808
553 831
553 1117
553 1185
554 555
554 556
554 1278
554 1287
555 556
557 558
557 559
557 561
557 572
557 1291
558 559
558 561
558 571
558 572
558 573
558 1262
560 561
560 562
560 563
560 849
561 562
561 563
561 571
561 572
562 563
564 565
564 566
564 567
564 568
564 569
564 570
564 623
565 566
565 567
565 568
565 569
565 570
566 567
566 568
566 569
566 570
567 568
567 569
567 570
568 569
568 570
569 570
571 572
571 573
571 718
571 1262
572 573
574 575
574 576
575 576
575 716
577 578
577 579
577 580
578 579
578 580
579 580
581 582
581 583
581 584
581 585
581 586
581 587
581 911
581 955
581 1071
581 1143
581 1154
581 1172
581 1173
581 1174
581 1176
581 1188
581 1222
581 1257
581 1262
582 583
582 584
582 587
582 614
582 618
582 976
582 1154
582 1155
582 1214
582 1215
582 1216
582 1217
582 1221
583 584
585 586
585 587
585 588
585 589
585 590
585 591
585 592
585 1119
585 1214
585 1220
585 1262
586 587
586 588
586 589
586 590
586 737
586 1216
586 1222
586 1262
587 588
587 589
587 590
587 592
587 1216
587 1222
587 1223
587 1252
587 1263
588 589
588 590
589 590
591 592
591 593
591 594
591 626
592 593
592 594
592 626
593 594
595 596
595 597
595 875
596 597
596 961
598 599
598 600
598 601
598 602
598 617
598 1155
599 600
599 601
599 602
599 617
599 618
600 601
600 602
601 602
603 604
603 605
603 606
603 1137
604 605
604 606
605 606
607 608
607 609
607 610
607 611
607 612
607 649
607 923
608 609
608 610
608 611
608 612
609 610
609 611
609 612
610 611
610 612
611 612
613 614
613 615
613 616
613 623
613 670
614 615
614 616
614 617
614 895
614 897
614 977
615 616
615 617
616 617
617 618
617 619
617 620
617 621
617 623
618 619
618 620
618 621
619 620
619 621
620 621
622 623
622 624
622 625
622 626
622 627
622 628
622 629
622 631
622 667
622 668
622 670
622 789
623 624
623 625
623 626
623 627
623 628
623 629
623 631
623 641
623 670
623 709
623 746
623 789
623 1265
624 625
624 626
624 627
624 628
624 629
624 631
625 626
625 627
625 628
625 629
625 667
625 668
625 696
625 697
625 789
625 1023
626 627
626 628
626 629
626 635
626 647
626 667
626 668
626 696
626 697
627 628
627 629
628 629
630 631
630 632
630 633
631 632
631 633
631 668
631 670
632 633
634 635
634 636
634 642
634 668
634 695
634 697
634 698
635 636
635 642
635 668
635 695
635 916
635 924
637 638
637 639
637 640
637 641
637 642
637 648
637 707
637 896
637 944
638 639
638 640
638 642
638 648
638 649
638 944
638 1249
638 1251
639 640
640 730
641 642
641 643
641 644
641 645
641 667
641 741
641 742
641 791
641 828
641 860
641 944
642 643
642 644
642 645
642 667
642 668
642 742
642 791
642 792
642 861
643 644
643 645
644 645
645 1191
646 647
646 648
646 649
646 650
646 651
646 652
646 653
646 654
646 667
646 676
646 728
646 808
646 1249
647 648
647 649
647 650
647 651
647 652
647 658
647 676
647 729
648 649
648 650
648 651
648 652
648 656
648 661
648 676
648 728
648 778
648 818
648 919
649 650
649 651
649 652
649 655
649 657
649 658
649 912
649 924
650 651
650 652
651 652
651 657
651 658
651 665
651 673
651 676
651 738
653 654
653 655
653 656
653 728
653 729
653 1164
654 655
654 656
654 729
655 656
655 657
655 685
655 687
655 730
655 812
655 853
656 657
656 658
656 673
657 658
657 659
657 660
657 673
657 733
657 808
657 809
658 659
658 660
658 673
658 729
658 731
658 733
659 660
661 662
661 663
661 664
661 676
661 722
661 728
661 729
661 730
661 732
661 733
661 777
661 1137
661 1220
662 663
662 676
662 728
662 729
662 730
662 731
662 733
662 1272
662 1277
664 665
664 666
664 687
664 736
665 666
665 673
665 736
667 668
667 669
667 670
667 671
667 672
667 673
667 674
667 675
667 683
667 684
667 687
667 721
667 746
667 1134
668 669
668 670
668 671
668 672
668 673
668 674
668 675
668 684
668 686
668 687
668 695
668 947
669 670
669 671
669 672
669 673
669 674
669 675
669 687
669 715
669 924
669 1002
669 1056
669 1059
669 1076
670 671
670 672
670 673
670 674
670 675
670 683
670 687
670 697
670 716
671 672
671 673
671 674
671 675
672 673
672 674
672 675
673 674
673 675
673 683
673 684
673 687
673 728
673 729
673 738
674 675
676 677
676 678
676 679
676 680
676 681
676 682
676 687
676 708
676 728
676 729
676 730
676 732
676 733
676 749
677 678
677 679
677 680
677 681
677 682
677 730
678 679
678 680
678 681
678 682
678 687
678 730
679 680
679 681
679 682
680 681
680 682
680 729
680 733
681 682
683 684
683 685
683 686
683 687
683 688
683 689
683 713
683 714
683 721
683 722
683 746
683 1038
684 685
684 686
684 687
684 688
684 689
684 713
684 714
684 746
685 686
685 687
685 688
685 689
686 687
686 688
686 689
686 710
686 713
686 715
686 716
686 722
686 747
687 688
687 689
687 707
687 709
687 713
687 714
688 689
690 691
690 692
690 693
691 692
691 693
691 924
692 693
693 708
694 763
694 764
694 765
694 769
695 696
695 697
695 698
695 699
695 700
695 701
695 702
696 697
696 698
696 699
696 700
696 701
696 702
697 698
697 699
697 700
697 701
697 702
698 699
698 700
698 701
698 702
699 700
699 701
699 702
700 701
700 702
701 702
703 704
703 705
703 706
704 705
704 706
704 977
705 706
707 708
707 709
707 710
707 711
707 712
707 1249
708 709
708 710
708 711
708 712
708 714
708 897
709 710
709 711
709 712
710 711
710 712
710 747
710 1119
711 712
713 714
713 715
713 716
713 717
713 718
713 719
713 720
713 741
713 750
713 894
713 904
714 715
714 716
714 717
714 718
714 719
714 720
714 750
715 716
715 717
715 718
715 719
715 720
715 750
715 904
716 717
716 718
716 719
716 720
716 750
716 790
716 904
717 718
717 719
717 720
718 719
718 720
718 880
719 720
721 722
721 723
721 724
721 725
721 726
721 727
721 741
721 745
721 911
722 723
722 724
722 725
722 726
722 727
722 729
722 731
722 742
723 724
723 725
723 726
723 727
724 725
724 726
724 727
725 726
725 727
726 727
726 733
727 1146
728 729
728 730
728 731
728 732
728 733
728 734
728 777
728 849
728 939
729 730
729 731
729 732
729 733
729 734
729 777
730 731
730 732
730 733
730 734
730 777
730 1171
731 732
731 733
731 734
731 1163
732 733
732 734
732 777
732 978
732 1133
733 734
733 777
733 1060
735 736
735 737
735 738
735 739
735 740
735 807
735 1137
736 737
736 738
736 739
736 740
736 741
736 742
736 807
736 850
737 738
737 739
737 740
737 871
737 976
737 1119
737 1222
738 739
738 740
738 748
739 740
741 742
741 743
741 744
741 745
741 746
741 747
741 748
741 904
742 743
742 744
742 777
742 1172
743 744
745 746
745 747
745 748
745 749
745 751
745 1009
745 1071
745 1249
746 747
746 748
746 749
746 751
746 1227
747 748
747 749
747 750
747 751
747 904
747 1263
748 749
748 750
748 751
748 1223
749 750
749 751
749 758
749 780
749 1126
749 1127
749 1154
749 1249
750 751
750 752
750 753
750 849
751 752
751 753
751 895
751 897
752 753
754 755
754 756
754 757
754 875
755 756
755 757
755 897
756 757
758 759
758 760
758 761
758 762
759 760
759 761
759 762
759 1251
760 761
760 762
761 762
763 764
763 765
763 766
763 767
764 765
764 766
764 767
765 766
765 767
765 1125
766 767
768 769
768 770
768 771
769 770
769 771
770 771
772 773
772 774
772 775
772 776
773 774
773 775
773 776
774 775
774 776
775 776
777 778
777 779
777 808
777 849
778 779
778 849
780 781
780 782
780 783
780 784
780 828
780 981
780 986
780 987
780 1042
780 1043
780 1083
780 1084
780 1110
781 782
781 783
781 784
781 828
781 829
781 833
781 850
781 1043
782 783
782 784
783 784
785 786
785 787
785 788
785 976
786 787
786 788
787 788
787 881
789 790
789 828
789 880
789 881
790 828
790 829
790 833
791 792
791 793
791 794
792 793
792 794
792 833
792 875
792 876
792 960
793 794
795 796
795 797
795 798
795 799
795 800
795 801
795 894
795 895
795 897
796 797
796 798
796 799
796 800
796 801
796 819
796 895
796 897
797 798
797 799
797 800
797 801
798 799
798 800
798 801
799 800
799 801
800 801
802 803
802 804
802 805
802 806
802 875
802 919
802 1220
803 804
803 805
803 806
803 809
804 805
804 806
805 806
808 809
808 810
808 811
808 813
809 810
809 811
809 812
809 813
809 1143
810 811
812 813
812 814
812 815
812 816
812 880
812 881
813 814
813 815
813 816
813 819
813 881
814 815
814 816
815 816
817 818
817 819
817 820
817 821
817 822
817 909
817 935
818 819
818 820
818 821
818 822
818 909
818 923
819 820
819 821
819 822
819 909
820 821
820 822
821 822
822 909
822 934
822 969
823 824
823 825
823 826
823 827
823 841
823 949
823 1312
823 1313
824 825
824 826
824 827
824 828
824 829
824 861
824 945
824 1017
825 826
825 827
826 827
828 829
828 830
828 831
828 832
828 833
828 860
828 1249
829 830
829 831
829 832
829 833
829 860
830 831
830 832
830 833
831 832
831 833
832 833
833 860
833 887
833 968
834 835
834 836
834 837
834 838
834 839
834 840
834 841
834 849
834 1057
835 836
835 837
835 838
835 839
835 840
835 841
835 849
836 837
836 838
836 839
836 840
836 841
837 838
837 839
837 840
837 841
838 839
838 840
838 841
839 840
839 841
840 841
842 843
842 844
842 845
842 849
842 981
843 844
843 845
844 845
846 847
846 848
846 938
847 848
849 850
849 851
849 852
849 871
850 851
850 852
851 852
853 854
853 855
853 856
853 857
853 858
853 859
854 855
854 856
854 857
854 858
854 859
855 856
855 857
855 858
855 859
856 857
856 858
856 859
857 858
857 859
858 859
860 861
860 862
860 863
860 864
860 865
860 866
860 867
860 868
860 869
860 870
861 862
861 863
861 864
861 865
861 866
861 867
861 868
861 869
861 876
862 863
862 864
862 865
862 866
862 867
862 868
862 869
862 935
863 864
863 865
863 866
863 867
863 868
863 869
864 865
864 866
864 867
864 868
864 869
865 866
865 867
865 868
865 869
866 867
866 868
866 869
867 868
867 869
868 869
870 871
870 872
870 873
870 874
871 872
871 873
871 874
871 1017
871 1059
872 873
872 874
873 874
875 876
875 877
875 878
875 879
876 877
876 878
876 879
877 878
877 879
878 879
880 881
880 882
880 883
880 884
880 885
880 894
880 905
880 1018
880 1060
880 1195
881 882
881 883
881 884
881 885
881 892
881 1138
881 1195
881 1196
882 883
882 884
882 885
883 884
883 885
884 885
886 887
886 888
886 889
886 890
887 888
887 889
887 890
888 889
888 890
889 890
891 892
891 893
891 895
891 942
891 1244
892 893
892 895
892 977
894 895
894 896
894 897
894 898
894 899
894 904
894 1249
895 896
895 897
895 898
895 899
895 980
895 1017
895 1078
895 1083
895 1179
896 897
896 898
896 899
897 898
897 899
897 980
897 1017
897 1078
897 1179
898 899
900 901
900 902
900 903
900 1154
901 902
901 903
901 970
901 987
902 903
904 905
904 906
904 907
904 908
904 942
905 906
905 907
905 908
905 938
905 939
905 940
906 907
906 908
907 908
909 910
911 912
911 913
911 914
911 915
912 913
912 914
912 916
912 920
912 924
913 914
915 916
915 917
915 918
916 917
916 918
916 920
916 924
917 918
919 920
919 921
919 922
919 924
919 942
919 980
920 921
920 922
920 924
920 928
921 922
923 924
923 925
923 926
923 977
923 1191
924 925
924 926
924 942
924 1196
925 926
927 928
927 929
927 930
927 1049
927 1143
928 929
928 930
929 930
929 942
931 932
931 933
931 934
931 936
931 939
932 933
932 935
932 936
932 942
934 935
934 936
934 937
934 942
934 1249
935 936
935 937
935 939
936 937
936 940
936 942
936 969
936 970
938 939
938 940
938 941
938 942
938 943
939 940
939 941
939 942
939 943
940 941
940 942
940 943
940 946
940 1217
941 942
941 943
942 943
942 961
942 964
942 965
944 945
944 946
944 947
944 1098
945 946
945 947
946 947
948 949
948 1018
948 1019
949 960
949 986
950 951
950 952
950 953
950 954
950 955
950 956
950 957
950 958
950 959
950 1155
951 952
951 953
951 954
951 955
951 956
951 957
951 958
951 959
951 960
951 1155
952 953
952 954
952 955
952 956
952 957
952 958
952 959
952 1138
953 954
953 955
953 956
953 957
953 958
953 959
954 955
954 956
954 957
954 958
954 959
955 956
955 957
955 958
955 959
955 1154
956 957
956 958
956 959
956 986
956 987
957 958
957 959
958 959
960 961
960 962
960 963
960 970
960 972
960 973
960 986
960 1008
960 1137
960 1195
961 962
961 963
961 967
961 970
961 973
961 981
961 986
961 987
961 1239
962 963
964 965
964 966
964 967
964 968
964 1196
965 966
965 967
965 968
965 993
965 1019
965 1195
965 1196
966 967
966 968
967 968
969 970
969 971
969 976
969 993
969 1133
969 1164
969 1211
970 971
970 973
970 976
970 977
970 1007
970 1008
970 1009
970 1019
970 1133
970 1168
972 973
972 974
972 975
973 974
973 975
973 1195
974 975
976 977
976 978
976 979
976 1059
976 1078
976 1118
976 1133
976 1134
976 1137
976 1188
977 978
977 979
977 1125
977 1133
977 1138
977 1170
978 979
980 981
980 982
980 983
980 1038
981 982
981 983
981 1164
981 1173
982 983
984 985
984 986
984 987
984 1007
984 1008
984 1009
984 1119
986 987
986 988
986 989
986 990
986 991
986 1019
986 1023
986 1100
986 1119
986 1120
986 1233
987 988
987 989
987 990
987 991
987 1019
987 1023
987 1049
987 1050
987 1119
987 1120
988 989
988 990
988 991
989 990
989 991
990 991
992 993
992 994
992 995
992 996
992 997
992 998
992 999
992 1000
992 1033
992 1098
992 1143
992 1144
992 1145
992 1146
993 994
993 995
993 996
993 997
993 998
993 999
993 1000
993 1038
993 1042
993 1043
994 995
994 996
994 997
994 998
994 999
994 1000
994 1034
994 1100
994 1137
995 996
995 997
995 998
995 999
995 1000
996 997
996 998
996 999
996 1000
996 1101
997 998
997 999
997 1000
998 999
998 1000
998 1032
998 1033
998 1034
998 1060
998 1138
999 1000
1001 1002
1001 1003
1001 1004
1001 1005
1001 1006
1001 1007
1001 1008
1001 1039
1002 1003
1002 1004
1002 1005
1002 1006
1003 1004
1003 1005
1003 1006
1004 1005
1004 1006
1004 1174
1005 1006
1005 1174
1007 1008
1007 1009
1007 1010
1007 1011
1007 1012
1007 1013
1007 1038
1007 1059
1007 1060
1007 1191
1007 1248
1008 1009
1008 1010
1008 1011
1008 1012
1008 1013
1008 1038
1008 1049
1008 1053
1008 1059
1008 1078
1008 1085
1008 1105
1008 1248
1009 1010
1009 1011
1009 1012
1009 1013
1009 1036
1009 1038
1009 1054
1009 1248
1010 1011
1010 1012
1010 1013
1010 1019
1010 1032
1010 1058
1010 1060
1010 1079
1010 1083
1010 1092
1010 1099
1010 1106
1010 1119
1010 1124
1011 1012
1011 1013
1012 1013
1014 1015
1014 1016
1014 1017
1015 1016
1015 1017
1016 1017
1018 1019
1018 1020
1018 1021
1018 1022
1018 1028
1019 1020
1019 1021
1019 1022
1019 1028
1019 1245
1020 1021
1020 1022
1021 1022
1023 1024
1023 1025
1023 1026
1023 1027
1023 1085
1023 1119
1023 1120
1023 1159
1023 1160
1024 1025
1024 1026
1024 1027
1025 1026
1025 1027
1026 1027
1028 1029
1028 1030
1028 1034
1028 1035
1028 1036
1028 1106
1028 1227
1028 1228
1029 1030
1030 1126
1031 1032
1031 1033
1031 1034
1032 1033
1032 1034
1032 1064
1032 1079
1032 1116
1032 1125
1033 1034
1033 1043
1033 1053
1033 1054
1033 1064
1033 1066
1033 1075
1033 1076
1033 1116
1033 1137
1033 1252
1034 1054
1034 1064
1034 1066
1034 1116
1034 1119
1034 1138
1034 1145
1035 1036
1035 1049
1035 1050
1035 1053
1035 1063
1035 1070
1035 1091
1035 1105
1035 1106
1035 1115
1035 1137
1035 1143
1035 1191
1036 1049
1036 1053
1036 1091
1036 1106
1036 1191
1037 1038
1037 1039
1037 1040
1037 1041
1037 1083
1038 1039
1038 1040
1038 1041
1038 1054
1038 1098
1038 1099
1038 1191
1038 1221
1039 1040
1039 1041
1039 1191
1040 1041
1042 1043
1042 1044
1042 1045
1042 1046
1042 1049
1042 1072
1042 1083
1042 1084
1042 1098
1042 1099
1042 1100
1042 1101
1042 1124
1042 1143
1042 1159
1042 1227
1043 1044
1043 1045
1043 1046
1043 1050
1043 1072
1043 1084
1043 1098
1043 1099
1043 1101
1043 1124
1044 1045
1044 1046
1045 1046
1047 1048
1047 1078
1047 1245
1048 1143
1049 1050
1049 1051
1049 1052
1049 1057
1049 1059
1049 1076
1049 1091
1049 1093
1050 1051
1050 1052
1050 1060
1050 1076
1050 1079
1050 1091
1050 1093
1050 1138
1051 1052
1053 1054
1053 1055
1053 1056
1053 1057
1053 1144
1053 1227
1053 1228
1054 1055
1054 1056
1054 1058
1054 1060
1055 1056
1057 1058
1057 1059
1057 1060
1057 1061
1057 1062
1057 1091
1057 1105
1057 1120
1057 1124
1057 1143
1057 1172
1057 1227
1058 1059
1058 1060
1058 1061
1058 1062
1058 1092
1058 1105
1058 1106
1058 1228
1058 1236
1059 1060
1059 1061
1059 1062
1059 1078
1059 1091
1059 1092
1059 1105
1059 1110
1059 1111
1059 1134
1059 1143
1059 1207
1059 1227
1060 1061
1060 1062
1060 1092
1060 1093
1060 1105
1060 1144
1060 1173
1060 1227
1060 1228
1061 1062
1063 1064
1063 1065
1063 1066
1063 1067
1063 1068
1063 1069
1064 1065
1064 1066
1064 1067
1064 1068
1064 1069
1064 1191
1065 1066
1065 1067
1065 1068
1065 1069
1066 1067
1066 1068
1066 1069
1067 1068
1067 1069
1068 1069
1070 1071
1070 1072
1070 1073
1070 1074
1070 1083
1070 1084
1071 1072
1071 1073
1071 1074
1071 1078
1071 1154
1071 1173
1072 1073
1072 1074
1072 1078
1072 1079
1072 1084
1072 1085
1072 1223
1073 1074
1075 1076
1075 1077
1075 1173
1076 1077
1076 1085
1078 1079
1078 1080
1078 1081
1078 1082
1078 1083
1078 1084
1078 1105
1078 1133
1078 1244
1079 1080
1079 1081
1079 1082
1079 1083
1079 1084
1079 1085
1079 1134
1079 1245
1080 1081
1080 1082
1081 1082
1083 1084
1083 1085
1083 1086
1083 1087
1083 1088
1083 1089
1083 1091
1083 1124
1083 1126
1083 1151
1083 1214
1083 1244
1084 1085
1084 1086
1084 1087
1084 1088
1084 1089
1084 1091
1084 1092
1084 1125
1084 1244
1085 1086
1085 1087
1085 1088
1085 1089
1085 1100
1085 1124
1085 1126
1085 1132
1086 1087
1086 1088
1086 1089
1087 1088
1087 1089
1088 1089
1090 1091
1090 1092
1090 1093
1090 1094
1091 1092
1091 1093
1091 1094
1092 1093
1092 1094
1093 1094
1095 1096
1095 1097
1095 1133
1096 1097
1098 1099
1098 1100
1098 1101
1098 1102
1098 1103
1098 1104
1098 1138
1098 1143
1098 1144
1098 1146
1099 1100
1099 1101
1099 1102
1099 1103
1099 1104
1099 1120
1099 1138
1099 1143
1099 1144
1099 1145
1099 1146
1099 1160
1099 1173
1100 1101
1100 1102
1100 1103
1100 1104
1100 1124
1100 1137
1100 1138
1100 1143
1100 1144
1100 1145
1100 1146
1100 1148
1101 1102
1101 1103
1101 1104
1101 1124
1101 1127
1101 1138
1101 1143
1101 1144
1101 1145
1101 1146
1101 1189
1101 1237
1102 1103
1102 1104
1103 1104
1105 1106
1105 1107
1105 1108
1105 1109
1105 1110
1105 1151
1105 1152
1105 1227
1105 1228
1105 1232
1106 1107
1106 1108
1106 1109
1106 1110
1106 1125
1106 1151
1106 1152
1106 1153
1106 1173
1106 1227
1106 1228
1106 1232
1107 1108
1107 1109
1108 1109
1110 1111
1110 1112
1110 1113
1110 1114
1110 1124
1110 1227
1110 1228
1111 1112
1111 1113
1111 1114
1111 1228
1112 1113
1112 1114
1113 1114
1115 1116
1115 1117
1115 1118
1115 1124
1115 1154
1116 1117
1116 1118
1116 1124
1116 1125
1116 1127
1117 1118
1117 1126
1118 1126
1119 1120
1119 1121
1119 1122
1119 1123
1119 1125
1119 1138
1119 1143
1119 1154
1119 1159
1119 1160
1119 1167
1119 1195
1119 1196
1119 1232
1120 1121
1120 1122
1120 1123
1120 1125
1120 1127
1120 1155
1120 1191
1120 1195
1120 1196
1121 1122
1121 1123
1122 1123
1124 1125
1124 1126
1124 1127
1124 1128
1124 1129
1124 1130
1124 1131
1124 1132
1124 1143
1124 1195
1124 1222
1124 1236
1124 1251
1125 1126
1125 1127
1125 1128
1125 1129
1125 1130
1125 1131
1125 1132
1125 1191
1125 1195
1125 1196
1125 1203
1125 1205
1125 1223
1125 1252
1126 1127
1126 1128
1126 1129
1126 1130
1126 1131
1126 1132
1126 1191
1126 1202
1126 1207
1126 1222
1126 1251
1127 1128
1127 1129
1127 1130
1127 1131
1127 1132
1127 1153
1127 1196
1128 1129
1128 1130
1128 1131
1128 1132
1129 1130
1129 1131
1129 1132
1130 1131
1130 1132
1131 1132
1132 1173
1133 1134
1133 1135
1133 1136
1133 1190
1133 1195
1133 1196
1134 1135
1134 1136
1134 1154
1134 1195
1134 1196
1134 1232
1135 1136
1137 1138
1137 1139
1137 1140
1137 1141
1137 1142
1137 1143
1137 1144
1137 1146
1137 1175
1137 1176
1137 1179
1138 1139
1138 1140
1138 1141
1138 1142
1138 1143
1138 1144
1138 1145
1138 1146
1138 1159
1138 1160
1138 1172
1138 1173
1138 1174
1138 1176
1138 1177
1138 1179
1139 1140
1139 1141
1139 1142
1140 1141
1140 1142
1141 1142
1143 1144
1143 1145
1143 1146
1143 1147
1143 1148
1143 1149
1143 1150
1143 1235
1144 1145
1144 1146
1144 1147
1144 1148
1144 1149
1144 1150
1144 1235
1145 1146
1145 1147
1145 1148
1145 1149
1145 1150
1145 1232
1145 1235
1146 1147
1146 1148
1146 1149
1146 1150
1146 1232
1146 1235
1146 1238
1147 1148
1147 1149
1147 1150
1148 1149
1148 1150
1149 1150
1151 1152
1151 1153
1152 1153
1154 1155
1154 1156
1154 1157
1154 1158
1154 1167
1154 1172
1154 1173
1154 1174
1154 1176
1155 1156
1155 1157
1155 1158
1155 1172
1155 1173
1155 1215
1155 1221
1156 1157
1156 1158
1157 1158
1159 1160
1159 1161
1159 1162
1159 1163
1159 1173
1159 1200
1159 1227
1160 1161
1160 1162
1160 1163
1160 1170
1160 1173
1160 1174
1160 1176
1160 1200
1160 1227
1161 1162
1161 1163
1162 1163
1164 1165
1164 1166
1165 1166
1167 1168
1167 1169
1167 1170
1167 1171
1167 1172
1167 1173
1167 1174
1167 1177
1167 1214
1168 1169
1168 1170
1168 1171
1168 1172
1168 1173
1168 1177
1168 1214
1168 1215
1168 1220
1169 1170
1169 1171
1170 1171
1170 1172
1170 1173
1170 1174
1170 1176
1170 1184
1170 1214
1170 1215
1170 1220
1170 1221
1170 1244
1170 1245
1172 1173
1172 1174
1172 1175
1172 1176
1172 1222
1172 1244
1173 1174
1173 1175
1173 1176
1173 1180
1174 1175
1174 1176
1174 1184
1174 1220
1174 1244
1174 1251
1175 1176
1176 1178
1176 1220
1176 1221
1176 1244
1176 1245
1177 1178
1179 1180
1179 1181
1179 1182
1180 1181
1180 1182
1181 1182
1183 1184
1183 1185
1183 1186
1183 1187
1184 1185
1184 1186
1184 1187
1184 1195
1184 1196
1184 1220
1185 1186
1185 1187
1186 1187
1188 1189
1188 1190
1188 1191
1189 1190
1191 1192
1191 1193
1191 1194
1191 1195
1191 1196
1191 1204
1191 1205
1192 1193
1192 1194
1193 1194
1195 1196
1195 1197
1195 1198
1195 1199
1196 1197
1196 1198
1196 1199
1196 1221
1196 1223
1196 1245
1197 1198
1197 1199
1198 1199
1200 1201
1200 1202
1200 1203
1200 1204
1200 1205
1200 1206
1200 1207
1200 1208
1201 1202
1201 1203
1201 1204
1201 1205
1201 1206
1201 1207
1201 1208
1202 1203
1202 1204
1202 1205
1202 1206
1202 1207
1202 1208
1203 1204
1203 1205
1203 1206
1203 1207
1203 1208
1204 1205
1204 1206
1204 1207
1204 1208
1205 1206
1205 1207
1205 1208
1206 1207
1206 1208
1207 1208
1209 1210
1209 1211
1209 1212
1209 1213
1210 1211
1210 1212
1210 1213
1210 1245
1211 1212
1211 1213
1212 1213
1214 1215
1214 1216
1214 1217
1214 1218
1214 1219
1214 1220
1214 1244
1215 1216
1215 1217
1215 1218
1215 1219
1215 1227
1215 1228
1215 1245
1216 1217
1216 1218
1216 1219
1217 1218
1217 1219
1218 1219
1220 1221
1220 1222
1220 1223
1220 1224
1220 1225
1220 1226
1220 1227
1220 1228
1220 1232
1220 1239
1220 1244
1220 1251
1221 1222
1221 1223
1221 1224
1221 1225
1221 1226
1221 1227
1221 1228
1221 1232
1221 1240
1221 1245
1221 1248
1222 1223
1222 1224
1222 1225
1222 1226
1222 1228
1223 1224
1223 1225
1223 1226
1223 1228
1223 1252
1224 1225
1224 1226
1225 1226
1227 1228
1227 1229
1227 1230
1227 1231
1228 1229
1228 1230
1228 1231
1229 1230
1229 1231
1230 1231
1232 1233
1232 1234
1232 1235
1232 1236
1232 1237
1233 1234
1233 1235
1233 1236
1233 1237
1234 1235
1234 1236
1234 1237
1235 1236
1235 1237
1236 1237
1238 1239
1238 1240
1238 1241
1238 1242
1238 1243
1239 1240
1239 1241
1239 1242
1239 1243
1239 1244
1240 1241
1240 1242
1240 1243
1241 1242
1241 1243
1242 1243
1244 1245
1244 1246
1244 1247
1244 1248
1245 1246
1245 1247
1245 1248
1246 1247
1246 1248
1247 1248
1249 1250
1249 1251
1251 1252
1251 1253
1251 1254
1251 1255
1251 1256
1252 1253
1252 1254
1252 1255
1252 1256
1253 1254
1253 1255
1253 1256
1254 1255
1254 1256
1255 1256
1257 1258
1257 1259
1257 1260
1257 1261
1258 1259
1258 1260
1258 1261
1259 1260
1259 1261
1260 1261
1262 1263
1262 1264
1263 1264
1265 1266
1265 1267
1265 1268
1265 1269
1265 1270
1266 1267
1266 1268
1266 1269
1266 1270
1267 1268
1267 1269
1267 1270
1268 1269
1268 1270
1269 1270
1271 1272
1271 1273
1271 1274
1271 1275
1272 1273
1272 1274
1272 1275
1273 1274
1273 1275
1274 1275
1276 1277
1278 1279
1278 1280
1278 1281
1279 1280
1279 1281
1280 1281
1282 1283
1282 1284
1283 1284
1285 1286
1287 1288
1287 1289
1287 1290
1288 1289
1288 1290
1289 1290
1291 1292
1291 1293
1291 1294
1291 1295
1291 1296
1291 1297
1291 1298
1291 1299
1291 1300
1292 1293
1292 1294
1292 1295
1292 1296
1292 1297
1292 1298
1292 1299
1292 1300
1293 1294
1293 1295
1293 1296
1293 1297
1293 1298
1293 1299
1293 1300
1294 1295
1294 1296
1294 1297
1294 1298
1294 1299
1294 1300
1295 1296
1295 1297
1295 1298
1295 1299
1295 1300
1296 1297
1296 1298
1296 1299
1296 1300
1297 1298
1297 1299
1297 1300
1298 1299
1298 1300
1299 1300
1301 1302
1303 1304
1303 1305
1304 1305
1306 1307
1306 1308
1306 1309
1306 1310
1306 1311
1307 1308
1307 1309
1307 1310
1307 1311
1308 1309
1308 1310
1308 1311
1309 1310
1309 1311
1310 1311
1312 1313
1312 1314
1312 1315
1312 1316
1312 1317
1313 1314
1313 1315
1313 1316
1313 1317
1314 1315
1314 1316
1314 1317
1315 1316
1315 1317
1316 1317
