0 1
0 2
0 3
0 4
0 45
0 148
0 153
0 229
0 436
0 442
0 451
0 453
0 560
0 561
0 562
0 563
1 2
1 3
1 4
1 153
1 154
1 229
1 230
1 437
1 439
1 443
1 452
1 454
1 560
1 561
1 562
1 563
2 3
2 4
2 45
2 148
2 153
2 229
2 416
2 560
3 4
3 153
3 154
3 161
3 229
3 230
3 560
5 6
5 7
5 8
5 9
5 10
5 560
5 561
5 562
5 563
6 7
6 8
6 9
6 10
6 533
6 561
6 562
7 8
7 9
7 10
8 9
8 10
9 10
11 12
11 25
11 680
13 14
13 15
13 16
13 17
14 15
14 16
14 17
14 18
14 652
15 16
17 18
17 19
17 20
17 21
17 22
17 23
17 24
17 25
17 51
17 197
17 198
17 229
17 323
17 458
18 19
18 20
18 21
18 22
18 23
18 24
18 25
18 51
18 197
18 198
18 209
18 323
18 458
19 20
19 21
19 22
19 23
19 24
20 21
20 22
20 23
20 24
20 110
21 22
21 23
21 24
21 393
22 23
22 24
23 24
24 198
25 476
25 477
25 587
26 27
26 28
26 308
26 722
27 28
27 29
27 30
27 31
27 32
27 308
27 309
29 30
29 31
29 32
29 33
29 34
29 35
29 64
29 65
29 67
29 83
29 84
29 163
29 164
29 229
29 236
29 239
29 240
29 572
29 671
29 672
30 31
30 32
30 33
30 34
30 35
30 65
30 164
30 237
30 466
30 672
31 32
31 33
31 34
31 35
31 65
31 92
31 163
31 164
31 229
31 572
31 671
32 33
32 34
32 35
32 164
32 671
32 672
33 34
33 35
34 35
36 37
36 38
36 39
36 40
36 41
36 58
36 59
36 64
36 65
36 67
36 187
36 375
36 566
37 38
37 39
37 40
37 59
37 84
38 39
38 40
39 40
41 42
41 57
41 159
41 536
41 545
41 546
41 596
42 142
43 44
43 45
43 50
43 51
44 45
44 560
45 157
45 560
45 561
45 562
45 563
46 47
46 48
46 49
46 50
46 51
46 58
46 59
46 69
46 192
46 316
46 433
46 586
47 48
47 49
47 50
47 51
47 59
47 192
47 433
47 434
48 49
50 51
50 52
50 53
50 54
50 55
50 72
50 99
50 197
50 223
50 246
50 313
50 324
50 347
50 438
51 52
51 53
51 54
51 55
51 72
51 73
51 99
51 100
51 197
51 224
51 230
51 246
51 313
51 324
51 346
51 348
51 438
52 53
52 54
52 55
53 54
53 55
54 55
56 57
58 59
58 60
58 61
58 62
58 63
58 64
58 65
58 67
58 192
58 254
58 286
58 375
58 521
58 566
59 60
59 61
59 62
59 63
59 64
59 65
59 193
59 255
59 414
60 61
60 62
60 63
61 62
61 63
62 63
64 65
64 66
64 67
64 68
64 69
65 66
65 67
65 68
65 80
65 83
65 84
65 209
65 237
65 238
66 67
66 68
67 68
67 237
69 70
69 95
69 104
69 118
69 425
69 426
69 436
69 437
69 438
69 675
69 690
70 96
70 118
70 119
70 405
70 425
70 426
71 72
71 73
71 74
71 75
71 76
71 229
71 386
72 73
72 74
72 75
72 76
72 197
72 229
72 262
72 292
72 487
72 544
72 548
72 549
73 74
73 75
73 76
73 229
73 230
73 332
73 487
73 488
74 75
74 76
75 76
77 78
77 230
79 80
79 81
79 82
79 83
80 81
80 82
80 105
81 82
83 84
83 85
83 86
83 238
83 239
83 240
83 254
83 259
84 85
84 86
84 238
84 239
84 260
84 279
85 86
87 88
87 89
87 90
88 89
88 90
88 187
88 188
88 190
89 90
89 187
89 188
91 92
91 93
91 94
91 245
92 93
92 94
93 94
95 96
95 97
95 98
95 229
95 230
96 97
96 98
97 98
99 100
99 101
99 102
99 103
99 290
99 291
99 292
100 101
100 102
100 103
100 105
100 293
101 102
101 103
102 103
103 104
104 105
104 106
104 107
104 108
104 109
104 187
104 216
104 331
104 438
105 106
105 107
105 108
105 109
106 107
106 108
106 109
106 439
107 108
107 109
108 109
110 111
110 112
110 113
110 114
110 115
110 116
110 117
110 118
110 119
110 124
110 127
110 160
110 161
110 208
110 209
110 210
110 324
110 620
110 722
111 112
111 113
111 114
111 115
111 116
111 117
111 118
111 119
111 124
111 160
111 209
111 324
111 722
112 113
112 114
112 115
112 116
112 117
112 160
112 210
112 324
112 378
112 620
113 114
113 115
113 116
113 117
113 118
113 119
113 141
113 161
113 208
113 240
114 115
114 116
114 117
115 116
115 117
115 176
116 117
118 119
118 120
118 121
118 122
118 123
118 124
118 125
118 126
118 127
118 208
118 209
118 425
119 120
119 121
119 122
119 123
119 124
119 125
119 126
119 127
119 204
119 209
119 426
120 121
120 122
120 123
120 124
120 125
120 126
120 127
120 451
121 122
121 123
121 124
121 125
121 126
121 127
122 123
122 124
122 125
122 126
122 127
123 124
123 125
123 126
123 127
124 125
124 126
124 127
124 398
125 126
125 127
126 127
128 129
128 130
128 131
128 132
128 133
128 181
128 182
128 183
129 130
129 131
129 132
129 133
129 134
129 171
129 173
129 177
129 239
129 240
130 131
130 132
130 133
130 134
130 182
130 183
131 132
131 133
131 239
132 133
132 183
134 135
134 136
134 176
134 186
134 216
134 433
134 548
135 136
137 138
137 139
137 140
137 141
137 142
137 143
137 144
137 145
137 146
137 147
137 148
137 153
137 168
137 254
137 438
137 442
137 595
137 620
138 139
138 140
138 141
138 142
138 143
138 144
138 145
138 146
138 147
138 148
138 154
138 158
138 169
138 415
138 418
138 437
139 140
139 141
139 142
139 143
139 144
139 145
139 146
139 147
139 148
140 141
140 142
140 143
140 144
140 145
140 146
140 147
140 148
141 142
141 143
141 144
141 145
141 146
141 147
141 148
142 143
142 144
142 145
142 146
142 147
142 148
142 149
142 153
142 246
142 248
142 286
142 436
142 439
142 496
142 530
142 671
142 696
143 144
143 145
143 146
143 147
143 148
143 154
143 158
143 169
143 415
143 418
143 437
143 439
144 145
144 146
144 147
144 148
145 146
145 147
145 148
146 147
146 148
147 148
147 442
148 443
149 150
149 151
149 152
149 157
149 158
149 414
149 442
150 151
150 152
150 158
150 443
151 152
153 154
153 155
153 156
153 157
153 158
153 436
153 438
153 464
153 676
154 155
154 156
154 157
154 437
154 439
154 676
155 156
157 158
157 159
157 425
157 497
157 675
158 159
158 675
160 161
160 162
160 192
160 438
160 572
160 645
160 646
160 667
161 162
161 168
161 192
161 572
161 667
163 164
163 165
163 166
163 167
164 165
164 166
164 167
164 190
165 166
165 167
165 183
166 167
168 169
168 170
168 696
169 170
169 696
169 697
171 172
171 173
171 174
171 175
171 176
171 181
171 182
171 183
171 208
171 572
171 573
172 173
172 174
172 175
173 174
173 175
173 176
173 177
173 181
173 572
173 573
174 175
176 177
176 178
176 179
176 180
176 181
176 182
176 192
176 433
176 491
176 570
177 178
177 179
177 180
177 181
177 182
177 192
177 239
177 240
177 433
177 434
177 516
177 567
177 570
178 179
178 180
179 180
180 183
180 583
180 611
181 182
181 183
181 184
181 185
181 186
181 192
181 259
181 481
181 690
182 183
182 184
182 185
182 186
182 190
182 516
182 691
183 184
183 185
183 186
183 571
183 580
183 690
183 692
183 693
184 185
184 186
185 186
187 188
187 189
187 190
187 191
187 268
187 317
187 433
187 434
187 438
187 566
188 189
188 190
188 191
188 268
188 269
188 317
188 434
188 439
188 566
188 567
189 190
189 191
190 191
192 193
192 194
192 195
192 196
192 375
192 690
192 691
192 692
192 693
193 194
193 195
193 196
193 691
193 692
194 195
194 196
195 196
197 198
197 199
197 200
197 201
197 202
197 225
197 226
197 298
197 451
197 457
198 199
198 200
198 201
198 202
198 225
198 226
198 230
198 452
198 458
199 200
199 201
199 202
200 201
200 202
201 202
203 204
203 205
203 206
203 207
203 246
203 425
203 438
204 205
204 206
204 207
204 426
204 438
205 206
205 207
206 207
208 209
208 210
208 544
208 701
209 210
211 438
211 487
211 488
211 724
212 213
212 214
212 215
213 214
213 215
214 215
214 562
214 563
216 217
216 218
216 219
216 319
216 356
216 433
216 442
217 218
217 219
217 357
217 359
217 414
217 683
218 219
220 260
220 375
220 376
220 379
221 222
221 223
221 224
221 229
221 246
221 254
221 255
221 259
221 260
221 268
221 290
221 386
221 438
222 223
222 224
222 255
222 260
222 386
222 412
223 224
223 250
223 254
223 255
223 259
223 260
223 487
223 523
225 226
225 227
225 228
225 438
226 227
226 228
227 228
229 230
229 231
229 232
229 233
229 234
229 235
229 335
229 345
229 347
230 231
230 232
230 233
230 234
230 235
230 243
230 331
230 346
230 348
230 545
231 232
231 233
231 234
231 235
232 233
232 234
232 235
233 234
233 235
234 235
236 237
238 239
238 240
238 241
238 242
239 240
239 241
239 242
240 241
240 242
241 242
243 259
244 245
244 246
244 247
244 248
244 249
244 254
244 255
244 259
244 268
244 599
244 665
245 246
245 247
245 248
245 249
245 254
245 255
245 259
245 268
245 599
245 600
246 247
246 248
246 249
246 253
246 254
246 259
246 292
246 386
246 442
246 611
246 612
246 645
246 665
247 248
247 249
247 254
247 255
247 269
247 359
247 599
247 600
247 612
248 249
250 251
250 252
250 253
250 255
250 259
250 260
250 491
250 492
250 625
250 626
251 252
251 253
251 255
251 626
252 253
254 255
254 256
254 257
254 258
254 259
254 260
254 268
254 345
254 438
254 599
255 256
255 257
255 258
255 259
255 260
255 269
256 257
256 258
257 258
259 260
259 261
259 263
259 393
260 261
260 263
260 279
262 263
262 264
262 265
262 266
262 267
262 268
262 356
262 393
262 400
262 407
262 417
262 418
262 584
263 264
263 265
263 266
263 267
263 268
263 286
263 309
263 393
263 411
263 412
263 417
263 418
263 584
264 265
264 266
264 267
265 266
265 267
266 267
267 280
267 281
268 269
268 270
268 271
268 272
268 273
268 274
268 275
268 276
268 277
268 278
268 280
268 281
268 492
268 651
269 270
269 271
269 272
269 273
269 274
269 275
269 276
269 277
269 278
269 281
270 271
270 272
270 273
270 274
270 275
270 276
270 277
270 278
271 272
271 273
271 274
271 275
271 276
271 277
271 278
272 273
272 274
272 275
272 276
272 277
272 278
273 274
273 275
273 276
273 277
273 278
273 286
274 275
274 276
274 277
274 278
275 276
275 277
275 278
276 277
276 278
277 278
278 280
278 281
280 281
280 282
280 283
280 284
280 285
280 329
280 330
280 358
280 359
280 380
280 438
280 439
280 446
280 494
280 515
280 653
281 282
281 283
281 284
281 285
281 330
281 358
281 359
281 438
281 439
281 494
281 516
281 653
282 283
282 284
282 285
283 284
283 285
284 285
286 287
286 288
286 289
286 297
286 298
286 299
286 303
287 288
287 289
288 289
290 291
290 292
290 293
290 294
290 295
290 296
290 297
290 298
290 308
290 313
290 316
290 319
290 322
290 324
290 345
290 347
290 351
290 356
290 367
290 438
290 487
291 292
291 293
291 294
291 295
291 296
291 309
291 313
291 317
291 322
291 323
291 324
291 330
291 346
291 348
291 356
291 357
291 368
292 293
292 294
292 295
292 296
292 297
292 298
292 308
292 314
292 316
292 322
292 324
292 345
292 346
292 347
292 351
292 356
292 357
292 362
292 367
292 438
292 487
292 510
293 294
293 295
293 296
293 308
293 309
293 314
293 319
293 320
293 323
293 325
293 345
293 346
293 352
293 357
293 359
293 363
293 368
293 370
293 487
293 488
294 295
294 296
295 296
297 491
298 299
298 300
298 301
298 302
298 306
298 367
299 300
299 301
299 303
299 306
299 358
299 359
299 363
300 301
302 303
302 304
302 305
303 304
303 305
304 305
306 307
308 309
308 310
308 311
308 312
308 313
309 310
309 311
309 312
309 314
309 317
310 311
310 312
311 312
313 314
313 315
313 345
313 347
313 356
314 315
314 317
314 320
314 346
314 348
314 357
316 317
316 318
316 319
316 320
316 321
316 322
316 323
316 324
316 345
316 351
316 356
316 357
316 362
316 363
316 367
316 442
316 487
317 318
317 319
317 320
317 321
317 322
317 323
317 325
317 346
317 352
317 357
317 359
317 363
317 368
317 434
317 443
317 488
318 319
318 320
318 321
318 322
318 323
318 451
319 320
319 321
319 322
319 323
319 324
319 345
319 351
319 356
319 358
319 362
319 367
319 487
319 679
320 321
320 322
320 323
320 325
320 346
320 348
320 352
320 357
320 359
320 368
321 322
321 323
322 323
322 345
322 347
323 345
323 346
323 348
324 325
324 326
324 327
324 328
324 345
324 347
324 348
324 356
324 362
325 326
325 327
325 328
325 346
325 348
326 327
326 328
326 548
326 549
326 645
326 646
327 328
329 330
329 331
329 332
329 333
329 334
329 335
329 336
329 337
329 338
329 339
329 340
329 341
329 342
329 343
329 344
330 331
330 332
330 333
330 334
330 335
330 336
330 337
330 338
330 339
330 340
330 341
330 342
330 343
330 344
331 332
331 333
331 334
331 335
331 336
331 337
331 338
331 339
331 340
331 341
331 342
331 343
331 344
332 333
332 334
332 335
332 336
332 337
332 338
332 339
332 340
332 341
332 342
332 343
332 344
333 334
333 335
333 336
333 337
333 338
333 339
333 340
333 341
333 342
333 343
333 344
334 335
334 336
334 337
334 338
334 339
334 340
334 341
334 342
334 343
334 344
335 336
335 337
335 338
335 339
335 340
335 341
335 342
335 343
335 344
336 337
336 338
336 339
336 340
336 341
336 342
336 343
336 344
337 338
337 339
337 340
337 341
337 342
337 343
337 344
338 339
338 340
338 341
338 342
338 343
338 344
339 340
339 341
339 342
339 343
339 344
340 341
340 342
340 343
340 344
340 411
340 412
341 342
341 343
341 344
342 343
342 344
343 344
345 346
345 347
345 348
345 349
345 350
345 351
345 356
345 357
345 358
345 362
345 363
345 367
346 347
346 348
346 349
346 350
346 356
346 357
346 359
346 363
346 367
346 368
346 398
347 348
347 349
347 350
347 356
347 362
347 363
347 367
348 349
348 350
348 357
348 359
348 363
348 367
348 368
349 350
351 352
351 353
351 354
351 355
351 356
351 358
351 362
351 493
351 506
351 722
352 353
352 354
352 355
352 357
352 358
352 359
352 363
352 412
352 494
352 722
352 723
353 354
353 355
354 355
356 357
356 358
356 359
356 360
356 361
356 362
356 363
356 364
356 365
356 366
356 367
356 487
357 358
357 359
357 360
357 361
357 362
357 363
357 364
357 365
357 366
357 367
357 368
357 425
358 359
358 360
358 361
358 362
358 363
358 364
358 365
358 366
358 367
359 360
359 361
359 362
359 363
359 364
359 365
359 366
359 368
359 494
360 361
360 362
360 363
360 364
360 365
360 366
361 362
361 363
361 364
361 365
361 366
362 363
362 364
362 365
362 366
362 367
363 364
363 365
363 366
363 368
364 365
364 366
365 366
367 368
367 369
367 370
367 371
367 372
368 369
368 370
368 371
368 372
369 370
369 371
369 372
370 371
370 372
371 372
373 374
373 376
373 379
375 376
375 377
375 378
375 379
375 386
375 393
375 398
375 406
375 450
376 377
376 378
376 379
376 381
376 387
376 389
376 394
376 398
376 584
377 378
377 379
377 640
377 724
378 379
379 388
379 389
379 394
379 395
379 450
379 693
380 381
380 382
380 383
380 384
380 385
381 382
381 383
381 384
381 385
381 394
382 383
382 384
382 385
383 384
383 385
384 385
386 387
387 394
388 389
388 390
388 391
388 392
389 390
389 391
389 392
389 394
390 391
390 392
391 392
393 394
393 395
393 396
393 397
393 398
393 399
393 400
393 406
393 438
393 464
394 395
394 396
394 397
394 398
394 399
394 400
394 407
394 516
395 396
395 397
395 398
395 399
395 400
396 397
396 398
396 399
396 400
397 398
397 399
397 400
397 406
397 438
398 399
398 400
398 407
399 400
401 402
401 403
401 404
401 405
402 403
402 404
402 405
402 412
403 404
403 405
404 405
404 417
404 418
406 407
406 408
406 409
406 410
407 408
407 409
407 410
408 409
408 410
409 410
411 412
411 413
411 438
411 491
411 493
412 413
412 438
414 415
414 416
414 645
414 676
415 416
417 418
417 419
417 420
417 421
417 422
417 451
417 595
418 419
418 420
418 421
418 422
418 595
418 596
418 711
419 420
421 422
421 423
421 424
421 710
422 423
422 424
422 711
423 424
425 426
425 427
425 428
425 433
425 436
425 438
425 453
425 656
425 675
425 690
426 427
426 428
426 434
426 437
426 439
426 443
426 452
426 454
426 657
426 675
426 676
426 690
426 691
426 692
427 428
429 430
429 431
429 432
429 690
430 431
430 432
430 452
430 690
431 432
433 434
433 435
433 436
433 438
433 442
433 451
433 452
433 453
433 570
434 435
434 437
434 438
434 439
434 443
434 452
434 454
434 571
436 437
436 438
436 439
436 440
436 441
436 442
436 443
436 446
436 451
436 452
436 453
436 548
436 549
436 607
436 632
436 716
436 720
437 438
437 439
437 440
437 441
437 443
437 452
437 454
437 504
437 633
437 717
438 439
438 440
438 441
438 443
438 453
438 464
438 549
438 696
439 440
439 441
439 443
439 452
439 454
439 633
439 717
440 441
442 443
442 444
442 445
442 451
442 452
442 453
442 505
442 510
442 521
442 535
442 690
443 444
443 445
443 452
443 453
443 454
443 506
443 511
443 522
443 536
443 691
444 445
446 447
446 448
447 448
449 450
449 690
449 691
449 692
449 693
450 691
451 452
451 535
451 716
451 720
452 454
452 536
452 584
452 717
453 454
453 455
453 456
453 465
453 584
454 455
454 456
454 466
455 456
457 458
457 459
457 460
457 461
457 462
457 463
457 464
457 465
457 466
458 459
458 460
458 461
458 462
458 463
458 464
458 465
459 460
459 461
459 462
459 463
459 464
460 461
460 462
460 463
460 464
461 462
461 463
461 464
462 463
462 464
463 464
465 466
465 467
465 468
465 483
465 535
466 467
466 697
469 470
469 471
469 472
469 473
469 474
469 475
469 491
469 696
470 471
470 472
470 473
470 474
470 475
471 472
471 473
471 474
471 475
472 473
472 474
472 475
473 474
473 475
474 475
476 477
476 478
476 479
476 480
477 478
477 479
477 480
478 479
478 480
479 480
481 482
481 483
481 484
481 485
481 486
482 483
482 484
482 485
482 486
483 484
483 485
483 486
484 485
484 486
485 486
487 488
487 489
487 490
487 505
487 523
487 524
487 722
488 489
488 490
488 524
488 722
488 723
489 490
491 492
491 645
491 651
491 715
491 716
492 504
492 521
492 645
492 651
492 696
492 702
492 707
492 715
493 494
493 495
493 496
493 497
493 498
493 499
493 500
493 506
493 507
493 510
493 511
493 524
493 560
493 561
493 702
494 495
494 496
494 497
494 498
494 499
494 500
494 505
494 506
494 507
494 510
494 511
494 524
494 533
494 560
494 561
494 562
494 563
494 702
494 722
494 723
495 496
495 497
495 498
495 499
496 497
496 498
496 499
496 510
497 498
497 499
498 499
500 501
500 502
500 503
501 502
501 503
502 503
505 506
505 507
505 508
505 509
505 510
505 511
505 515
506 507
506 508
506 509
506 510
506 511
506 524
507 508
507 509
507 510
507 511
507 515
507 516
507 524
507 533
508 509
510 511
510 512
510 513
510 514
510 515
510 516
511 512
511 513
511 514
511 515
511 516
511 524
512 513
512 514
513 514
515 516
515 517
515 518
515 519
515 520
515 696
516 517
516 518
516 519
516 520
516 696
516 697
517 518
517 519
517 520
518 519
518 520
519 520
519 625
521 522
521 523
521 524
521 525
521 526
521 527
521 528
522 523
522 524
522 525
522 526
522 527
522 528
523 524
523 525
523 526
523 527
523 528
524 525
524 526
524 527
524 528
525 526
525 527
525 528
526 527
526 528
527 528
529 530
529 531
529 533
529 722
529 723
530 531
531 533
532 533
532 534
533 534
535 536
535 537
535 538
535 548
535 549
535 690
536 537
536 538
537 538
539 540
539 541
539 542
539 543
539 549
539 586
539 587
539 683
539 722
539 724
539 725
540 541
540 542
540 543
540 586
540 587
540 723
540 724
540 725
541 542
541 543
542 543
544 545
544 546
544 547
545 546
545 547
546 547
548 549
548 550
548 611
549 550
551 552
551 553
551 554
551 555
551 556
551 557
551 558
551 559
552 553
552 554
552 555
552 556
552 557
552 558
552 559
552 680
553 554
553 555
553 556
553 557
553 558
553 559
554 555
554 556
554 557
554 558
554 559
555 556
555 557
555 558
555 559
556 557
556 558
556 559
557 558
557 559
558 559
560 561
560 562
560 563
560 564
560 565
560 611
560 683
561 562
561 563
561 564
561 565
561 652
561 684
562 563
562 564
562 565
562 601
563 564
563 565
563 601
564 565
566 567
566 568
566 569
566 570
566 571
567 568
567 569
567 570
567 571
567 584
568 569
570 571
572 573
572 574
572 575
572 576
572 577
572 578
572 579
572 580
572 581
572 582
572 645
573 574
573 575
573 576
573 577
573 578
573 579
573 580
573 581
573 582
573 646
573 652
573 654
574 575
574 576
574 577
574 578
574 579
574 580
574 581
574 582
575 576
575 577
575 578
575 579
575 580
575 581
575 582
576 577
576 578
576 579
576 580
576 581
576 582
577 578
577 579
577 580
577 581
577 582
578 579
578 580
578 581
578 582
579 580
579 581
579 582
580 581
580 582
581 582
583 584
583 585
583 587
583 611
583 612
584 585
584 586
584 587
584 591
584 592
586 587
586 588
586 589
586 590
586 626
586 679
586 683
586 724
586 725
587 588
587 589
587 590
587 626
587 679
587 680
588 589
588 590
589 590
591 592
591 593
591 594
591 595
591 596
591 625
591 626
591 651
592 593
592 594
592 626
592 641
593 594
595 596
595 597
595 598
595 599
595 611
595 614
595 615
595 625
595 626
595 640
595 679
596 597
596 598
596 600
596 614
596 615
596 626
596 641
597 598
599 600
599 601
599 602
600 601
600 602
601 602
603 604
603 605
603 606
603 612
604 605
604 606
604 612
605 606
607 608
607 609
607 610
607 612
608 609
608 610
609 610
611 612
611 613
611 640
611 683
611 696
611 710
611 715
612 613
612 626
612 680
612 683
612 697
614 615
614 616
614 617
614 626
615 616
615 617
616 617
618 619
618 620
618 625
618 722
619 620
619 722
619 723
621 622
621 623
621 624
622 623
622 624
622 641
622 697
623 624
625 626
625 627
625 636
625 702
625 715
626 627
626 628
626 637
628 629
628 630
628 631
628 632
628 633
628 634
628 635
628 636
628 637
628 638
628 639
629 630
629 631
629 632
629 633
629 634
629 635
629 636
629 637
629 638
629 639
630 631
630 632
630 633
630 634
630 635
630 636
630 637
630 638
630 639
631 632
631 633
631 634
631 635
631 636
631 637
631 638
631 639
632 633
632 634
632 635
632 636
632 637
632 638
632 639
633 634
633 635
633 636
633 637
633 638
633 639
633 680
634 635
634 636
634 637
634 638
634 639
635 636
635 637
635 638
635 639
636 637
636 638
636 639
636 722
637 638
637 639
638 639
638 683
640 641
640 642
640 643
640 644
640 724
641 642
641 643
641 644
641 668
642 643
642 644
643 644
645 646
645 647
645 648
645 649
645 650
645 651
645 656
645 665
646 647
646 648
646 649
646 650
646 651
646 652
646 654
646 656
646 665
646 666
647 648
647 649
647 650
648 649
648 650
649 650
651 652
651 653
651 654
651 655
651 656
651 665
652 653
652 654
652 655
652 656
652 657
652 664
652 665
652 668
652 696
653 654
653 655
653 656
653 657
653 665
653 666
653 679
653 710
654 655
654 659
654 664
654 665
654 672
654 696
656 657
656 658
656 659
656 660
656 661
656 662
656 663
656 664
657 658
657 659
657 660
657 661
657 662
657 663
657 664
658 659
658 660
658 661
658 662
658 663
658 664
659 660
659 661
659 662
659 663
659 664
660 661
660 662
660 663
660 664
661 662
661 663
661 664
662 663
662 664
663 664
665 666
665 667
665 668
665 669
665 670
666 667
666 668
666 669
666 670
667 668
667 669
667 670
668 669
668 670
669 670
671 672
671 673
671 674
672 673
672 674
673 674
675 676
675 677
675 678
675 723
675 725
676 677
676 678
676 725
677 678
679 680
679 681
679 682
679 722
679 723
679 724
679 725
680 681
680 682
680 724
680 725
681 682
682 725
683 684
683 685
683 686
683 687
683 688
683 689
683 696
683 724
683 725
684 685
684 686
684 687
684 688
684 689
684 711
685 686
685 687
685 688
685 689
686 687
686 688
686 689
687 688
687 689
688 689
690 691
690 692
690 693
690 694
690 695
691 692
691 693
691 694
691 695
692 693
692 694
692 695
693 694
693 695
694 695
696 697
696 698
696 699
696 700
696 701
696 710
696 711
696 716
697 698
697 699
697 700
697 701
697 710
697 711
698 699
698 700
698 701
699 700
699 701
700 701
702 703
702 704
702 705
702 706
702 707
702 708
702 709
702 710
703 704
703 705
703 706
703 707
703 708
703 709
703 710
704 705
704 706
704 707
704 708
704 709
705 706
705 707
705 708
705 709
706 707
706 708
706 709
707 708
707 709
708 709
710 711
710 712
710 713
710 714
710 715
711 712
711 713
711 714
711 715
712 713
712 714
712 715
713 714
713 715
714 715
716 717
716 718
716 719
716 720
716 721
717 718
717 719
717 720
717 721
718 719
718 720
718 721
719 720
719 721
720 721
722 723
722 724
722 725
723 724
723 725
724 725
