0 1
0 2
0 3
0 150
0 151
0 307
0 675
1 2
1 3
1 19
1 27
1 28
1 31
1 146
1 150
1 151
1 156
2 3
4 5
4 6
4 7
4 8
4 9
4 10
4 27
4 35
4 39
5 6
5 7
5 8
5 9
5 10
5 38
5 566
5 725
5 728
6 7
6 8
6 9
6 10
7 8
7 9
7 10
7 26
7 38
7 39
7 41
7 42
7 550
7 605
8 9
8 10
8 39
8 42
9 10
10 42
11 12
11 13
11 14
11 15
11 279
12 13
12 14
12 15
13 14
13 15
14 15
16 17
16 18
16 19
16 20
16 21
17 18
17 19
17 20
17 21
17 513
18 19
18 20
18 21
18 26
18 34
18 41
18 42
18 47
18 145
18 432
18 513
19 20
19 21
19 27
19 28
19 31
19 35
19 38
19 39
20 21
22 23
22 24
22 25
22 26
22 27
22 28
23 24
23 25
23 28
23 42
24 25
26 27
26 28
26 29
26 30
26 34
26 80
26 145
26 216
26 276
26 299
26 687
27 28
27 29
27 35
27 39
27 42
27 47
27 146
27 151
28 29
28 35
28 51
28 82
30 31
30 32
30 33
30 34
30 35
30 36
30 37
30 38
30 50
30 120
30 122
30 216
30 616
30 700
30 708
31 32
31 33
31 34
31 35
31 36
31 37
31 120
31 122
31 697
31 701
32 33
32 34
32 35
32 36
32 37
33 34
33 35
33 36
33 37
34 35
34 36
34 37
34 120
34 122
34 408
34 599
34 696
34 698
35 36
35 37
35 39
35 51
35 92
35 723
35 771
36 37
38 39
38 40
38 41
38 42
38 43
38 44
38 45
38 46
38 47
38 50
38 59
38 61
38 80
38 105
38 146
38 216
38 221
38 728
39 40
39 41
39 42
39 43
39 44
39 45
39 46
39 48
39 49
39 51
39 62
39 92
39 106
39 146
39 217
40 41
40 42
40 43
40 44
40 45
40 46
41 42
41 43
41 44
41 45
41 46
41 47
41 50
41 61
41 211
41 221
41 647
41 672
42 43
42 44
42 45
42 46
42 48
42 51
42 82
42 351
43 44
43 45
43 46
44 45
44 46
45 46
47 48
47 49
47 50
47 51
47 70
47 75
47 80
47 216
47 670
47 681
48 49
48 50
48 51
48 123
48 127
48 146
48 217
49 50
49 51
49 217
49 227
50 51
50 52
50 53
50 54
50 55
50 59
50 61
50 318
50 327
50 591
51 52
51 53
51 54
51 55
51 62
51 76
51 92
51 106
52 53
52 54
52 55
53 54
53 55
54 55
54 744
56 57
56 58
56 59
56 61
56 75
56 76
56 80
56 81
56 676
57 58
57 59
57 62
57 76
57 81
57 105
57 106
57 111
59 60
59 61
59 62
59 70
59 72
59 74
59 75
59 80
59 86
59 91
60 61
60 62
61 62
61 70
61 80
61 81
61 82
61 86
61 89
61 150
61 310
62 64
62 65
62 76
62 80
62 81
62 82
62 92
62 106
62 111
62 324
63 101
63 102
63 113
63 123
63 253
63 254
64 65
64 66
64 67
64 68
64 69
64 554
65 66
65 67
65 68
65 69
66 67
66 68
66 69
67 68
67 69
68 69
69 194
70 71
70 72
70 73
70 74
70 75
70 76
70 80
70 81
70 92
70 105
71 72
71 73
71 74
71 76
71 81
71 90
71 106
71 111
72 73
72 74
73 74
75 76
75 77
75 78
75 79
75 80
75 81
75 82
75 98
75 105
75 481
75 554
75 610
75 704
76 77
76 78
76 79
76 80
76 81
76 82
77 78
77 79
77 80
77 81
78 79
78 80
78 81
79 80
79 81
80 81
80 82
80 194
80 195
81 82
81 235
82 83
82 84
82 85
82 86
82 87
82 88
82 90
82 92
82 113
83 84
83 85
83 86
83 87
83 88
84 85
84 86
84 87
84 88
85 86
85 87
85 88
86 87
86 88
87 88
87 90
88 137
89 90
89 91
89 92
89 93
89 94
89 95
89 122
90 91
90 92
90 93
90 94
90 95
90 123
91 92
91 93
91 94
91 95
92 93
92 94
92 95
92 97
92 106
92 111
92 122
92 123
93 94
93 95
94 95
95 145
95 146
96 97
96 98
96 99
96 100
97 98
97 99
97 100
97 113
98 99
98 100
98 133
98 610
99 100
99 113
101 102
101 103
101 104
102 103
102 104
103 104
103 113
105 106
105 107
105 108
105 109
105 110
105 111
105 141
105 688
105 700
106 107
106 108
106 109
106 110
106 111
106 113
106 204
107 108
107 109
107 110
107 111
108 109
108 110
108 111
109 110
109 111
110 111
111 113
111 244
112 113
112 114
112 115
112 116
112 117
112 118
112 119
112 120
112 121
112 122
112 123
112 216
112 221
112 357
112 444
113 114
113 115
113 116
113 117
113 118
113 119
113 120
113 121
113 122
113 123
113 354
113 357
114 115
114 116
114 117
114 118
114 119
114 120
114 121
115 116
115 117
115 118
115 119
115 120
115 121
116 117
116 118
116 119
116 120
116 121
116 768
117 118
117 119
117 120
117 121
117 353
117 354
117 357
118 119
118 120
118 121
118 122
118 123
118 217
118 222
118 357
118 358
119 120
119 121
120 121
120 122
120 123
120 214
120 215
120 764
121 215
122 123
122 124
122 125
122 136
122 261
122 357
123 124
123 125
123 146
123 358
124 125
126 127
126 128
126 129
126 130
126 131
126 132
126 133
126 134
126 284
126 285
126 286
127 128
127 129
127 130
127 146
128 129
128 130
129 130
129 288
131 132
131 133
131 134
131 135
131 136
131 138
131 141
131 142
131 171
131 172
131 205
131 284
131 285
131 286
132 133
132 134
132 135
132 136
132 137
132 138
132 141
132 142
132 172
132 206
132 278
132 284
133 134
133 135
133 136
133 138
133 141
133 169
133 171
133 194
133 284
134 135
134 136
134 138
134 156
134 195
134 284
135 136
137 138
137 139
137 140
137 145
137 146
137 149
137 188
137 243
137 284
138 139
138 140
138 146
138 185
138 186
138 188
138 285
138 286
139 140
141 142
141 143
141 144
141 145
141 146
141 284
142 143
142 144
142 745
143 144
145 146
145 147
145 148
145 149
145 150
145 151
145 182
145 188
145 189
145 192
145 284
146 147
146 148
146 149
146 150
146 151
146 178
146 182
146 189
146 192
146 666
146 675
147 148
147 149
148 149
150 151
150 152
150 153
150 154
150 155
150 156
150 626
151 152
151 153
151 154
151 156
152 153
152 154
152 424
153 154
155 156
155 157
155 158
155 171
155 744
155 749
155 750
156 157
156 158
156 171
156 172
156 399
156 651
156 653
156 750
157 158
159 160
160 168
160 513
161 162
161 163
161 164
161 165
161 166
161 167
161 168
161 182
161 188
161 216
162 163
162 164
162 165
162 166
162 167
162 168
162 189
162 313
162 738
162 745
163 164
163 165
163 166
163 167
164 165
164 166
164 167
165 166
165 167
166 167
167 168
167 189
167 313
168 169
168 170
168 307
168 513
169 170
170 288
170 307
171 172
171 173
171 174
171 175
171 176
171 185
171 186
171 344
171 346
172 173
172 174
172 175
172 176
172 186
172 344
172 346
173 174
173 175
173 176
174 175
174 176
175 176
177 178
177 179
177 180
177 181
177 182
177 183
177 184
177 185
177 186
177 187
177 266
177 760
177 764
178 179
178 180
178 181
178 182
178 183
178 184
178 185
178 186
178 187
179 180
179 181
179 182
179 183
179 184
179 185
179 186
179 187
180 181
180 182
180 183
180 184
180 185
180 186
180 187
181 182
181 183
181 184
181 185
181 186
181 187
182 183
182 184
182 185
182 186
182 187
182 307
182 637
182 675
182 760
183 184
183 185
183 186
183 187
183 676
184 185
184 186
184 187
185 186
185 187
185 307
186 187
186 307
188 189
188 190
188 191
188 192
188 193
188 637
189 190
189 191
189 192
189 193
189 300
189 307
190 191
190 192
190 193
191 192
191 193
192 193
192 284
193 285
193 286
193 390
194 195
194 196
194 197
194 198
194 199
194 241
194 242
194 310
194 311
194 344
195 196
195 197
195 198
195 199
195 241
195 242
195 346
196 197
198 199
198 200
198 201
198 202
198 203
198 214
198 215
198 299
198 300
198 333
198 337
198 354
198 361
198 362
199 200
199 201
199 202
199 203
199 214
199 215
199 300
199 354
200 201
200 202
200 203
201 202
201 203
202 203
204 206
204 216
204 217
205 206
205 207
205 208
205 664
205 681
205 682
205 683
205 684
205 700
206 207
206 208
206 210
206 211
206 212
206 681
206 682
206 701
207 208
209 210
209 211
209 212
209 213
210 211
210 212
210 213
211 212
211 213
211 214
211 215
212 213
212 215
214 215
214 216
214 217
214 218
214 219
214 220
214 221
214 222
214 225
214 361
214 463
214 626
214 700
214 728
214 741
215 216
215 217
215 218
215 219
215 220
215 221
215 222
215 225
215 627
215 728
215 741
216 217
216 218
216 219
216 220
216 279
216 299
216 337
216 361
216 432
216 463
216 728
216 760
216 764
217 218
217 219
217 220
217 283
217 310
217 311
217 414
217 724
218 219
218 220
219 220
221 222
221 223
221 224
221 225
221 277
221 361
222 223
222 224
222 225
223 224
223 225
224 225
226 227
226 228
226 229
227 228
227 229
227 277
227 283
228 229
230 231
230 232
230 233
230 234
230 235
231 232
231 233
231 234
231 235
232 233
232 234
232 235
233 234
233 235
234 235
235 288
235 290
236 237
236 238
236 239
236 240
236 241
236 242
236 250
236 251
236 253
236 254
236 269
236 295
236 310
236 311
236 333
236 337
236 700
236 749
237 238
237 239
237 240
237 241
237 242
237 250
237 251
237 252
237 254
237 269
237 283
237 295
237 310
238 239
238 240
238 241
238 242
239 240
239 241
239 242
240 241
240 242
241 242
241 310
241 311
243 244
243 245
243 246
243 247
243 248
243 249
244 245
244 246
244 247
244 248
244 249
245 246
245 247
245 248
245 249
246 247
246 248
246 249
247 248
247 249
248 249
250 251
250 252
251 252
252 279
253 254
253 255
253 256
253 257
253 258
253 266
254 255
254 256
254 257
254 258
254 266
254 267
255 256
255 257
255 258
256 257
256 258
257 258
259 260
259 261
259 262
259 266
259 267
260 261
260 262
261 262
263 264
263 265
263 266
263 267
264 265
266 267
266 268
266 608
266 642
267 268
267 608
269 277
269 278
269 279
269 283
270 271
270 272
270 273
270 274
270 275
270 276
271 272
271 273
271 274
271 275
271 276
271 288
271 290
272 273
272 274
272 275
272 276
272 277
272 278
272 279
272 283
273 274
273 275
273 276
273 283
274 275
274 276
275 276
277 278
277 279
277 280
277 281
277 282
277 283
277 344
277 390
277 391
278 279
278 280
278 281
278 282
278 283
278 344
278 390
278 391
278 680
279 280
279 281
279 282
279 283
279 286
279 344
280 281
280 282
280 283
281 282
281 283
282 283
283 286
283 344
284 285
284 286
284 287
284 312
284 367
284 369
284 538
284 664
285 286
285 287
285 311
285 367
286 287
286 289
286 311
286 347
286 538
288 289
288 290
288 291
288 412
289 290
289 291
289 292
289 293
289 412
290 291
290 412
291 292
291 293
291 294
291 423
292 293
292 294
293 294
295 296
295 297
295 298
296 297
296 298
297 298
299 300
299 301
299 302
299 376
299 396
299 397
300 301
300 302
300 307
300 396
301 302
303 304
303 305
303 306
304 305
304 306
304 307
305 306
307 308
307 309
307 313
308 309
310 311
310 312
310 313
310 333
310 344
310 353
310 357
310 368
310 416
310 614
310 615
311 313
311 342
311 354
311 366
311 367
311 445
311 455
311 615
311 631
312 313
312 314
312 315
312 316
312 317
312 333
312 337
312 353
312 454
312 516
312 517
313 314
313 315
313 316
313 317
313 334
313 338
313 353
313 354
313 357
313 399
313 455
313 517
314 315
314 316
314 317
315 316
315 317
316 317
318 319
318 320
318 321
318 322
318 323
318 324
318 325
318 326
318 327
318 328
318 329
318 330
318 331
318 332
318 333
318 337
319 320
319 321
319 322
319 323
319 324
319 325
319 326
319 327
319 328
319 329
319 330
319 331
319 332
319 334
319 338
319 517
320 321
320 322
320 323
320 324
320 325
320 326
320 327
320 328
320 329
320 330
320 331
320 332
321 322
321 323
321 324
321 325
321 326
321 327
321 328
321 329
321 330
321 331
321 332
322 323
322 324
322 325
322 326
322 327
322 328
322 329
322 330
322 331
322 332
323 324
323 325
323 326
323 327
323 328
323 329
323 330
323 331
323 332
324 325
324 326
324 327
324 328
324 329
324 330
324 331
324 332
324 550
324 551
325 326
325 327
325 328
325 329
325 330
325 331
325 332
326 327
326 328
326 329
326 330
326 331
326 332
327 328
327 329
327 330
327 331
327 332
327 425
327 693
328 329
328 330
328 331
328 332
328 693
329 330
329 331
329 332
330 331
330 332
331 332
331 333
331 334
331 337
331 338
331 361
331 362
331 364
332 337
332 361
332 362
332 389
332 390
332 391
333 334
333 335
333 336
333 337
333 338
333 339
333 340
333 711
334 335
334 336
334 337
334 338
334 339
334 340
334 711
335 336
335 337
335 338
335 339
335 340
336 337
336 338
336 339
336 340
337 338
337 339
337 340
337 711
338 339
338 340
338 361
338 362
338 711
339 340
341 342
341 343
341 353
341 354
341 357
342 343
344 345
344 346
344 347
344 348
344 349
344 350
344 351
344 352
344 354
344 545
344 605
344 632
344 633
345 346
345 347
345 348
345 349
345 350
345 351
345 352
346 347
346 348
346 349
346 350
346 351
346 352
346 353
346 357
347 348
347 349
347 350
347 351
347 352
347 364
348 349
348 350
348 351
348 352
348 364
349 350
349 351
349 352
350 351
350 352
351 352
353 354
353 355
353 356
353 357
353 358
353 359
353 360
353 610
353 611
353 704
353 705
353 768
353 769
353 771
353 772
354 355
354 356
354 357
354 358
354 359
354 360
354 367
354 455
354 611
354 705
355 356
355 357
355 358
355 359
355 360
356 357
356 358
356 359
356 360
357 358
357 359
357 360
357 446
357 452
357 548
357 704
357 705
358 359
358 360
358 447
359 360
361 362
361 363
361 364
361 365
361 376
361 545
361 546
361 550
361 551
361 659
362 363
362 364
362 365
362 376
362 451
362 546
362 551
362 656
362 658
362 659
362 660
363 364
363 365
364 365
364 369
364 376
364 549
364 638
364 656
366 367
366 368
366 369
366 370
367 368
367 369
367 370
367 372
367 373
367 416
367 440
367 546
367 550
367 551
368 369
368 370
368 371
368 372
368 373
368 416
368 547
368 548
368 550
368 551
368 554
368 683
369 370
369 372
369 373
369 416
369 440
369 475
369 542
369 548
369 549
369 550
369 551
371 372
371 373
371 374
371 375
371 425
371 548
372 373
372 374
372 375
372 423
372 425
372 430
372 548
373 374
373 375
373 423
373 424
373 425
373 431
374 375
376 377
376 378
376 379
377 378
377 379
378 379
380 381
380 382
380 383
380 384
380 385
380 386
380 387
380 388
380 396
380 397
380 399
381 382
381 383
381 384
381 385
381 386
381 387
381 388
382 383
382 384
382 385
382 386
382 387
382 388
383 384
383 385
383 386
383 387
383 388
383 391
384 385
384 386
384 387
384 388
385 386
385 387
385 388
386 387
386 388
387 388
389 390
389 391
389 410
389 414
390 391
390 392
390 393
391 392
391 393
391 414
392 393
394 395
394 430
396 397
396 398
396 406
396 524
397 399
397 406
397 524
397 527
398 399
398 400
398 401
398 402
399 400
399 401
399 402
399 404
399 420
400 401
400 402
401 402
403 404
403 405
403 406
404 405
404 406
405 406
407 408
409 410
409 411
409 412
409 413
410 411
410 412
410 413
411 412
411 413
412 413
414 415
414 417
414 425
414 426
414 432
414 433
414 506
416 417
416 418
417 418
417 432
417 433
419 420
419 421
419 422
419 423
419 424
419 425
419 426
420 421
420 422
420 424
420 425
420 426
421 422
423 424
423 425
423 426
423 427
423 428
423 429
424 425
424 426
424 427
424 428
424 429
424 435
425 426
425 427
425 428
425 429
426 427
426 428
426 429
426 435
427 428
427 429
428 429
430 431
430 432
430 433
430 434
430 439
430 664
431 432
431 433
431 434
431 440
431 665
432 433
432 434
433 434
433 440
435 436
435 437
435 438
435 545
435 546
436 437
436 438
436 546
436 549
437 438
439 440
439 441
439 442
439 443
440 441
440 442
440 443
441 442
441 443
442 443
442 548
444 445
444 446
444 447
444 448
444 449
444 450
444 452
444 454
444 455
444 474
444 479
444 664
444 768
444 769
444 771
444 772
444 773
445 446
445 447
445 448
445 449
445 451
445 454
445 455
445 750
445 773
446 447
446 448
446 449
446 450
446 451
446 454
446 455
446 459
446 773
447 448
447 449
447 451
447 454
447 455
447 460
447 773
448 449
450 451
450 452
450 454
450 455
450 459
451 459
452 453
452 454
452 455
452 456
452 457
452 545
452 548
452 659
453 454
453 455
453 456
453 457
454 455
454 456
454 457
454 459
454 548
454 655
454 659
454 664
455 456
455 457
455 458
455 545
455 659
456 457
459 460
459 461
459 462
459 538
459 664
459 683
459 693
459 696
459 700
459 701
460 461
460 462
461 462
461 683
463 464
463 465
463 466
463 467
463 493
463 505
463 508
463 534
463 535
463 604
463 605
464 465
464 466
464 468
464 508
464 509
464 522
464 534
464 535
465 466
467 468
467 469
467 470
467 489
467 508
467 509
468 469
468 470
468 490
469 470
471 472
471 473
471 474
471 475
471 524
471 527
472 473
472 474
472 489
472 490
473 475
474 475
474 476
474 477
474 478
474 479
474 489
474 500
474 554
474 589
475 476
475 477
475 478
475 479
475 480
475 490
475 506
475 524
475 527
475 589
476 477
476 478
477 478
479 480
479 481
479 482
479 483
479 484
479 529
479 589
479 708
480 481
480 482
480 483
480 484
480 529
480 530
480 589
480 590
481 482
481 483
481 484
482 483
482 484
483 484
485 486
485 487
485 488
485 508
486 487
486 488
486 490
486 508
486 509
486 554
486 555
487 488
489 490
489 491
489 492
489 493
489 494
489 500
489 569
489 610
490 491
490 492
490 493
490 494
490 500
490 501
490 570
491 492
491 493
491 494
492 493
492 494
493 494
493 554
495 496
495 497
495 498
495 499
495 500
495 501
495 502
496 497
496 498
496 499
496 500
496 501
496 502
497 498
497 499
497 500
497 501
497 502
498 499
498 500
498 501
498 502
499 500
499 501
499 502
500 501
500 502
501 502
503 504
503 505
503 506
503 507
504 505
504 506
504 507
505 506
505 507
505 508
506 507
506 508
506 509
508 509
508 510
508 511
508 512
508 534
508 535
508 545
508 566
508 569
508 570
508 604
508 605
509 510
509 511
509 512
509 534
509 535
509 566
509 567
509 569
509 570
510 511
510 512
511 512
513 514
513 515
513 701
514 515
516 517
516 518
516 519
516 520
516 521
516 626
516 664
516 675
517 518
517 519
517 520
517 521
517 664
517 676
517 680
517 697
518 519
518 520
518 521
519 520
519 521
520 521
522 523
522 524
522 525
522 526
522 527
522 528
522 529
522 534
522 589
523 524
523 525
523 526
523 527
523 528
524 525
524 526
524 527
524 528
524 529
524 530
524 534
524 535
525 526
525 527
525 528
526 527
526 528
527 528
527 529
527 535
529 530
529 531
529 532
529 533
530 531
530 532
530 533
531 532
531 533
532 533
534 535
534 536
534 537
534 554
534 579
534 585
534 586
534 604
534 605
534 626
535 536
535 537
535 539
535 554
535 604
535 605
536 537
538 539
538 540
539 540
539 584
539 675
541 542
541 543
541 544
541 545
541 546
541 548
541 549
541 637
541 638
542 543
542 544
542 545
542 546
542 548
542 549
542 551
542 651
543 544
545 546
545 547
545 548
545 549
545 550
545 551
545 651
545 708
546 547
546 548
546 549
546 550
546 551
546 651
547 548
547 549
547 550
548 549
548 550
548 551
548 657
549 551
550 551
550 552
550 553
550 700
551 552
551 553
551 650
551 651
551 653
552 553
554 555
554 556
554 557
554 583
554 584
554 604
554 741
555 556
555 557
555 558
555 584
555 590
555 742
555 745
557 558
557 559
557 560
558 559
558 560
558 567
559 560
561 562
561 563
561 564
561 565
561 566
561 604
561 605
562 563
562 564
562 565
562 567
562 605
563 564
563 565
564 565
566 567
566 568
566 569
566 570
566 571
566 572
566 585
566 604
566 725
567 568
567 569
567 570
567 571
567 572
567 574
567 584
567 605
568 569
568 570
568 571
568 572
569 570
569 571
569 572
569 583
570 571
570 572
571 572
573 574
573 575
574 576
574 597
574 605
575 576
575 577
575 578
575 585
575 596
575 599
575 600
575 630
575 632
575 633
575 634
575 741
576 577
576 578
576 596
576 597
576 599
576 600
576 630
576 632
576 633
576 634
576 741
577 578
579 580
579 581
579 582
580 581
580 582
580 584
580 597
581 582
582 597
583 584
583 585
583 586
583 587
583 588
583 589
583 596
583 597
583 604
583 605
584 585
584 586
584 587
584 588
584 589
584 590
584 596
584 597
584 605
584 616
584 617
584 626
584 627
584 666
585 586
585 587
585 588
585 596
585 597
585 598
585 604
585 605
585 626
585 627
585 650
586 587
586 588
587 588
589 590
589 591
589 592
589 593
589 594
589 595
589 596
590 591
590 592
590 593
590 594
590 595
590 597
591 592
591 593
591 594
591 595
592 593
592 594
592 595
593 594
593 595
594 595
596 597
596 598
596 604
596 605
597 598
597 604
597 605
599 600
599 601
599 602
599 603
600 601
600 602
600 603
601 602
601 603
602 603
604 605
604 606
604 607
605 606
605 607
605 632
605 633
606 607
608 609
610 611
610 612
610 613
610 614
610 615
610 616
610 617
610 620
610 634
610 675
610 704
610 705
611 612
611 613
611 614
611 615
611 616
611 617
611 634
611 684
611 704
611 705
611 708
612 613
612 614
612 615
613 614
613 615
614 615
616 617
616 618
616 619
616 620
616 621
616 622
616 623
616 624
616 625
616 632
617 618
617 619
617 620
617 621
617 622
617 623
617 624
617 625
617 632
617 633
618 619
618 620
618 621
618 622
618 623
618 624
618 625
619 620
619 621
619 622
619 623
619 624
619 625
619 632
619 633
619 634
620 621
620 622
620 623
620 624
620 625
621 622
621 623
621 624
621 625
622 623
622 624
622 625
623 624
623 625
624 625
626 627
626 628
626 629
626 630
626 631
626 632
626 633
626 634
627 628
627 629
627 630
627 631
627 634
628 629
628 630
628 631
629 630
629 631
630 631
630 632
630 633
630 634
631 633
631 634
632 633
632 634
632 635
632 636
633 634
633 635
633 636
634 635
634 636
635 636
637 638
637 639
637 640
637 641
637 642
637 643
637 649
637 651
637 655
637 672
638 639
638 640
638 641
638 642
638 643
638 651
638 689
639 640
639 641
640 641
642 643
642 644
642 645
642 646
642 647
642 648
642 649
642 760
643 644
643 645
643 646
643 647
643 648
643 649
644 645
644 646
644 647
644 648
644 649
645 646
645 647
645 648
645 649
646 647
646 648
646 649
647 648
647 649
647 760
648 649
650 651
650 652
650 653
650 654
651 652
651 653
651 654
651 655
651 656
651 658
651 659
651 660
652 653
652 654
653 654
653 655
653 658
653 659
653 660
655 656
655 657
655 658
656 657
656 658
657 658
657 725
659 660
659 661
659 662
659 663
659 700
660 661
660 662
660 663
661 662
661 663
662 663
664 665
664 666
664 667
664 668
664 669
665 666
665 667
665 668
665 669
666 667
666 668
666 669
667 668
667 669
668 669
670 671
670 672
670 673
670 674
670 675
670 749
670 750
670 758
671 672
671 673
671 674
671 676
671 682
672 673
672 674
672 675
673 674
673 676
675 676
675 677
675 678
675 679
675 680
675 681
675 749
675 755
676 677
676 678
676 679
676 680
676 682
676 701
676 755
676 759
676 765
677 678
677 679
677 680
678 679
678 680
679 680
681 682
681 683
681 684
681 685
681 686
681 687
681 688
681 700
681 737
681 741
682 683
682 684
682 685
682 686
682 687
682 693
682 701
682 724
682 738
683 684
683 685
683 686
683 687
683 688
683 700
683 737
684 685
684 686
684 687
684 689
684 701
684 738
685 686
685 687
686 687
688 689
688 690
688 691
688 692
688 693
688 700
689 690
689 691
689 692
689 693
689 701
690 691
690 692
691 692
693 694
693 695
693 700
693 701
694 695
696 697
696 698
696 699
696 700
696 701
697 698
697 699
697 701
698 699
700 701
700 702
700 703
700 725
700 728
700 741
700 744
700 749
701 702
701 703
701 724
701 742
702 703
704 705
704 706
704 707
704 741
704 744
704 758
704 764
705 706
705 707
706 707
708 709
708 710
708 711
708 723
708 749
709 710
709 711
710 711
712 713
712 714
712 715
712 716
712 717
712 718
712 719
712 720
712 721
712 722
712 723
713 714
713 715
713 716
713 717
713 718
713 719
713 720
713 721
713 722
714 715
714 716
714 717
714 718
714 719
714 720
714 721
714 722
715 716
715 717
715 718
715 719
715 720
715 721
715 722
715 726
716 717
716 718
716 719
716 720
716 721
716 722
717 718
717 719
717 720
717 721
717 722
718 719
718 720
718 721
718 722
719 720
719 721
719 722
720 721
720 722
721 722
722 745
723 724
723 725
723 726
723 727
723 728
723 729
723 730
723 735
723 741
723 742
723 744
723 745
723 758
723 771
724 725
724 726
724 727
724 728
724 729
724 730
724 735
724 741
724 742
724 745
725 726
725 727
725 728
725 729
725 730
725 735
725 741
725 745
725 760
725 768
725 771
726 727
726 728
726 729
726 730
726 732
726 735
726 741
726 742
726 745
726 755
726 759
726 761
726 765
726 769
726 772
727 728
727 729
727 730
728 729
728 730
728 735
728 741
728 744
728 760
728 764
729 730
731 732
731 733
731 734
731 735
731 736
732 733
732 734
732 735
732 736
732 761
732 765
733 734
733 735
733 736
734 735
734 736
735 736
735 741
735 742
735 744
735 745
736 742
736 745
737 738
737 739
737 740
738 739
738 740
738 755
739 740
741 742
741 743
741 744
741 745
741 746
741 747
741 748
741 749
741 750
741 760
741 771
742 743
742 744
742 745
742 746
742 747
742 748
742 750
742 755
742 759
742 769
743 744
743 745
743 746
743 747
743 748
744 745
744 746
744 747
744 748
744 749
745 746
745 747
745 748
745 761
746 747
746 748
747 748
749 750
749 751
749 752
749 753
749 754
749 758
749 771
750 751
750 752
750 753
750 754
750 755
750 772
751 752
751 753
751 754
752 753
752 754
753 754
755 756
755 757
755 758
755 759
755 760
755 761
755 764
755 765
755 768
755 769
755 772
756 757
756 768
758 759
758 760
758 761
758 762
758 763
758 764
758 765
758 766
758 767
758 768
758 771
759 760
759 761
759 762
759 763
759 764
759 765
759 766
759 767
759 769
759 772
760 761
760 762
760 763
760 764
760 765
760 766
760 767
761 762
761 763
761 764
761 765
761 766
761 767
762 763
762 764
762 765
762 766
762 767
763 764
763 765
763 766
763 767
764 765
764 766
764 767
764 768
765 766
765 767
765 769
766 767
768 769
768 770
768 771
768 772
769 770
769 771
769 772
770 771
770 772
771 772
