0 1
0 2
0 3
0 4
0 5
0 85
0 221
0 222
1 2
1 3
1 5
2 3
2 4
2 180
3 721
4 5
4 6
4 7
4 8
4 9
4 10
4 14
4 329
5 6
5 7
5 8
5 9
5 10
5 118
5 128
5 695
6 7
6 8
6 9
7 8
7 9
8 9
10 11
10 12
10 13
10 468
11 12
11 13
12 13
14 15
14 16
14 17
14 202
14 203
14 349
15 16
15 17
16 17
16 130
16 202
16 203
18 19
18 20
18 21
18 23
18 32
18 71
18 109
18 219
18 220
18 388
18 389
18 453
19 20
19 21
19 23
19 92
20 21
22 23
22 24
22 25
22 26
22 80
22 86
22 89
22 91
22 92
22 118
22 202
22 668
22 670
22 723
22 727
23 24
23 25
23 26
23 27
23 80
23 81
23 92
23 118
23 670
23 727
24 25
26 27
26 28
26 29
26 30
26 31
26 32
26 36
26 37
26 38
26 39
26 64
26 88
26 89
26 91
26 190
26 194
26 337
26 384
26 489
26 510
26 611
26 612
27 28
27 29
27 30
27 31
27 32
27 33
27 36
27 37
27 39
27 86
27 88
27 89
27 90
27 92
27 128
27 131
27 169
27 634
28 29
28 30
28 31
28 91
28 379
29 30
29 31
30 31
32 33
32 34
32 35
32 36
32 37
32 38
32 39
32 40
32 76
32 89
32 90
32 268
32 307
32 489
33 34
33 35
33 36
33 37
33 38
33 39
33 41
33 81
33 89
33 90
33 91
33 92
33 268
34 35
34 36
34 37
34 38
34 39
34 340
35 36
35 37
35 38
35 39
36 37
36 38
36 39
36 40
36 41
36 77
36 268
37 38
37 39
37 40
37 41
37 89
37 268
38 39
38 40
38 41
38 248
38 268
38 660
39 40
39 41
39 77
39 88
40 41
40 42
40 43
40 44
40 45
40 46
41 42
41 43
41 44
41 45
41 46
41 86
41 92
42 43
42 44
42 45
42 46
43 44
43 45
43 46
43 283
44 45
44 46
45 46
47 431
47 717
48 49
48 50
48 51
48 52
48 53
48 54
48 55
48 70
48 71
48 89
48 91
48 109
48 110
48 127
48 453
48 454
48 624
49 50
49 51
49 52
49 53
49 54
49 55
49 127
49 624
50 51
50 52
50 53
50 54
50 55
51 52
51 53
51 54
51 55
52 53
52 54
52 55
53 54
53 55
54 55
56 57
56 58
56 65
56 94
56 103
56 146
56 147
56 517
56 605
56 663
56 776
57 58
57 64
57 65
57 102
57 103
57 126
57 273
57 349
57 711
57 776
58 72
58 76
58 147
58 517
58 678
59 60
59 61
59 62
59 63
59 219
60 61
60 62
60 63
61 62
61 63
61 286
62 63
64 65
64 66
64 67
64 68
64 69
65 66
65 67
65 68
65 69
65 70
65 71
66 67
66 68
66 69
66 70
66 71
66 296
66 297
66 646
67 68
67 69
67 289
67 296
67 297
67 721
68 69
70 71
70 72
70 73
70 74
70 75
70 77
70 169
70 522
70 567
70 645
70 646
70 737
70 738
70 821
71 72
71 73
71 74
71 75
71 77
71 155
71 256
71 259
71 500
71 501
71 522
71 536
71 587
71 588
72 73
72 74
73 74
76 77
76 78
76 79
76 133
76 554
77 78
77 79
78 79
80 81
80 82
80 83
80 84
80 202
80 543
80 554
80 624
80 625
81 82
81 83
81 84
81 86
81 92
81 203
82 83
82 84
82 388
83 84
85 86
85 87
85 88
85 207
85 283
85 403
85 526
86 87
86 88
86 208
86 313
86 481
87 88
88 110
88 191
88 243
88 501
88 505
88 544
89 90
89 91
89 92
89 93
89 94
89 95
89 130
89 131
89 169
89 170
89 186
89 203
89 341
89 403
90 91
90 92
90 93
90 94
90 95
90 130
90 169
90 186
91 92
91 93
91 94
91 95
91 118
91 130
91 510
91 678
92 93
92 94
92 95
92 97
92 171
92 172
93 94
93 95
94 95
96 97
96 98
96 99
96 100
96 101
96 258
97 98
97 99
97 100
97 101
97 142
98 99
98 100
98 101
99 100
99 101
100 101
101 349
102 103
102 104
102 105
102 106
102 107
102 108
102 341
102 528
102 738
103 104
103 105
103 106
103 107
103 108
104 105
104 106
104 107
104 108
105 106
105 107
105 108
106 107
106 108
107 108
107 133
109 110
109 111
109 112
109 113
109 114
109 448
109 458
109 464
109 657
109 696
110 111
110 112
110 113
110 114
110 448
110 458
110 464
110 657
110 694
111 112
111 113
111 114
111 756
111 766
112 113
112 114
113 114
115 116
115 117
115 284
115 286
115 668
115 669
115 670
115 671
115 721
115 722
115 723
115 724
115 727
115 728
115 730
115 731
116 117
116 259
118 119
118 120
118 121
118 186
118 724
118 731
119 120
119 121
120 121
122 123
122 124
122 125
123 124
123 125
124 125
124 169
124 170
126 256
126 642
126 643
127 128
127 129
127 130
127 136
127 141
127 142
127 150
127 158
127 168
127 175
127 219
127 220
127 341
127 458
127 468
127 658
127 776
127 782
128 129
128 131
128 133
128 134
128 142
128 150
128 151
128 168
128 176
128 180
128 219
128 220
128 458
128 502
128 503
128 721
128 782
129 644
129 658
129 783
130 131
130 132
130 133
130 134
130 135
130 136
130 137
130 150
130 169
130 170
130 179
130 186
130 579
131 132
131 133
131 134
131 135
131 137
131 150
131 180
131 798
132 133
132 134
132 135
133 134
133 135
133 169
133 268
133 293
133 579
133 583
134 135
134 169
134 172
134 255
134 515
134 580
134 583
136 137
136 138
136 139
136 140
136 150
136 158
136 268
136 517
136 634
136 636
136 755
136 776
137 138
137 139
137 140
137 147
137 151
137 158
137 159
137 468
137 526
137 646
137 776
138 139
138 140
139 140
141 142
141 143
141 144
141 145
141 150
141 345
141 371
141 442
141 510
141 543
141 771
141 776
142 143
142 144
142 145
142 150
142 191
142 345
143 144
143 145
144 145
146 147
146 148
146 149
146 158
146 159
146 645
146 646
147 148
147 149
147 151
147 159
147 646
147 711
147 755
148 149
150 151
150 152
150 153
150 158
150 159
150 379
150 624
150 663
150 737
150 776
151 152
151 153
151 158
151 159
151 624
151 663
152 153
154 155
154 156
154 157
155 156
155 157
155 186
156 157
158 159
158 160
158 161
158 162
158 176
158 221
158 222
158 246
158 247
158 255
158 258
158 273
158 341
158 384
158 388
158 431
158 468
158 501
158 526
158 554
158 604
158 620
158 636
158 645
158 727
158 730
158 755
158 783
158 784
159 160
159 161
159 162
159 528
159 614
159 620
159 721
160 161
160 162
161 162
163 164
163 165
163 166
163 167
163 388
164 165
164 166
164 167
165 166
165 167
166 167
168 407
169 170
169 171
169 172
169 173
169 174
169 195
169 216
169 397
169 468
169 526
169 579
170 171
170 172
170 173
170 174
170 191
170 397
170 579
171 172
171 173
171 174
172 173
172 174
172 352
173 174
175 176
175 177
175 178
175 179
175 180
175 186
175 202
175 207
175 341
175 380
175 755
176 177
176 178
176 180
176 341
176 380
177 178
179 179
179 180
179 181
179 182
179 183
179 184
179 185
179 217
180 181
180 182
180 183
180 184
180 185
180 186
180 187
180 258
181 182
181 183
181 184
181 185
182 183
182 184
182 185
183 184
183 185
184 185
186 187
186 188
186 194
186 554
186 580
186 770
187 188
187 195
187 354
189 190
189 191
189 192
189 193
190 191
190 192
190 193
190 416
190 671
191 192
191 193
192 193
192 338
194 195
194 196
194 197
194 682
194 683
194 684
194 688
194 689
195 196
195 197
196 197
196 352
198 199
198 200
198 201
198 468
198 755
198 756
198 759
199 200
199 201
200 201
200 207
202 203
202 204
202 205
202 206
202 207
202 208
202 210
202 221
202 222
202 277
202 673
202 757
202 766
203 204
203 205
203 206
203 207
203 208
203 211
203 222
204 205
204 206
205 206
207 208
207 209
207 221
207 403
207 416
207 427
207 776
208 209
208 211
208 403
210 211
210 212
210 610
210 611
211 212
211 610
211 611
213 214
213 215
213 220
213 733
213 734
213 737
213 738
214 215
214 220
214 338
215 340
216 217
216 218
216 221
216 222
216 230
216 255
216 380
216 519
216 693
217 218
217 644
219 220
219 221
219 222
219 223
219 224
219 341
219 429
219 458
219 468
219 526
219 657
219 776
220 221
220 222
220 223
220 224
220 429
220 430
220 458
220 657
221 222
221 223
221 224
221 225
221 230
221 242
221 296
221 441
222 223
222 224
222 231
222 247
222 274
222 341
222 441
223 224
225 226
225 227
225 228
225 229
225 341
225 371
225 379
225 380
225 423
225 458
225 459
225 526
225 538
225 539
225 776
225 777
226 227
226 228
226 229
226 371
226 372
226 379
226 380
226 459
226 500
226 538
226 539
226 584
226 776
226 777
226 778
226 779
227 228
227 229
228 229
228 230
228 242
228 314
228 341
228 371
228 441
228 442
228 458
228 459
228 526
228 538
228 539
228 776
228 777
228 779
230 231
230 232
230 233
230 255
230 272
230 349
230 776
231 232
231 233
231 380
231 731
232 233
234 235
234 236
234 237
234 238
234 239
234 240
234 241
234 247
234 554
234 556
234 557
234 585
234 682
234 683
234 684
234 688
234 689
235 236
235 237
235 238
235 239
235 240
235 241
235 256
235 258
235 259
235 742
236 237
236 238
236 239
236 240
236 241
237 238
237 239
237 240
237 241
238 239
238 240
238 241
239 240
239 241
240 241
242 243
242 244
242 245
242 255
243 244
243 245
243 668
243 669
243 701
243 773
243 776
243 777
243 778
243 779
244 245
246 247
246 341
246 513
246 547
246 567
247 514
247 547
247 548
247 554
247 558
247 564
247 567
247 568
247 592
247 684
248 249
248 255
248 272
248 379
248 388
250 251
250 252
250 253
250 254
251 252
251 253
251 254
251 544
252 253
252 254
253 254
253 759
255 256
255 257
255 258
255 259
255 260
255 272
255 273
255 274
255 296
255 341
255 584
255 708
255 776
256 257
256 258
256 259
256 260
256 262
256 269
256 341
256 511
256 584
256 741
256 742
256 776
257 258
257 259
257 260
258 259
258 260
258 261
258 262
258 273
258 313
258 336
258 397
258 458
258 674
258 741
258 746
258 776
259 260
259 262
259 274
259 313
259 337
259 341
259 358
259 359
259 741
259 755
261 262
261 263
261 264
261 265
261 266
261 267
262 263
262 264
262 265
262 266
262 267
262 314
263 264
263 265
263 266
263 267
264 265
264 266
264 267
265 266
265 267
266 267
267 413
268 269
268 270
268 271
269 270
269 271
270 271
270 273
270 712
271 274
272 273
272 274
272 275
272 276
272 277
272 296
272 307
272 309
272 588
273 274
273 275
273 276
273 277
273 296
273 309
273 313
273 776
274 275
274 276
274 277
274 289
274 644
274 759
275 276
275 277
276 277
278 279
278 280
278 281
278 282
278 283
278 284
278 286
279 280
279 281
279 282
280 281
280 282
280 284
280 286
281 282
281 283
281 286
283 284
283 285
283 286
283 287
283 292
283 313
283 341
283 384
283 394
283 416
283 429
283 448
283 683
283 776
284 285
284 286
284 287
284 293
285 286
285 287
286 287
286 293
288 289
288 290
288 291
288 292
288 293
288 296
288 371
288 416
288 616
288 730
289 290
289 291
289 293
289 296
289 297
289 361
289 371
289 413
289 485
289 568
289 616
290 291
292 293
292 294
292 295
292 384
293 294
293 295
294 295
296 297
296 298
296 299
296 300
296 301
296 318
296 341
296 358
296 361
296 379
296 423
296 424
296 502
296 510
296 776
297 298
297 299
297 300
297 301
297 424
297 670
297 674
297 704
298 299
298 300
298 301
299 300
299 301
300 301
302 303
302 304
302 305
302 306
303 304
303 305
303 306
303 756
303 759
304 305
304 306
304 544
305 306
307 308
307 309
307 310
307 311
307 312
307 313
307 314
307 315
307 316
307 317
307 318
307 319
307 341
307 394
307 402
307 668
307 767
308 309
308 310
308 311
308 312
308 313
308 314
308 315
308 316
308 317
308 319
308 342
308 767
309 310
309 311
309 312
309 313
309 314
309 315
309 316
309 317
309 319
309 341
309 342
309 354
309 379
309 554
309 564
309 588
309 767
310 311
310 312
310 313
310 314
310 315
310 316
310 317
310 319
310 333
310 342
310 645
311 312
311 313
311 314
311 315
311 316
311 317
312 313
312 314
312 315
312 316
312 317
313 314
313 315
313 316
313 317
313 318
313 341
313 379
313 388
313 593
313 766
313 798
314 315
314 316
314 317
314 318
314 319
314 337
314 518
315 316
315 317
316 317
318 319
318 320
318 321
318 322
318 332
318 388
318 423
318 453
319 319
319 320
319 321
319 322
319 324
319 337
319 355
319 389
319 397
319 398
319 453
319 502
319 518
320 321
320 322
320 352
321 322
323 324
323 325
323 326
323 379
323 642
324 325
324 326
325 326
325 381
326 397
327 328
327 329
327 330
327 331
328 329
328 330
328 331
328 766
329 330
329 331
329 604
329 605
330 331
332 333
332 334
332 335
332 384
333 334
333 335
334 335
336 337
336 338
336 339
336 340
336 384
336 385
337 338
337 339
337 340
337 384
337 388
337 443
337 722
338 339
338 340
338 356
338 388
338 392
338 540
338 593
338 799
339 340
340 384
340 385
340 388
340 389
340 417
340 435
340 464
340 526
340 554
340 593
341 342
341 343
341 344
341 379
341 384
341 388
341 389
341 413
341 416
341 423
341 501
341 510
341 526
341 554
341 584
341 593
341 604
341 610
341 636
341 657
341 674
341 721
341 723
341 727
341 730
341 733
341 734
341 776
341 784
342 343
342 344
342 722
342 728
343 344
345 346
345 347
345 348
346 347
346 348
347 348
349 350
349 351
349 352
349 353
349 417
349 699
349 723
350 351
350 352
350 353
350 354
350 355
350 384
350 441
350 504
350 539
351 352
351 353
352 353
352 355
352 360
352 368
352 404
352 446
354 355
354 356
354 357
355 356
355 357
356 357
358 359
358 360
358 361
358 362
358 384
358 510
358 511
358 526
358 604
358 767
358 776
359 360
359 361
359 362
359 500
359 511
359 776
360 361
360 362
360 625
360 637
361 362
361 453
361 497
361 502
361 511
361 568
363 364
363 365
363 366
363 367
363 416
363 670
364 365
364 366
364 367
364 397
364 398
365 366
365 367
366 367
368 369
368 370
369 370
371 372
371 373
371 374
371 412
371 413
371 416
371 465
371 727
372 373
372 374
372 385
372 388
372 389
372 398
372 413
372 728
373 374
375 376
375 377
375 378
375 385
375 721
376 377
376 378
376 385
376 389
376 722
377 378
379 380
379 381
379 382
379 383
379 417
379 473
379 521
379 544
379 708
379 711
379 712
379 713
379 716
379 717
379 728
379 768
379 770
379 776
380 381
380 382
380 383
380 420
380 473
380 517
381 382
381 383
381 388
381 412
381 473
381 510
381 517
381 643
382 383
382 420
382 421
382 447
382 473
382 511
382 517
382 527
384 385
384 386
384 387
384 388
384 389
384 390
384 391
384 392
384 393
384 397
384 510
384 584
384 645
385 386
385 387
385 388
385 389
385 390
385 391
385 392
385 393
385 397
385 476
385 511
385 513
385 527
385 683
386 387
386 388
386 389
386 390
386 391
386 392
386 393
387 388
387 389
387 390
387 391
387 392
387 393
388 389
388 390
388 391
388 392
388 393
388 397
388 398
388 407
388 412
388 416
388 478
388 511
388 526
388 528
388 593
388 600
388 612
388 678
388 723
388 769
388 793
388 802
389 390
389 391
389 392
389 393
389 397
389 398
389 413
389 529
389 594
389 637
390 391
390 392
390 393
391 392
391 393
392 393
394 395
394 465
394 468
396 407
396 408
397 398
397 399
397 400
397 401
397 402
397 412
397 413
397 500
397 501
397 504
397 510
397 511
397 526
397 759
397 776
397 793
398 399
398 400
398 401
398 402
398 412
398 489
398 511
398 518
398 529
398 721
398 776
398 793
399 400
399 401
399 402
400 401
400 402
401 402
402 412
402 413
403 404
403 405
403 406
404 405
404 406
405 406
407 408
407 409
407 410
407 411
407 423
407 424
407 464
407 465
407 468
407 501
407 504
407 526
407 527
407 528
407 529
407 723
408 409
408 410
408 411
408 423
408 424
408 464
408 465
408 468
408 499
408 504
408 511
408 526
408 527
409 410
409 411
410 411
412 413
412 414
412 415
412 416
412 417
412 418
412 431
412 441
412 464
412 468
412 510
412 528
412 636
412 776
413 414
413 415
413 416
413 417
413 418
413 465
413 468
413 518
413 564
413 809
414 415
414 416
414 417
414 418
415 416
415 417
415 418
416 417
416 418
416 431
416 464
416 526
416 776
417 418
417 426
417 499
419 420
419 421
419 422
420 421
420 422
421 422
423 424
423 425
423 453
423 497
423 504
423 526
423 547
423 604
423 636
423 641
424 425
424 453
424 469
424 499
424 503
424 504
424 505
424 510
424 511
424 529
424 712
426 427
426 428
426 429
426 430
427 428
427 429
427 430
428 429
428 430
429 430
431 432
431 433
431 434
431 435
431 448
431 449
431 458
431 459
431 473
431 478
431 510
431 587
431 593
431 594
431 625
431 646
431 711
431 712
431 713
431 717
431 776
432 433
432 434
432 435
432 458
432 459
432 476
432 500
432 517
432 547
432 587
432 594
432 636
432 650
432 711
432 783
433 434
433 435
434 435
435 501
436 437
436 438
436 439
436 440
437 438
437 439
437 440
438 439
438 440
439 440
440 497
441 442
441 443
441 444
441 445
441 446
441 447
441 657
441 768
442 443
442 444
442 445
442 446
442 447
443 444
443 445
443 446
443 447
443 464
444 445
444 446
444 447
444 721
444 767
445 446
445 447
446 447
448 449
448 450
448 451
448 452
448 453
448 454
448 543
448 604
448 605
448 742
449 450
449 451
449 452
449 465
449 604
449 605
449 646
449 742
449 767
450 451
450 452
451 452
451 644
452 644
453 454
453 455
453 456
453 457
453 458
453 464
453 526
453 605
454 455
454 456
454 457
454 458
454 464
454 646
455 456
455 457
456 457
458 459
458 460
458 461
458 462
458 463
458 464
458 711
458 716
458 717
459 460
459 461
459 462
459 463
459 465
459 469
459 646
459 711
459 713
459 717
460 461
460 462
460 463
461 462
461 463
462 463
464 465
464 466
464 467
464 468
464 469
464 526
464 527
464 528
464 529
464 543
464 544
464 563
464 584
464 585
464 604
464 605
464 610
464 611
464 646
464 721
464 727
464 737
464 776
464 809
465 466
465 467
465 468
465 469
465 527
465 529
465 584
465 585
465 605
465 611
465 646
465 716
465 721
465 722
465 728
466 467
468 469
468 470
468 471
468 472
468 526
468 528
468 529
468 535
468 543
468 544
468 585
468 587
468 605
468 682
468 683
468 730
469 470
469 471
469 472
469 526
469 535
469 730
470 471
470 472
471 472
473 474
473 475
473 497
473 500
473 501
474 475
474 497
474 499
474 500
474 728
475 730
476 477
476 478
476 479
476 480
476 481
476 482
476 483
476 484
477 478
477 479
477 480
477 481
477 482
477 483
477 484
478 479
478 480
478 481
478 482
478 483
478 484
478 558
478 716
479 480
479 481
479 482
479 483
479 484
479 713
480 481
480 482
480 483
480 484
481 482
481 483
481 484
482 483
482 484
482 730
483 484
485 486
485 487
485 488
485 584
485 585
486 487
486 488
486 585
487 488
488 644
489 490
489 491
489 492
489 493
489 494
489 495
489 496
490 491
490 492
490 493
490 494
490 495
490 496
491 492
491 493
491 494
491 495
491 496
492 493
492 494
492 495
492 496
492 556
492 610
493 494
493 495
493 496
494 495
494 496
495 496
496 722
497 498
497 499
497 500
497 501
497 502
497 504
497 505
497 509
497 510
497 511
497 713
498 499
498 500
498 501
498 770
499 500
499 501
499 504
499 505
499 506
499 509
499 510
499 511
499 593
500 501
500 504
500 505
500 510
500 511
500 637
500 713
500 722
501 502
501 504
501 505
501 510
501 511
501 610
502 503
502 511
502 605
502 688
503 511
503 773
504 505
504 506
504 507
504 508
504 509
505 506
505 507
505 508
505 509
506 507
506 508
506 509
507 508
507 509
508 509
510 511
510 512
510 513
510 526
510 527
510 528
510 529
510 543
511 512
511 513
511 517
511 544
511 626
511 730
513 514
513 515
513 516
513 767
514 515
514 516
515 516
517 518
517 519
517 520
517 521
517 644
517 645
517 721
517 727
517 770
517 784
518 519
518 520
518 521
518 643
518 644
518 722
518 724
518 728
518 731
518 783
519 520
519 521
519 770
520 521
522 523
522 524
522 525
522 636
522 644
522 784
523 524
523 525
523 643
523 644
523 783
524 525
526 527
526 528
526 529
526 530
526 531
526 532
526 533
526 534
526 543
526 554
526 683
526 711
526 730
527 527
527 528
527 529
527 530
527 531
527 532
527 533
527 534
527 554
527 711
528 529
528 530
528 531
528 532
528 533
528 534
528 554
528 555
528 675
528 730
529 530
529 531
529 532
529 533
529 534
529 554
529 555
529 611
530 531
530 532
530 533
530 534
531 532
531 533
531 534
532 533
532 534
533 534
535 536
535 537
536 537
536 594
538 539
538 540
538 541
538 542
539 540
539 541
539 542
539 563
539 564
539 610
539 625
539 712
540 541
540 542
540 610
541 542
543 544
543 545
543 554
543 571
543 584
543 587
543 597
543 657
543 682
543 746
544 545
544 585
544 587
544 597
544 598
544 637
544 650
544 651
544 756
544 778
546 547
546 548
546 549
547 548
547 549
547 554
547 556
547 557
547 558
547 563
547 645
548 549
548 556
548 557
548 564
550 551
550 552
550 553
550 625
551 552
551 553
551 556
551 564
552 553
554 555
554 556
554 557
554 558
554 563
554 564
554 682
554 683
554 684
554 688
554 689
554 690
554 712
555 556
555 557
555 558
555 564
556 557
556 558
556 560
556 567
556 689
556 810
556 819
557 558
557 568
558 809
559 560
559 561
559 562
560 561
560 562
561 562
563 564
563 565
563 566
563 567
563 585
563 587
563 750
563 776
563 778
564 565
564 566
564 568
564 572
564 587
564 594
564 676
564 778
565 566
567 568
567 569
567 570
567 593
567 604
567 610
567 611
568 569
568 570
568 593
568 610
568 611
569 570
571 572
571 573
571 574
571 625
572 573
572 574
573 574
575 576
575 577
575 578
575 584
576 577
576 578
576 584
576 585
577 578
579 580
579 581
579 582
579 583
580 581
580 582
580 583
580 721
581 582
581 583
582 583
583 644
583 690
584 585
584 586
584 597
584 610
584 611
584 682
584 782
585 586
585 587
585 593
585 598
585 610
585 611
585 778
586 730
587 588
587 589
587 590
587 591
587 604
587 605
587 611
587 645
587 646
587 657
587 658
587 682
587 684
587 688
587 689
588 589
588 590
588 591
588 784
589 590
589 591
590 591
592 610
592 611
592 624
593 594
593 595
593 596
593 605
593 610
593 625
593 626
594 595
594 596
594 626
594 646
594 684
594 695
595 596
597 598
597 599
597 625
597 730
598 599
600 601
600 602
600 603
601 602
601 603
602 603
604 605
604 606
604 607
604 608
604 609
604 614
604 625
604 642
604 643
604 776
604 786
605 606
605 607
605 608
605 609
605 614
605 615
605 624
605 643
605 645
605 776
605 788
606 607
606 608
606 609
607 608
607 609
608 609
609 610
610 611
610 612
610 613
610 636
610 675
610 737
610 776
611 612
611 613
611 624
611 645
611 646
611 675
611 676
611 738
612 613
612 645
613 645
614 615
614 616
614 617
614 618
614 619
614 645
614 646
615 616
615 617
615 618
615 619
615 646
615 711
616 617
616 618
616 619
617 618
617 619
618 619
620 621
620 622
620 623
620 713
621 622
621 623
621 626
622 623
624 625
624 626
624 627
624 645
624 676
624 727
625 626
625 627
625 646
625 727
626 627
626 631
626 646
626 711
628 629
628 630
628 631
628 632
628 633
629 630
629 631
629 632
629 633
630 631
630 632
630 633
631 632
631 633
632 633
633 644
634 635
634 636
634 637
634 642
634 674
635 643
636 637
636 638
636 639
636 640
636 641
636 642
636 782
636 787
637 638
637 639
637 640
637 641
637 643
637 669
637 712
637 781
637 783
638 639
638 640
638 641
639 640
639 641
640 641
642 643
642 644
642 645
642 647
642 787
643 644
643 645
643 646
643 787
643 788
644 646
644 654
644 661
644 713
644 750
644 784
645 646
645 647
645 648
645 649
645 688
645 689
645 776
646 647
646 648
646 649
646 772
647 648
647 649
648 649
650 651
650 652
650 653
650 711
650 712
650 713
650 716
650 717
650 727
651 652
651 653
651 711
651 728
652 653
654 655
654 656
654 658
654 674
655 656
657 658
657 659
657 674
658 659
658 661
658 674
660 661
660 662
660 674
660 784
661 662
661 783
663 664
663 665
663 666
663 667
663 674
664 665
664 666
664 667
665 666
665 667
666 667
668 669
668 670
668 671
668 672
668 673
668 721
668 723
668 724
668 727
668 728
668 730
668 731
669 670
669 671
669 672
669 673
669 701
669 721
669 722
669 723
669 771
669 776
670 670
670 671
670 672
670 673
670 700
670 721
670 776
671 672
671 673
671 701
671 721
671 771
671 772
671 773
671 777
672 673
674 776
674 818
675 676
675 677
675 678
675 679
675 680
675 681
675 682
675 684
675 688
675 689
675 690
675 733
675 737
675 738
676 677
676 678
676 679
676 680
676 681
676 722
676 734
676 738
677 678
677 679
677 680
677 681
678 679
678 680
678 681
679 680
679 681
680 681
681 683
682 683
682 684
682 685
682 686
682 687
682 688
682 689
682 690
682 691
682 766
682 776
683 684
683 685
683 686
683 687
683 688
683 689
683 690
683 691
683 767
683 768
683 776
684 685
684 686
684 687
684 688
684 689
684 690
684 691
684 767
684 770
685 686
685 687
685 688
685 689
685 690
685 691
686 687
686 688
686 689
686 690
686 691
687 688
687 689
687 690
687 691
688 689
688 690
688 691
689 690
689 691
689 762
689 768
690 691
690 768
692 693
692 694
692 695
692 696
692 697
692 698
692 699
693 694
693 695
693 696
693 697
693 698
693 699
694 695
694 696
694 697
694 698
694 699
694 733
694 734
695 696
695 697
695 698
695 699
696 697
696 698
696 699
697 698
697 699
698 699
700 701
700 702
700 703
700 723
700 730
700 771
700 773
700 776
701 702
701 703
701 772
701 773
702 703
704 705
704 706
704 707
704 708
704 709
704 710
705 706
705 707
705 708
705 709
705 710
706 707
706 708
706 709
706 710
707 708
707 709
707 710
708 709
708 710
709 710
711 712
711 713
711 714
711 715
711 716
711 717
711 718
711 719
711 720
712 712
712 713
712 714
712 715
712 716
712 717
712 718
712 719
712 720
713 714
713 715
713 716
713 717
713 718
713 719
713 720
713 783
714 715
714 716
714 717
714 718
714 719
714 720
715 716
715 717
715 718
715 719
715 720
716 717
716 718
716 719
716 720
716 755
716 782
716 784
717 718
717 719
717 720
717 723
717 755
717 756
717 783
718 719
718 720
719 720
721 722
721 723
721 724
721 725
721 726
721 727
721 728
721 729
721 730
721 731
721 732
721 770
721 776
722 723
722 724
722 725
722 726
722 727
722 728
722 729
722 730
722 731
722 732
723 723
723 724
723 725
723 726
723 727
723 728
723 729
723 730
723 731
723 732
723 776
724 725
724 726
724 727
724 728
724 729
724 730
724 731
724 732
724 788
725 726
725 727
725 728
725 729
725 730
725 731
725 732
726 727
726 728
726 729
726 730
726 731
726 732
727 728
727 729
727 730
727 731
727 732
727 782
728 729
728 730
728 731
728 732
728 783
729 730
729 731
729 732
730 731
730 732
730 776
731 732
733 734
733 735
733 736
733 737
733 738
733 741
733 742
733 746
733 755
734 735
734 736
734 741
734 742
734 746
734 747
734 756
735 736
737 738
737 739
737 740
738 739
738 740
738 747
739 740
741 742
741 743
741 744
741 745
741 746
742 743
742 744
742 745
742 746
742 747
743 744
743 745
744 745
746 747
746 748
746 749
747 748
747 749
748 749
750 751
750 752
750 753
750 754
750 755
750 766
750 776
751 752
751 753
751 754
751 756
751 759
751 767
751 768
751 770
752 753
752 754
753 754
755 756
755 757
755 758
755 759
755 760
755 766
755 810
756 757
756 758
756 759
756 760
756 767
757 758
757 759
757 760
758 759
758 760
759 760
759 766
759 767
759 798
761 762
761 763
761 764
761 765
761 766
761 768
762 763
762 764
762 765
762 767
762 768
762 770
763 764
763 765
764 765
765 771
765 772
765 773
766 767
766 768
766 769
766 770
766 787
767 768
767 769
767 770
768 769
768 770
769 770
770 782
771 772
771 773
771 774
771 775
771 796
772 773
772 774
772 775
772 776
773 774
773 775
773 776
774 775
776 776
776 777
776 778
776 779
776 780
776 782
777 778
777 779
777 780
778 779
778 780
779 780
781 782
781 783
781 784
781 785
781 786
782 783
782 784
782 785
782 786
783 784
783 785
783 786
784 785
784 786
785 786
787 788
787 789
787 790
787 791
787 792
788 789
788 790
788 791
788 792
789 790
789 791
789 792
790 791
790 792
791 792
793 794
793 795
794 795
796 797
798 799
798 800
798 801
799 800
799 801
800 801
802 803
802 804
802 805
802 806
802 807
802 808
803 804
803 805
803 806
803 807
803 808
804 805
804 806
804 807
804 808
805 806
805 807
805 808
806 807
806 808
807 808
809 810
809 811
809 812
809 813
810 811
810 812
810 813
811 812
811 813
812 813
814 815
814 816
814 817
814 818
815 816
815 817
815 818
816 817
816 818
817 818
819 820
821 822
821 823
821 824
822 823
822 824
823 824
