0 1
0 2
0 3
0 4
0 5
1 2
1 3
1 4
1 5
1 6
1 7
1 62
1 139
2 3
2 4
2 5
3 4
3 5
4 5
6 7
6 8
6 9
7 8
7 9
8 9
10 11
10 12
10 13
10 14
10 15
10 18
10 19
10 318
10 330
10 360
10 368
10 374
10 377
10 426
10 592
11 12
11 13
11 14
11 15
11 18
11 19
11 374
12 13
13 332
14 15
14 16
14 17
14 527
15 16
15 17
15 401
16 17
18 19
18 20
18 21
18 25
18 26
18 57
18 374
18 527
18 657
19 20
19 21
19 26
19 374
19 401
19 475
20 21
22 23
22 24
22 25
22 205
22 207
22 327
22 332
22 346
22 430
22 443
22 494
22 497
22 502
23 24
23 318
23 332
23 333
23 346
23 494
23 495
23 503
25 26
25 27
25 28
25 29
25 30
25 296
25 312
25 318
25 426
25 479
25 483
25 494
25 502
25 666
26 27
26 28
26 29
26 30
26 177
26 471
26 475
26 494
26 502
26 503
27 28
27 29
27 30
28 29
28 30
29 30
29 422
29 483
29 494
29 495
29 502
29 503
29 504
29 505
30 471
30 495
30 503
30 505
31 32
31 57
31 197
31 302
31 457
31 458
32 458
32 505
33 34
33 35
33 36
33 37
33 38
33 39
33 48
33 78
33 79
33 99
33 100
33 197
34 35
34 36
34 37
35 36
35 37
35 38
35 39
35 61
35 78
35 79
35 96
35 99
35 121
35 290
36 37
36 38
36 39
36 96
38 39
38 40
38 41
38 73
38 128
39 40
39 41
39 74
40 41
42 43
42 44
42 45
42 46
43 44
43 45
43 46
43 191
43 192
44 45
44 46
45 46
47 48
47 49
47 51
47 128
47 271
47 272
48 49
48 51
48 52
48 129
48 271
48 272
48 382
50 51
50 52
50 53
50 54
51 52
51 53
51 54
52 53
52 54
53 54
55 56
55 271
55 272
55 654
56 58
57 58
57 59
57 60
57 61
57 66
57 115
57 119
57 121
57 125
57 128
57 146
57 151
57 189
57 207
57 271
57 325
57 346
57 424
58 59
58 60
58 62
58 72
58 122
58 126
58 139
59 60
61 62
61 63
61 64
61 65
61 67
61 121
61 192
61 199
62 63
62 64
62 65
62 67
62 72
62 122
62 192
62 198
62 199
63 64
63 65
64 65
66 67
66 68
66 69
66 70
66 71
66 165
66 191
66 205
66 287
67 68
67 69
67 70
67 71
67 72
67 105
67 129
67 191
67 192
67 588
68 69
68 70
68 71
68 81
68 101
68 106
68 165
68 191
68 205
68 207
68 327
69 70
69 71
69 475
70 71
72 122
72 192
73 74
73 75
73 76
73 77
73 78
73 82
73 88
73 101
73 290
74 75
74 76
74 77
74 79
74 83
74 89
74 290
74 291
75 76
75 77
76 77
78 79
78 80
78 81
78 82
78 88
78 95
78 96
78 102
78 128
78 129
78 165
78 229
78 264
78 287
78 293
78 479
78 631
79 80
79 81
79 83
79 89
79 96
79 128
79 129
79 219
79 288
79 291
79 293
79 294
79 599
80 81
82 83
82 84
82 85
82 86
82 87
82 88
82 91
82 130
82 151
82 165
82 167
82 235
82 237
82 242
82 250
82 268
83 84
83 85
83 86
83 87
83 89
83 91
83 92
83 96
83 245
83 265
84 85
84 86
84 87
85 86
85 87
86 87
88 89
88 90
88 130
88 180
88 181
88 237
88 268
88 271
88 293
88 383
88 384
88 394
88 479
89 90
89 181
89 238
89 269
89 272
89 303
89 385
89 394
89 395
90 132
91 92
91 93
91 94
91 95
92 93
92 94
92 95
93 94
93 95
94 95
96 97
96 98
96 99
96 100
96 102
96 165
96 224
96 225
96 268
97 98
97 99
97 100
98 99
98 100
99 100
101 102
101 103
101 104
101 114
101 224
101 424
101 438
101 547
102 103
102 104
102 105
103 104
105 106
105 107
105 108
105 109
105 110
105 111
105 112
105 113
105 114
105 120
105 121
105 129
105 219
106 107
106 108
106 109
106 110
106 111
106 112
106 113
106 114
107 108
107 109
107 110
107 111
107 112
107 113
107 114
107 122
107 220
108 109
108 110
108 111
108 112
108 113
108 114
109 110
109 111
109 112
109 113
109 114
110 111
110 112
110 113
110 114
111 112
111 113
111 114
112 113
112 114
113 114
113 121
115 116
115 117
115 118
116 117
116 118
117 118
119 120
119 121
119 122
119 123
119 124
119 128
119 197
120 121
120 122
120 123
120 124
120 128
120 129
120 206
120 213
120 214
120 268
120 346
120 424
121 122
121 123
121 124
121 125
121 128
121 129
121 142
121 268
122 123
122 124
122 125
122 139
122 268
123 124
125 126
125 127
126 127
126 599
128 129
128 165
128 191
128 197
128 198
128 199
128 229
129 191
129 197
129 198
129 199
129 206
129 219
129 627
130 131
130 132
130 133
130 134
130 135
130 136
130 237
130 247
130 248
130 250
130 257
130 259
130 263
130 497
131 132
131 133
131 134
131 135
131 136
131 138
131 237
131 238
131 250
131 251
131 258
131 263
131 471
131 498
131 509
132 133
132 134
132 135
132 136
132 237
132 250
132 258
132 497
133 134
133 135
133 136
133 138
133 147
133 236
133 237
133 238
133 241
133 250
134 135
134 136
135 136
137 138
137 139
137 140
137 141
137 142
137 143
137 144
137 176
138 139
138 140
138 141
138 142
138 143
138 144
138 176
138 495
139 140
139 141
139 142
139 143
139 144
140 141
140 142
140 143
140 144
141 142
141 143
141 144
142 143
142 144
142 207
143 144
145 146
145 147
145 148
145 149
145 150
145 175
145 176
145 177
145 584
146 147
146 148
146 149
146 150
146 175
147 148
147 149
147 150
148 149
148 150
149 150
151 152
151 153
151 197
152 153
152 260
154 155
154 156
154 157
154 158
155 156
155 157
155 158
156 157
156 158
157 158
157 205
159 160
159 161
159 162
159 163
160 161
160 162
160 163
161 162
161 163
161 205
162 163
162 176
162 177
163 198
164 175
164 176
164 177
165 166
165 167
165 168
165 169
165 170
165 171
165 172
165 173
165 174
165 229
165 230
165 236
165 271
165 272
165 296
165 302
165 483
165 494
165 508
165 523
165 556
165 577
165 610
165 623
165 631
165 632
165 666
166 167
166 168
166 169
166 170
166 171
166 172
166 173
166 174
166 229
166 230
166 246
166 260
166 297
166 302
166 303
166 558
167 168
167 169
167 170
167 171
167 172
167 173
167 174
167 229
167 230
167 236
167 237
167 238
167 252
167 297
167 302
167 470
167 475
167 490
167 518
167 556
167 598
168 169
168 170
168 171
168 172
168 173
168 174
168 229
168 230
168 236
168 238
168 297
168 302
168 308
168 404
168 405
168 471
168 475
168 491
169 170
169 171
169 172
169 173
169 174
170 171
170 172
170 173
170 174
171 172
171 173
171 174
171 229
171 230
171 235
171 238
171 247
171 252
171 271
171 297
171 302
171 436
171 470
171 475
171 508
171 556
171 610
171 662
172 173
172 174
172 229
172 230
172 235
172 238
172 248
172 296
172 297
172 302
172 308
172 404
172 405
172 450
172 471
172 475
173 174
175 176
175 177
175 178
175 179
175 378
175 424
175 463
175 542
175 598
175 599
176 177
176 178
176 179
176 524
176 599
177 178
177 179
177 303
177 379
178 179
180 181
180 182
180 183
180 184
180 185
180 186
180 414
181 182
181 183
181 184
181 185
181 186
181 423
182 183
182 184
182 185
182 186
183 184
183 185
183 186
184 185
184 186
185 186
187 188
187 189
187 190
187 207
188 189
188 190
189 190
189 207
191 192
191 193
191 194
191 195
191 196
191 197
191 199
191 207
191 346
191 424
191 438
191 507
192 193
192 194
192 195
192 196
192 197
192 198
192 199
192 206
192 208
192 220
193 194
193 195
193 196
194 195
194 196
195 196
197 198
197 199
197 200
197 201
197 202
197 203
197 204
197 205
197 206
197 207
197 220
197 287
197 382
197 424
197 479
197 567
198 199
198 200
198 201
198 202
198 203
198 204
198 206
198 208
198 214
198 220
198 251
198 288
199 200
199 201
199 202
199 203
199 204
199 206
199 208
199 251
200 201
200 202
200 203
200 204
201 202
201 203
201 204
202 203
202 204
203 204
205 206
205 207
205 208
205 209
205 210
205 211
205 212
205 213
205 220
205 325
205 337
205 346
205 382
206 207
206 208
206 209
206 210
206 211
206 212
206 213
206 219
206 220
206 287
206 346
207 208
207 209
207 210
207 211
207 212
207 213
207 219
207 220
207 325
207 328
207 337
207 346
208 209
208 210
208 211
208 212
208 213
208 219
208 220
208 287
209 210
209 211
209 212
210 211
210 212
211 212
213 214
213 215
213 216
213 217
213 218
214 215
214 216
214 217
214 218
214 219
215 216
215 217
215 218
216 217
216 218
217 218
219 220
219 221
219 222
219 223
219 313
220 221
220 222
220 223
220 225
220 263
221 222
221 223
222 223
224 225
224 226
224 227
224 228
225 226
225 227
225 228
226 227
226 228
227 228
229 230
229 231
229 232
229 233
229 234
229 235
229 237
229 302
229 483
229 494
230 231
230 232
230 233
230 234
230 235
230 236
230 238
230 259
230 263
230 297
230 361
230 369
231 232
231 233
231 234
232 233
232 234
233 234
235 236
235 237
235 238
235 360
235 508
235 510
236 237
236 238
236 271
236 272
236 293
236 294
236 303
236 491
237 238
237 239
237 240
237 241
237 242
237 243
237 244
237 245
237 246
237 247
237 248
237 259
237 263
237 302
237 457
237 508
237 556
238 239
238 240
238 241
238 242
238 243
238 244
238 245
238 246
238 248
238 271
238 272
239 240
239 241
239 242
239 243
239 244
239 245
239 246
240 241
240 242
240 243
240 244
240 245
240 246
241 242
241 243
241 244
241 245
241 246
242 243
242 244
242 245
242 246
242 508
243 244
243 245
243 246
243 260
244 245
244 246
245 246
247 248
247 249
247 250
247 251
247 252
247 258
247 260
247 441
248 249
248 250
248 251
248 252
248 260
248 263
249 250
249 251
250 251
250 257
250 259
250 260
250 263
250 271
250 470
252 253
252 254
252 255
252 504
253 254
253 255
253 257
253 265
253 505
254 255
256 257
256 258
257 258
257 259
257 260
257 263
257 264
257 265
257 278
257 302
257 303
257 383
257 385
259 260
259 261
259 262
259 263
259 337
259 338
260 261
260 262
260 263
260 265
261 262
261 263
262 263
263 337
263 338
264 265
264 266
264 267
264 284
264 287
264 325
264 326
264 346
264 347
264 494
265 266
265 267
265 284
265 287
265 326
265 347
266 267
268 269
268 270
268 271
268 272
269 270
269 271
269 272
271 272
271 273
271 274
271 275
271 276
271 277
271 288
271 437
271 623
272 273
272 274
272 275
272 276
272 277
272 519
273 274
273 275
273 276
273 277
274 275
274 276
274 277
275 276
275 277
276 277
276 436
278 279
278 280
278 281
278 282
278 283
278 284
278 346
278 347
279 280
279 281
279 282
279 283
279 284
279 288
279 329
279 346
279 347
280 281
280 282
280 283
280 284
280 328
280 346
280 347
281 282
281 283
282 283
284 285
284 286
284 290
284 291
285 286
287 288
287 289
287 293
288 289
288 293
288 294
290 291
290 292
290 293
290 294
290 463
291 292
291 293
293 294
293 295
293 296
293 307
293 463
293 479
294 295
294 297
294 324
294 463
296 297
296 298
296 299
296 300
296 301
296 384
296 394
296 491
296 507
297 298
297 299
297 300
297 301
297 382
297 383
297 471
297 491
298 299
298 300
298 301
299 300
299 301
300 301
302 303
302 304
302 305
302 306
302 307
302 312
302 332
302 337
302 457
302 568
302 588
303 304
303 305
303 306
303 308
303 310
303 311
303 317
303 333
303 338
304 305
304 306
304 331
305 306
307 308
307 309
307 310
307 311
307 610
307 611
307 623
307 624
307 626
307 627
307 631
307 632
308 309
308 310
308 311
308 458
309 310
309 311
310 311
312 313
312 314
312 315
312 316
312 317
313 314
313 315
313 316
313 317
313 329
314 315
314 316
314 317
315 316
315 317
316 317
318 319
318 320
318 321
318 322
318 323
318 324
319 320
319 321
319 322
319 323
319 324
320 321
320 322
320 323
320 324
321 322
321 323
321 324
322 323
322 324
323 324
323 328
323 329
323 331
323 332
323 333
323 438
323 439
324 329
324 331
325 326
325 327
325 328
325 329
325 331
325 332
325 333
325 346
325 347
325 438
325 439
326 327
326 328
326 329
326 331
326 346
326 347
326 439
327 414
328 329
328 330
328 331
328 332
328 333
328 346
328 347
328 439
329 330
329 331
329 333
329 346
329 347
330 331
330 384
330 592
331 332
331 333
331 339
331 346
331 347
332 333
332 334
332 335
332 336
332 346
332 350
332 504
332 507
332 592
333 334
333 335
333 336
333 346
333 347
333 351
333 353
333 431
333 495
333 505
334 335
334 336
335 336
337 338
337 339
337 340
337 341
337 342
337 343
337 344
337 345
337 422
337 666
338 339
338 340
338 341
338 342
338 343
338 344
338 345
338 475
338 491
339 340
339 341
339 342
339 343
339 344
339 345
340 341
340 342
340 343
340 344
340 345
341 342
341 343
341 344
341 345
342 343
342 344
342 345
342 418
343 344
343 345
343 419
344 345
346 347
346 348
346 349
346 422
346 430
346 439
346 457
347 348
347 349
347 439
348 349
350 351
350 352
350 353
350 354
350 355
350 356
350 357
351 352
351 353
351 354
351 355
351 356
351 357
352 353
352 354
352 355
352 356
352 357
353 354
353 355
353 356
353 357
354 355
354 356
354 357
355 356
355 357
356 357
358 359
358 360
358 361
358 384
359 360
359 361
360 361
360 470
362 363
362 364
362 365
362 366
362 367
362 368
362 369
362 370
363 364
363 365
363 366
363 367
363 368
363 369
363 370
364 365
364 366
364 367
364 368
364 369
364 370
365 366
365 367
365 368
365 369
365 370
366 367
366 368
366 369
366 370
366 414
367 368
367 369
367 370
368 369
368 370
369 370
371 372
371 373
371 384
371 401
371 414
371 418
371 422
372 373
372 385
372 401
372 419
372 422
372 423
374 375
374 376
374 377
375 376
375 377
376 377
377 384
378 379
378 380
378 381
379 380
379 381
380 381
382 383
382 384
382 385
382 386
382 387
382 388
382 389
382 390
382 391
382 392
382 393
382 394
382 395
383 384
383 385
383 386
383 387
383 388
383 389
383 390
383 391
383 392
383 393
383 394
383 395
383 397
383 400
383 401
384 385
384 386
384 387
384 388
384 389
384 390
384 391
384 392
384 393
384 394
384 395
384 396
384 397
384 400
384 401
384 443
385 386
385 387
385 388
385 389
385 390
385 391
385 392
385 393
385 394
385 395
385 397
385 401
386 387
386 388
386 389
386 390
386 391
386 392
386 393
386 394
386 395
387 388
387 389
387 390
387 391
387 392
387 393
387 394
387 395
388 389
388 390
388 391
388 392
388 393
388 394
388 395
389 390
389 391
389 392
389 393
389 394
389 395
389 470
389 471
390 391
390 392
390 393
390 394
390 395
391 392
391 393
391 394
391 395
392 393
392 394
392 395
393 394
393 395
394 395
394 400
394 490
396 397
396 398
396 399
396 400
396 401
396 426
397 398
397 399
397 401
397 415
398 399
400 401
400 402
400 403
400 404
400 407
400 418
400 430
401 402
401 403
401 405
401 415
401 437
401 484
402 403
404 405
404 406
404 418
404 430
404 631
405 406
405 415
405 419
405 423
405 431
407 408
407 409
407 410
407 411
407 412
407 413
407 422
407 449
407 631
408 409
408 410
408 411
408 412
408 413
408 415
408 427
408 450
409 410
409 411
409 412
409 413
410 411
410 412
410 413
411 412
411 413
412 413
412 418
412 419
412 422
413 419
413 431
414 415
414 416
414 417
414 418
414 424
414 430
414 431
414 497
415 416
415 417
415 418
415 419
416 417
418 419
418 420
418 421
418 422
418 423
418 424
418 425
418 426
418 430
419 420
419 421
419 422
419 423
419 424
419 425
419 430
419 431
420 421
420 422
420 423
420 424
420 425
421 422
421 423
421 424
421 425
422 423
422 424
422 425
422 430
423 424
423 425
423 430
423 431
424 425
424 458
426 427
426 428
426 429
426 430
426 431
426 443
426 449
426 463
427 428
427 429
427 430
427 431
427 450
427 453
428 429
430 431
430 432
430 433
430 443
430 449
430 450
430 463
430 592
431 432
431 433
431 448
432 433
434 435
434 437
434 439
436 437
436 563
436 584
436 623
437 442
437 450
438 439
438 440
438 441
438 442
438 457
438 481
438 504
439 440
439 441
439 442
439 450
439 458
439 505
440 441
440 442
441 442
443 444
443 445
443 446
443 447
443 448
443 592
444 445
444 446
444 447
444 448
445 446
445 447
445 448
446 447
446 448
447 448
449 450
449 451
449 452
449 457
449 485
450 451
450 452
450 453
450 486
452 453
452 454
452 455
452 456
453 454
453 455
453 456
454 455
454 456
455 456
457 458
457 459
457 460
457 461
457 462
457 479
457 481
458 459
458 460
458 461
458 462
458 464
458 479
458 480
459 460
459 461
459 462
460 461
460 462
461 462
463 464
463 465
463 466
463 467
463 468
463 469
463 483
463 592
464 465
464 466
464 467
464 468
464 469
464 471
464 475
464 484
465 466
465 467
465 468
465 469
466 467
466 468
466 469
467 468
467 469
467 484
467 593
468 469
468 484
468 593
470 471
470 472
470 473
470 474
470 475
470 476
470 477
470 478
470 494
470 508
470 518
470 556
470 588
470 592
471 472
471 473
471 474
471 475
471 476
471 477
471 478
471 484
471 485
471 495
471 509
471 588
471 589
471 593
472 473
472 474
472 475
472 476
472 477
472 478
472 592
473 474
473 475
473 476
473 477
473 478
474 475
474 476
474 477
474 478
475 476
475 477
475 478
475 484
475 485
475 486
475 490
475 491
475 588
475 593
476 477
476 478
477 478
479 480
479 481
479 482
479 483
479 494
479 502
479 631
480 481
480 482
480 484
480 495
480 503
481 482
483 484
483 485
483 486
483 487
483 488
483 489
483 490
483 502
484 485
484 486
484 487
484 488
484 489
484 596
484 597
485 486
485 487
485 488
485 489
486 487
486 488
486 489
487 488
487 489
488 489
490 491
490 492
490 493
490 494
491 492
491 493
492 493
494 495
494 496
494 497
494 502
494 503
494 504
494 505
495 496
495 502
495 503
495 505
497 498
497 499
497 500
497 501
497 502
498 499
498 500
498 501
498 503
499 500
499 501
500 501
502 503
502 504
502 505
502 506
502 507
502 592
503 504
503 505
503 506
503 507
504 505
504 506
504 507
505 506
505 507
506 507
508 509
508 510
508 511
508 512
508 588
509 510
509 511
510 511
512 513
512 514
512 515
512 516
512 517
513 514
513 515
513 516
513 517
514 515
514 516
514 517
515 516
515 517
516 517
518 519
518 520
518 521
518 522
518 523
518 527
518 534
518 542
518 551
518 563
518 571
518 601
518 631
518 638
518 640
519 520
519 521
519 522
519 523
519 528
519 529
519 539
519 543
519 557
519 558
519 564
519 568
519 572
519 580
519 631
519 632
519 638
519 639
520 521
520 522
521 522
523 524
523 525
523 526
523 556
523 558
523 563
523 564
523 567
523 568
523 571
523 572
523 584
523 601
523 631
523 632
524 525
524 526
524 558
524 572
524 585
525 526
525 601
527 528
527 529
527 530
527 531
527 532
527 533
527 534
527 539
527 551
527 567
527 584
527 601
527 657
528 529
528 530
528 531
528 532
528 533
528 534
528 539
528 551
528 552
528 557
528 558
528 564
528 568
528 601
528 602
528 658
529 530
529 531
529 532
529 533
529 534
529 535
529 551
529 552
529 553
529 601
529 660
530 531
530 532
530 533
531 532
531 533
532 533
534 535
534 536
534 537
534 539
534 563
534 567
534 601
534 602
534 610
534 655
535 536
535 537
535 585
535 602
535 655
536 537
537 601
538 539
538 540
538 541
539 540
539 541
539 601
539 602
539 639
539 658
539 663
540 541
540 563
540 567
540 571
540 610
540 612
540 662
542 543
542 544
542 545
542 546
542 584
542 585
543 544
543 545
543 546
543 613
544 545
544 546
544 612
545 546
547 548
547 549
547 550
547 601
547 602
547 631
547 666
548 549
548 550
549 550
551 552
551 553
551 554
551 555
551 567
551 601
551 610
552 553
552 554
552 555
552 557
553 554
553 555
554 555
556 557
556 558
556 559
556 560
556 561
556 562
556 563
556 564
556 567
556 568
556 571
556 572
556 576
556 577
556 584
556 601
556 635
556 640
556 662
556 663
556 666
556 667
557 558
557 559
557 560
557 561
557 562
557 564
557 568
557 572
557 576
557 578
557 602
557 635
557 658
557 667
558 559
558 560
558 561
558 562
558 563
558 564
558 568
558 572
558 576
558 585
558 602
558 658
559 560
559 561
559 562
560 561
560 562
561 562
563 564
563 565
563 566
563 567
563 568
563 569
563 570
563 571
563 572
563 576
563 579
563 612
563 631
563 640
563 662
563 666
564 565
564 566
564 567
564 568
564 569
564 570
564 572
564 576
564 602
564 663
565 566
565 567
565 568
565 569
565 570
566 567
566 568
566 569
566 570
567 568
567 569
567 570
567 571
567 576
567 601
567 610
567 626
568 569
568 570
568 572
568 576
568 667
569 570
571 572
571 573
571 574
571 575
571 576
571 579
571 584
571 631
571 657
571 662
572 573
572 574
572 575
572 576
572 578
572 580
572 658
572 663
572 667
573 574
573 575
573 576
574 575
574 576
575 576
576 631
576 666
576 667
577 578
577 584
577 662
578 579
579 580
579 581
579 582
579 583
579 584
579 585
579 601
579 657
579 662
579 666
580 581
580 582
580 583
580 585
580 593
580 602
580 657
580 658
580 662
580 663
580 666
580 667
581 582
581 583
582 583
584 585
584 586
584 587
584 598
584 601
584 608
584 635
584 648
584 654
584 658
584 662
584 663
584 666
585 586
585 587
585 593
585 599
585 608
585 636
585 648
585 654
585 658
585 663
585 667
586 587
586 612
586 662
588 589
588 590
588 591
588 593
589 590
589 591
589 593
590 591
592 593
592 594
592 595
592 596
592 597
592 631
592 666
593 594
593 595
593 596
593 597
594 595
594 596
594 597
595 596
595 597
596 597
598 599
598 600
598 601
598 608
598 631
598 635
599 600
599 602
599 636
601 602
601 603
601 604
601 605
601 606
601 607
601 610
601 631
602 603
602 604
602 605
602 606
602 607
602 611
602 613
602 624
603 604
603 605
603 606
603 607
604 605
604 606
604 607
605 606
605 607
606 607
608 609
608 610
608 611
608 612
608 613
608 623
608 624
608 626
608 627
608 654
609 610
609 611
609 612
609 613
609 614
609 620
609 624
609 627
609 636
609 648
609 654
609 655
610 611
610 612
610 613
610 623
610 624
610 626
610 627
610 631
610 635
610 654
611 612
611 613
611 614
611 620
611 624
611 626
611 627
611 632
611 636
611 639
611 654
611 655
612 613
612 623
612 624
612 626
612 627
612 650
612 662
613 614
613 620
613 623
613 624
613 627
614 615
614 616
614 617
614 618
614 624
614 627
615 616
615 617
615 618
616 617
616 618
617 618
619 620
619 621
619 622
620 621
620 622
620 624
620 627
621 622
623 624
623 625
623 626
623 627
623 635
623 657
624 625
624 626
624 627
624 646
626 627
626 628
626 629
626 630
626 631
626 655
627 628
627 629
627 630
627 632
627 646
628 629
628 630
629 630
631 632
631 633
631 634
631 635
631 638
631 654
632 633
632 634
632 636
632 638
632 639
632 658
633 634
635 636
635 637
636 637
638 639
638 654
638 655
639 655
640 641
640 642
640 643
640 644
640 645
641 642
641 643
641 644
641 645
642 643
642 644
642 645
643 644
643 645
644 645
646 647
646 654
648 649
648 650
648 651
648 652
648 653
648 655
649 650
649 651
649 652
649 653
649 655
650 651
650 652
650 653
651 652
651 653
652 653
654 655
654 656
655 656
657 658
657 659
657 660
657 661
657 662
657 663
657 666
657 667
658 659
658 660
658 661
658 663
658 667
659 660
659 661
660 661
662 663
662 664
662 665
662 666
662 667
663 664
663 665
663 666
663 667
664 665
666 667
666 668
666 669
666 670
667 668
667 669
667 670
668 669
668 670
669 670
