0 1
0 2
0 3
0 4
0 6
0 9
0 19
0 55
0 56
0 537
0 610
0 718
0 721
1 2
1 3
1 4
1 446
2 3
2 4
3 4
4 20
4 22
5 6
5 7
5 8
5 9
5 10
5 34
5 36
5 717
5 721
6 7
6 8
6 9
6 10
6 35
6 82
6 474
6 520
7 8
9 10
9 11
9 12
9 13
9 14
9 445
9 615
9 616
9 693
9 707
10 11
10 12
10 13
10 14
10 27
10 445
10 708
11 12
11 13
11 14
11 446
12 13
12 14
13 14
15 16
15 17
15 18
15 147
16 17
16 18
16 377
17 18
19 20
19 21
19 22
19 23
19 24
19 25
19 34
19 126
19 482
19 531
19 563
20 21
20 22
20 23
20 24
20 25
20 26
20 34
20 654
21 22
21 23
21 24
21 25
21 34
21 126
21 433
21 488
22 23
22 24
22 25
22 26
22 34
22 35
22 126
22 600
23 24
23 25
24 25
26 27
26 28
26 29
26 34
26 49
26 50
26 126
26 127
26 142
27 28
27 29
27 35
27 49
27 143
28 29
30 31
30 32
30 33
30 34
30 61
30 62
30 126
30 127
30 460
31 32
31 33
31 35
31 61
31 62
31 95
31 127
32 33
32 613
34 34
34 35
34 36
34 37
34 147
34 162
35 36
35 38
35 55
35 56
35 81
35 95
35 163
35 470
35 512
35 600
35 738
37 38
37 39
37 40
37 470
37 495
37 499
37 514
37 599
37 601
37 602
38 39
38 40
38 470
38 496
38 599
39 40
41 42
41 43
41 44
41 69
42 43
42 44
42 76
42 77
42 130
42 162
42 163
42 519
42 737
43 44
43 130
43 131
43 162
43 163
43 519
43 737
43 753
45 46
45 47
45 48
45 49
45 50
45 51
45 52
45 53
45 54
45 468
45 505
45 567
45 610
45 693
46 47
46 48
46 49
46 50
46 51
46 52
46 53
46 54
46 70
46 468
46 505
46 567
46 610
46 693
47 47
47 48
47 49
47 50
47 51
47 52
47 53
47 54
47 468
47 505
47 567
47 610
47 693
48 49
48 50
48 51
48 52
48 53
48 54
48 69
48 468
48 505
48 567
48 599
48 610
48 613
48 693
49 50
49 51
49 52
49 53
49 54
49 505
49 567
49 594
49 610
49 693
50 51
50 52
50 53
50 54
50 567
50 594
50 610
50 693
51 52
51 53
51 54
52 53
52 54
53 54
55 56
55 57
55 61
55 62
55 69
55 70
55 84
56 57
56 70
56 84
58 59
58 60
58 68
58 103
58 604
59 60
59 61
59 62
59 67
59 68
59 104
61 62
61 63
61 64
61 65
61 66
61 67
61 68
62 63
62 64
62 65
62 66
63 64
63 65
63 66
63 67
63 68
64 65
64 66
64 67
65 66
65 67
67 68
67 104
68 104
68 113
68 158
69 70
69 71
69 72
69 77
69 80
69 501
69 512
69 540
69 599
70 71
70 72
70 76
70 80
70 501
70 540
71 72
73 74
73 75
73 601
74 75
76 77
76 78
76 79
76 156
77 78
77 79
77 156
78 79
78 695
80 81
80 82
80 83
80 111
80 131
80 695
81 82
81 83
81 695
82 83
84 85
84 86
84 87
84 113
84 450
84 586
84 599
84 613
84 614
85 86
85 87
85 95
86 87
88 89
88 90
88 91
88 92
88 93
89 90
89 91
89 92
89 93
89 94
89 95
89 100
90 91
90 92
90 93
91 92
91 93
92 93
94 95
94 96
94 97
94 98
94 103
94 239
94 485
94 639
94 711
94 713
94 723
95 96
95 97
95 98
95 99
95 100
95 711
96 97
96 98
96 499
97 98
98 103
99 100
99 101
99 102
99 103
99 296
99 647
99 650
99 662
99 699
99 733
99 737
99 770
100 101
100 102
100 720
100 733
100 737
101 102
102 445
102 453
103 104
103 105
103 106
103 107
103 421
103 733
104 105
104 106
104 157
104 421
105 106
107 108
107 109
107 110
107 148
107 474
107 504
107 631
107 632
108 109
108 110
108 720
109 110
111 112
111 113
111 114
111 115
111 116
111 445
111 470
111 604
111 631
111 765
112 113
112 114
112 116
112 765
113 114
113 116
113 364
115 116
115 117
115 118
116 117
116 118
117 118
119 120
119 121
119 445
119 556
119 601
119 662
119 670
119 694
120 121
120 669
120 670
121 670
122 123
122 124
122 125
122 130
122 131
123 124
123 125
123 131
124 125
126 127
126 128
126 129
126 130
126 131
126 439
126 460
126 461
126 470
126 478
126 512
126 733
126 791
127 128
127 129
127 130
127 131
127 461
127 471
127 512
128 129
130 131
130 132
130 138
130 525
130 628
130 629
130 631
130 737
130 738
131 132
131 151
131 628
131 629
131 738
133 134
133 135
133 136
133 137
133 344
133 405
133 406
133 407
133 408
134 135
134 136
134 137
134 411
134 412
135 136
135 137
136 137
136 405
138 139
138 140
138 141
138 148
138 617
138 618
139 140
139 141
139 618
140 141
142 143
142 144
142 145
142 146
142 383
142 727
142 729
142 766
142 791
143 144
143 145
143 146
143 792
144 145
144 146
145 146
147 148
147 149
147 150
147 544
147 546
147 559
147 616
147 628
147 631
147 632
147 716
147 723
148 149
148 150
148 161
148 456
148 464
148 546
148 551
148 575
149 150
150 555
151 152
151 153
151 154
151 155
152 153
152 154
152 155
153 154
153 155
153 604
154 155
156 157
156 158
156 159
157 158
157 159
158 159
160 161
160 162
160 163
160 164
160 165
160 166
161 162
161 163
161 164
161 165
161 166
161 178
162 163
162 164
162 165
162 166
162 276
163 164
163 165
163 166
164 165
164 166
165 166
167 168
167 169
167 319
167 352
167 407
168 169
168 318
170 171
170 172
170 173
170 174
170 175
170 176
170 178
170 201
171 172
171 173
171 174
171 175
171 176
171 180
171 202
171 374
172 173
172 174
172 175
172 176
172 420
172 694
173 174
173 175
173 176
173 276
173 319
174 175
174 176
175 176
175 601
176 412
177 178
177 179
177 180
177 333
177 340
177 373
177 374
177 692
177 727
178 179
178 180
178 185
178 344
178 374
178 376
178 599
179 180
179 407
180 202
180 277
180 281
180 282
180 373
180 395
181 182
181 183
181 184
181 185
181 198
181 201
182 183
182 184
182 185
182 186
182 326
183 184
185 186
185 187
185 188
185 189
185 201
185 348
185 356
186 187
186 188
186 189
186 353
187 188
187 189
188 189
190 191
190 192
190 193
190 194
190 201
190 202
190 320
190 352
190 411
191 192
191 193
191 194
191 202
191 256
192 193
192 194
193 194
194 445
195 196
195 197
195 198
195 199
195 200
195 201
195 202
195 204
196 197
196 198
196 199
196 200
196 349
197 198
197 199
197 200
197 222
197 395
198 199
198 200
199 200
201 202
201 203
201 204
201 205
201 206
201 207
201 209
201 250
201 282
201 361
202 203
202 204
202 205
202 206
202 207
202 209
202 228
202 282
202 352
202 353
202 406
202 775
203 204
203 205
203 206
203 207
204 205
204 206
204 207
204 209
204 251
204 273
204 277
204 282
205 206
205 207
206 207
208 208
208 209
208 210
208 211
208 215
208 216
208 222
208 223
208 228
208 234
208 250
208 255
208 281
208 316
208 318
208 325
208 331
208 344
208 365
208 366
208 373
208 375
208 744
209 210
209 211
209 216
209 223
209 228
209 251
209 255
209 277
209 282
209 325
209 335
209 370
209 371
210 211
212 213
212 214
212 374
213 214
215 216
215 217
215 218
215 219
215 220
215 221
215 223
215 280
215 289
215 345
215 348
215 349
215 361
215 362
215 363
215 407
215 411
215 418
215 419
215 420
215 422
216 217
216 218
216 219
216 220
216 221
216 222
216 223
216 228
216 242
216 280
216 289
216 290
216 318
216 361
216 362
216 382
216 412
216 419
217 218
217 219
217 220
217 221
217 345
218 219
218 220
218 221
219 220
219 221
219 222
219 291
219 296
219 319
220 221
222 223
222 224
222 225
222 226
222 227
222 228
222 238
222 241
222 252
222 355
222 356
222 357
222 380
222 383
222 400
222 428
223 224
223 225
223 226
223 227
223 228
223 229
223 239
223 253
223 374
223 400
223 417
223 428
223 429
224 225
224 226
224 227
225 226
225 227
226 227
228 229
228 230
228 231
228 232
228 233
228 234
228 289
228 290
228 291
228 292
228 335
228 343
228 345
228 346
228 348
228 352
228 353
228 361
228 375
228 376
228 395
228 400
228 411
228 412
228 512
228 744
228 745
228 749
229 230
229 231
229 232
229 233
229 234
229 290
229 343
229 744
229 745
229 749
230 231
230 232
231 232
233 234
233 235
233 236
233 237
233 238
233 291
233 314
233 345
233 400
233 500
233 512
233 592
233 639
233 727
233 744
234 235
234 236
234 237
234 290
234 302
234 306
234 315
234 384
234 660
234 745
235 236
235 237
236 237
236 504
238 239
238 240
239 240
241 242
241 243
241 244
241 245
241 291
242 243
242 244
242 245
243 244
243 245
243 250
244 245
245 276
246 247
246 248
246 249
246 251
246 318
246 405
247 248
247 249
247 251
248 249
248 251
250 251
250 266
250 291
251 253
252 253
252 254
252 255
253 254
253 255
253 256
255 256
255 257
255 258
255 259
255 260
255 265
255 370
256 257
256 258
256 259
256 260
256 267
256 290
256 310
257 258
257 259
257 260
258 259
258 260
259 260
260 290
261 262
261 263
261 264
261 291
261 375
262 263
262 264
263 264
265 266
265 267
265 268
265 269
266 267
266 268
266 269
267 268
267 269
268 269
270 271
270 272
270 273
270 274
270 275
270 276
271 272
271 273
271 274
271 275
271 276
271 277
272 273
272 274
272 275
273 274
273 275
274 275
276 277
276 278
276 279
276 281
276 291
276 314
276 319
276 370
277 278
277 280
277 281
277 282
279 280
279 281
279 282
279 283
279 284
279 305
279 319
279 320
279 370
279 373
279 375
280 281
280 282
280 283
280 284
280 374
281 282
281 283
281 284
281 319
281 376
282 283
282 284
282 344
282 375
282 376
282 377
283 284
285 286
285 287
285 288
285 289
285 290
285 291
285 292
286 287
286 288
286 290
286 292
287 288
289 290
289 291
289 292
289 293
289 294
289 295
289 296
289 297
289 298
289 299
289 300
289 301
289 343
289 774
290 291
290 292
290 293
290 294
290 295
290 296
290 297
290 298
290 299
290 300
290 301
290 348
291 292
291 293
291 294
291 295
291 296
291 297
291 298
291 299
291 300
291 301
291 348
292 293
292 294
292 295
292 296
292 297
292 298
292 299
292 300
292 301
292 302
292 333
293 294
293 295
293 296
293 297
293 298
293 299
293 300
294 295
294 296
294 297
294 298
294 299
294 300
295 296
295 297
295 298
295 299
295 300
296 297
296 298
296 299
296 300
296 339
296 348
296 362
296 395
296 411
296 422
296 504
296 792
297 298
297 299
297 300
297 339
297 348
297 349
297 350
297 353
297 643
298 299
298 300
299 300
301 302
301 303
301 304
301 305
302 303
302 304
302 305
302 306
303 304
305 306
305 307
305 308
305 309
305 310
305 321
305 334
305 340
305 362
305 405
306 307
306 308
306 309
306 318
306 321
306 335
306 340
306 341
306 343
306 362
307 308
307 309
308 309
310 311
310 312
310 313
310 363
310 370
310 395
311 312
311 313
311 335
312 313
314 315
314 316
314 317
314 318
314 319
314 320
314 348
315 316
315 317
315 335
316 317
318 319
318 320
318 787
319 320
319 787
321 322
321 323
321 324
321 334
322 323
322 324
322 363
323 324
325 326
325 327
325 328
325 329
325 330
325 334
325 352
326 327
326 328
326 329
326 330
326 334
326 335
326 352
326 380
327 328
327 329
327 330
328 329
328 330
329 330
331 332
331 333
332 333
333 334
334 335
334 336
334 337
334 340
334 341
334 501
335 336
335 337
335 339
335 341
336 337
338 339
338 340
339 340
339 421
339 422
340 361
340 362
340 363
340 373
341 342
341 496
343 344
343 346
343 355
343 357
344 370
345 346
345 347
345 348
345 352
345 361
345 400
345 418
345 775
346 347
346 352
346 353
346 357
346 377
346 379
346 383
348 349
348 350
348 351
348 361
348 363
348 379
348 418
348 421
349 350
349 351
349 361
349 362
349 412
349 418
350 351
352 353
352 354
353 354
353 357
353 374
353 784
353 787
355 356
355 357
355 358
355 359
355 360
355 362
355 418
355 428
355 429
356 357
356 358
356 359
356 360
356 361
356 362
356 370
356 418
356 419
356 428
356 429
356 774
357 358
357 359
357 360
357 362
357 376
357 418
357 428
357 429
357 431
358 359
358 360
359 360
361 362
361 363
361 364
361 365
361 366
361 367
361 368
361 369
361 373
361 418
361 419
361 420
361 421
361 422
362 363
362 364
362 365
362 366
362 367
362 368
362 369
362 374
362 377
362 418
362 419
363 364
363 365
363 366
363 367
363 368
363 369
363 370
363 395
363 412
363 418
364 365
364 366
364 367
364 368
364 369
365 366
365 367
365 368
365 369
366 367
366 368
366 369
367 368
367 369
368 369
368 420
370 371
370 372
370 373
370 374
370 383
370 420
370 504
370 783
370 791
371 372
373 374
373 375
373 376
373 377
373 378
373 383
373 418
373 428
373 512
373 783
373 786
374 375
374 376
374 377
374 378
374 395
374 396
374 501
375 376
375 377
375 378
375 626
376 377
376 378
376 384
377 378
377 411
377 425
377 637
377 783
377 784
379 380
379 381
379 382
379 411
379 416
379 418
379 420
379 425
380 381
380 382
380 416
380 419
380 802
381 382
382 555
382 604
383 384
383 385
383 386
383 387
383 411
383 512
384 385
384 386
384 387
384 411
384 412
385 386
385 387
386 387
388 389
388 390
388 391
388 411
388 460
388 599
389 390
389 391
389 411
390 391
391 396
391 406
391 408
392 393
392 394
392 405
392 406
392 407
392 408
393 394
395 396
395 397
395 398
395 399
395 400
395 408
395 418
395 470
395 512
395 531
396 397
396 398
396 399
396 403
396 406
396 408
396 419
396 512
397 398
397 399
398 399
400 401
400 402
400 403
400 404
400 405
400 406
400 407
400 408
401 402
401 403
401 404
402 403
402 404
402 405
403 404
403 406
403 408
405 406
405 407
405 408
405 409
405 410
405 411
406 407
406 408
406 409
406 410
406 422
406 713
406 720
406 775
407 408
407 409
407 410
408 409
408 410
408 422
408 713
408 775
409 410
409 694
411 412
411 413
411 414
411 415
411 422
411 512
412 413
412 414
412 415
412 419
412 571
413 414
413 415
414 415
416 417
417 418
418 419
418 420
418 421
418 422
418 423
418 424
418 737
419 420
419 421
419 422
419 423
419 424
419 738
420 421
420 422
420 423
420 424
421 422
421 423
421 424
422 423
422 424
422 425
423 424
425 426
425 427
426 427
428 429
428 669
430 431
430 432
430 601
431 432
433 434
433 435
433 436
433 437
433 438
434 435
434 436
434 437
434 438
434 456
435 436
435 437
435 438
436 437
436 438
437 438
439 440
439 441
439 442
439 443
439 444
439 445
439 449
439 453
439 464
439 465
439 613
440 441
440 442
440 446
440 450
440 461
441 442
443 444
443 445
443 446
443 447
443 448
443 450
443 453
443 455
443 456
443 460
443 464
443 465
443 500
443 502
443 503
443 601
443 716
443 718
443 720
443 721
444 445
444 446
444 447
444 448
444 450
444 455
444 456
444 459
444 460
444 461
444 464
444 560
444 728
445 446
445 447
445 448
445 455
445 460
445 464
445 502
445 601
445 662
445 721
446 447
446 448
446 455
446 456
446 461
446 465
447 448
449 450
449 451
449 452
449 453
449 454
449 455
449 465
449 571
449 692
449 716
449 742
450 451
450 452
450 453
450 454
450 456
450 465
450 479
450 656
451 452
451 453
451 454
451 465
452 453
452 454
453 454
453 455
453 464
453 465
453 516
453 571
453 650
453 770
455 456
455 457
455 458
455 459
455 460
455 464
455 465
455 474
455 512
455 546
455 601
455 617
455 618
455 716
455 717
455 718
455 719
455 729
456 457
456 458
456 459
456 460
456 461
456 464
456 465
456 474
456 475
456 716
456 717
456 719
457 458
457 459
457 719
458 459
460 461
460 462
460 463
460 464
460 470
460 474
460 478
460 479
460 500
461 462
461 463
461 465
461 471
461 474
461 475
461 478
461 479
461 587
462 463
463 660
464 465
464 466
464 467
464 475
464 622
464 718
465 466
465 467
465 474
465 475
466 467
468 469
468 470
468 471
468 472
468 473
469 470
469 471
469 472
469 473
470 471
470 472
470 473
470 474
470 475
470 511
470 513
470 514
470 516
470 517
470 587
470 599
470 602
470 615
470 708
471 472
471 473
471 474
471 475
471 717
472 473
474 475
474 476
474 477
474 478
474 479
474 502
474 503
474 599
474 601
475 476
475 477
475 478
475 479
475 500
475 503
476 477
478 479
478 480
478 481
479 480
479 481
480 481
480 719
482 483
482 484
482 485
482 486
482 487
482 556
482 662
482 663
483 484
483 485
483 486
483 487
484 485
484 486
484 487
484 495
484 501
484 556
485 486
485 487
485 496
485 499
486 487
488 489
488 490
488 491
489 490
489 491
489 496
489 499
489 505
490 491
492 493
492 494
492 495
492 504
492 556
493 494
493 502
493 503
493 557
495 496
495 497
495 498
495 499
495 500
495 501
495 502
495 503
495 504
495 506
495 512
495 526
495 563
496 497
496 498
496 499
496 505
496 526
496 557
497 498
497 499
498 499
499 500
499 503
499 504
499 526
499 738
500 501
500 502
500 503
500 504
500 505
500 554
500 599
500 600
500 610
500 660
500 661
500 692
500 693
500 694
500 742
500 797
501 502
501 503
501 505
501 516
501 600
501 602
501 610
501 692
501 742
502 503
502 504
502 512
502 599
502 738
503 505
503 513
503 599
504 505
504 506
504 507
504 508
504 509
504 510
504 647
505 506
505 507
505 508
505 509
505 510
506 507
506 508
506 509
506 510
506 613
507 508
507 509
507 510
507 613
508 509
508 510
509 510
511 512
511 513
511 514
511 515
511 516
511 517
511 518
512 513
512 514
512 515
512 516
512 517
512 518
513 514
513 515
513 516
513 517
513 518
514 515
514 516
514 517
514 518
514 575
515 516
515 517
515 518
516 517
516 518
516 575
516 588
516 673
517 518
519 520
519 521
519 522
519 523
519 524
519 581
519 615
519 647
519 648
519 675
519 681
519 683
519 711
519 778
520 521
520 522
520 523
520 524
520 526
520 532
520 582
520 647
520 648
520 666
520 676
520 681
520 682
520 683
520 712
521 522
521 523
521 524
522 523
522 524
523 524
525 526
525 527
525 528
525 529
525 530
526 527
526 528
526 529
526 530
527 528
527 529
527 530
528 529
528 530
529 530
531 532
531 533
531 534
531 535
531 660
532 533
532 534
532 535
533 534
533 535
534 535
535 613
536 537
536 538
536 539
536 631
536 632
537 538
537 539
538 539
538 556
538 618
539 631
539 632
540 541
540 542
540 543
540 631
540 660
541 542
541 543
541 632
541 694
542 543
544 545
544 546
544 547
544 548
544 549
544 550
544 551
544 552
544 553
544 581
544 582
544 599
544 601
544 615
544 617
544 618
544 716
545 546
545 547
545 548
545 549
545 550
545 551
545 552
545 553
545 582
545 600
545 604
545 605
545 606
545 609
545 616
545 617
545 618
546 547
546 548
546 549
546 550
546 551
546 552
546 553
546 599
546 615
547 548
547 549
547 550
547 551
547 552
547 553
547 600
547 601
547 602
548 549
548 550
548 551
548 552
548 553
549 550
549 551
549 552
549 553
550 551
550 552
550 553
550 581
550 721
551 552
551 553
551 600
552 553
554 555
554 556
554 557
554 558
554 559
554 665
554 716
554 717
555 556
555 557
555 558
555 579
555 717
556 557
556 558
556 559
556 560
556 716
556 718
556 719
556 721
557 558
557 568
557 571
557 618
557 742
559 560
559 561
559 562
559 575
559 715
560 561
560 562
560 575
560 576
560 595
560 597
561 562
563 564
563 565
563 566
564 565
564 566
565 566
567 568
567 569
567 570
568 569
568 570
569 570
571 572
571 573
571 574
571 669
572 573
572 574
573 574
575 576
575 577
575 578
575 579
575 580
576 577
576 578
576 579
576 580
577 578
577 579
577 580
578 579
578 580
579 580
581 582
581 583
581 584
581 585
581 615
581 647
581 683
581 716
581 778
582 583
582 584
582 585
582 615
582 616
582 648
582 779
583 584
583 585
584 585
585 617
585 618
586 587
586 599
586 604
586 605
586 606
586 609
586 627
586 692
587 604
587 770
588 589
588 590
588 591
588 592
588 593
588 647
589 590
589 591
589 592
589 593
589 602
590 591
590 592
590 593
591 592
591 593
592 593
594 595
594 596
594 597
594 598
594 613
595 596
595 597
595 598
596 597
596 598
597 598
599 600
599 601
599 602
599 603
599 604
599 647
599 713
600 601
600 602
600 603
600 604
600 605
600 606
600 609
600 616
601 602
601 603
601 604
601 606
601 669
601 718
602 603
602 606
602 624
602 625
604 605
604 606
604 607
604 608
604 609
604 615
605 606
605 607
605 608
605 609
606 607
606 608
606 609
607 608
607 609
608 609
610 611
610 612
610 613
610 660
610 661
610 693
611 612
611 632
613 614
613 621
613 629
614 617
614 624
614 642
614 695
615 615
615 616
615 617
615 618
615 619
615 620
615 622
615 716
615 754
616 617
616 618
616 619
616 620
616 621
616 754
617 618
617 619
617 620
617 624
617 648
617 663
618 619
618 620
618 624
618 648
619 620
621 622
623 624
623 625
623 626
623 627
624 625
624 626
624 627
625 626
625 627
626 627
628 629
628 630
629 630
631 632
631 633
631 729
631 737
631 739
632 633
632 738
634 635
634 636
634 661
635 636
636 694
636 719
637 638
639 640
639 641
639 642
639 643
639 644
639 645
639 646
639 660
639 661
639 711
639 712
639 713
639 714
640 641
640 642
640 643
640 644
640 645
640 646
640 661
640 714
641 642
641 643
641 644
641 645
641 646
642 643
642 644
642 645
642 646
643 644
643 645
643 646
643 714
644 645
644 646
644 675
644 694
644 721
645 646
645 648
647 648
647 649
647 662
647 675
647 676
647 683
647 729
648 649
648 662
648 663
648 675
648 676
648 683
648 714
650 651
650 652
650 653
650 654
650 670
651 652
651 653
651 654
652 653
652 654
652 662
652 663
653 654
653 662
653 675
653 676
654 670
654 676
655 656
655 657
655 658
655 659
656 657
656 658
656 659
657 658
657 659
658 659
660 661
660 662
660 663
660 664
660 669
660 681
660 692
661 662
661 663
661 664
661 669
661 670
661 692
662 663
662 664
662 669
662 675
662 681
662 733
663 663
663 664
663 670
663 675
663 676
663 681
665 666
665 667
665 668
666 667
666 668
667 668
669 670
669 671
669 672
669 681
669 717
670 671
670 672
670 684
671 672
673 674
674 693
675 676
675 677
675 678
675 679
675 680
675 683
675 721
675 742
676 677
676 678
676 679
676 680
676 683
676 684
676 688
676 743
676 759
677 678
677 679
677 680
678 679
678 680
679 680
681 682
681 683
681 684
681 685
681 686
682 683
682 684
682 685
682 686
683 684
683 685
683 686
684 685
684 686
685 686
687 688
687 689
687 690
687 691
687 708
688 689
688 690
688 691
688 693
688 695
689 690
689 691
689 692
690 691
692 693
692 694
692 695
692 696
692 697
692 700
692 727
692 742
693 694
693 695
693 696
693 697
693 702
693 730
693 742
693 771
694 695
694 696
694 697
694 702
694 730
694 742
694 771
695 696
695 697
695 702
695 730
695 771
696 697
698 699
698 700
698 701
698 702
698 703
698 704
699 700
699 701
699 702
699 703
699 704
700 701
700 702
700 703
700 704
701 702
701 703
701 704
702 703
702 704
703 704
705 706
705 707
707 708
707 709
707 710
707 754
708 709
708 710
708 755
709 710
710 721
711 712
711 713
711 714
711 715
712 713
712 714
712 715
713 714
713 715
714 715
716 717
716 718
716 719
716 720
716 721
716 722
716 723
717 717
717 718
717 719
717 720
717 721
717 722
718 719
718 720
718 721
718 722
718 723
718 729
719 720
719 721
719 722
719 723
720 721
720 722
720 723
720 729
721 722
723 724
723 725
723 726
724 725
724 726
725 726
727 728
727 729
727 730
727 731
727 732
728 729
728 730
728 731
728 732
729 730
729 731
729 732
730 731
730 732
731 732
733 734
733 735
733 736
734 735
734 736
735 736
737 738
737 739
737 740
737 741
738 739
738 740
738 741
739 740
739 741
740 741
742 743
744 745
744 746
744 747
744 748
745 746
745 747
745 748
746 747
746 748
747 748
749 750
749 751
750 751
752 753
754 755
754 756
754 757
755 756
755 757
756 757
758 759
758 760
758 761
758 762
758 763
758 764
759 760
759 761
759 762
759 763
759 764
760 761
760 762
760 763
760 764
761 762
761 763
761 764
762 763
762 764
763 764
766 767
766 768
766 769
767 768
767 769
768 769
770 771
770 772
770 773
771 772
771 773
772 773
774 775
774 776
774 777
775 776
775 777
776 777
778 779
778 780
778 781
778 782
779 780
779 781
779 782
780 781
780 782
781 782
783 784
783 785
784 785
786 787
786 788
786 789
786 790
787 788
787 789
787 790
788 789
788 790
789 790
791 792
791 793
791 794
791 795
791 796
792 793
792 794
792 795
792 796
793 794
793 795
793 796
794 795
794 796
795 796
797 798
797 799
797 800
798 799
798 800
799 800
801 802
801 803
801 804
801 805
801 806
801 807
801 808
801 809
802 803
802 804
802 805
802 806
802 807
802 808
802 809
803 804
803 805
803 806
803 807
803 808
803 809
804 805
804 806
804 807
804 808
804 809
805 806
805 807
805 808
805 809
806 807
806 808
806 809
807 808
807 809
808 809
