0 1
0 2
0 3
0 4
0 12
0 13
0 22
0 25
0 29
0 34
0 56
0 61
1 2
1 3
1 5
1 13
1 18
1 23
1 26
1 30
1 35
1 47
1 379
2 3
4 5
4 6
4 7
4 25
5 6
5 7
5 26
5 30
6 7
8 9
8 10
8 11
8 17
8 121
8 703
8 721
8 722
9 10
9 11
9 18
10 11
12 13
12 14
12 15
12 16
12 17
12 22
12 25
12 29
12 34
12 56
12 206
12 246
12 366
12 367
12 378
12 380
12 694
13 14
13 15
13 16
13 18
13 21
13 23
13 26
13 30
13 35
13 55
13 57
13 81
13 197
13 207
13 208
13 302
13 378
13 379
13 380
13 695
14 15
14 16
14 221
15 16
17 18
17 19
17 20
17 22
17 29
17 56
17 246
17 360
17 698
17 742
17 744
18 19
18 20
18 23
18 30
18 35
18 57
18 77
18 81
18 247
18 361
18 695
18 699
18 743
18 745
19 20
21 22
21 23
21 24
21 360
21 361
21 363
21 366
21 367
21 765
21 766
22 23
22 24
22 25
22 29
22 237
23 24
23 26
23 30
25 26
25 27
25 28
25 29
25 34
25 47
25 56
25 61
25 67
25 106
25 564
26 27
26 28
26 30
26 35
26 47
26 55
26 57
26 62
26 107
26 111
26 122
26 130
26 379
27 28
29 30
29 31
29 32
29 33
29 34
29 41
29 55
29 56
29 202
29 233
29 246
29 378
30 31
30 32
30 33
30 35
30 42
30 55
30 57
30 62
30 81
30 107
30 203
30 208
30 379
31 32
31 33
32 33
34 35
34 36
34 37
34 38
34 56
34 216
35 36
35 37
35 38
35 55
35 57
36 37
36 38
37 38
37 221
37 363
37 637
39 40
39 206
40 206
40 207
41 42
41 43
41 44
41 575
41 753
42 43
42 44
42 55
42 71
42 243
42 722
43 44
45 46
45 360
46 685
46 694
46 695
47 48
47 49
47 50
47 51
47 52
47 53
47 54
48 49
48 50
48 51
48 52
48 53
48 54
48 721
49 50
49 51
49 52
49 53
49 54
49 721
49 722
49 753
50 51
50 52
50 53
50 54
50 252
50 753
51 52
51 53
51 54
52 53
52 54
52 265
52 515
52 516
52 666
53 54
55 57
55 62
55 68
55 160
55 171
56 57
56 58
56 59
56 60
56 61
56 72
56 76
56 80
56 84
56 86
56 97
56 99
56 102
56 302
56 372
56 378
56 379
56 380
56 419
56 497
56 505
56 506
56 564
56 636
56 709
57 58
57 59
57 60
57 62
57 71
57 73
57 77
57 81
57 85
57 87
57 98
57 100
57 103
57 160
57 197
57 302
57 361
57 379
57 381
58 59
58 60
59 60
61 62
61 63
61 64
61 65
61 72
61 76
61 80
61 86
61 97
61 99
61 102
61 106
61 118
61 129
61 177
61 192
61 246
61 302
61 305
62 63
62 64
62 65
62 71
62 73
62 77
62 81
62 85
62 87
62 98
62 99
62 100
62 103
62 168
63 64
63 65
64 65
66 654
67 68
67 69
67 70
67 80
67 86
67 99
67 100
67 360
67 366
67 694
68 69
68 70
68 71
68 77
68 81
68 99
68 100
68 361
68 694
68 695
68 743
69 70
71 72
71 73
71 74
71 75
71 77
71 81
71 85
71 87
71 94
71 98
71 177
71 178
71 179
71 276
71 765
71 766
72 73
72 74
72 75
72 76
72 77
72 80
72 81
72 84
72 86
72 97
72 99
72 102
72 105
72 177
72 275
72 372
72 374
73 74
73 75
73 77
73 81
73 85
73 86
73 87
73 98
73 100
73 103
73 178
73 276
73 372
73 373
74 75
76 77
76 78
76 79
76 80
76 84
76 86
76 99
76 102
76 121
76 161
76 380
76 381
76 694
77 78
77 79
77 81
77 85
77 87
77 97
77 98
77 99
77 100
77 103
77 379
77 381
78 79
80 81
80 82
80 83
80 84
80 86
80 97
80 99
80 102
80 301
80 302
81 82
81 83
81 85
81 87
81 94
81 98
81 100
81 103
81 122
81 247
81 301
81 302
81 306
81 379
82 83
83 302
84 85
84 86
84 87
84 88
84 89
84 90
84 91
84 92
84 93
84 97
84 106
84 246
85 86
85 87
85 88
85 89
85 90
85 91
85 92
85 94
85 98
85 107
85 247
86 87
86 88
86 89
86 90
86 91
86 92
86 93
86 97
86 99
86 102
86 252
86 345
86 753
87 88
87 89
87 90
87 91
87 92
87 94
87 98
87 100
87 103
87 107
87 121
87 247
87 695
88 89
88 90
88 91
88 92
89 90
89 91
89 92
90 91
90 92
91 92
93 94
93 95
93 96
94 95
94 96
94 100
94 766
95 96
97 98
97 99
97 100
97 101
97 102
97 103
97 104
97 105
97 106
97 121
97 133
97 177
97 246
97 247
97 378
97 379
97 454
97 564
97 571
97 643
97 656
97 658
97 769
98 99
98 100
98 101
98 102
98 103
98 104
98 105
98 107
98 122
98 155
98 247
98 379
99 100
99 101
99 102
99 103
99 104
99 105
99 106
99 121
99 246
100 101
100 102
100 103
100 104
100 105
100 107
101 102
101 103
101 104
101 105
102 103
102 104
102 105
102 106
102 246
102 643
102 658
103 104
103 105
103 107
103 247
104 105
106 106
106 107
106 108
106 109
106 110
106 118
106 121
106 128
106 129
106 131
106 133
106 140
106 454
106 501
106 524
106 541
106 638
106 643
106 777
107 108
107 109
107 111
107 122
107 128
107 455
107 457
107 463
107 525
107 542
107 639
107 644
107 778
108 109
110 111
110 112
110 113
110 114
110 115
110 121
110 131
110 133
110 422
110 424
110 425
111 112
111 113
111 114
111 115
111 122
111 128
111 130
112 113
112 114
112 115
112 709
112 710
112 711
113 114
113 115
113 122
113 576
113 655
114 115
116 117
116 118
116 119
116 120
116 128
116 131
116 454
117 118
117 119
117 120
118 119
118 120
118 128
118 131
118 132
118 133
118 454
118 769
119 120
121 122
121 123
121 124
121 125
121 126
121 127
121 129
121 131
121 133
121 226
121 280
121 399
121 404
121 428
121 460
121 463
121 529
121 643
122 123
122 124
122 125
122 126
122 127
122 128
122 130
122 131
122 132
122 134
122 396
122 409
122 425
122 429
122 442
122 461
122 516
122 625
122 676
123 124
123 125
123 126
123 127
124 125
124 126
124 127
125 126
125 127
126 127
126 409
126 412
126 413
126 422
126 424
126 425
126 778
127 422
127 424
127 425
127 775
127 778
128 130
128 133
128 134
128 442
128 444
128 586
129 130
129 131
129 132
129 133
129 134
129 135
129 136
129 177
129 409
129 412
129 413
129 422
129 424
129 425
129 675
130 131
130 132
130 133
130 134
130 135
130 136
130 178
130 306
130 373
130 409
130 413
130 422
130 425
130 429
130 434
131 132
131 133
131 134
131 135
131 136
131 177
131 305
131 372
131 408
131 412
131 433
132 133
132 134
132 135
132 136
132 155
132 178
132 306
132 373
132 409
132 413
132 429
132 434
133 134
133 135
133 136
133 177
133 216
133 246
133 252
133 428
134 135
134 136
134 178
134 396
134 409
134 429
134 552
135 136
137 138
137 139
137 140
137 280
137 303
137 412
137 489
137 515
137 516
137 518
137 519
137 571
137 658
138 139
138 140
138 303
138 412
138 515
138 519
139 140
141 142
141 143
141 144
141 145
141 146
141 516
141 519
142 143
142 144
142 145
142 146
142 519
143 144
143 145
143 146
144 145
144 146
145 146
145 776
146 160
146 776
147 148
147 149
147 150
147 151
147 152
147 153
147 154
147 155
147 156
147 157
147 158
147 159
147 160
147 161
147 162
147 170
148 149
148 150
148 151
148 152
148 153
148 154
148 155
148 156
148 157
148 158
149 150
149 151
149 152
149 153
149 154
149 155
149 156
149 157
149 158
150 151
150 152
150 153
150 154
150 155
150 156
150 157
150 158
151 152
151 153
151 154
151 155
151 156
151 157
151 158
152 153
152 154
152 155
152 156
152 157
152 158
153 154
153 155
153 156
153 157
153 158
154 155
154 156
154 157
154 158
154 291
154 292
154 416
154 636
154 658
154 709
154 714
155 156
155 157
155 158
155 171
155 177
155 178
155 179
155 292
155 416
155 417
155 715
156 157
156 158
157 158
159 160
159 161
159 162
159 163
159 164
159 165
159 166
159 167
159 168
159 170
159 171
159 177
159 280
159 286
159 291
159 372
159 378
159 446
160 161
160 162
160 163
160 164
160 165
160 166
160 167
160 168
160 170
160 171
160 177
160 178
160 179
160 186
160 286
160 287
160 291
160 292
160 372
160 373
160 379
160 416
160 417
161 162
161 163
161 164
161 165
161 166
161 167
161 170
161 173
161 178
161 286
161 287
161 291
161 372
161 373
161 374
161 380
161 416
161 638
162 163
162 164
162 165
162 166
162 167
162 171
162 179
162 286
162 287
162 291
162 373
162 381
162 629
163 164
163 165
163 166
163 167
164 165
164 166
164 167
165 166
165 167
166 167
168 169
168 170
168 171
168 286
168 373
168 490
169 170
170 171
170 177
170 372
170 373
170 374
171 287
171 297
172 173
172 174
172 175
172 176
173 174
173 175
173 176
174 175
174 176
174 293
174 417
175 176
177 178
177 179
177 180
177 275
177 333
177 373
177 379
177 412
177 443
177 571
177 579
177 675
177 769
178 179
178 180
178 275
178 373
178 412
178 580
178 594
178 695
179 180
179 275
179 303
179 373
179 412
181 182
181 183
181 184
181 185
181 186
181 187
181 695
181 714
181 715
181 721
182 183
182 184
182 185
182 186
182 187
183 184
183 185
183 186
183 187
184 185
184 186
184 187
185 186
185 187
186 187
186 775
186 776
188 189
188 190
188 191
188 291
189 190
189 191
190 191
190 237
190 327
190 698
190 769
192 193
192 194
192 195
192 196
193 194
193 195
193 196
194 195
194 196
194 363
194 772
195 196
197 198
197 199
197 200
197 201
197 303
198 199
198 200
198 201
199 200
199 201
200 201
201 242
201 243
201 244
201 303
202 203
202 204
202 205
202 264
202 265
203 204
203 205
203 753
203 754
204 205
204 244
206 207
206 208
206 209
206 233
206 234
206 246
206 258
207 208
207 209
207 217
207 234
207 246
207 258
207 259
207 770
208 209
208 217
208 221
208 234
208 246
208 258
210 211
210 212
210 213
210 214
210 215
210 216
210 217
210 218
210 221
211 212
211 213
211 214
211 215
211 237
211 254
211 698
211 765
212 213
212 214
212 215
212 216
212 217
212 218
212 221
212 766
213 214
213 215
214 215
216 217
216 218
216 219
216 220
216 221
216 222
216 230
216 234
216 372
216 534
216 643
216 718
216 725
216 765
217 218
217 219
217 220
217 221
217 222
217 230
217 234
217 281
217 476
217 718
217 719
217 725
217 766
218 219
218 220
218 221
218 230
218 249
218 254
218 264
218 718
218 725
219 220
219 221
220 221
220 743
221 222
221 230
221 234
221 718
221 719
221 725
222 223
222 224
222 225
222 226
222 227
222 229
222 230
222 233
222 301
222 527
222 725
222 770
223 224
223 225
223 226
223 227
223 229
223 230
223 301
223 442
223 725
223 770
224 225
224 345
224 670
226 227
226 228
226 694
227 228
227 255
227 776
229 230
229 231
229 232
229 237
230 231
230 232
230 772
231 232
233 234
233 235
233 236
233 264
233 265
234 235
234 236
234 238
235 236
237 238
237 239
237 240
237 241
237 242
237 243
237 244
237 253
237 313
237 756
237 770
238 239
238 240
238 241
238 243
238 253
238 255
238 381
238 770
238 772
239 240
239 241
240 241
242 243
242 244
242 245
242 246
242 252
242 258
242 259
242 718
242 753
243 244
243 245
243 252
243 254
243 259
243 265
244 245
244 250
244 252
244 255
244 258
244 259
244 265
244 727
245 264
246 247
246 248
246 249
246 250
246 251
246 252
246 253
246 254
246 255
247 248
247 249
247 250
247 251
247 253
247 254
247 341
248 249
248 250
248 251
248 754
249 250
249 251
249 252
249 254
249 264
250 251
250 255
250 265
250 363
250 457
252 253
252 254
252 255
252 256
252 257
252 258
252 259
252 264
252 265
252 267
252 286
252 475
252 476
253 254
253 255
253 256
253 257
253 258
253 259
253 264
253 265
253 306
253 476
253 695
253 727
254 255
254 256
254 257
254 258
254 259
254 264
254 274
254 306
254 441
254 747
255 256
255 257
255 258
255 259
255 264
255 265
255 306
255 308
256 257
258 259
258 260
258 261
258 262
258 264
258 265
258 283
258 753
258 769
259 260
259 261
259 262
259 265
259 721
259 722
259 769
260 261
260 262
260 264
261 262
263 516
264 265
264 266
264 267
264 756
265 266
265 267
265 308
265 363
265 518
266 267
268 269
268 270
268 271
268 272
268 273
268 274
269 270
269 271
269 272
269 273
269 274
269 676
270 271
270 272
270 273
270 274
271 272
271 273
271 274
272 273
272 274
273 274
274 770
275 276
275 277
275 278
275 279
275 349
275 399
275 675
276 277
276 278
276 279
277 278
277 279
278 279
280 281
280 282
280 283
280 284
280 285
280 287
280 300
280 412
281 282
281 283
281 284
281 285
281 287
281 300
282 283
282 284
282 285
282 287
282 290
282 300
283 284
283 285
283 287
283 331
283 358
284 285
284 287
284 300
284 787
286 287
286 288
286 289
286 290
286 291
286 293
286 628
287 288
287 289
287 290
287 291
287 292
287 293
288 289
288 290
289 290
291 292
291 293
291 294
291 295
291 296
291 297
291 416
291 547
291 571
291 638
291 658
291 698
292 293
292 294
292 295
292 296
292 297
292 379
292 639
292 787
293 294
293 295
293 296
293 297
293 638
293 639
294 295
296 297
296 298
296 299
296 300
296 324
296 327
296 416
297 298
297 299
297 300
298 299
298 300
299 300
301 302
301 527
301 528
301 625
303 304
303 405
305 306
305 307
305 308
305 309
305 310
305 360
305 361
306 307
306 308
306 309
306 310
306 361
306 379
307 308
307 309
307 310
308 309
308 310
308 363
308 637
309 310
311 312
311 313
311 314
311 315
311 316
311 318
311 334
311 339
311 346
311 535
311 558
311 572
311 576
311 589
311 607
311 644
311 667
311 676
311 721
311 791
312 313
312 314
313 314
315 316
315 317
315 318
315 319
315 320
315 324
315 327
315 333
315 334
315 339
315 340
315 348
315 534
315 535
315 568
315 659
315 675
315 739
315 742
316 317
316 318
316 319
316 320
316 323
316 324
316 340
316 341
316 535
316 667
316 676
316 739
317 318
317 319
317 320
317 327
317 339
317 534
317 560
318 319
318 320
318 328
318 339
318 346
319 320
321 323
321 324
321 325
321 327
321 328
321 334
321 346
321 681
322 323
322 324
322 325
322 326
322 327
322 328
322 329
322 330
322 331
322 332
322 334
322 345
322 346
322 661
322 753
323 324
323 325
323 326
323 327
323 328
323 329
323 330
323 331
323 332
323 334
323 341
323 346
324 325
324 326
324 327
324 328
324 329
324 330
324 331
324 332
324 333
324 334
324 339
324 340
324 341
324 356
324 357
324 378
324 447
324 534
324 564
324 575
324 620
324 675
324 742
325 326
325 327
325 328
325 329
325 330
325 331
325 332
325 333
325 334
325 339
325 341
325 346
326 327
326 328
326 329
326 330
326 331
326 332
327 328
327 329
327 330
327 331
327 332
327 333
327 334
327 340
327 341
327 348
327 358
327 399
327 534
327 620
328 329
328 330
328 331
328 332
328 339
328 341
328 346
328 348
328 540
329 330
329 331
329 332
330 331
330 332
330 333
330 339
330 399
331 332
331 560
332 334
333 334
333 335
333 336
333 337
333 338
333 339
333 340
333 341
333 345
333 346
333 348
333 534
333 535
333 564
333 571
333 675
333 739
334 335
334 336
334 337
334 338
334 339
334 340
334 341
334 346
334 356
334 357
334 602
334 659
334 676
335 336
335 337
335 338
335 339
335 560
335 769
336 337
336 338
336 339
337 338
337 339
338 339
338 345
338 571
338 666
338 670
339 340
339 341
339 348
340 341
340 342
340 343
340 344
340 345
340 346
340 349
340 351
340 390
341 342
341 343
341 344
341 345
341 346
341 348
341 351
341 676
341 703
342 343
342 344
343 344
345 346
345 347
345 348
345 349
345 351
345 356
345 357
345 601
345 636
345 698
345 751
345 753
346 347
346 348
346 351
346 353
346 357
346 753
347 348
348 353
348 403
348 457
348 534
348 642
349 350
349 351
349 534
349 535
349 610
349 654
349 721
350 351
350 602
352 353
352 354
352 355
352 518
352 557
352 560
352 568
352 694
352 709
353 354
353 355
354 355
356 357
356 358
356 359
356 561
356 753
356 769
356 770
356 772
357 358
357 359
357 506
357 769
358 359
358 557
358 558
358 560
358 561
358 564
358 565
358 568
358 571
358 620
360 361
360 362
360 363
360 364
360 365
360 366
360 386
360 395
360 462
360 564
360 694
360 695
360 751
361 362
361 363
361 364
361 365
361 366
361 379
361 381
361 386
361 387
361 451
361 459
361 694
361 695
361 722
361 770
361 772
362 363
362 364
362 365
362 380
363 364
363 365
363 366
363 381
363 386
363 387
363 694
363 695
364 365
366 367
366 368
366 369
366 370
366 371
366 372
366 373
366 378
366 379
366 380
366 389
366 475
366 694
367 368
367 369
367 370
367 371
367 373
367 378
367 379
367 380
367 381
367 387
367 476
367 694
367 695
368 369
368 370
368 371
368 381
369 370
369 371
370 371
372 373
372 374
372 375
372 376
372 377
372 571
373 374
373 375
373 376
373 377
373 417
373 739
374 375
374 376
374 377
374 380
375 376
375 377
376 377
378 379
378 380
378 381
378 382
378 383
378 384
378 385
378 386
378 387
378 661
379 380
379 381
379 382
379 383
379 384
379 385
379 386
380 381
380 382
380 383
380 384
380 385
380 386
380 387
380 416
380 437
381 382
381 383
381 384
381 385
381 386
381 387
382 383
382 384
382 385
383 384
383 385
384 385
386 387
386 388
386 389
386 775
387 388
387 389
388 389
390 391
390 392
390 393
390 394
391 392
391 393
391 394
392 393
392 394
393 394
395 396
395 397
395 398
395 462
395 463
395 658
395 769
395 777
396 397
396 398
396 405
396 462
396 463
396 625
396 778
397 398
397 404
397 463
399 400
399 401
399 402
399 403
399 404
399 405
399 443
399 445
399 515
399 534
399 575
399 576
399 593
399 594
399 610
399 615
399 709
399 775
399 777
400 401
400 402
400 403
400 404
400 425
400 472
400 515
400 516
400 530
400 535
400 550
400 580
400 589
400 598
400 610
400 615
400 616
400 633
401 402
401 403
402 403
404 405
404 406
404 407
404 471
404 472
404 475
404 476
404 777
405 406
405 407
405 471
405 472
405 475
405 476
405 586
405 684
406 407
408 409
408 410
408 411
408 412
408 413
408 419
408 424
408 438
408 489
408 497
408 518
408 519
408 534
408 650
409 410
409 411
409 412
409 413
409 419
409 420
409 422
409 424
409 425
409 438
409 440
409 444
409 498
409 760
409 761
410 411
412 413
412 414
412 415
412 419
412 438
412 497
412 498
412 519
412 765
412 766
413 414
413 415
413 419
413 420
413 434
413 438
413 440
413 498
413 519
413 766
413 778
414 415
416 417
416 418
416 638
416 709
417 418
418 698
419 420
419 513
419 571
419 643
419 658
419 675
420 444
420 490
420 571
420 629
420 670
420 671
420 672
420 673
420 751
420 752
421 422
421 423
421 424
421 425
421 426
421 427
422 423
422 424
422 425
422 426
422 427
422 519
422 528
423 424
423 425
423 426
423 427
424 425
424 426
424 427
424 515
424 518
424 527
424 528
425 426
425 427
425 466
425 515
425 516
425 527
425 528
426 427
428 429
428 430
428 431
428 432
428 498
428 675
429 430
429 431
429 432
429 516
430 431
430 432
431 432
433 434
433 435
433 497
433 498
433 505
434 435
434 444
436 437
436 438
436 439
436 440
437 438
437 439
437 440
437 443
438 439
438 440
438 443
438 444
439 440
440 457
441 442
441 721
441 722
442 721
442 722
443 444
443 445
443 469
443 564
443 643
443 644
443 654
443 656
444 445
444 469
444 542
444 654
444 656
444 752
446 447
446 448
446 449
446 628
446 629
447 448
447 449
447 515
447 518
448 449
448 515
448 516
450 451
450 452
450 453
450 454
450 457
451 452
451 453
451 454
451 455
451 457
451 775
451 777
451 778
452 453
452 541
453 681
453 685
453 686
453 687
453 722
453 743
454 455
454 456
454 457
454 458
454 459
454 497
454 498
454 508
454 571
454 658
455 456
455 457
455 458
455 459
455 463
455 497
455 498
455 572
455 775
455 778
456 457
456 458
456 459
457 458
457 459
457 461
457 497
457 535
457 554
458 459
459 775
459 778
460 461
460 462
460 475
461 462
461 476
461 655
462 463
462 464
462 475
462 518
462 534
462 709
462 765
462 776
462 777
463 464
463 466
463 475
463 476
463 494
463 776
463 777
465 466
465 467
465 468
465 515
465 654
465 655
465 656
465 657
466 467
466 468
466 515
466 655
466 656
467 468
469 470
469 655
469 657
471 472
471 473
471 474
471 475
472 473
472 474
472 541
472 542
472 628
472 629
473 474
475 476
475 477
475 478
475 479
475 497
475 568
475 601
476 477
476 478
476 480
476 497
476 601
477 478
479 480
479 481
479 482
479 483
479 484
479 485
479 486
479 487
479 497
479 776
480 481
480 482
480 483
480 484
480 485
480 486
480 487
480 498
480 534
481 482
481 483
481 484
481 485
481 486
481 487
482 483
482 484
482 485
482 486
482 487
482 542
482 628
482 629
483 484
483 485
483 486
483 487
483 541
483 575
484 485
484 486
484 487
485 486
485 487
486 487
488 490
488 494
489 490
489 491
489 492
489 493
489 571
489 624
489 666
489 667
489 670
489 671
489 672
489 673
490 491
490 492
490 493
490 494
490 568
490 571
490 624
490 625
490 667
490 670
490 672
491 492
491 493
492 493
494 495
494 496
494 534
494 535
494 557
494 558
494 561
494 564
494 565
494 571
494 572
494 644
495 496
497 498
497 499
497 500
497 505
497 506
497 511
497 522
497 539
497 571
497 670
497 675
497 760
497 775
497 776
498 498
498 499
498 500
498 506
498 512
498 539
498 540
498 568
499 500
501 502
501 503
501 504
502 503
502 504
502 542
503 504
505 506
505 507
505 541
505 709
506 507
506 508
506 541
506 542
506 709
506 710
508 509
508 510
509 510
509 610
509 615
510 615
511 512
511 513
511 514
511 670
511 776
512 513
512 514
512 670
513 514
515 516
515 517
516 517
516 518
516 571
518 519
518 520
518 521
518 753
519 520
519 521
519 524
519 525
519 529
519 753
519 776
520 521
522 523
522 524
522 525
522 526
523 524
523 525
523 526
524 525
524 526
524 769
525 526
527 528
529 530
529 531
529 532
529 769
530 531
530 532
530 535
531 532
533 535
534 535
534 536
534 537
534 538
534 557
534 564
534 568
534 571
534 579
534 597
534 650
534 709
535 536
535 537
535 538
535 540
535 558
535 564
535 565
535 571
535 572
535 580
535 657
535 709
536 537
536 538
537 538
539 540
539 654
540 572
541 542
541 543
541 549
541 579
541 709
541 710
541 711
541 714
541 722
542 543
542 575
542 579
542 709
542 710
542 722
544 545
544 546
544 702
544 769
545 546
547 548
547 549
547 550
547 551
547 552
547 553
547 554
547 555
547 556
547 560
547 575
548 549
548 550
548 551
548 552
548 553
548 554
548 555
548 556
548 560
548 580
549 550
549 551
549 552
549 553
549 554
549 555
549 556
550 551
550 552
550 553
550 554
550 555
550 556
550 561
551 552
551 553
551 554
551 555
551 556
552 553
552 554
552 555
552 556
552 580
553 554
553 555
553 556
554 555
554 556
555 556
555 579
557 558
557 559
557 560
557 561
557 562
557 563
557 564
557 565
557 566
557 567
557 568
557 569
557 570
557 571
557 572
557 588
557 606
557 643
557 644
557 650
558 559
558 560
558 561
558 562
558 563
558 564
558 565
558 566
558 567
558 568
558 569
558 570
558 572
558 644
558 775
559 560
559 561
559 562
559 563
559 564
559 565
559 566
559 567
559 568
559 569
559 570
560 561
560 562
560 563
560 564
560 565
560 566
560 567
560 568
560 569
560 570
560 571
560 579
560 588
560 606
560 643
561 562
561 563
561 564
561 565
561 566
561 567
561 568
561 569
561 570
561 572
561 589
561 598
562 563
562 564
562 565
562 566
562 567
562 568
562 569
562 570
563 564
563 565
563 566
563 567
563 568
563 569
563 570
564 565
564 566
564 567
564 568
564 569
564 570
564 571
564 572
564 588
564 589
564 597
564 636
564 643
564 681
564 698
564 753
565 566
565 567
565 568
565 569
565 570
565 572
565 607
565 644
566 567
566 568
566 569
566 570
567 568
567 569
567 570
568 569
568 570
568 571
568 643
569 570
571 572
571 573
571 574
571 579
571 620
571 624
571 643
571 644
571 681
571 686
571 709
572 573
572 574
572 576
572 625
572 644
573 574
575 575
575 576
575 577
575 578
575 579
575 620
575 621
575 709
575 710
575 711
576 577
576 578
576 579
576 580
576 581
576 589
576 620
576 621
577 578
579 580
579 581
579 582
579 583
579 584
579 593
579 620
579 675
579 709
579 710
579 711
579 775
580 581
580 582
580 583
580 584
580 585
580 586
580 589
580 594
580 620
580 655
580 710
581 582
581 583
581 584
582 583
582 584
583 584
585 586
585 587
586 587
586 778
588 589
588 590
588 591
588 592
588 656
589 590
589 591
589 592
589 621
590 591
590 592
591 592
593 594
593 595
593 596
593 658
593 659
594 595
594 596
594 657
595 596
597 598
597 599
597 600
597 658
598 599
598 600
598 657
599 600
601 602
601 603
601 604
601 605
601 654
601 655
601 670
601 735
601 736
602 603
602 604
602 605
602 735
602 736
602 752
603 604
603 605
604 605
606 607
606 608
606 609
606 658
607 608
607 609
607 657
607 659
608 609
608 612
610 611
610 612
610 613
610 614
610 615
610 616
610 617
610 618
610 619
610 628
610 629
610 661
611 612
611 613
611 614
611 615
611 616
611 617
611 618
611 619
611 629
611 643
611 644
611 647
611 671
611 781
612 613
612 614
612 615
612 616
612 617
612 618
612 619
612 629
612 643
612 647
612 649
612 781
613 614
613 615
613 616
613 617
613 618
613 619
614 615
614 616
614 617
614 618
614 619
615 615
615 616
615 617
615 618
615 619
615 628
615 629
616 617
616 618
616 619
616 628
616 629
616 643
616 647
616 722
617 618
617 619
617 666
618 619
620 621
620 622
620 623
620 624
620 638
620 650
620 709
620 710
620 714
620 769
620 782
620 783
621 622
621 623
621 780
622 623
624 625
624 626
624 627
624 628
624 632
624 638
624 656
624 658
624 670
624 672
625 626
625 627
625 629
625 633
625 657
625 666
625 667
625 671
625 673
626 627
628 629
628 630
628 631
628 666
628 667
629 630
629 631
629 666
629 671
630 631
632 633
632 634
632 635
632 656
633 634
633 635
634 635
636 637
636 638
636 639
637 639
638 639
638 640
638 641
638 642
639 640
639 641
639 642
640 641
640 642
641 642
643 644
643 645
643 646
643 647
643 648
643 649
643 650
643 651
643 652
643 653
644 645
644 646
644 647
644 648
644 649
644 650
644 651
644 652
644 653
645 646
645 647
645 648
645 649
645 650
645 651
645 652
645 653
646 647
646 648
646 649
646 650
646 651
646 652
646 653
647 648
647 649
647 650
647 651
647 652
647 653
648 649
648 650
648 651
648 652
648 653
649 650
649 651
649 652
649 653
650 651
650 652
650 653
651 652
651 653
652 653
654 655
654 656
654 657
654 675
654 676
654 707
655 656
655 657
655 662
655 691
655 735
656 656
656 657
656 670
656 675
656 775
656 777
657 675
657 777
658 659
658 660
658 775
658 776
658 777
659 660
659 661
659 676
659 695
661 662
661 663
661 664
661 665
662 663
662 664
662 665
663 664
663 665
664 665
666 667
666 668
666 669
666 670
666 671
666 753
666 757
667 668
667 669
667 670
667 671
667 673
668 669
668 670
668 671
669 670
669 671
670 671
670 675
670 742
670 747
670 769
670 775
670 777
671 673
671 676
671 681
671 687
671 739
671 743
671 778
672 673
672 674
672 742
673 674
673 676
673 685
673 739
675 676
675 677
675 678
675 679
675 742
675 747
675 769
675 777
676 677
676 678
676 679
676 685
676 691
676 739
676 742
676 743
676 745
676 776
676 791
677 678
677 679
678 679
680 681
680 682
680 683
680 684
681 682
681 683
681 684
681 687
681 743
682 683
682 684
683 684
685 686
685 687
685 688
685 689
685 691
685 695
685 722
685 743
685 745
685 747
686 687
686 688
686 689
686 690
686 691
686 694
686 695
686 721
686 722
686 743
686 745
686 747
687 688
687 689
687 691
687 695
687 721
687 722
687 739
687 743
687 745
687 747
688 689
690 691
690 692
690 693
690 721
691 692
691 693
691 721
691 743
692 693
694 695
694 696
694 697
694 698
694 726
694 727
695 696
695 697
695 698
695 699
695 702
695 703
695 711
695 715
695 727
695 729
695 743
696 697
698 699
698 700
698 701
698 702
698 703
698 707
698 744
698 745
698 769
699 700
699 701
699 702
699 703
699 707
699 708
699 727
699 744
699 745
700 701
702 703
702 704
702 705
702 706
702 726
703 704
703 705
703 706
703 721
703 727
704 705
704 706
705 706
707 708
707 769
709 710
709 711
709 712
709 713
709 714
709 715
709 721
709 739
709 753
709 777
710 711
710 712
710 713
710 715
710 722
710 733
710 745
711 712
711 713
711 714
711 715
711 727
711 739
712 713
714 715
714 716
714 717
715 716
715 717
716 717
718 719
718 720
718 721
719 720
719 754
721 722
721 723
721 724
721 735
722 723
722 724
723 724
725 726
725 727
725 728
725 729
725 730
725 731
726 727
726 728
726 729
726 730
726 731
727 728
727 729
727 730
727 731
728 729
728 730
728 731
729 730
729 731
730 731
732 733
732 734
733 734
735 736
735 737
735 738
736 737
736 738
736 739
737 738
739 740
739 741
740 741
742 743
742 745
742 751
742 753
742 769
743 745
743 752
744 745
744 746
744 747
744 748
744 749
744 750
745 746
745 747
745 748
745 749
745 750
746 747
746 748
746 749
746 750
747 748
747 749
747 750
747 753
747 769
748 749
748 750
748 753
749 750
751 752
753 754
753 755
753 756
753 757
753 758
753 759
753 769
754 755
754 756
754 757
754 758
754 759
754 761
755 756
755 757
755 758
755 759
756 757
756 758
756 759
757 758
757 759
758 759
760 761
760 762
760 763
760 764
760 777
761 762
761 763
761 764
762 763
762 764
763 764
765 766
765 767
765 768
766 767
766 768
766 770
767 768
769 770
769 771
769 772
769 773
769 774
769 777
770 771
770 772
770 773
770 774
770 778
771 772
771 773
771 774
772 773
772 774
773 774
775 776
775 777
775 778
775 779
776 777
776 778
776 779
777 778
777 779
777 781
778 779
780 781
782 783
782 784
782 785
783 784
783 785
784 785
786 787
786 788
786 789
787 788
787 789
788 789
790 791
790 792
790 793
791 792
791 793
792 793
