0 1
0 2
0 3
0 4
0 7
0 8
0 11
0 12
0 25
1 2
1 3
1 4
1 7
1 8
1 11
1 12
1 24
1 25
3 4
3 5
3 6
3 19
3 64
3 144
3 170
3 229
3 634
3 1028
3 1351
3 1403
3 1408
4 4
4 5
4 6
4 7
4 8
4 12
4 19
4 24
4 35
4 635
5 6
7 8
7 9
7 10
8 9
8 10
9 10
11 12
11 13
11 14
11 15
11 16
11 17
11 18
11 19
11 22
11 23
11 24
11 111
12 13
12 14
12 15
12 16
12 17
12 18
12 19
12 22
12 23
12 24
13 14
13 15
13 16
13 17
14 15
14 16
14 17
15 16
15 17
16 17
18 19
18 20
18 21
18 25
18 232
18 233
18 598
18 634
19 20
19 21
19 25
19 26
19 635
20 21
22 23
22 24
22 25
22 26
22 30
22 31
22 232
22 233
23 24
23 25
23 34
23 232
23 1392
23 1408
24 26
24 1337
24 1338
24 1341
25 26
25 27
25 28
25 29
25 30
25 31
25 1432
26 27
26 28
26 29
26 65
26 1433
27 28
27 29
28 29
30 31
30 32
30 33
30 34
30 35
30 72
30 74
30 81
30 82
30 83
30 128
30 144
30 170
30 224
30 350
30 1404
30 1408
31 32
31 33
31 34
31 35
31 73
31 74
31 81
31 82
31 83
31 145
31 1404
31 1409
32 33
34 35
34 36
34 37
34 38
34 39
35 36
35 37
35 38
35 39
36 37
36 38
36 39
37 38
37 39
38 39
38 1420
40 41
40 42
40 43
40 44
40 45
40 46
41 42
41 43
41 44
41 45
41 46
42 43
42 44
42 45
42 46
43 44
43 45
43 46
44 45
44 46
44 350
45 46
46 1367
47 48
47 49
47 50
47 51
47 54
47 81
47 107
47 108
47 141
47 170
47 1311
47 1367
47 1432
48 49
48 50
48 51
48 54
48 55
48 81
48 82
48 122
48 142
48 144
48 171
48 635
48 1368
48 1408
48 1432
48 1433
49 50
49 51
49 81
49 82
49 108
49 145
49 170
49 171
49 1409
50 51
50 52
50 53
50 54
50 64
50 170
50 171
50 1408
50 1432
51 52
51 53
51 54
51 55
51 145
51 171
51 350
51 1409
51 1432
51 1433
52 53
54 55
54 56
54 57
54 58
54 62
54 64
54 65
54 170
54 585
54 586
54 643
54 687
54 1408
54 1412
55 56
55 57
55 58
55 65
55 171
55 586
55 635
55 688
55 1409
55 1413
56 57
56 58
57 58
58 1367
59 60
59 61
59 62
59 63
60 61
60 62
60 63
61 62
61 63
62 63
63 65
63 1403
63 1412
63 1413
64 65
64 66
64 67
64 87
64 111
64 118
64 145
64 150
64 152
64 157
64 161
64 166
64 170
64 171
64 762
64 1311
64 1351
64 1408
65 66
65 67
65 84
65 86
65 87
65 88
65 90
65 110
65 111
65 112
65 116
65 145
65 150
65 153
65 157
65 160
65 162
65 166
65 171
65 172
65 610
65 1409
66 67
68 69
68 70
68 71
68 72
68 73
68 74
68 1385
69 70
69 71
69 73
69 1386
69 1389
69 1404
70 71
72 73
72 74
72 75
72 81
72 144
72 170
72 350
72 634
72 635
72 1248
72 1249
72 1258
72 1385
72 1386
72 1403
72 1408
72 1409
73 74
73 75
73 82
73 145
73 171
73 635
73 1385
73 1386
73 1403
73 1404
73 1408
73 1409
74 75
74 82
74 351
74 635
74 1403
74 1404
74 1408
74 1409
74 1410
75 140
76 77
76 78
76 79
76 80
76 137
76 198
76 1385
76 1389
77 78
77 79
77 80
77 137
77 138
78 79
78 80
78 1128
79 80
81 82
81 83
81 121
81 123
81 128
81 141
81 142
81 144
81 145
81 150
81 151
81 152
81 156
81 171
81 275
81 292
81 586
81 687
81 901
81 968
81 1399
81 1400
81 1401
81 1408
82 82
82 121
82 122
82 142
82 145
82 171
82 276
82 350
82 586
82 635
82 688
82 1409
83 84
83 85
83 86
83 87
83 88
83 89
83 90
83 91
83 92
83 109
83 121
83 122
83 170
83 634
83 881
83 885
83 1137
83 1142
83 1143
83 1145
83 1146
83 1403
83 1409
84 85
84 86
84 87
84 88
84 89
84 90
84 91
84 92
84 109
84 110
84 171
84 350
84 635
84 882
84 886
84 1137
84 1138
84 1408
84 1409
85 86
85 87
85 88
85 89
85 90
85 91
85 92
85 1147
86 87
86 88
86 89
86 90
86 91
86 92
86 110
86 171
86 350
86 1137
86 1138
86 1409
87 88
87 89
87 90
87 91
87 92
87 109
87 110
87 171
87 350
87 881
87 1137
87 1408
87 1409
88 89
88 90
88 91
88 92
88 109
88 110
88 171
88 882
88 1137
88 1138
88 1408
88 1409
89 90
89 91
89 92
90 91
90 92
90 110
90 171
90 1408
90 1409
91 92
91 323
93 94
93 95
93 96
93 97
93 98
93 99
93 100
93 101
93 102
93 103
93 104
93 105
93 106
93 107
93 108
93 1379
94 95
94 96
94 97
94 98
94 99
94 100
94 101
94 102
94 103
94 104
94 105
94 106
94 107
94 108
95 96
95 97
95 98
95 99
95 100
95 101
95 102
95 103
95 104
95 105
95 106
95 107
95 108
95 172
96 97
96 98
96 99
96 100
96 101
96 102
96 103
96 104
96 105
96 106
96 107
96 108
97 98
97 99
97 100
97 101
97 102
97 103
97 104
97 105
97 106
97 107
97 108
98 99
98 100
98 101
98 102
98 103
98 104
98 105
98 106
98 107
98 108
99 100
99 101
99 102
99 103
99 104
99 105
99 106
99 107
99 108
100 101
100 102
100 103
100 104
100 105
100 106
100 107
100 108
101 102
101 103
101 104
101 105
101 106
101 107
101 108
102 103
102 104
102 105
102 106
102 107
102 108
103 104
103 105
103 106
103 107
103 108
104 105
104 106
104 107
104 108
105 106
105 107
105 108
106 107
106 108
107 108
107 109
107 110
107 121
107 122
107 123
107 124
107 144
107 145
107 150
107 151
107 152
107 153
107 156
107 170
108 110
108 119
108 121
108 122
108 124
108 145
108 150
108 151
108 153
109 110
109 111
109 112
109 113
109 114
109 115
109 116
109 117
109 118
109 119
109 120
109 121
109 144
109 157
109 160
109 161
109 162
109 166
109 167
109 170
109 175
109 181
109 182
109 244
109 634
109 1357
109 1379
109 1389
109 1408
109 1418
110 111
110 112
110 113
110 114
110 115
110 116
110 117
110 118
110 119
110 120
110 121
110 122
110 124
110 144
110 145
110 160
110 161
110 162
110 166
110 167
110 170
110 171
110 176
110 199
110 204
110 302
110 634
110 901
110 1408
110 1409
110 1419
111 112
111 113
111 114
111 115
111 116
111 117
111 118
111 119
111 120
111 121
111 144
111 170
111 634
111 1166
111 1408
112 113
112 114
112 115
112 116
112 117
112 118
112 119
112 120
112 121
112 122
112 144
112 145
112 171
112 635
112 1408
112 1409
112 1419
113 114
113 115
113 116
113 117
113 118
113 119
113 120
114 115
114 116
114 117
114 118
114 119
114 120
115 116
115 117
115 118
115 119
115 120
115 121
115 144
115 170
115 634
115 1408
115 1409
115 1418
116 117
116 118
116 119
116 120
116 121
116 122
116 145
116 171
116 195
116 635
116 1132
116 1409
117 118
117 119
117 120
117 473
118 119
118 120
118 121
118 144
118 170
118 171
118 198
118 1408
118 1418
118 1419
119 120
119 121
119 145
119 170
119 171
119 634
119 1131
119 1408
119 1409
119 1419
121 122
121 123
121 124
121 125
121 126
121 127
121 144
121 145
121 150
121 151
121 152
121 153
121 156
121 157
121 159
121 160
121 161
121 162
121 167
121 170
121 171
121 172
121 175
121 1311
121 1333
121 1408
122 123
122 124
122 125
122 126
122 127
122 137
122 138
122 145
122 150
122 151
122 153
122 160
122 167
122 170
122 171
122 635
122 1346
122 1403
122 1409
123 124
123 125
123 126
123 127
123 170
123 635
123 1283
123 1403
123 1408
123 1409
124 125
124 126
124 127
124 145
124 171
124 1282
124 1283
124 1409
125 126
125 127
126 127
128 129
128 130
128 980
129 130
129 1052
129 1227
131 132
131 133
131 134
131 135
131 136
131 1235
132 133
132 134
132 135
132 136
132 891
132 1413
133 134
133 135
133 136
134 135
134 136
135 136
135 137
135 138
136 138
137 138
137 139
137 140
137 141
137 142
137 144
137 156
137 170
137 175
137 176
137 177
137 181
137 182
137 224
137 1403
137 1408
138 139
138 140
138 141
138 142
138 145
138 153
138 171
138 176
138 177
138 182
138 195
138 204
138 1311
138 1346
138 1408
138 1409
139 140
140 141
140 142
140 145
140 171
140 176
140 177
141 142
141 143
141 145
141 170
141 1408
142 143
142 145
142 176
142 1403
142 1408
142 1409
144 145
144 146
144 147
144 148
144 149
144 150
144 151
144 152
144 153
144 154
144 155
144 156
144 157
144 158
144 159
144 160
144 161
144 162
144 163
144 164
144 165
144 166
144 167
144 168
144 169
144 170
144 171
144 172
144 173
144 174
144 175
144 181
144 200
144 275
144 687
144 1357
144 1367
144 1399
144 1403
144 1408
144 1418
144 1427
145 146
145 147
145 148
145 149
145 150
145 151
145 152
145 153
145 154
145 155
145 156
145 157
145 158
145 159
145 160
145 161
145 162
145 163
145 164
145 165
145 166
145 167
145 168
145 169
145 170
145 171
145 172
145 173
145 174
145 175
145 176
145 182
145 1358
145 1408
146 147
146 148
146 149
146 150
146 151
146 152
146 153
146 154
146 155
146 156
146 157
146 158
146 159
146 160
146 161
146 162
146 163
146 164
146 165
146 166
146 167
146 168
146 169
146 170
146 171
146 172
146 173
146 174
147 148
147 149
147 150
147 151
147 152
147 153
147 154
147 155
147 156
147 157
147 158
147 159
147 160
147 161
147 162
147 163
147 164
147 165
147 166
147 167
147 168
147 169
147 170
147 171
147 172
147 173
147 174
148 149
148 150
148 151
148 152
148 153
148 154
148 155
148 156
148 157
148 158
148 159
148 160
148 161
148 162
148 163
148 164
148 165
148 166
148 167
148 168
148 169
148 170
148 171
148 172
148 173
148 174
149 150
149 151
149 152
149 153
149 154
149 155
149 156
149 157
149 158
149 159
149 160
149 161
149 162
149 163
149 164
149 165
149 166
149 167
149 168
149 169
149 170
149 171
149 172
149 173
149 174
150 151
150 152
150 153
150 154
150 155
150 156
150 157
150 158
150 159
150 160
150 161
150 162
150 163
150 164
150 165
150 166
150 167
150 168
150 169
150 170
150 171
150 172
150 173
150 174
150 635
151 152
151 153
151 154
151 155
151 156
151 157
151 158
151 159
151 160
151 161
151 162
151 163
151 164
151 165
151 166
151 167
151 168
151 169
151 170
151 171
151 172
151 173
151 174
151 322
151 328
151 1408
151 1409
151 1428
152 153
152 154
152 155
152 156
152 157
152 158
152 159
152 160
152 161
152 162
152 163
152 164
152 165
152 166
152 167
152 168
152 169
152 170
152 171
152 172
152 173
152 174
152 292
153 154
153 155
153 156
153 157
153 158
153 159
153 160
153 161
153 162
153 163
153 164
153 165
153 166
153 167
153 168
153 169
153 170
153 171
153 172
153 173
153 174
153 1259
153 1404
154 155
154 156
154 157
154 158
154 159
154 160
154 161
154 162
154 163
154 164
154 165
154 166
154 167
154 168
154 169
154 170
154 171
154 172
154 173
154 174
155 156
155 157
155 158
155 159
155 160
155 161
155 162
155 163
155 164
155 165
155 166
155 167
155 168
155 169
155 170
155 171
155 172
155 173
155 174
156 157
156 158
156 159
156 160
156 161
156 162
156 163
156 164
156 165
156 166
156 167
156 168
156 169
156 170
156 171
156 172
156 173
156 174
156 224
156 1258
156 1408
157 158
157 159
157 160
157 161
157 162
157 163
157 164
157 165
157 166
157 167
157 168
157 169
157 170
157 171
157 172
157 173
157 174
157 635
157 1403
157 1404
157 1409
158 159
158 160
158 161
158 162
158 163
158 164
158 165
158 166
158 167
158 168
158 169
158 170
158 171
158 172
158 173
158 174
158 781
159 160
159 161
159 162
159 163
159 164
159 165
159 166
159 167
159 168
159 169
159 170
159 171
159 172
159 173
159 174
159 203
159 634
159 1131
159 1400
159 1427
160 161
160 162
160 163
160 164
160 165
160 166
160 167
160 168
160 169
160 170
160 171
160 172
160 173
160 174
160 635
160 1352
160 1403
160 1404
161 162
161 163
161 164
161 165
161 166
161 167
161 168
161 169
161 170
161 171
161 172
161 173
161 174
161 1403
161 1408
162 163
162 164
162 165
162 166
162 167
162 168
162 169
162 170
162 171
162 172
162 173
162 174
162 635
162 1403
162 1404
162 1409
163 164
163 165
163 166
163 167
163 168
163 169
163 170
163 171
163 172
163 173
163 174
164 165
164 166
164 167
164 168
164 169
164 170
164 171
164 172
164 173
164 174
165 166
165 167
165 168
165 169
165 170
165 171
165 172
165 173
165 174
166 167
166 168
166 169
166 170
166 171
166 172
166 173
166 174
166 635
166 1385
166 1403
166 1408
167 168
167 169
167 170
167 171
167 172
167 173
167 174
167 635
167 1403
167 1404
167 1408
167 1409
168 169
168 170
168 171
168 172
168 173
168 174
169 170
169 171
169 172
169 173
169 174
170 171
170 172
170 173
170 174
170 175
170 181
170 194
170 198
170 203
170 275
170 276
170 585
170 687
170 739
170 762
170 881
170 920
170 954
170 1095
170 1147
170 1154
170 1179
170 1230
170 1234
170 1248
170 1278
170 1306
170 1333
170 1340
170 1367
170 1400
170 1403
170 1404
170 1412
171 172
171 173
171 174
171 177
171 182
171 195
171 204
171 225
171 276
171 635
171 901
171 1279
171 1295
171 1341
171 1367
171 1368
171 1401
171 1404
171 1408
171 1409
171 1413
171 1433
172 173
172 174
172 1367
172 1368
172 1389
172 1404
172 1409
173 174
175 176
175 177
175 178
175 179
175 180
175 181
175 350
175 454
175 634
175 1368
175 1403
175 1408
175 1409
176 177
176 178
176 179
176 180
176 182
176 350
176 1193
177 178
177 179
177 180
177 182
177 1365
178 179
178 180
179 180
179 1368
179 1400
181 182
181 183
181 194
181 195
181 198
181 199
181 201
181 224
181 343
181 350
181 573
181 574
181 635
181 968
181 1333
181 1340
181 1345
181 1368
181 1408
182 183
182 194
182 195
182 198
182 199
182 201
182 1334
182 1341
182 1409
184 185
184 186
184 187
184 188
184 194
184 195
184 198
184 199
184 201
184 1304
184 1333
184 1337
184 1340
184 1341
184 1342
184 1345
184 1357
184 1367
184 1392
184 1399
184 1400
184 1401
184 1403
184 1432
185 186
185 187
185 188
185 195
185 199
185 1334
185 1338
185 1341
185 1343
185 1346
185 1368
185 1393
185 1399
185 1400
185 1401
186 187
186 188
187 188
189 190
189 191
189 192
189 193
189 194
189 195
189 199
189 201
189 1337
189 1342
189 1379
190 191
190 192
190 193
190 195
190 199
190 1341
190 1343
191 192
191 193
192 193
192 1340
192 1341
192 1342
192 1343
192 1345
192 1346
193 1334
193 1341
193 1343
194 195
194 196
194 197
194 198
194 199
194 200
194 201
194 202
194 203
194 204
194 641
194 877
194 890
194 968
194 1107
194 1248
194 1325
194 1337
194 1340
194 1345
194 1346
194 1357
194 1432
195 196
195 197
195 198
195 199
195 200
195 201
195 202
195 204
195 225
195 370
195 423
195 791
195 878
195 1249
195 1326
195 1338
195 1341
195 1345
195 1346
195 1358
196 197
196 198
196 199
196 200
196 201
196 202
197 198
197 199
197 200
197 201
197 202
198 199
198 200
198 201
198 202
198 203
198 204
198 877
198 954
198 1325
198 1340
198 1345
199 200
199 201
199 202
199 204
199 225
199 791
199 878
199 1338
199 1341
199 1345
199 1346
199 1358
200 201
200 202
201 202
201 370
201 878
201 1132
201 1326
201 1338
201 1340
201 1345
201 1346
201 1358
203 204
203 205
203 206
203 207
203 208
203 292
203 647
203 954
203 1325
203 1333
203 1340
203 1345
203 1346
203 1347
203 1367
204 205
204 206
204 207
204 878
204 1326
204 1334
204 1338
204 1340
204 1341
204 1343
204 1345
204 1346
204 1358
204 1409
205 206
205 207
206 207
208 209
208 210
208 211
208 212
208 214
208 220
208 224
208 225
208 325
208 328
208 877
208 903
208 954
208 1059
208 1069
208 1325
209 210
209 211
209 214
209 220
209 221
209 224
209 225
209 305
209 326
209 878
209 1326
210 211
212 213
212 214
212 215
212 216
212 217
212 218
212 219
212 224
212 225
212 854
212 1069
213 214
213 215
213 216
213 217
213 218
213 219
213 225
214 215
214 216
214 217
214 218
214 219
214 246
215 216
215 217
215 218
215 219
216 217
216 218
216 219
217 218
217 219
218 219
220 221
220 222
220 223
220 224
220 225
221 222
221 223
221 225
222 223
224 225
224 226
224 227
224 228
224 275
224 276
224 585
224 727
224 881
224 946
224 1182
224 1331
225 226
225 227
225 228
225 245
225 276
225 882
225 901
225 1320
225 1332
225 1409
226 227
226 228
227 228
229 230
229 231
229 240
229 244
229 261
229 264
229 273
229 275
229 920
229 954
229 1179
229 1215
229 1237
230 231
230 233
230 238
230 241
230 242
230 245
230 265
230 269
230 270
230 274
230 276
230 914
230 955
230 1180
230 1181
230 1215
230 1237
230 1320
231 233
231 238
231 282
231 1199
231 1213
231 1237
231 1238
231 1240
232 233
232 234
232 235
232 236
232 237
232 298
232 329
232 1155
232 1179
232 1311
232 1357
233 234
233 235
233 236
233 238
233 1180
233 1338
234 235
234 236
235 236
237 238
237 239
237 240
237 241
237 242
237 244
237 246
237 261
237 264
237 265
237 350
237 1057
237 1147
237 1177
237 1289
237 1304
237 1310
238 239
238 240
238 241
238 242
238 265
238 270
238 343
238 534
238 1058
238 1177
238 1178
238 1304
239 240
239 241
240 241
240 244
240 292
242 243
242 1179
242 1180
242 1181
242 1182
244 245
244 246
244 247
244 248
244 249
244 250
244 251
244 261
244 264
244 273
244 275
244 279
244 328
244 881
244 894
244 895
244 922
244 954
244 1074
244 1075
244 1078
244 1079
244 1081
244 1215
245 246
245 247
245 248
245 249
245 250
245 251
245 252
245 262
245 265
245 274
245 276
245 280
245 895
245 1081
246 247
246 248
246 249
246 250
246 251
246 261
246 265
246 269
246 277
246 322
246 329
246 797
246 954
246 1057
246 1081
246 1310
247 248
247 249
247 250
247 265
248 249
248 250
249 250
249 1400
251 252
251 253
251 254
251 255
251 256
251 257
251 258
251 259
251 260
251 264
251 328
251 1074
251 1075
251 1078
251 1079
252 253
252 254
252 255
252 256
252 257
252 258
252 259
252 260
252 265
253 254
253 255
253 256
253 257
253 258
253 259
253 260
253 328
254 255
254 256
254 257
254 258
254 259
254 260
254 265
254 323
255 256
255 257
255 258
255 259
255 260
256 257
256 258
256 259
256 260
257 258
257 259
257 260
257 1379
257 1400
258 259
258 260
259 260
260 334
261 262
261 263
261 264
261 265
261 269
261 270
262 263
262 265
262 270
262 312
262 313
262 333
262 334
264 265
264 266
264 267
264 268
264 269
264 270
264 287
264 482
264 854
264 1162
264 1168
264 1173
264 1234
265 266
265 267
265 268
265 269
265 270
265 302
265 312
265 334
265 338
265 343
265 1117
265 1164
265 1233
266 267
266 268
267 268
268 1206
269 270
269 271
269 272
269 273
269 274
269 301
269 329
269 342
269 434
269 482
269 1171
269 1451
269 1455
270 271
270 272
270 273
270 274
270 288
270 301
270 302
270 312
270 338
270 594
270 813
270 1169
270 1172
271 272
271 273
271 274
272 273
272 274
273 274
274 1164
275 276
275 277
275 278
275 328
275 634
275 727
275 1132
275 1408
275 1418
275 1419
276 277
276 278
276 323
276 329
276 634
276 643
276 644
276 688
276 901
276 1404
276 1408
276 1409
276 1433
277 278
277 350
277 1111
277 1147
279 280
279 281
279 282
279 283
279 287
279 292
279 298
279 643
279 647
279 727
279 954
279 956
279 1177
279 1182
279 1468
279 1477
279 1481
280 281
280 282
280 283
280 284
280 292
280 293
280 298
280 299
280 712
280 769
280 826
280 827
280 955
280 1070
280 1178
280 1181
280 1300
280 1477
280 1478
280 1481
281 282
283 284
283 285
283 286
284 285
284 286
285 286
287 288
287 289
287 290
287 291
287 292
287 298
287 299
287 864
287 890
287 894
287 1043
287 1165
287 1209
288 289
288 290
288 291
288 293
288 299
288 865
288 891
288 895
288 1042
288 1044
288 1166
288 1210
289 290
289 291
289 1210
290 291
292 293
292 294
292 295
292 298
292 301
292 342
292 578
292 818
292 842
292 920
292 926
292 927
292 1009
292 1159
292 1162
292 1168
292 1220
292 1223
292 1230
292 1234
293 294
293 295
293 299
293 302
293 338
293 343
293 927
293 985
293 1010
293 1027
293 1117
293 1160
293 1164
293 1174
293 1221
293 1231
293 1233
293 1400
293 1401
294 295
296 297
296 298
296 299
297 299
297 1163
297 1164
298 299
298 300
298 337
298 342
298 818
298 991
298 992
298 1028
298 1159
298 1165
298 1294
298 1295
298 1337
298 1342
299 300
299 302
299 329
299 338
299 343
299 927
299 992
299 1029
299 1163
299 1164
299 1166
299 1279
299 1296
299 1338
299 1343
301 302
301 303
301 304
301 305
301 306
301 318
301 325
301 328
301 332
301 337
301 573
301 832
301 837
301 851
301 922
301 945
301 980
301 991
301 1168
301 1235
301 1304
302 303
302 304
302 305
302 311
302 313
302 319
302 326
302 329
302 333
302 334
302 341
302 343
302 762
302 763
302 923
302 927
302 946
302 981
302 992
302 1078
302 1079
302 1389
303 304
303 305
304 305
304 1147
306 307
306 308
306 309
306 310
306 311
306 322
307 308
307 309
307 310
307 311
307 323
307 329
308 309
308 310
308 311
309 310
309 311
310 311
311 312
311 323
311 329
311 332
311 333
311 334
311 1125
312 313
312 314
312 315
312 316
312 317
312 319
312 326
312 329
312 333
312 337
312 338
312 342
312 346
312 813
312 1037
312 1271
312 1283
313 314
313 315
313 316
313 317
313 319
313 323
313 326
313 329
313 334
313 338
313 346
313 1227
314 315
314 316
314 317
315 316
315 317
316 317
317 328
317 833
317 835
318 319
318 320
318 321
318 328
319 320
319 321
319 329
320 321
322 322
322 323
322 324
322 325
322 328
322 574
322 910
322 1131
322 1132
322 1168
323 324
323 328
323 329
323 333
323 334
323 338
323 407
323 421
323 487
323 579
323 1210
325 326
325 327
325 328
325 329
325 342
325 1131
325 1132
326 327
326 334
326 343
327 479
327 484
328 329
328 330
328 331
328 332
328 342
328 541
328 1131
328 1132
329 330
329 331
329 333
329 334
329 338
329 343
330 331
332 333
332 334
332 335
332 336
332 337
332 468
332 598
332 768
332 772
332 1173
332 1209
333 334
333 335
333 336
333 338
333 343
333 773
333 813
333 1174
333 1210
333 1271
333 1283
333 1327
334 335
334 336
334 338
334 350
334 1327
335 336
337 338
337 339
337 340
337 341
337 342
337 343
338 339
338 340
338 341
338 343
338 351
339 340
339 341
340 341
342 343
342 344
342 345
342 347
342 350
342 818
342 845
342 954
342 974
342 1173
342 1306
342 1379
343 344
343 345
343 346
343 846
344 345
345 894
345 895
346 347
346 348
346 349
347 348
347 349
348 349
350 351
350 352
350 353
350 354
350 355
350 356
350 469
350 598
350 683
350 778
350 901
350 1057
350 1074
350 1139
350 1165
350 1225
350 1310
350 1374
350 1432
351 352
351 353
351 354
351 355
351 356
351 599
351 601
351 688
351 1165
351 1166
351 1169
351 1352
352 353
352 354
352 355
353 354
353 355
354 355
356 598
357 358
357 359
357 360
357 361
358 359
358 360
358 361
359 360
359 361
360 361
360 551
360 552
361 552
362 363
362 364
362 365
362 366
362 367
362 369
362 372
362 383
362 548
363 364
363 365
363 366
363 368
363 384
363 391
363 471
364 365
364 366
365 366
367 368
367 369
367 370
367 371
367 372
367 373
367 374
367 379
367 383
367 384
367 389
367 390
367 394
367 398
367 403
367 418
367 422
367 522
367 551
367 558
368 369
368 370
368 371
368 372
368 373
368 374
368 379
368 380
368 384
368 388
368 389
368 390
368 399
368 423
368 535
368 552
369 370
369 371
369 372
369 373
369 374
369 375
369 379
369 383
369 385
369 387
369 390
369 414
369 425
369 445
369 468
369 518
369 551
369 851
369 864
369 871
369 885
369 894
369 922
370 371
370 372
370 373
370 374
370 387
370 424
370 865
370 872
371 372
371 373
371 374
372 373
372 374
372 379
372 383
372 388
372 389
372 390
372 394
372 395
372 558
372 562
372 566
373 374
373 379
373 380
373 383
373 384
373 385
373 387
373 388
373 389
373 391
373 399
373 424
373 468
373 469
375 376
375 377
375 378
375 398
375 498
376 377
376 378
376 474
377 378
379 380
379 381
379 382
379 383
379 384
379 385
379 387
379 390
379 394
379 468
379 498
380 381
380 382
380 384
380 385
380 387
380 399
380 471
381 382
381 387
382 579
383 384
383 385
383 386
383 387
383 388
383 389
383 390
383 394
383 395
383 398
383 422
383 438
383 512
383 518
383 548
383 551
383 552
383 1091
384 385
384 386
384 387
384 388
384 389
384 390
384 395
384 399
384 424
384 439
384 446
384 471
384 479
384 523
384 552
384 558
384 833
385 386
385 387
385 388
385 389
385 390
385 391
385 395
385 396
385 399
385 484
385 491
385 536
385 558
386 387
386 388
386 389
387 388
387 389
387 390
387 391
387 424
387 442
387 443
387 513
387 523
387 536
387 554
387 558
387 559
388 389
388 390
388 508
388 551
388 552
389 391
389 423
389 445
389 509
389 552
390 391
390 392
390 393
390 394
390 398
390 425
390 445
390 468
390 489
390 522
390 529
390 548
390 551
390 552
390 569
391 392
391 393
391 395
391 398
391 399
391 407
391 415
391 424
391 509
391 523
391 548
391 552
391 554
391 559
391 570
391 880
392 393
394 395
394 396
394 397
394 398
394 403
394 410
394 418
394 422
394 445
394 468
394 469
394 471
394 496
394 504
394 512
394 518
394 551
394 558
395 396
395 397
395 399
395 403
395 423
395 424
395 429
395 434
395 435
395 471
395 479
395 496
395 512
395 559
395 563
395 565
396 397
398 399
398 400
398 401
398 403
398 422
398 428
398 434
398 445
398 454
398 460
398 469
398 504
398 508
398 518
398 536
398 544
398 548
398 551
398 573
399 400
399 401
399 429
399 434
399 446
399 454
399 455
399 471
399 474
399 549
399 803
400 401
402 403
402 404
403 404
403 458
403 460
403 468
403 469
403 471
403 472
403 473
403 478
403 482
403 483
403 496
403 497
403 504
403 508
403 509
403 522
403 523
403 535
403 548
403 551
403 552
403 643
403 739
405 548
406 407
406 408
406 409
406 548
407 408
407 409
407 471
408 409
410 411
410 412
410 413
410 423
410 472
410 512
411 412
411 413
411 423
411 459
412 413
412 461
412 644
412 1307
414 415
414 416
414 417
414 418
414 419
414 420
414 421
414 473
415 416
415 417
415 418
415 419
415 420
415 421
415 505
416 417
416 418
416 419
416 420
416 421
417 418
417 419
417 420
417 421
418 419
418 420
418 421
418 422
418 423
418 478
419 420
419 421
419 423
419 424
420 421
422 423
422 424
422 425
422 426
422 427
422 428
422 434
422 445
422 446
422 460
422 472
422 478
422 482
422 551
423 424
423 425
423 426
423 427
423 428
423 429
423 435
423 445
423 446
423 478
423 482
423 483
423 819
424 425
424 426
424 427
424 428
424 429
424 445
424 446
424 455
424 478
424 479
424 482
424 499
424 519
424 593
424 594
424 812
424 827
424 832
424 833
424 835
424 978
424 979
424 1205
424 1278
424 1279
424 1294
424 1340
425 426
425 427
425 445
425 469
426 427
426 1074
426 1142
426 1147
426 1374
426 1385
428 429
428 430
428 431
428 432
428 433
428 445
428 446
428 472
428 482
428 548
429 430
429 431
429 432
429 433
429 483
429 513
430 431
430 432
430 433
430 578
430 579
431 432
431 433
432 433
434 435
434 436
434 437
434 460
434 472
434 482
434 496
434 505
435 436
435 437
435 483
435 484
435 505
436 437
437 1400
438 439
438 440
438 441
438 442
438 443
438 444
438 445
439 440
439 441
439 442
439 443
439 444
439 497
440 441
440 442
440 443
440 444
440 980
441 442
441 443
441 444
442 443
442 444
442 536
443 444
445 446
445 447
445 448
445 449
445 469
445 472
445 473
445 474
445 496
445 498
445 499
445 508
445 512
445 513
445 518
445 548
445 1345
446 447
446 448
446 449
446 479
446 508
446 509
446 513
446 519
446 520
446 523
446 530
446 535
446 536
446 539
447 448
447 449
448 449
450 451
450 452
450 453
450 458
450 508
450 509
450 522
450 534
450 759
450 823
450 1432
451 452
451 453
451 459
451 461
451 471
451 483
451 509
452 453
454 455
454 456
454 457
454 534
454 598
455 456
455 457
455 599
455 695
456 457
458 459
458 460
458 461
458 462
458 463
458 464
458 469
458 470
458 472
458 478
458 482
458 498
458 508
458 512
458 533
459 460
459 461
459 462
459 463
459 465
459 470
459 474
459 479
459 484
459 509
459 513
459 518
459 533
460 461
460 462
460 463
460 464
460 469
460 472
460 473
460 478
460 482
460 498
460 508
460 518
460 522
460 533
460 549
460 884
461 462
461 463
461 465
461 470
461 474
461 479
461 491
461 499
461 505
461 509
461 523
461 533
461 535
461 549
461 570
462 463
464 465
464 466
464 467
464 468
464 469
464 482
464 498
465 466
465 467
465 471
465 483
465 484
465 496
466 467
468 469
468 470
468 471
468 478
468 489
468 496
468 512
468 518
469 470
469 471
469 496
469 498
469 508
469 512
469 518
469 522
470 471
470 474
470 479
470 483
470 535
471 482
471 483
471 489
471 490
471 496
471 512
471 559
472 473
472 474
472 475
472 476
472 477
472 478
472 482
472 496
472 497
472 504
472 508
472 522
472 534
472 548
472 551
472 1345
473 474
473 475
473 476
473 477
473 478
473 482
473 483
473 496
473 498
473 504
473 508
473 512
473 522
473 534
473 569
474 475
474 476
474 477
474 478
474 479
474 482
474 483
474 505
474 509
474 513
474 523
474 549
475 476
475 477
476 477
478 479
478 480
478 481
478 482
478 484
478 488
478 496
478 498
478 504
478 508
478 509
478 512
478 522
478 534
478 536
478 538
478 549
478 594
478 666
478 1345
479 480
479 481
479 482
479 483
479 484
479 488
479 490
479 496
479 497
479 499
479 505
479 509
479 512
479 513
479 523
479 535
479 536
479 549
479 1346
480 481
482 483
482 484
482 485
482 486
482 487
482 488
482 496
482 498
482 504
482 508
482 512
482 513
482 522
482 534
482 535
482 548
482 594
482 599
483 483
483 484
483 485
483 486
483 487
483 488
483 489
483 490
483 495
483 496
483 497
483 504
483 505
483 508
483 509
483 512
483 513
484 485
484 486
484 487
484 488
484 489
484 491
484 496
484 497
484 499
484 505
484 509
484 535
484 536
484 1134
485 486
485 487
485 488
486 487
486 488
487 488
489 490
489 491
489 492
489 493
489 494
489 495
489 498
490 491
490 492
490 493
490 494
490 495
490 497
490 552
491 492
491 493
491 494
491 495
491 505
491 536
492 493
492 494
492 495
493 494
493 495
494 495
494 496
494 497
495 552
496 497
496 498
496 499
496 500
496 501
496 502
496 503
496 504
496 505
496 508
497 498
497 499
497 500
497 501
497 502
497 503
497 505
498 499
498 500
498 501
498 502
498 503
498 504
498 508
498 512
498 518
498 522
498 534
499 500
499 501
499 502
499 503
500 501
500 502
500 503
501 502
501 503
502 503
504 505
504 506
504 507
504 508
504 512
504 1029
504 1345
505 506
505 507
505 509
505 513
505 523
506 507
508 509
508 510
508 511
508 512
508 513
508 514
508 515
508 516
508 517
508 518
508 522
508 534
508 538
508 548
508 549
509 510
509 511
509 512
509 513
509 514
509 515
509 516
509 517
509 519
509 523
509 535
509 536
509 539
509 549
510 511
510 512
510 513
510 514
510 515
510 516
510 517
511 512
511 513
511 514
511 515
511 516
511 517
512 513
512 514
512 515
512 516
512 517
512 518
512 522
512 523
512 534
512 538
512 544
512 548
512 549
512 551
513 514
513 515
513 516
513 517
513 518
513 519
513 522
513 523
513 530
513 535
513 536
513 538
513 539
513 545
513 549
514 515
514 516
514 517
515 516
515 517
516 517
517 552
517 574
518 519
518 520
518 521
518 522
518 534
519 520
519 521
519 535
519 549
520 521
522 523
522 524
522 525
522 526
522 534
522 536
522 548
522 549
523 523
523 524
523 525
523 526
523 530
523 535
523 536
523 545
523 549
524 525
524 526
525 526
527 528
528 536
528 552
529 530
529 531
529 532
529 533
529 534
529 536
529 981
530 531
530 532
530 533
530 535
530 536
530 549
531 532
531 533
532 533
533 549
534 535
534 536
534 537
534 538
534 544
534 548
534 553
534 564
535 536
535 537
535 539
535 545
535 549
535 554
535 570
535 876
536 537
536 538
536 539
536 544
536 545
538 539
538 540
538 541
538 542
538 543
538 548
538 549
538 594
539 540
539 541
539 542
539 543
539 549
540 541
540 542
540 543
540 1209
541 542
541 543
542 543
544 545
544 546
544 547
544 549
544 551
545 546
545 547
545 549
545 552
546 547
548 549
548 550
548 553
549 550
549 552
550 552
551 552
551 553
551 579
552 554
552 557
552 579
553 554
553 555
553 556
553 557
553 1091
553 1103
553 1131
554 555
554 556
554 557
555 556
555 557
556 557
558 559
558 560
558 561
558 758
559 560
559 561
559 579
560 561
562 563
562 564
562 565
562 566
562 567
562 568
562 569
562 570
562 571
562 572
563 564
563 565
563 566
563 567
563 568
563 569
563 570
563 571
563 572
563 574
564 565
564 566
564 567
564 568
564 569
564 570
564 571
564 572
565 566
565 567
565 568
565 569
565 570
565 571
565 572
566 567
566 568
566 569
566 570
566 571
566 572
566 1069
567 568
567 569
567 570
567 571
567 572
567 1104
567 1105
567 1132
568 569
568 570
568 571
568 572
569 570
569 571
569 572
569 1051
570 571
570 572
570 1052
571 572
573 574
573 575
573 576
573 578
573 593
573 594
573 598
573 599
573 600
573 602
573 647
573 808
573 812
573 813
573 815
573 816
573 818
573 1018
573 1033
573 1137
574 575
574 577
574 578
574 579
574 590
574 594
574 598
574 599
574 605
574 614
574 639
574 653
574 696
574 732
574 812
574 813
574 846
574 915
574 927
574 1034
574 1173
574 1174
574 1316
574 1367
575 593
576 577
576 578
576 1049
576 1050
576 1051
576 1052
577 579
577 599
578 579
578 580
578 581
578 582
578 583
578 584
578 585
578 593
578 832
578 1049
578 1154
578 1212
578 1304
579 580
579 581
579 582
579 583
579 584
579 586
579 590
579 594
579 927
579 1322
580 581
580 582
580 583
580 584
581 582
581 583
581 584
582 583
582 584
583 584
583 593
583 1049
583 1050
583 1051
583 1052
584 594
585 586
585 587
585 588
585 635
585 1408
585 1418
586 587
586 588
586 594
586 1408
586 1409
586 1418
586 1419
587 588
589 590
589 591
589 592
589 1205
590 591
590 592
590 594
591 592
593 594
593 595
593 596
593 597
593 598
593 600
593 602
593 647
593 991
593 996
593 1033
593 1165
593 1209
593 1210
594 595
594 596
594 597
594 599
594 600
594 612
594 647
594 695
594 992
594 997
594 1034
594 1166
594 1210
595 596
595 597
596 597
598 599
598 694
598 695
598 711
598 808
598 812
598 818
598 954
598 1009
598 1049
598 1051
598 1064
598 1201
598 1302
598 1381
598 1395
599 601
599 613
599 695
599 808
599 809
599 813
599 819
599 1050
599 1052
599 1064
600 601
600 602
600 603
600 812
600 816
601 602
601 603
601 813
602 603
602 816
603 755
603 1231
603 1233
604 605
604 606
604 607
604 608
604 609
604 611
604 622
605 606
605 607
605 608
605 609
606 607
606 608
606 609
607 608
607 609
608 609
610 622
610 643
610 644
611 612
611 613
611 618
611 619
611 622
611 657
611 694
611 702
611 727
611 954
611 960
612 613
612 622
612 623
612 640
612 648
612 664
612 712
612 720
612 818
612 855
612 954
612 1294
612 1296
612 1389
614 615
614 616
614 617
614 618
615 616
615 617
615 618
616 617
616 618
617 618
620 621
620 782
621 872
622 623
622 624
622 625
622 643
622 647
622 652
622 949
622 954
622 1400
623 624
623 625
623 644
623 648
623 653
623 658
623 950
623 954
623 1352
624 625
626 627
626 628
626 629
626 647
627 628
627 629
627 712
628 629
628 643
628 727
630 631
630 632
630 633
630 647
630 648
631 632
631 633
631 644
631 648
632 633
634 635
634 636
634 637
634 647
634 688
634 1182
635 636
635 637
635 644
635 648
635 684
635 688
636 637
638 1368
639 640
639 641
639 642
639 647
640 641
640 642
640 648
641 642
643 644
643 645
643 646
643 647
643 657
643 663
643 675
643 692
643 694
643 711
643 727
643 744
643 871
643 1095
644 645
644 646
644 648
644 657
644 663
644 680
644 688
644 695
644 712
644 728
645 646
647 648
647 649
647 650
647 651
647 652
647 665
647 679
647 683
647 694
647 700
647 766
648 649
648 650
648 651
648 652
648 653
648 680
648 684
648 701
648 853
649 650
649 651
649 926
650 651
651 742
652 653
652 654
652 655
652 656
652 683
653 654
653 655
653 656
653 684
654 655
654 656
655 656
657 658
657 659
657 660
657 661
657 662
657 663
657 664
658 659
658 660
658 661
658 662
658 663
658 664
658 740
659 660
659 661
659 662
659 663
659 664
660 661
660 662
660 663
660 664
661 662
661 663
661 664
662 663
662 664
663 664
665 666
665 667
665 668
665 669
665 670
665 683
665 687
665 694
665 700
665 711
665 727
665 739
665 795
665 826
665 854
665 954
666 667
666 668
666 669
666 670
666 672
666 680
666 684
666 688
666 695
666 700
666 712
666 795
667 668
667 669
667 670
668 669
668 670
669 670
671 672
671 673
671 674
671 679
671 683
671 1368
672 673
672 674
672 680
672 684
673 674
675 676
675 677
675 678
675 679
675 683
675 711
675 758
675 781
675 826
676 677
676 678
676 680
676 782
677 678
679 680
679 681
679 682
679 683
679 684
679 687
679 694
679 711
679 727
679 954
679 980
679 1258
679 1304
680 681
680 682
680 683
680 684
680 687
680 695
680 712
680 728
680 782
681 682
683 684
683 685
683 686
683 687
683 688
683 700
683 727
683 954
683 1168
683 1197
683 1304
684 685
684 686
684 687
684 688
684 695
684 787
685 686
686 1112
687 688
687 689
687 690
687 691
687 711
687 755
687 762
687 781
687 1131
687 1408
688 689
688 690
688 691
688 755
688 759
688 1132
688 1408
688 1409
689 690
689 691
690 691
690 1400
692 693
692 758
693 712
693 740
693 759
694 695
694 696
694 697
694 698
694 699
694 711
694 718
694 720
694 721
694 727
694 758
694 903
694 1165
695 696
695 697
695 698
695 699
695 701
695 712
695 718
695 719
695 722
695 728
695 1409
696 697
696 698
696 699
697 698
697 699
698 699
699 742
700 701
700 702
700 703
700 704
700 705
700 706
700 707
700 708
700 709
700 710
700 871
700 894
701 702
701 703
701 704
701 705
701 706
701 707
701 708
701 709
701 710
702 703
702 704
702 705
702 706
702 707
702 708
702 709
702 710
702 758
702 1095
703 704
703 705
703 706
703 707
703 708
703 709
703 710
703 1154
703 1169
704 705
704 706
704 707
704 708
704 709
704 710
705 706
705 707
705 708
705 709
705 710
706 707
706 708
706 709
706 710
706 711
707 708
707 709
707 710
708 709
708 710
709 710
711 712
711 713
711 714
711 715
711 716
711 717
711 721
711 727
711 739
711 740
711 742
711 743
711 744
711 795
711 1168
712 713
712 714
712 715
712 716
712 717
712 726
712 728
712 731
712 743
712 745
712 763
712 764
713 714
713 715
713 716
713 717
714 715
714 716
714 717
715 716
715 717
716 717
718 719
718 720
719 720
719 755
721 722
721 723
721 724
721 727
721 728
722 723
722 724
722 728
723 724
725 726
725 728
725 742
726 727
726 728
726 743
727 728
727 729
727 730
727 731
727 739
727 742
727 758
727 762
727 779
727 802
728 729
728 730
728 732
728 734
728 740
728 742
728 743
728 745
728 750
728 755
728 759
728 763
728 764
728 782
728 791
728 792
728 803
728 913
729 730
729 743
731 732
732 740
732 750
732 755
733 734
733 735
733 736
733 737
733 738
734 735
734 736
734 737
734 738
735 736
735 737
735 738
736 737
736 738
737 738
739 740
739 741
739 742
739 743
739 744
739 758
739 762
739 786
739 802
739 826
739 1168
740 741
740 742
740 743
740 745
740 750
740 755
740 759
740 763
740 782
740 787
740 791
740 792
740 803
740 914
740 1409
741 742
741 743
741 1128
742 743
742 744
742 750
742 802
742 918
742 926
743 745
743 755
743 803
743 821
744 745
744 746
744 747
744 748
744 749
744 758
744 762
744 791
744 792
744 802
744 981
745 746
745 747
745 748
745 749
745 750
745 755
745 763
745 792
745 803
746 747
746 748
746 749
747 748
747 749
748 749
750 751
750 752
750 753
750 754
750 755
750 756
750 757
750 758
750 759
750 762
750 763
750 782
750 787
750 791
750 792
750 803
750 1235
751 752
751 753
751 754
751 755
751 756
751 757
752 753
752 754
752 755
752 756
752 757
753 754
753 755
753 756
753 757
754 755
754 756
754 757
754 1128
755 756
755 757
755 762
755 763
755 787
755 803
755 980
756 757
758 759
758 760
758 761
758 762
758 763
758 802
759 760
759 761
759 762
759 763
759 782
759 787
759 791
759 792
759 796
759 803
759 833
759 835
759 992
759 1358
760 761
762 763
762 786
762 802
762 826
763 782
763 787
763 791
763 792
763 801
763 803
764 765
764 766
764 767
765 766
765 767
766 767
768 769
768 770
768 771
768 1165
768 1294
769 770
769 771
769 1166
769 1295
769 1296
770 771
772 773
772 774
772 775
772 776
772 777
772 1165
772 1342
773 774
773 775
773 776
773 777
773 1050
773 1166
773 1295
774 775
774 776
774 777
775 776
775 777
776 777
776 1049
776 1051
776 1162
776 1179
776 1278
776 1294
776 1295
776 1296
776 1304
776 1305
776 1392
776 1399
776 1400
776 1401
777 1050
777 1051
777 1052
777 1164
777 1180
777 1181
777 1279
777 1296
777 1305
777 1393
777 1401
778 779
778 780
778 1154
778 1155
778 1162
778 1163
778 1164
778 1165
778 1166
779 780
779 1164
781 782
781 783
781 784
781 785
781 786
781 802
781 890
781 1168
782 783
782 784
782 787
782 791
782 792
782 803
783 784
786 787
786 788
786 789
786 790
786 802
786 826
786 1258
787 788
787 789
787 790
787 791
787 792
787 803
788 789
788 790
789 790
791 792
791 793
791 794
791 795
791 796
791 801
791 803
792 793
792 794
792 795
792 801
792 803
793 794
795 796
795 797
795 798
795 799
795 800
795 801
796 797
796 798
796 799
796 800
796 801
797 798
797 799
797 800
797 801
797 885
798 799
798 800
798 801
798 882
799 800
799 801
800 801
802 803
802 804
802 805
802 806
802 807
802 978
803 804
803 805
803 806
803 807
804 805
804 806
804 807
805 806
805 807
806 807
808 809
808 810
808 811
808 816
808 818
808 832
808 1182
808 1205
809 810
809 811
809 1181
809 1206
810 811
812 813
812 814
812 815
812 816
812 817
812 823
812 832
812 834
812 980
812 991
812 1033
812 1173
812 1179
812 1201
812 1205
812 1220
812 1225
812 1230
812 1235
812 1294
812 1306
813 814
813 815
813 816
813 817
813 818
813 819
813 827
813 833
813 921
813 923
813 978
813 1004
813 1052
813 1180
813 1181
813 1202
813 1206
813 1491
814 815
814 816
814 817
815 816
815 817
815 824
815 992
815 1173
815 1181
815 1210
815 1221
815 1236
815 1240
815 1285
816 817
816 823
816 922
816 1490
818 819
818 820
818 821
818 822
818 954
818 978
818 1009
818 1197
818 1201
818 1230
818 1304
818 1389
819 820
819 821
819 822
820 821
820 822
820 1379
821 822
821 957
821 1181
822 921
823 824
823 825
823 826
823 827
823 830
823 831
823 832
823 834
823 851
823 922
823 926
823 929
823 945
823 956
823 1005
823 1061
823 1400
824 825
824 827
824 830
824 833
824 835
824 852
824 921
824 923
824 927
824 929
824 930
824 946
824 957
824 981
824 992
824 1006
824 1305
824 1358
826 827
826 828
826 829
826 830
826 831
826 832
826 834
826 851
826 915
826 920
826 945
826 954
826 956
826 968
826 980
826 991
826 1005
827 828
827 829
827 830
827 831
827 833
827 835
827 843
827 895
827 927
827 981
827 992
828 829
828 830
828 831
829 830
829 831
830 831
831 853
831 919
831 925
831 950
831 979
831 995
832 833
832 834
832 835
832 836
832 837
832 842
832 851
832 920
832 991
832 1005
832 1173
832 1340
833 834
833 835
833 836
833 837
833 843
833 910
833 911
833 955
833 992
833 1006
833 1305
834 834
834 835
834 836
834 837
834 842
834 910
834 1036
835 836
835 837
835 843
835 910
835 955
835 969
835 973
835 981
835 992
835 1006
835 1052
836 837
837 1278
837 1279
838 839
838 840
838 841
838 842
838 843
838 844
838 854
838 1028
839 840
839 841
839 842
839 843
839 844
839 1029
840 841
840 842
840 843
840 844
841 842
841 843
841 844
841 1010
842 843
842 844
842 851
843 844
843 1010
845 846
845 847
845 848
845 849
845 850
845 881
845 885
845 980
845 1043
845 1225
845 1234
845 1304
846 847
846 848
846 849
846 850
846 882
846 886
846 1226
847 848
847 849
847 850
848 849
848 850
849 850
849 979
851 852
851 853
851 854
851 860
851 894
851 920
851 926
851 954
851 956
851 968
851 980
851 1029
851 1220
852 853
852 855
852 890
852 891
852 895
854 855
854 856
854 857
854 864
854 865
854 881
854 885
854 886
854 890
854 894
854 903
854 907
854 991
854 1028
854 1069
854 1070
854 1182
854 1237
854 1306
854 1337
855 856
855 857
855 861
855 865
855 878
855 882
855 886
855 891
855 907
855 927
855 955
855 1069
857 858
857 859
857 881
857 885
857 886
857 890
857 894
857 1070
858 859
858 882
858 886
858 891
860 861
860 862
860 863
860 890
860 922
861 862
861 863
861 865
861 886
861 891
861 895
862 863
864 865
864 866
864 867
864 868
864 871
864 872
864 877
864 881
864 885
864 894
864 915
864 922
864 954
864 980
864 1235
865 866
865 867
865 868
865 869
865 871
865 872
865 878
865 882
865 886
865 895
865 955
865 981
866 867
868 869
868 870
868 871
868 872
868 885
869 870
869 872
871 872
871 873
871 874
871 875
871 876
871 877
871 881
871 894
871 901
871 915
871 920
871 1026
871 1337
872 873
872 874
872 875
872 876
872 878
872 881
872 882
872 895
872 901
872 916
872 981
872 1006
873 874
873 875
873 876
874 875
874 876
875 876
875 881
875 882
875 885
875 886
875 1069
876 882
876 886
877 878
877 879
877 880
877 881
877 882
877 885
877 886
877 894
878 879
878 880
878 882
878 886
878 891
878 894
879 880
880 881
880 882
880 885
880 886
881 882
881 883
881 884
881 885
881 886
881 887
881 888
881 889
881 894
881 920
881 951
881 954
881 955
881 972
881 1145
881 1168
881 1235
881 1337
882 883
882 884
882 885
882 886
882 887
882 888
882 889
882 895
882 955
882 1169
882 1236
883 884
883 885
883 886
883 887
883 888
883 889
884 885
884 886
884 887
884 888
884 889
885 886
885 887
885 888
885 889
885 915
885 920
885 951
885 954
885 980
885 1168
885 1235
885 1243
886 887
886 888
886 889
886 891
886 895
886 916
886 955
886 1169
887 888
887 889
888 889
888 1181
890 891
890 892
890 893
890 894
890 895
890 901
891 892
891 893
891 894
891 895
891 907
891 927
891 955
891 1013
892 893
894 895
894 896
894 897
894 898
894 899
894 900
894 1320
895 896
895 897
895 898
895 899
895 900
895 921
895 957
896 897
896 898
896 899
896 900
897 898
897 899
897 900
898 899
898 900
899 900
901 902
901 1408
903 904
903 905
903 954
903 956
904 905
906 907
906 908
906 909
907 908
907 909
908 909
910 911
910 912
910 913
910 914
910 915
910 916
910 926
910 954
910 956
911 912
911 913
911 914
911 921
911 927
911 969
912 913
912 914
913 914
915 916
915 917
915 918
915 919
915 920
915 926
915 939
915 945
915 954
915 956
915 968
915 980
915 988
915 1023
916 917
916 918
916 919
916 920
916 946
916 952
916 955
916 969
916 973
916 979
916 985
917 918
917 919
918 919
918 1307
920 921
920 922
920 923
920 924
920 925
920 926
920 927
920 954
920 968
920 980
920 991
920 1009
920 1036
920 1209
920 1231
920 1262
921 922
921 923
921 924
921 925
921 927
921 955
921 981
921 992
921 1006
921 1010
921 1027
921 1210
921 1263
922 923
922 924
922 925
922 926
922 945
922 956
922 1147
922 1168
922 1220
923 924
923 925
923 927
923 946
923 955
923 957
923 981
923 1027
924 925
926 927
926 928
926 945
926 954
926 956
926 976
926 980
926 984
926 1177
926 1220
926 1230
926 1233
926 1235
927 928
927 946
927 952
927 955
927 957
927 963
927 969
927 973
927 981
927 1230
927 1231
927 1233
927 1320
929 930
930 955
930 957
930 969
931 932
931 933
931 934
931 935
931 936
931 937
931 938
931 939
931 940
931 941
931 942
931 943
931 944
932 933
932 934
932 935
932 936
932 937
932 938
932 939
932 940
932 941
932 942
932 943
932 944
933 934
933 935
933 936
933 937
933 938
933 939
933 940
933 941
933 942
933 943
933 944
934 935
934 936
934 937
934 938
934 939
934 940
934 941
934 942
934 943
934 944
935 936
935 937
935 938
935 939
935 940
935 941
935 942
935 943
935 944
935 1074
935 1145
936 937
936 938
936 939
936 940
936 941
936 942
936 943
936 944
937 938
937 939
937 940
937 941
937 942
937 943
937 944
937 1400
938 939
938 940
938 941
938 942
938 943
938 944
939 940
939 941
939 942
939 943
939 944
939 945
939 978
939 1028
939 1031
939 1234
940 941
940 942
940 943
940 944
940 946
940 1233
941 942
941 943
941 944
942 943
942 944
943 944
945 946
945 947
945 948
945 949
945 950
945 951
945 954
945 956
945 968
945 972
945 980
945 1230
946 947
946 948
946 949
946 950
946 951
946 952
946 957
946 963
946 969
946 973
946 981
946 1231
946 1320
947 948
947 949
947 950
948 949
948 950
949 950
949 1029
950 1029
951 952
951 953
951 978
952 953
952 969
952 981
954 954
954 955
954 956
954 957
954 958
954 959
954 960
954 966
954 968
954 969
954 972
954 978
954 980
954 1009
954 1023
954 1235
954 1278
954 1279
954 1333
954 1340
954 1374
955 956
955 957
955 958
955 959
955 961
955 966
955 968
955 969
955 973
955 978
955 979
955 981
955 985
955 1010
955 1108
955 1226
955 1279
955 1305
956 957
956 958
956 959
956 960
956 966
956 968
956 972
956 980
956 1023
956 1235
957 958
957 959
957 961
957 965
957 966
957 969
957 973
957 981
957 985
957 1231
958 959
958 1051
958 1400
960 961
960 962
960 963
960 964
960 965
960 968
960 969
960 978
960 1235
960 1333
960 1367
960 1385
961 962
961 963
961 964
961 965
961 969
961 981
962 963
962 964
962 965
963 964
963 965
963 969
964 965
966 967
966 968
966 969
966 1235
968 968
968 969
968 970
968 971
968 972
968 978
968 980
968 1061
968 1193
968 1230
968 1235
968 1270
968 1305
969 970
969 971
969 972
969 973
969 979
969 981
969 1169
969 1231
969 1307
970 971
972 973
972 974
972 975
972 976
972 977
972 978
972 980
973 974
973 975
973 976
973 977
973 978
973 979
973 980
973 981
974 975
974 976
974 977
975 976
975 977
976 977
978 979
978 980
978 981
978 982
978 983
978 1003
978 1013
978 1023
978 1036
978 1142
978 1195
979 980
979 981
979 982
979 983
979 1004
980 980
980 981
980 982
980 983
980 1220
980 1230
980 1235
980 1351
981 982
981 983
981 1001
981 1013
981 1079
981 1231
982 983
984 985
984 986
984 1220
985 986
985 1164
985 1221
985 1305
987 988
987 989
987 990
988 989
988 990
989 990
990 1263
991 992
991 993
991 994
991 995
991 996
991 1003
991 1009
991 1026
991 1028
991 1033
991 1209
991 1220
991 1230
991 1340
991 1357
992 993
992 994
992 995
992 996
992 997
992 1004
992 1027
992 1034
992 1206
992 1221
992 1231
992 1271
993 994
993 995
994 995
996 997
996 998
996 999
996 1000
996 1001
996 1002
996 1003
996 1220
996 1230
996 1304
997 998
997 999
997 1000
997 1001
997 1002
997 1004
997 1034
997 1221
997 1231
998 999
998 1000
998 1001
998 1002
999 1000
999 1001
999 1002
1000 1001
1000 1002
1000 1230
1001 1002
1003 1004
1003 1168
1003 1205
1003 1206
1003 1220
1004 1169
1004 1221
1004 1231
1004 1236
1005 1006
1005 1007
1005 1008
1005 1026
1005 1028
1005 1042
1005 1230
1005 1235
1005 1262
1005 1263
1005 1363
1005 1400
1005 1490
1006 1007
1006 1008
1006 1026
1006 1027
1006 1029
1006 1031
1006 1042
1006 1231
1006 1236
1006 1307
1007 1008
1009 1010
1009 1011
1009 1012
1009 1013
1009 1014
1009 1015
1009 1033
1009 1036
1009 1319
1010 1011
1010 1012
1010 1013
1010 1014
1010 1016
1010 1033
1010 1034
1010 1037
1011 1012
1011 1013
1011 1014
1012 1013
1012 1014
1013 1014
1013 1226
1014 1234
1015 1016
1015 1017
1016 1017
1018 1019
1018 1020
1018 1021
1018 1022
1019 1020
1019 1021
1019 1022
1020 1021
1020 1022
1021 1022
1023 1024
1023 1025
1023 1193
1024 1025
1026 1027
1026 1028
1026 1042
1026 1043
1026 1044
1026 1049
1026 1220
1026 1230
1026 1306
1027 1029
1027 1031
1027 1042
1027 1050
1027 1178
1027 1307
1028 1028
1028 1029
1028 1030
1028 1031
1028 1032
1028 1043
1028 1248
1028 1292
1028 1461
1028 1490
1029 1030
1029 1031
1029 1032
1029 1206
1029 1249
1029 1292
1029 1293
1029 1307
1030 1031
1030 1032
1031 1032
1031 1292
1031 1293
1031 1461
1031 1462
1031 1491
1033 1034
1033 1035
1033 1036
1033 1147
1033 1173
1033 1197
1033 1201
1033 1289
1034 1035
1034 1037
1036 1037
1036 1038
1036 1039
1036 1040
1036 1041
1036 1342
1037 1038
1037 1039
1037 1040
1037 1041
1037 1236
1038 1039
1038 1040
1038 1041
1039 1040
1039 1041
1040 1041
1042 1043
1042 1044
1042 1045
1042 1046
1042 1047
1042 1048
1042 1210
1042 1271
1042 1288
1043 1044
1043 1045
1043 1046
1043 1047
1043 1048
1043 1209
1043 1270
1044 1045
1044 1046
1044 1047
1044 1048
1044 1210
1044 1271
1044 1288
1045 1046
1045 1047
1045 1048
1046 1047
1046 1048
1047 1048
1049 1050
1049 1051
1049 1052
1049 1053
1049 1057
1049 1154
1049 1162
1049 1294
1050 1051
1050 1052
1050 1053
1050 1058
1050 1155
1050 1163
1050 1164
1050 1169
1050 1295
1050 1338
1050 1341
1051 1052
1051 1053
1051 1057
1051 1058
1051 1162
1051 1165
1051 1168
1052 1053
1052 1058
1052 1166
1052 1169
1052 1217
1052 1307
1054 1055
1054 1056
1054 1057
1054 1058
1054 1147
1055 1056
1055 1057
1055 1058
1055 1424
1055 1425
1056 1057
1056 1058
1057 1058
1057 1209
1057 1400
1058 1154
1058 1155
1058 1162
1058 1163
1058 1164
1058 1169
1059 1060
1059 1061
1059 1062
1059 1063
1059 1064
1059 1065
1059 1066
1059 1067
1059 1068
1059 1069
1059 1091
1059 1145
1059 1179
1060 1061
1060 1062
1060 1063
1060 1064
1060 1065
1060 1066
1060 1067
1060 1068
1060 1092
1060 1125
1060 1146
1060 1169
1060 1180
1060 1181
1061 1062
1061 1063
1061 1064
1061 1065
1061 1066
1061 1067
1061 1068
1061 1074
1061 1091
1061 1142
1061 1145
1061 1147
1061 1168
1062 1063
1062 1064
1062 1065
1062 1066
1062 1067
1062 1068
1062 1092
1062 1143
1062 1146
1062 1147
1062 1148
1063 1064
1063 1065
1063 1066
1063 1067
1063 1068
1064 1065
1064 1066
1064 1067
1064 1068
1064 1078
1064 1168
1065 1066
1065 1067
1065 1068
1065 1070
1066 1067
1066 1068
1067 1068
1067 1078
1068 1147
1069 1070
1069 1071
1069 1072
1069 1073
1069 1081
1069 1086
1069 1091
1069 1095
1069 1116
1069 1127
1069 1137
1069 1142
1069 1179
1069 1188
1069 1262
1069 1337
1069 1367
1069 1385
1070 1071
1070 1072
1070 1073
1070 1096
1070 1104
1070 1105
1070 1117
1070 1127
1070 1138
1071 1072
1071 1073
1071 1105
1072 1073
1074 1075
1074 1076
1074 1077
1074 1078
1074 1079
1074 1080
1074 1081
1074 1082
1074 1091
1074 1116
1074 1142
1074 1374
1074 1385
1074 1408
1075 1076
1075 1077
1075 1078
1075 1079
1075 1080
1075 1081
1075 1082
1075 1090
1075 1092
1075 1116
1075 1117
1075 1352
1076 1077
1076 1078
1076 1079
1076 1080
1076 1081
1076 1082
1077 1078
1077 1079
1077 1080
1077 1081
1077 1082
1077 1148
1078 1079
1078 1080
1078 1081
1078 1082
1078 1111
1078 1116
1078 1125
1078 1162
1078 1256
1078 1376
1078 1408
1079 1080
1079 1081
1079 1082
1079 1090
1079 1092
1079 1112
1079 1116
1079 1117
1079 1125
1079 1148
1080 1081
1080 1082
1081 1082
1081 1333
1082 1125
1082 1334
1083 1084
1084 1148
1085 1086
1085 1087
1085 1088
1085 1089
1085 1090
1085 1091
1085 1092
1085 1095
1085 1103
1085 1128
1085 1131
1086 1087
1086 1088
1086 1089
1086 1090
1086 1092
1086 1096
1086 1104
1086 1127
1086 1128
1086 1132
1087 1088
1087 1089
1087 1090
1088 1089
1088 1090
1089 1090
1090 1096
1090 1127
1090 1132
1091 1092
1091 1093
1091 1094
1091 1095
1091 1111
1091 1116
1091 1121
1091 1125
1091 1127
1091 1131
1091 1137
1091 1142
1091 1147
1091 1195
1091 1306
1091 1310
1092 1093
1092 1094
1092 1096
1092 1104
1092 1112
1092 1117
1092 1118
1092 1122
1092 1125
1092 1127
1092 1132
1092 1138
1092 1143
1092 1148
1092 1151
1092 1155
1093 1094
1095 1096
1095 1097
1095 1098
1095 1099
1095 1103
1095 1107
1095 1111
1095 1117
1095 1127
1095 1367
1096 1097
1096 1098
1096 1100
1096 1104
1096 1108
1096 1112
1096 1117
1096 1127
1096 1128
1096 1368
1097 1098
1099 1100
1099 1101
1099 1102
1099 1103
1099 1104
1099 1105
1099 1111
1099 1112
1099 1182
1100 1101
1100 1102
1100 1104
1100 1105
1100 1112
1100 1127
1101 1102
1103 1104
1103 1105
1103 1106
1103 1107
1103 1111
1103 1112
1103 1115
1103 1116
1103 1127
1103 1131
1103 1179
1104 1105
1104 1106
1104 1108
1104 1115
1104 1117
1104 1125
1104 1127
1104 1132
1105 1106
1105 1109
1105 1112
1105 1115
1105 1117
1105 1120
1105 1127
1105 1132
1107 1108
1107 1109
1107 1110
1107 1154
1108 1109
1108 1110
1108 1127
1108 1155
1108 1164
1108 1226
1109 1110
1110 1111
1110 1128
1111 1112
1111 1113
1111 1114
1111 1115
1111 1128
1111 1147
1112 1113
1112 1114
1112 1115
1112 1117
1112 1134
1112 1164
1113 1114
1113 1115
1114 1115
1115 1146
1116 1117
1116 1118
1116 1119
1116 1120
1116 1128
1116 1131
1116 1179
1116 1374
1117 1118
1117 1119
1117 1120
1117 1127
1117 1128
1117 1132
1117 1146
1117 1179
1118 1119
1118 1120
1118 1227
1119 1120
1121 1122
1121 1123
1121 1124
1122 1123
1122 1124
1123 1124
1125 1126
1125 1138
1125 1181
1125 1249
1125 1259
1125 1263
1125 1442
1127 1128
1127 1129
1127 1130
1127 1249
1127 1271
1127 1368
1128 1129
1128 1130
1128 1140
1129 1130
1131 1132
1131 1133
1131 1134
1131 1135
1131 1136
1131 1137
1131 1142
1131 1150
1131 1162
1131 1179
1131 1385
1132 1133
1132 1134
1132 1135
1132 1136
1132 1143
1133 1134
1133 1135
1133 1136
1134 1135
1134 1136
1135 1136
1137 1138
1137 1139
1137 1140
1137 1141
1138 1139
1138 1140
1138 1141
1138 1143
1138 1169
1138 1179
1138 1180
1138 1181
1139 1140
1139 1141
1139 1145
1139 1147
1140 1141
1142 1143
1142 1144
1142 1145
1142 1146
1142 1147
1142 1148
1142 1150
1142 1182
1142 1379
1143 1144
1143 1147
1143 1148
1143 1151
1143 1181
1145 1146
1145 1147
1145 1148
1145 1149
1145 1150
1146 1147
1146 1148
1146 1149
1146 1151
1146 1181
1147 1148
1147 1149
1147 1150
1147 1168
1147 1177
1147 1182
1147 1311
1147 1333
1148 1149
1148 1151
1148 1178
1148 1181
1148 1334
1150 1151
1150 1152
1150 1153
1150 1179
1150 1182
1150 1234
1151 1152
1151 1153
1151 1180
1151 1181
1152 1153
1154 1155
1154 1156
1154 1157
1154 1158
1154 1168
1154 1169
1154 1185
1154 1225
1154 1226
1154 1227
1154 1237
1154 1262
1154 1319
1154 1337
1155 1156
1155 1157
1155 1158
1155 1163
1155 1166
1155 1169
1155 1225
1156 1157
1156 1158
1157 1158
1159 1160
1159 1161
1159 1168
1159 1169
1159 1193
1159 1225
1160 1161
1160 1163
1162 1163
1162 1164
1162 1165
1162 1166
1162 1167
1162 1168
1162 1173
1162 1302
1162 1304
1163 1164
1163 1165
1163 1166
1163 1167
1163 1169
1163 1178
1164 1165
1164 1166
1164 1167
1164 1169
1164 1174
1164 1303
1164 1305
1165 1166
1165 1167
1165 1168
1165 1171
1165 1173
1166 1167
1166 1169
1166 1172
1166 1174
1168 1169
1168 1170
1168 1299
1168 1302
1168 1304
1168 1305
1168 1306
1168 1310
1168 1340
1169 1170
1169 1172
1169 1174
1169 1302
1169 1304
1169 1305
1170 1206
1170 1304
1170 1305
1170 1306
1170 1307
1171 1172
1171 1173
1171 1174
1171 1175
1171 1176
1172 1173
1172 1174
1172 1175
1172 1176
1172 1307
1173 1174
1173 1175
1173 1176
1173 1179
1173 1294
1173 1306
1174 1175
1174 1176
1174 1180
1175 1176
1177 1178
1177 1304
1179 1180
1179 1181
1179 1182
1179 1183
1179 1184
1179 1192
1179 1237
1179 1292
1179 1404
1179 1432
1180 1181
1180 1182
1180 1183
1180 1184
1180 1192
1180 1195
1180 1238
1180 1293
1180 1389
1180 1432
1180 1442
1181 1182
1181 1183
1181 1184
1181 1238
1181 1293
1181 1320
1181 1442
1182 1183
1182 1184
1182 1188
1182 1325
1183 1184
1185 1186
1185 1187
1186 1187
1186 1346
1188 1189
1188 1190
1188 1191
1188 1192
1189 1190
1189 1191
1189 1192
1190 1191
1190 1192
1191 1192
1193 1194
1193 1195
1193 1196
1193 1201
1193 1230
1193 1270
1193 1289
1193 1337
1194 1195
1194 1196
1195 1196
1197 1198
1197 1199
1197 1200
1197 1225
1198 1199
1198 1200
1198 1226
1199 1200
1201 1202
1201 1203
1201 1204
1201 1205
1202 1203
1202 1204
1203 1204
1205 1206
1205 1207
1205 1208
1205 1209
1205 1235
1205 1270
1205 1292
1205 1495
1206 1207
1206 1208
1206 1210
1206 1221
1206 1231
1206 1236
1206 1271
1206 1275
1206 1293
1207 1208
1208 1231
1209 1210
1209 1211
1209 1230
1209 1233
1209 1234
1209 1262
1209 1289
1210 1211
1210 1263
1210 1271
1210 1289
1210 1290
1210 1305
1210 1459
1212 1213
1212 1214
1212 1294
1212 1295
1212 1296
1213 1214
1215 1216
1215 1217
1215 1218
1215 1219
1216 1217
1216 1218
1216 1219
1216 1220
1216 1248
1217 1218
1217 1219
1217 1221
1217 1231
1217 1249
1218 1219
1219 1227
1219 1231
1219 1233
1220 1221
1220 1222
1220 1223
1220 1224
1220 1225
1220 1230
1220 1231
1220 1233
1220 1234
1220 1245
1220 1337
1220 1342
1221 1222
1221 1223
1221 1224
1221 1226
1221 1231
1221 1233
1221 1307
1221 1338
1221 1341
1221 1343
1222 1223
1222 1224
1223 1224
1224 1226
1225 1226
1225 1227
1225 1228
1225 1229
1225 1230
1225 1235
1225 1248
1225 1274
1225 1311
1225 1319
1226 1227
1226 1228
1226 1229
1226 1231
1226 1236
1226 1249
1226 1271
1226 1275
1226 1319
1227 1228
1227 1229
1227 1231
1227 1233
1227 1236
1227 1275
1227 1319
1228 1229
1230 1231
1230 1232
1230 1233
1230 1234
1230 1235
1230 1236
1230 1245
1230 1262
1230 1278
1230 1337
1230 1342
1230 1385
1230 1447
1231 1232
1231 1233
1231 1236
1231 1279
1231 1338
1232 1233
1233 1337
1233 1338
1234 1235
1234 1236
1234 1237
1234 1242
1234 1262
1234 1266
1234 1337
1234 1385
1235 1236
1236 1261
1236 1307
1237 1238
1237 1239
1237 1240
1237 1248
1237 1258
1237 1259
1237 1262
1238 1239
1238 1240
1238 1249
1238 1259
1238 1263
1239 1240
1241 1242
1241 1248
1242 1249
1243 1244
1243 1245
1243 1246
1243 1247
1243 1248
1243 1306
1243 1420
1244 1245
1244 1246
1244 1247
1244 1249
1244 1420
1245 1246
1245 1247
1245 1248
1246 1247
1248 1249
1248 1250
1248 1251
1248 1252
1248 1253
1248 1311
1248 1351
1248 1369
1248 1385
1248 1395
1248 1400
1249 1250
1249 1251
1249 1252
1249 1254
1249 1275
1249 1312
1249 1352
1249 1385
1249 1386
1249 1389
1249 1401
1250 1251
1250 1252
1251 1252
1253 1254
1253 1255
1253 1256
1253 1257
1254 1255
1254 1256
1254 1257
1255 1256
1255 1257
1256 1257
1258 1259
1258 1260
1258 1261
1258 1262
1258 1263
1258 1266
1258 1304
1258 1374
1258 1379
1258 1381
1258 1385
1258 1386
1258 1400
1259 1260
1259 1261
1259 1262
1259 1263
1259 1267
1259 1374
1259 1375
1259 1379
1259 1380
1259 1381
1259 1382
1259 1385
1259 1386
1259 1395
1259 1400
1259 1401
1260 1261
1262 1263
1262 1264
1262 1265
1262 1266
1262 1267
1262 1294
1262 1304
1262 1312
1262 1374
1262 1379
1262 1380
1262 1381
1262 1385
1262 1395
1262 1400
1263 1264
1263 1265
1263 1267
1263 1295
1263 1296
1263 1305
1263 1312
1263 1374
1263 1375
1263 1379
1263 1380
1263 1381
1263 1382
1263 1385
1263 1386
1263 1395
1263 1401
1264 1265
1266 1267
1266 1268
1266 1269
1266 1294
1266 1295
1267 1268
1267 1269
1267 1305
1268 1269
1270 1271
1270 1272
1270 1273
1271 1272
1271 1273
1272 1273
1274 1275
1274 1276
1274 1277
1275 1276
1275 1277
1276 1277
1278 1279
1278 1280
1278 1281
1278 1294
1278 1304
1278 1337
1278 1392
1278 1393
1279 1280
1279 1281
1279 1312
1279 1338
1279 1386
1279 1393
1279 1401
1280 1281
1282 1283
1282 1284
1282 1285
1282 1286
1282 1287
1282 1288
1283 1284
1283 1285
1283 1286
1283 1287
1283 1288
1284 1285
1284 1286
1284 1287
1284 1288
1285 1286
1285 1287
1285 1288
1286 1287
1286 1288
1287 1288
1289 1290
1289 1291
1289 1292
1289 1293
1290 1291
1290 1292
1290 1293
1291 1292
1291 1293
1292 1293
1294 1295
1294 1296
1294 1297
1294 1298
1294 1299
1294 1304
1294 1306
1294 1311
1294 1312
1294 1338
1294 1342
1294 1399
1294 1400
1294 1401
1295 1296
1295 1297
1295 1298
1295 1300
1295 1302
1295 1305
1295 1306
1295 1312
1295 1338
1295 1342
1295 1399
1295 1401
1296 1297
1296 1298
1296 1303
1296 1305
1296 1307
1296 1311
1296 1312
1296 1386
1296 1401
1297 1298
1299 1300
1299 1301
1299 1302
1299 1303
1300 1301
1300 1302
1300 1303
1300 1307
1301 1302
1301 1303
1302 1303
1302 1304
1302 1305
1302 1306
1302 1307
1303 1304
1304 1305
1304 1306
1304 1307
1304 1308
1304 1309
1304 1310
1304 1311
1304 1395
1304 1399
1304 1400
1305 1306
1305 1307
1305 1308
1305 1309
1305 1310
1305 1311
1305 1312
1305 1385
1305 1396
1306 1307
1306 1308
1306 1309
1306 1310
1306 1311
1306 1312
1306 1333
1306 1337
1306 1374
1306 1385
1306 1395
1306 1400
1307 1308
1307 1309
1307 1310
1307 1312
1307 1334
1307 1338
1307 1401
1308 1309
1308 1310
1309 1310
1310 1400
1311 1312
1311 1313
1311 1342
1311 1345
1312 1313
1314 1315
1314 1316
1315 1316
1317 1318
1317 1319
1317 1320
1317 1321
1317 1337
1317 1338
1317 1342
1318 1319
1318 1320
1318 1321
1319 1320
1319 1321
1319 1342
1319 1385
1320 1321
1322 1323
1322 1324
1323 1324
1325 1326
1325 1327
1325 1328
1325 1329
1325 1330
1325 1331
1325 1332
1325 1337
1325 1357
1325 1358
1326 1327
1326 1328
1326 1329
1326 1330
1326 1331
1326 1332
1326 1358
1327 1328
1327 1329
1327 1330
1327 1331
1327 1332
1328 1329
1328 1330
1328 1331
1328 1332
1329 1330
1329 1331
1329 1332
1330 1331
1330 1332
1331 1332
1331 1337
1332 1338
1332 1341
1333 1334
1333 1335
1333 1336
1333 1337
1333 1400
1334 1335
1334 1336
1334 1337
1334 1338
1335 1336
1337 1338
1337 1339
1337 1340
1337 1342
1337 1345
1337 1346
1337 1351
1337 1357
1338 1339
1338 1341
1338 1343
1338 1346
1338 1352
1338 1358
1340 1341
1340 1342
1340 1343
1340 1344
1340 1345
1340 1346
1340 1374
1340 1385
1340 1400
1341 1342
1341 1343
1341 1344
1341 1346
1341 1352
1341 1401
1342 1343
1342 1344
1342 1345
1342 1346
1342 1400
1343 1344
1343 1346
1345 1346
1345 1347
1346 1347
1348 1349
1348 1350
1348 1357
1349 1350
1349 1358
1351 1352
1351 1353
1351 1354
1351 1355
1351 1356
1351 1357
1352 1353
1352 1354
1352 1355
1352 1356
1352 1358
1353 1354
1353 1355
1353 1356
1354 1355
1354 1356
1355 1356
1357 1358
1357 1359
1357 1360
1357 1361
1357 1363
1357 1367
1357 1374
1357 1379
1357 1386
1357 1392
1357 1393
1357 1399
1358 1359
1358 1360
1358 1361
1358 1367
1358 1368
1359 1360
1361 1362
1361 1363
1361 1364
1361 1365
1361 1366
1362 1363
1362 1364
1362 1365
1362 1366
1362 1368
1363 1364
1363 1365
1363 1366
1363 1367
1363 1374
1363 1379
1363 1386
1363 1392
1364 1365
1364 1366
1364 1368
1364 1393
1365 1366
1367 1368
1367 1369
1367 1370
1367 1374
1367 1381
1367 1408
1368 1369
1368 1370
1368 1371
1368 1374
1368 1375
1368 1378
1368 1382
1368 1386
1368 1409
1369 1374
1369 1385
1370 1371
1370 1372
1370 1373
1370 1374
1370 1403
1371 1372
1371 1373
1371 1374
1371 1385
1371 1386
1371 1389
1371 1392
1371 1393
1372 1373
1374 1375
1374 1376
1374 1377
1374 1378
1374 1379
1374 1381
1374 1385
1374 1392
1374 1399
1374 1403
1374 1408
1374 1432
1375 1376
1375 1377
1375 1378
1375 1389
1375 1401
1376 1377
1376 1378
1376 1385
1377 1378
1378 1386
1379 1380
1379 1381
1379 1385
1379 1427
1381 1382
1381 1383
1381 1384
1382 1383
1382 1384
1382 1386
1383 1384
1385 1386
1385 1387
1385 1388
1385 1389
1385 1390
1385 1391
1385 1392
1385 1393
1385 1399
1385 1400
1385 1403
1385 1408
1385 1432
1386 1387
1386 1388
1386 1389
1386 1390
1386 1391
1386 1393
1386 1401
1386 1403
1386 1408
1387 1388
1387 1389
1387 1390
1387 1391
1388 1389
1388 1390
1388 1391
1389 1390
1389 1391
1389 1395
1389 1400
1389 1401
1389 1404
1390 1391
1392 1393
1392 1394
1392 1395
1392 1396
1392 1399
1392 1400
1392 1401
1393 1394
1393 1395
1393 1396
1393 1399
1393 1400
1393 1401
1393 1433
1394 1400
1395 1396
1395 1397
1395 1398
1395 1399
1395 1400
1395 1403
1395 1425
1395 1432
1396 1397
1396 1398
1396 1401
1396 1433
1397 1398
1399 1400
1399 1401
1399 1402
1399 1403
1399 1404
1399 1432
1400 1401
1400 1402
1400 1403
1400 1412
1400 1413
1400 1423
1400 1427
1400 1432
1401 1402
1401 1404
1401 1413
1401 1420
1401 1424
1401 1425
1401 1433
1403 1404
1403 1405
1403 1406
1403 1407
1403 1408
1403 1412
1403 1432
1404 1405
1404 1406
1404 1407
1404 1408
1404 1409
1404 1413
1405 1406
1405 1407
1406 1407
1408 1409
1408 1410
1408 1411
1408 1412
1408 1413
1408 1420
1408 1423
1408 1424
1408 1432
1408 1433
1409 1410
1409 1411
1409 1413
1409 1420
1409 1424
1410 1411
1412 1413
1412 1414
1412 1415
1412 1416
1412 1417
1412 1418
1412 1419
1412 1423
1412 1427
1412 1432
1412 1436
1413 1414
1413 1415
1413 1416
1413 1417
1413 1418
1413 1419
1413 1420
1413 1424
1413 1428
1413 1433
1413 1436
1413 1438
1414 1415
1414 1416
1414 1417
1414 1418
1414 1419
1414 1425
1415 1416
1415 1417
1415 1418
1415 1419
1416 1417
1416 1418
1416 1419
1417 1418
1417 1419
1418 1419
1418 1420
1418 1423
1418 1424
1418 1425
1418 1432
1418 1433
1419 1420
1419 1423
1419 1424
1420 1421
1420 1422
1420 1423
1420 1424
1420 1425
1420 1427
1420 1428
1420 1432
1420 1436
1420 1438
1420 1441
1420 1442
1420 1446
1421 1422
1423 1423
1423 1424
1423 1425
1423 1426
1423 1427
1423 1432
1423 1433
1423 1436
1423 1441
1423 1446
1424 1424
1424 1425
1424 1426
1424 1427
1424 1428
1424 1433
1424 1436
1424 1441
1424 1442
1424 1446
1425 1426
1425 1428
1425 1431
1425 1434
1425 1436
1425 1441
1425 1442
1427 1428
1427 1429
1427 1430
1427 1431
1428 1429
1428 1430
1428 1431
1428 1432
1428 1433
1429 1430
1429 1431
1430 1431
1432 1433
1432 1434
1432 1435
1432 1436
1433 1434
1433 1435
1433 1436
1433 1446
1434 1435
1434 1436
1435 1436
1437 1438
1437 1439
1437 1440
1438 1439
1438 1440
1439 1440
1441 1442
1441 1443
1441 1444
1441 1445
1442 1443
1442 1444
1442 1445
1443 1444
1443 1445
1444 1445
1447 1448
1447 1449
1447 1450
1448 1449
1448 1450
1449 1450
1451 1452
1451 1453
1451 1454
1452 1453
1452 1454
1453 1454
1455 1456
1455 1457
1456 1457
1458 1459
1458 1460
1459 1460
1461 1462
1461 1463
1461 1464
1461 1465
1461 1466
1461 1467
1462 1463
1462 1464
1462 1465
1462 1466
1462 1467
1463 1464
1463 1465
1463 1466
1463 1467
1464 1465
1464 1466
1464 1467
1465 1466
1465 1467
1466 1467
1468 1469
1468 1470
1468 1471
1468 1472
1468 1473
1468 1474
1468 1475
1468 1476
1469 1470
1469 1471
1469 1472
1469 1473
1469 1474
1469 1475
1469 1476
1470 1471
1470 1472
1470 1473
1470 1474
1470 1475
1470 1476
1471 1472
1471 1473
1471 1474
1471 1475
1471 1476
1472 1473
1472 1474
1472 1475
1472 1476
1473 1474
1473 1475
1473 1476
1474 1475
1474 1476
1475 1476
1477 1478
1477 1479
1477 1480
1478 1479
1478 1480
1479 1480
1481 1482
1481 1483
1481 1484
1481 1485
1481 1486
1481 1487
1481 1488
1481 1489
1482 1483
1482 1484
1482 1485
1482 1486
1482 1487
1482 1488
1482 1489
1483 1484
1483 1485
1483 1486
1483 1487
1483 1488
1483 1489
1484 1485
1484 1486
1484 1487
1484 1488
1484 1489
1485 1486
1485 1487
1485 1488
1485 1489
1486 1487
1486 1488
1486 1489
1487 1488
1487 1489
1488 1489
1490 1491
1490 1492
1490 1493
1490 1494
1491 1492
1491 1493
1491 1494
1492 1493
1492 1494
1493 1494
1495 1496
