0 1
0 2
0 3
0 12
0 13
0 15
0 43
0 64
0 67
0 109
0 141
0 659
0 946
0 947
0 954
0 961
0 962
0 981
0 1177
1 2
1 3
1 16
1 43
1 44
1 57
1 110
1 113
1 659
1 660
1 921
1 937
1 940
1 947
1 952
1 954
1 955
1 961
1 982
1 989
1 990
2 3
3 921
3 933
3 934
3 937
3 947
3 952
3 955
4 5
4 6
4 7
4 8
4 9
4 10
4 11
4 15
4 603
4 936
5 6
5 7
5 8
5 9
5 10
5 11
5 16
6 7
6 8
6 9
6 10
6 11
6 64
7 8
7 9
7 10
7 11
8 9
8 10
8 11
9 10
9 11
10 11
12 13
12 14
12 15
12 64
12 603
12 659
12 660
12 864
12 932
12 936
12 946
12 961
12 962
12 1040
12 1056
12 1057
12 1181
12 1226
12 1229
12 1231
12 1232
12 1282
13 14
13 15
13 16
13 65
13 68
13 110
13 659
13 660
13 865
13 937
13 961
13 982
13 989
13 1040
13 1057
13 1232
13 1282
15 16
15 17
15 18
15 19
15 23
15 30
15 40
15 41
15 43
15 64
15 96
15 109
15 112
15 128
15 129
15 179
15 183
15 196
15 202
15 203
15 206
15 207
15 211
15 215
15 245
15 396
15 573
15 801
15 816
15 864
15 874
15 880
15 936
15 943
15 946
15 954
15 955
15 1013
15 1179
16 17
16 18
16 19
16 24
16 31
16 41
16 44
16 50
16 57
16 68
16 110
16 113
16 129
16 142
16 184
16 188
16 191
16 202
16 203
16 207
16 212
16 216
16 245
16 397
16 572
16 573
16 574
16 816
16 872
16 936
16 937
16 943
16 944
16 947
16 955
16 1179
16 1180
17 18
17 19
17 434
18 19
20 21
20 22
20 23
20 24
21 22
21 23
21 24
22 23
22 24
23 24
23 323
23 455
23 456
23 920
23 921
24 57
24 456
24 926
25 26
25 27
25 28
25 29
25 30
25 31
25 32
26 27
26 28
26 29
26 30
26 31
26 32
26 198
26 1163
27 28
27 29
27 30
27 31
27 32
28 29
28 30
28 31
28 32
29 30
29 31
29 32
29 1095
29 1097
30 31
30 32
30 96
30 97
30 301
31 32
31 34
31 255
33 34
33 35
33 47
33 56
33 57
33 64
33 109
33 146
33 154
33 202
33 211
33 254
33 280
33 284
33 314
34 35
34 48
34 57
34 146
34 154
34 203
34 211
34 212
34 254
34 255
34 256
34 270
34 280
34 283
34 671
36 37
36 38
36 39
36 255
37 38
37 39
38 39
40 41
40 42
40 56
40 64
40 183
40 603
40 702
40 815
40 903
40 1021
40 1037
40 1052
41 42
41 57
41 65
41 110
41 184
41 603
41 604
41 815
41 903
41 1022
41 1037
41 1038
41 1052
43 44
43 45
43 46
43 47
43 48
43 49
43 56
43 202
43 412
43 962
44 45
44 46
44 47
44 48
44 49
44 50
44 56
44 57
44 202
44 203
44 413
44 1163
45 46
45 47
45 48
46 47
46 48
47 48
47 49
47 50
47 56
47 57
47 58
47 187
47 202
47 203
47 215
47 233
47 245
47 1158
47 1159
47 1163
47 1166
48 50
48 58
48 203
48 216
48 232
48 233
48 475
48 1163
49 50
49 51
49 52
49 53
49 54
49 55
49 56
49 57
49 58
49 202
49 203
49 211
49 232
49 254
49 269
49 283
49 287
49 312
49 600
49 1192
50 51
50 52
50 53
50 54
50 55
50 56
50 57
50 58
50 202
50 203
50 233
50 255
50 270
50 280
50 284
50 288
50 1193
51 52
51 53
51 54
51 55
51 232
52 53
52 54
52 55
52 188
53 54
53 55
53 232
54 55
56 57
56 58
56 59
56 196
56 202
56 203
56 206
56 211
56 212
56 232
56 254
56 269
56 452
56 1192
57 58
57 59
57 169
57 188
57 197
57 202
57 203
57 212
57 264
57 270
57 280
57 284
57 337
57 349
57 479
57 1159
57 1247
58 59
58 169
58 202
58 203
58 267
58 349
58 479
58 1247
59 327
60 61
60 62
60 63
60 314
60 342
61 62
61 63
62 63
64 65
64 66
64 67
64 68
64 69
64 70
64 96
64 109
64 112
64 113
64 179
64 196
64 325
64 463
64 635
64 659
64 702
64 796
64 936
64 1013
64 1062
64 1086
64 1095
65 66
65 67
65 68
65 69
65 70
65 72
65 97
65 110
65 113
65 635
65 636
65 1013
65 1014
65 1022
65 1026
65 1041
65 1071
65 1096
65 1239
65 1240
66 67
66 68
66 69
66 70
66 627
66 968
67 68
67 69
67 70
67 635
67 796
67 936
67 1013
67 1095
67 1097
68 69
68 70
68 635
68 636
68 1014
68 1022
68 1041
68 1063
68 1091
68 1095
68 1096
68 1098
69 70
70 593
70 999
70 1024
71 72
71 73
71 74
71 75
71 76
71 85
71 92
71 103
71 104
71 109
71 117
71 128
71 603
72 73
72 74
72 75
72 76
72 77
72 85
72 86
72 93
72 104
72 110
72 117
72 118
72 129
73 74
73 75
74 75
76 77
76 78
76 79
76 80
76 81
76 82
76 83
76 84
76 109
76 112
77 78
77 79
77 80
77 81
77 82
77 83
77 84
77 110
77 113
78 79
78 80
78 81
78 82
78 83
78 84
78 1231
79 80
79 81
79 82
79 83
79 84
79 1240
80 81
80 82
80 83
80 84
80 255
81 82
81 83
81 84
82 83
82 84
82 1227
83 84
83 327
84 96
84 97
85 86
85 87
85 88
85 89
85 90
85 91
86 87
86 88
86 89
86 90
86 91
87 88
87 89
87 90
87 91
88 89
88 90
88 91
88 1240
89 90
89 91
90 91
92 93
92 94
92 95
92 96
92 1095
92 1097
92 1229
92 1231
93 94
93 95
93 96
93 97
93 1232
94 95
95 1083
96 97
96 98
96 99
96 100
96 101
96 102
96 103
96 109
96 128
96 134
97 98
97 99
97 100
97 101
97 102
97 103
97 104
98 99
98 100
98 101
98 102
99 100
99 101
99 102
100 101
100 102
101 102
102 1252
102 1253
102 1254
103 104
103 105
103 106
103 107
103 108
104 105
104 106
104 107
104 108
105 106
105 107
105 108
106 107
106 108
107 108
109 110
109 111
109 112
109 113
109 114
109 115
109 116
109 134
109 179
109 603
109 874
109 946
110 111
110 112
110 113
110 114
110 115
110 116
110 604
110 628
110 865
110 1074
111 112
111 113
111 114
111 115
111 116
112 113
112 114
112 115
112 116
112 134
112 600
112 603
113 114
113 115
113 116
113 180
113 604
113 628
113 865
113 1074
113 1075
114 115
114 116
115 116
116 1083
117 118
117 119
117 120
117 121
117 122
117 123
117 128
117 141
117 325
117 1158
117 1252
118 119
118 120
118 121
118 122
118 123
118 142
118 1253
119 120
119 121
119 122
119 123
119 187
120 121
120 122
120 123
121 122
121 123
122 123
124 125
124 126
124 127
124 180
124 740
125 126
125 127
126 127
126 142
128 129
128 130
128 131
128 134
128 146
128 154
128 164
128 168
128 179
128 183
128 191
128 202
128 206
128 240
128 250
128 1252
129 130
129 131
129 135
129 146
129 155
129 165
129 169
129 184
129 191
129 196
129 203
129 207
129 240
129 241
129 250
129 251
130 131
132 133
132 134
132 135
132 136
132 137
132 138
132 139
132 140
132 455
132 456
132 920
132 921
133 134
133 135
133 136
133 137
133 138
133 139
133 140
133 455
133 456
134 135
134 136
134 137
134 138
134 139
134 140
134 183
134 323
134 880
135 136
135 137
135 138
135 139
135 140
135 142
135 184
136 137
136 138
136 139
136 140
137 138
137 139
137 140
138 139
138 140
138 183
139 140
139 183
140 603
140 604
141 142
141 143
141 144
141 145
141 176
141 244
141 291
141 296
141 301
141 303
141 324
141 483
141 608
141 946
141 1246
142 143
142 144
142 145
142 176
142 207
142 244
142 245
142 292
142 296
142 297
142 947
143 144
143 145
144 145
146 147
146 148
146 149
146 150
146 151
146 152
146 153
146 254
146 255
146 256
146 305
146 341
147 148
147 149
147 150
147 151
147 152
147 153
147 255
148 149
148 150
148 151
148 152
148 153
148 179
148 187
148 343
149 150
149 151
149 152
149 153
150 151
150 152
150 153
151 152
151 153
152 153
154 155
154 156
154 202
154 254
154 255
154 256
155 156
155 255
157 158
157 159
157 160
157 161
157 162
157 163
157 319
157 320
157 575
158 159
158 160
158 161
158 162
158 163
158 188
158 320
159 160
159 161
159 162
159 163
159 187
159 319
159 323
159 327
159 343
159 468
159 469
160 161
160 162
160 163
160 188
161 162
161 163
162 163
162 202
162 343
163 320
164 165
164 166
164 167
164 183
164 187
164 202
164 319
164 323
164 526
164 527
164 1252
165 166
165 167
165 184
165 188
165 198
165 288
165 320
165 324
165 469
165 1253
166 167
168 169
168 170
168 171
168 172
168 173
168 174
168 183
168 187
168 188
168 196
168 197
168 202
168 348
168 452
169 170
169 171
169 172
169 173
169 174
169 180
169 184
169 188
169 197
169 198
169 212
169 255
169 349
170 171
170 172
170 173
170 174
170 1254
171 172
171 173
171 174
172 173
172 174
173 174
174 183
174 184
175 176
175 177
175 178
175 196
176 177
176 178
176 180
176 188
176 197
176 198
176 475
177 178
179 180
179 181
179 182
179 183
179 186
179 191
179 192
179 196
179 225
179 296
179 724
180 181
180 182
180 184
180 186
180 188
180 193
180 197
180 198
180 221
180 288
180 297
180 304
180 320
180 464
180 475
180 604
181 182
183 184
183 185
183 186
183 187
183 188
183 189
183 190
183 196
183 197
183 249
183 314
183 319
183 336
183 478
183 683
183 920
183 946
183 1215
184 185
184 186
184 187
184 188
184 189
184 190
184 193
184 196
184 197
184 245
184 249
184 320
184 411
184 684
184 817
184 982
184 1214
185 186
185 187
185 188
185 189
185 190
186 187
186 188
186 189
186 190
186 191
186 198
186 475
187 188
187 189
187 190
187 192
187 196
187 197
187 274
187 315
187 319
187 348
187 358
187 369
187 400
187 478
187 612
187 616
187 810
188 189
188 190
188 192
188 193
188 196
188 197
188 198
188 221
188 315
188 320
188 348
188 349
188 394
188 479
189 190
191 192
191 196
191 198
191 203
191 221
191 229
191 239
192 193
192 194
192 195
192 196
192 197
192 198
192 314
193 194
193 195
193 197
193 342
193 495
194 195
196 197
196 198
196 199
196 200
196 201
196 202
196 222
196 250
196 254
196 348
197 198
197 199
197 200
197 201
197 203
197 222
197 223
197 249
197 251
197 255
197 810
198 199
198 200
198 201
199 200
199 201
200 201
202 203
202 204
202 205
202 206
202 207
202 211
202 212
202 215
202 232
202 244
202 254
202 305
202 348
202 810
202 860
202 861
202 966
202 1158
202 1159
202 1163
202 1166
203 204
203 205
203 206
203 207
203 212
203 216
203 233
203 244
203 245
203 254
203 255
203 349
203 1159
203 1163
204 205
206 207
206 208
206 209
206 210
206 211
206 212
206 215
206 225
206 234
206 240
206 241
206 244
207 208
207 209
207 210
207 211
207 212
207 215
207 216
207 225
207 226
207 235
207 241
208 209
208 210
209 210
211 212
211 213
211 214
211 215
211 216
211 225
211 228
211 244
211 254
211 256
211 264
211 305
211 668
211 796
212 213
212 214
212 226
212 228
212 244
212 254
212 255
212 284
212 349
212 669
212 797
213 214
213 305
214 232
215 216
215 217
215 218
215 219
215 220
215 225
215 226
215 228
215 229
215 239
215 254
215 317
215 327
215 341
215 787
215 810
216 217
216 218
216 219
216 220
216 226
216 228
216 255
216 304
216 318
216 356
217 218
217 219
217 220
217 232
217 920
218 219
218 220
219 220
221 222
221 223
221 224
221 233
221 349
221 356
222 223
222 224
222 301
222 343
223 224
223 469
225 226
225 227
225 228
225 229
225 230
225 231
225 232
225 249
225 250
226 227
226 228
226 229
226 230
226 231
226 249
226 250
226 251
226 1159
226 1166
227 228
227 229
227 230
227 231
228 229
228 230
228 231
228 245
228 305
228 452
228 929
229 230
229 231
229 255
229 288
229 930
230 231
232 233
232 325
232 330
233 325
233 326
233 549
234 235
234 236
234 237
234 238
234 239
234 250
235 236
235 237
235 238
235 239
235 245
235 249
235 251
236 237
236 238
236 239
237 238
237 239
238 239
239 255
240 241
240 242
240 243
240 250
240 319
240 323
240 1149
241 242
241 243
241 245
241 249
241 251
242 243
243 789
244 245
244 246
244 247
244 248
244 250
244 251
244 1252
245 246
245 247
245 248
245 249
245 251
245 255
245 288
245 1252
245 1253
245 1254
245 1286
245 1287
246 247
246 248
247 248
248 913
248 1253
249 250
249 251
249 252
249 253
249 280
249 283
250 251
250 252
250 253
250 280
250 283
250 287
250 1158
251 252
251 253
251 280
251 283
251 284
251 288
252 253
254 255
254 256
254 257
254 258
254 259
254 260
254 261
254 262
254 263
254 278
254 280
254 287
254 301
254 305
254 314
254 325
254 341
254 468
254 571
254 608
254 668
255 256
255 257
255 258
255 259
255 260
255 261
255 262
255 263
255 267
255 269
255 280
255 284
255 288
255 306
255 315
255 456
255 608
255 773
255 1287
256 257
256 258
256 259
256 260
256 261
256 262
256 263
256 287
256 305
256 314
256 319
256 323
256 327
256 341
256 343
256 406
256 463
257 258
257 259
257 260
257 261
257 262
257 263
257 288
257 798
258 259
258 260
258 261
258 262
258 263
259 260
259 261
259 262
259 263
260 261
260 262
260 263
261 262
261 263
262 263
264 265
264 266
264 267
264 268
264 463
265 266
265 267
265 268
265 362
266 267
266 268
267 268
267 1254
269 270
269 271
269 272
269 273
269 455
269 920
269 921
270 271
270 272
270 273
270 280
270 455
271 272
271 273
272 273
274 275
274 276
274 277
274 278
274 279
274 354
274 736
274 737
274 739
274 1010
275 276
275 277
275 278
275 279
276 277
276 278
276 279
277 278
277 279
278 279
278 305
278 455
278 456
278 920
278 921
279 455
279 456
279 921
280 281
280 282
280 283
280 284
280 287
280 288
280 301
280 302
280 305
280 306
280 314
280 315
280 320
280 376
280 377
280 464
281 282
283 284
283 285
283 286
283 287
283 288
283 305
283 306
283 323
283 325
283 699
283 702
284 285
284 286
284 288
284 306
284 475
285 286
287 288
287 289
287 290
287 301
287 305
287 306
287 312
287 314
287 325
287 327
287 341
287 348
287 354
287 358
287 376
287 423
287 463
287 468
287 648
288 289
288 290
288 301
288 302
288 306
288 315
288 320
288 324
288 326
288 328
288 331
288 342
288 355
288 356
288 359
288 424
288 456
288 469
288 489
288 1253
289 290
291 292
291 293
291 294
291 295
291 324
291 468
291 488
292 293
292 294
292 295
292 320
292 1163
293 294
293 295
294 295
296 297
296 298
296 299
296 300
296 301
296 319
296 323
296 324
296 453
297 298
297 299
297 300
297 320
297 324
297 475
298 299
298 300
299 300
301 302
301 303
301 304
301 305
301 314
301 319
301 324
301 325
301 332
301 463
301 464
301 468
302 303
302 304
302 315
302 324
302 456
303 304
305 306
305 307
305 308
305 309
305 310
305 311
305 312
305 313
305 314
305 348
305 376
305 454
305 608
305 907
306 307
306 308
306 309
306 310
306 311
306 312
306 313
306 315
306 326
306 342
306 363
306 376
306 377
306 456
306 908
307 308
307 309
307 310
307 311
307 312
307 313
307 359
307 363
308 309
308 310
308 311
308 312
308 313
309 310
309 311
309 312
309 313
310 311
310 312
310 313
311 312
311 313
312 313
312 343
313 455
314 315
314 316
314 319
314 325
314 327
314 341
314 343
314 348
314 352
314 452
314 463
314 468
314 474
314 596
314 661
314 1208
315 316
315 320
315 324
315 326
315 331
315 342
315 365
315 366
315 411
315 456
315 464
315 469
315 479
315 484
317 318
317 324
317 1139
318 324
318 475
318 593
318 1140
319 320
319 321
319 322
319 323
319 325
319 327
319 331
319 341
319 343
319 348
319 349
319 354
319 358
319 362
319 463
319 468
319 474
320 321
320 322
320 324
320 325
320 326
320 328
320 331
320 337
320 341
320 342
320 349
320 355
320 359
320 411
320 456
320 464
320 469
320 472
320 475
321 322
323 324
323 325
323 326
323 327
323 333
323 343
323 362
323 380
323 463
323 468
324 326
324 328
324 331
324 342
324 359
324 366
324 464
324 469
324 475
324 1166
325 326
325 327
325 328
325 329
325 330
325 341
325 348
325 354
325 396
325 463
325 467
325 468
325 472
325 488
325 654
326 327
326 328
326 329
326 330
326 331
326 355
326 356
326 359
326 405
326 464
326 468
326 469
326 472
326 473
327 328
327 329
327 330
327 331
327 343
327 354
327 358
327 362
327 453
327 463
327 467
327 468
328 329
328 330
328 349
328 463
328 469
329 330
331 332
331 333
331 334
331 335
331 336
331 342
331 344
331 348
331 355
331 359
331 407
331 456
331 460
331 464
331 468
331 469
332 333
332 334
332 335
332 463
333 334
333 335
334 335
336 337
336 338
336 339
336 340
336 342
336 343
336 348
336 349
336 362
336 463
336 464
336 468
337 338
337 339
337 340
337 342
337 349
337 356
337 463
337 464
338 339
338 340
339 340
341 342
341 343
341 344
341 345
341 346
341 347
341 348
341 349
341 356
341 358
341 362
341 459
341 463
341 464
341 468
341 488
341 734
342 343
342 344
342 345
342 346
342 347
342 348
342 349
342 366
342 460
342 464
342 467
342 469
342 475
342 516
343 344
343 345
343 346
343 347
343 348
343 349
343 358
343 362
343 365
343 459
343 463
343 467
343 468
343 474
344 345
344 346
344 347
344 349
344 464
345 346
345 347
346 347
348 349
348 350
348 351
348 352
348 354
348 358
348 365
348 452
348 459
348 463
348 468
348 475
348 478
348 488
348 708
348 1227
349 350
349 351
349 352
349 354
349 355
349 356
349 358
349 359
349 460
349 464
349 467
349 468
349 469
349 475
349 479
349 484
349 489
349 490
349 1228
350 351
350 352
350 355
351 352
352 356
353 354
354 355
354 356
354 357
354 358
354 362
354 459
354 463
354 468
354 488
354 730
355 356
355 357
355 359
355 363
355 374
355 439
355 442
355 443
355 464
355 469
355 489
356 357
356 359
356 363
356 460
356 467
356 469
356 479
356 483
356 549
358 359
358 360
358 361
358 362
358 363
358 365
358 366
358 369
358 370
358 373
358 447
358 459
358 463
358 468
358 478
358 483
358 488
358 606
359 360
359 361
359 363
359 365
359 366
359 369
359 370
359 373
359 374
359 464
359 469
360 361
362 363
362 364
362 365
362 369
362 373
362 452
362 463
362 468
362 478
362 488
362 489
362 490
362 578
362 627
363 364
363 365
363 366
363 369
363 370
363 373
363 374
363 388
363 464
363 469
363 479
363 1190
365 366
365 367
365 368
365 488
365 489
365 490
366 367
366 368
367 368
369 370
369 371
369 372
369 373
369 488
369 489
369 490
370 371
370 372
370 373
370 489
370 490
370 917
371 372
371 373
372 373
372 1150
374 375
374 455
376 377
376 378
376 379
376 380
376 381
376 382
376 383
376 384
376 385
376 386
376 387
376 488
377 378
377 379
377 380
377 381
377 382
377 383
377 384
377 385
377 386
377 387
377 489
377 490
378 379
378 380
378 381
378 382
378 383
378 384
378 385
378 386
378 387
379 380
379 381
379 382
379 383
379 384
379 385
379 386
379 387
380 381
380 382
380 383
380 384
380 385
380 386
380 387
381 382
381 383
381 384
381 385
381 386
381 387
382 383
382 384
382 385
382 386
382 387
383 384
383 385
383 386
383 387
384 385
384 386
384 387
385 386
385 387
386 387
388 389
388 390
388 391
388 392
388 475
389 390
389 391
389 392
390 391
390 392
391 392
393 394
393 395
394 395
394 469
396 397
396 398
396 399
396 404
396 406
396 407
396 410
396 411
396 418
396 455
396 468
396 608
396 689
396 856
396 936
397 398
397 399
397 404
397 405
397 406
397 407
397 410
397 411
397 435
397 454
397 455
397 456
397 469
397 853
397 856
397 857
397 860
397 937
398 399
400 401
400 402
400 403
400 404
400 405
400 407
400 455
400 734
400 981
400 985
401 402
401 403
401 407
401 440
401 511
401 735
402 403
404 405
404 406
404 407
404 408
404 409
404 410
404 411
404 453
404 456
404 608
404 610
404 852
404 856
404 860
404 903
405 406
405 407
405 408
405 409
405 410
405 411
405 448
405 453
405 455
405 456
405 468
405 527
405 549
405 584
405 609
405 611
405 697
405 846
405 853
405 857
405 860
405 1182
406 407
406 408
406 409
406 410
406 455
406 625
406 662
406 674
406 697
406 845
406 852
406 856
406 860
406 1074
407 408
407 409
407 410
407 411
407 453
407 597
407 604
407 609
407 611
407 697
407 720
407 817
407 853
407 857
407 860
408 409
410 411
410 418
410 423
410 434
410 596
410 603
410 625
410 697
410 796
410 841
410 852
410 860
410 963
410 1003
410 1102
410 1124
410 1246
411 424
411 456
411 584
411 597
411 604
411 697
411 842
411 856
411 857
411 860
411 872
411 1103
411 1247
412 413
412 414
412 415
412 418
412 423
412 424
412 674
412 740
412 754
413 414
413 415
413 419
413 423
413 424
413 675
414 415
416 417
416 1220
417 418
417 419
417 423
417 424
418 419
418 420
418 421
418 422
418 423
418 424
418 431
418 434
418 463
418 557
418 724
418 805
419 420
419 421
419 422
419 424
419 431
419 443
419 464
419 549
419 705
420 421
420 422
421 422
423 424
423 425
423 442
423 491
423 522
423 588
423 1202
424 425
424 442
424 443
424 491
424 588
424 589
424 684
424 1203
426 427
426 428
426 429
426 430
426 740
426 741
427 428
427 429
427 430
428 429
428 430
429 430
431 432
431 433
431 740
431 741
432 433
434 435
434 436
434 437
434 438
434 439
434 440
434 441
434 442
434 452
434 454
434 510
434 515
434 517
434 522
434 668
434 693
434 1023
434 1212
434 1215
435 436
435 437
435 438
435 439
435 440
435 441
435 443
435 448
435 464
435 511
435 515
435 516
435 518
435 523
435 527
435 668
435 669
435 736
435 1214
436 437
436 438
436 439
436 440
436 441
437 438
437 439
437 440
437 441
438 439
438 440
438 441
438 536
439 440
439 441
439 443
439 448
439 455
439 494
439 511
439 514
439 515
439 516
439 522
439 523
439 545
439 593
439 720
439 736
439 885
439 886
439 890
439 907
440 441
440 448
440 511
440 515
440 516
440 517
440 522
440 775
440 789
440 887
440 890
440 891
442 443
442 444
442 445
442 446
442 522
442 724
443 444
443 445
443 446
443 523
443 604
443 613
443 725
443 785
444 445
444 446
445 446
447 448
447 449
447 452
447 453
447 454
447 463
447 510
447 531
447 596
447 604
447 662
447 689
447 796
447 820
447 845
447 860
447 864
447 866
447 871
447 977
447 978
448 449
448 450
448 453
448 455
448 511
448 516
448 518
448 866
448 978
448 1083
450 451
450 455
451 468
452 453
452 454
452 471
452 593
452 597
452 720
452 725
452 730
452 731
452 779
452 783
452 791
452 885
452 919
453 454
453 455
453 456
453 464
453 469
453 593
453 779
453 780
453 785
453 792
453 886
453 917
454 455
454 456
454 457
454 458
455 456
455 457
455 458
455 469
455 472
455 921
456 457
456 458
456 469
456 475
456 479
456 484
456 800
457 458
459 460
459 461
459 462
459 488
460 461
460 462
460 464
461 462
463 464
463 465
463 466
463 467
463 468
463 483
463 488
463 1244
463 1252
464 465
464 466
464 467
464 468
464 469
464 483
464 484
464 490
465 466
465 467
466 467
468 469
468 470
468 471
468 472
468 473
468 478
468 583
468 1009
468 1128
468 1169
469 470
469 471
469 472
469 475
469 479
469 516
469 523
469 579
469 593
469 611
470 471
470 472
471 472
474 475
474 476
474 477
474 488
474 985
474 1158
474 1159
475 476
475 477
475 489
475 490
475 937
475 1163
476 477
478 479
478 480
478 481
478 482
478 488
479 480
479 481
479 482
479 489
479 490
479 1163
479 1253
479 1254
480 481
480 482
481 482
483 484
483 485
483 486
483 487
483 488
483 610
484 485
484 486
484 487
484 489
484 490
485 486
485 487
486 487
488 489
488 490
488 553
488 702
488 860
488 864
489 490
489 593
489 725
489 894
490 756
490 895
491 492
491 494
491 495
492 575
493 494
493 495
493 496
493 497
494 495
494 496
494 497
494 499
494 511
494 639
494 736
494 741
494 749
494 762
495 496
495 497
495 499
495 511
495 630
495 739
495 741
495 746
495 749
495 750
495 759
495 763
495 933
496 497
498 499
498 500
498 501
498 502
498 503
498 504
498 505
498 740
498 754
499 500
499 501
499 502
499 503
499 504
499 505
499 736
499 737
499 739
499 741
499 755
499 890
500 501
500 502
500 503
500 504
500 505
501 502
501 503
501 504
501 505
501 968
502 503
502 504
502 505
503 504
503 505
504 505
506 507
506 508
506 509
506 510
506 511
506 724
506 734
506 754
506 787
507 508
507 509
507 511
507 518
507 725
507 735
507 736
507 737
507 739
507 741
507 755
507 785
507 786
507 789
507 790
508 509
510 511
510 512
510 513
510 514
510 515
510 517
510 522
510 526
510 662
510 730
510 740
510 754
510 1202
510 1214
510 1215
511 512
511 513
511 514
511 518
511 523
511 730
511 731
511 734
511 736
511 739
511 741
511 755
511 1214
512 513
512 514
513 514
514 734
514 735
515 516
515 517
515 518
515 522
515 523
515 787
515 1212
515 1213
515 1214
515 1217
516 518
516 523
516 736
516 737
516 739
516 1214
516 1217
517 518
517 519
517 520
517 521
517 522
517 523
517 526
517 662
517 674
517 1212
517 1217
517 1268
518 519
518 520
518 521
518 522
518 523
518 663
518 1083
518 1212
518 1217
519 520
519 521
520 521
522 523
522 524
522 525
522 526
522 719
522 724
522 745
522 981
522 1212
522 1213
522 1214
522 1215
522 1217
523 524
523 525
523 527
523 731
523 736
523 741
523 982
523 1213
523 1214
523 1215
524 525
526 527
526 528
526 529
526 530
526 536
526 538
526 544
526 545
526 548
526 553
526 557
526 560
526 575
526 588
526 603
526 724
526 805
526 1009
526 1062
526 1291
527 528
527 529
527 530
527 544
527 545
527 549
527 554
527 558
527 572
528 529
530 531
530 532
530 533
530 534
530 535
530 545
531 532
531 533
531 534
531 535
532 533
532 534
532 535
533 534
533 535
534 535
536 537
536 538
536 544
536 548
536 553
536 560
536 573
536 583
536 588
536 600
536 981
536 982
536 992
537 545
537 549
537 553
537 554
537 572
537 573
537 574
537 579
537 584
537 589
537 699
537 705
537 714
537 982
538 539
538 540
538 541
538 542
538 543
538 544
538 553
538 573
539 540
539 541
539 542
539 543
539 574
539 584
540 541
540 542
540 543
540 557
540 1166
541 542
541 543
542 543
544 545
544 546
544 547
544 548
544 553
544 554
544 557
544 558
544 560
544 561
544 573
544 574
544 575
544 578
544 583
544 588
544 603
544 702
544 971
544 981
545 546
545 547
545 549
545 553
545 554
545 558
545 561
545 576
545 583
545 584
545 588
545 589
545 699
546 547
546 1166
548 549
548 550
548 551
548 552
548 553
548 557
548 560
548 571
548 573
548 575
548 588
548 591
548 1158
548 1202
549 550
549 551
549 552
549 553
549 554
549 561
549 572
549 584
549 705
549 1202
549 1203
550 551
550 552
551 552
551 557
553 554
553 555
553 556
553 557
553 558
553 559
553 560
553 561
553 562
553 563
553 564
553 565
553 568
553 571
553 573
553 578
553 583
553 584
553 588
553 589
553 590
553 596
553 848
553 925
553 981
553 1021
554 555
554 556
554 557
554 558
554 559
554 560
554 561
554 562
554 563
554 564
554 565
554 572
554 574
554 578
554 579
554 583
554 584
554 588
554 589
554 590
554 699
554 710
555 556
555 557
555 558
555 559
555 560
555 561
555 562
555 563
555 564
555 565
556 557
556 558
556 559
556 560
556 561
556 562
556 563
556 564
556 565
557 558
557 559
557 560
557 561
557 562
557 563
557 564
557 565
557 566
557 571
557 575
557 578
557 583
557 588
557 589
557 591
557 592
557 785
557 787
557 1069
558 559
558 560
558 561
558 562
558 563
558 564
558 565
558 569
558 572
558 576
558 578
558 579
558 583
558 584
558 588
558 589
558 590
559 560
559 561
559 562
559 563
559 564
559 565
560 561
560 562
560 563
560 564
560 565
560 568
560 575
560 578
560 583
560 588
560 591
560 670
561 562
561 563
561 564
561 565
561 569
561 572
561 576
561 578
561 583
561 584
561 588
561 589
561 671
562 563
562 564
562 565
563 564
563 565
564 565
566 567
566 583
566 698
567 703
568 569
568 570
568 575
568 583
568 588
569 570
569 574
569 576
569 589
569 590
571 572
572 574
572 576
572 589
572 699
573 574
573 575
573 576
573 577
573 578
573 583
573 588
573 589
573 698
573 699
573 703
573 704
573 708
573 734
573 860
574 575
574 576
574 577
574 579
574 583
574 584
574 588
574 589
574 593
574 699
574 705
574 708
575 576
575 577
575 583
575 588
575 591
575 594
575 697
575 708
575 946
575 976
575 1227
576 577
576 579
576 583
576 584
576 589
576 590
576 697
576 739
576 790
576 1228
578 579
578 580
578 581
578 582
578 583
578 584
578 588
578 589
578 590
578 698
578 702
578 801
579 580
579 581
579 582
579 584
579 588
579 589
579 590
579 703
580 581
580 582
581 582
583 584
583 585
583 586
583 587
583 588
583 589
583 603
583 662
583 698
583 704
583 708
583 713
584 585
584 586
584 587
584 588
584 589
584 597
584 609
584 616
584 639
584 694
584 699
584 703
584 708
584 735
585 586
585 587
586 587
588 589
588 590
588 591
588 592
588 638
588 704
588 713
588 801
588 841
588 1179
588 1246
588 1252
589 590
589 591
589 592
589 593
589 699
589 705
589 1179
590 591
590 592
590 671
590 705
590 1179
590 1181
590 1182
591 592
593 594
593 595
593 597
593 603
593 604
593 610
593 611
593 612
593 613
593 662
593 663
593 694
593 904
594 595
594 1220
596 597
596 598
596 599
596 600
596 601
596 602
596 603
596 610
596 612
596 616
596 627
596 632
596 698
597 598
597 599
597 600
597 601
597 602
597 604
597 611
597 613
597 626
597 644
597 690
597 692
597 875
598 599
598 600
598 601
598 602
598 1251
599 600
599 601
599 602
600 601
600 602
600 603
600 604
600 689
600 690
600 691
600 692
600 698
600 702
600 860
600 874
600 916
600 1052
601 602
601 603
601 690
601 692
601 703
603 604
603 605
603 606
603 607
603 608
603 609
603 610
603 612
603 616
603 625
603 632
603 637
603 683
603 689
603 738
603 796
603 801
603 841
603 880
603 946
603 998
603 1049
603 1053
603 1110
603 1192
604 605
604 606
604 607
604 608
604 609
604 611
604 613
604 626
604 644
604 671
604 683
604 689
604 872
604 875
604 997
604 1012
604 1193
604 1209
604 1238
604 1239
604 1253
605 606
605 607
605 608
605 609
606 607
606 608
606 609
606 1149
607 608
607 609
608 609
608 610
608 689
608 690
608 691
608 692
608 1052
608 1082
609 611
609 613
609 625
609 690
609 692
610 611
610 612
610 613
610 614
610 615
610 616
610 617
610 618
610 619
610 625
610 662
610 719
610 730
610 796
610 815
610 841
610 845
610 846
610 878
610 879
610 880
610 881
610 993
610 1110
611 612
611 613
611 614
611 615
611 616
611 617
611 618
611 619
611 644
611 651
611 662
611 663
611 815
611 817
611 846
611 881
611 978
611 993
612 613
612 614
612 615
612 616
612 617
612 618
612 619
612 625
612 627
612 632
612 646
612 650
612 662
612 685
612 810
612 878
612 993
612 1102
612 1163
613 614
613 615
613 616
613 617
613 618
613 619
613 626
613 633
613 647
613 663
613 993
613 1163
614 615
614 616
614 617
614 618
614 619
615 616
615 617
615 618
615 619
616 617
616 618
616 619
616 625
616 779
616 782
616 878
616 993
616 1082
616 1158
616 1159
617 618
617 619
618 619
620 621
620 622
620 623
620 624
621 622
621 623
621 624
621 829
621 914
621 994
622 623
622 624
623 624
625 626
625 627
625 650
625 653
625 657
625 659
625 662
625 702
625 946
625 1106
626 628
626 630
626 633
626 644
626 647
626 651
626 653
626 658
626 660
626 1106
626 1107
627 628
627 629
627 630
627 631
627 632
627 638
627 644
627 648
627 650
627 674
627 939
627 976
627 1062
627 1068
627 1212
627 1223
628 629
628 630
628 631
628 633
628 639
628 641
628 644
628 651
628 663
628 674
628 675
628 681
628 786
628 939
628 940
628 1048
628 1063
628 1065
628 1298
629 630
629 631
629 644
630 631
630 635
630 641
630 644
630 648
630 651
630 653
630 790
630 939
630 940
630 976
630 1048
632 633
632 634
632 635
632 636
632 637
632 638
632 640
632 702
632 837
632 871
632 939
632 963
632 971
632 996
632 1010
632 1012
632 1031
632 1145
632 1146
632 1158
633 634
633 635
633 636
633 637
633 639
633 641
633 644
633 647
633 663
633 737
633 806
633 837
633 838
633 839
633 872
633 964
633 997
633 1011
633 1012
633 1035
633 1146
633 1159
634 635
634 636
634 637
635 636
635 637
635 638
636 637
638 639
638 640
638 641
638 642
638 643
638 644
638 645
638 650
638 771
638 801
638 929
638 936
638 939
638 985
638 1013
639 640
639 641
639 642
639 643
639 644
639 647
639 650
639 749
639 771
639 940
640 641
640 642
640 643
641 642
641 643
641 644
641 647
641 771
641 790
641 934
642 643
644 645
644 660
644 940
644 971
644 1220
646 647
646 648
646 649
647 648
647 649
648 649
650 651
650 652
650 653
650 1021
650 1024
651 652
651 653
651 1022
651 1024
652 653
653 1024
654 655
654 656
654 860
655 656
657 658
659 660
659 661
659 1062
659 1063
659 1065
660 661
660 1063
660 1065
661 1227
661 1228
662 663
662 664
662 665
662 666
662 667
662 674
662 691
662 816
662 1082
662 1149
662 1150
662 1212
663 664
663 665
663 666
663 667
663 675
663 681
663 690
663 817
663 926
663 999
663 1150
663 1213
663 1217
664 665
664 666
664 667
665 666
665 667
666 667
666 698
666 702
666 1149
667 702
667 703
668 669
668 670
668 671
668 672
668 673
668 689
668 824
668 829
668 1095
669 670
669 671
669 672
669 673
670 671
670 672
670 673
670 1239
670 1240
671 672
671 673
671 690
671 821
671 825
671 1239
671 1240
672 673
674 675
674 676
674 677
674 678
674 679
674 680
674 681
674 682
674 1128
674 1212
675 676
675 677
675 678
675 679
675 680
675 681
675 682
675 849
675 1129
675 1213
676 677
676 678
676 679
676 680
676 681
676 682
677 678
677 679
677 680
677 681
677 682
678 679
678 680
678 681
678 682
679 680
679 681
679 682
679 1116
680 681
680 682
681 682
681 865
681 872
683 684
683 689
683 690
683 692
683 698
683 703
683 878
685 686
685 687
685 688
686 687
686 688
687 688
689 690
689 691
689 692
689 693
689 702
689 810
689 852
689 860
689 883
689 954
689 963
689 1037
689 1208
690 691
690 692
690 693
690 862
690 1209
691 692
691 693
691 702
691 812
691 816
691 848
691 864
691 867
691 871
691 1010
692 693
692 1283
694 695
694 696
694 699
695 696
697 829
697 989
697 990
697 1197
698 699
698 700
698 701
698 702
698 703
698 708
698 721
699 700
699 701
699 702
699 703
699 705
700 701
700 702
700 703
701 702
701 703
702 703
702 708
702 724
702 734
702 740
703 708
704 705
704 706
704 707
704 801
705 706
705 707
706 707
706 775
708 709
708 710
708 711
708 712
709 710
709 711
709 712
710 711
710 712
711 712
713 714
713 715
713 716
713 717
713 718
714 715
714 716
714 717
714 718
715 716
715 717
715 718
716 717
716 718
717 718
719 720
719 721
719 722
719 723
719 724
719 725
719 734
719 1149
719 1192
720 721
720 722
720 723
720 735
720 890
720 1193
721 722
721 723
722 723
724 725
724 726
724 727
724 728
724 729
724 734
724 796
724 893
725 726
725 727
725 728
725 729
725 735
725 736
725 741
726 727
726 728
726 729
726 1166
727 728
727 729
728 729
728 734
729 739
730 731
730 732
730 733
730 734
731 732
731 733
731 735
731 736
731 737
731 741
732 733
734 735
734 736
735 736
736 737
736 738
736 739
736 741
736 746
736 755
737 738
737 739
737 746
737 1083
738 739
739 746
739 763
739 790
740 741
740 742
740 743
740 744
740 985
741 742
741 743
741 744
741 746
742 743
742 744
743 744
745 746
745 747
745 748
746 747
746 748
747 748
749 750
749 751
749 752
749 753
749 754
749 755
750 751
750 752
750 753
750 755
751 752
751 753
752 753
754 755
754 756
754 757
754 874
754 893
754 985
755 756
755 757
755 875
755 891
755 894
755 986
756 757
758 759
758 760
758 761
758 762
758 763
758 764
759 760
759 761
759 762
759 763
759 764
760 761
760 762
760 763
760 764
761 762
761 763
761 764
762 763
762 764
763 764
765 766
765 767
765 768
765 769
765 770
765 771
765 772
766 767
766 768
766 769
766 770
766 771
766 772
767 768
767 769
767 770
767 771
767 772
768 769
768 770
768 771
768 772
769 770
769 771
769 772
770 771
770 772
771 772
773 774
773 775
773 776
773 777
773 778
773 785
773 786
773 789
773 790
773 792
773 802
773 806
773 879
773 893
773 1012
774 775
774 776
774 777
774 778
775 776
775 777
775 778
775 785
775 789
775 792
775 802
775 806
775 893
776 777
776 778
777 778
779 780
779 781
779 782
779 783
779 784
779 792
779 885
780 781
780 782
780 783
780 784
780 786
780 792
780 885
780 886
780 887
781 782
781 783
781 784
781 887
782 783
782 784
783 784
783 886
783 887
785 786
785 787
785 788
785 789
785 790
785 792
785 802
785 886
785 894
785 897
785 898
785 916
785 917
785 930
785 986
785 1170
786 787
786 788
786 789
786 790
786 791
786 792
786 894
786 897
786 986
786 999
787 788
787 789
787 790
787 791
787 864
787 874
787 897
787 985
787 1082
787 1246
788 789
788 790
789 790
789 791
789 792
789 897
789 999
789 1017
790 792
790 887
790 894
790 897
790 898
790 934
790 986
790 999
790 1210
791 792
791 793
791 794
791 795
792 793
792 794
792 795
792 797
792 802
792 872
792 964
792 969
792 986
792 994
793 794
793 795
794 795
796 797
796 798
796 799
796 800
796 801
796 810
796 816
796 841
796 874
796 880
796 916
796 936
796 954
796 963
796 981
796 1013
796 1021
796 1082
797 798
797 799
797 800
797 802
797 806
797 813
797 817
797 868
797 870
797 872
797 875
797 879
797 881
797 964
797 978
798 799
798 800
798 802
798 806
798 813
798 817
798 870
798 872
798 875
798 879
798 978
798 1221
799 800
799 806
799 813
799 817
799 865
799 872
799 875
799 879
799 978
801 802
801 803
801 804
801 805
801 871
801 874
801 875
802 803
802 804
802 806
802 809
802 811
802 813
802 872
802 875
802 879
802 881
802 1247
802 1251
803 804
804 910
804 916
804 1149
805 806
805 807
805 808
805 809
805 810
805 874
805 875
805 878
805 880
805 1227
806 807
806 808
806 809
806 811
806 813
806 875
806 881
806 1228
807 808
807 809
808 809
809 879
810 811
810 812
810 813
810 814
810 815
810 874
810 878
810 885
810 936
810 954
810 1013
811 812
811 813
811 814
811 815
811 817
811 821
811 825
811 868
811 870
811 875
811 879
811 964
811 978
812 813
812 814
812 815
812 816
812 820
812 824
812 874
812 916
812 963
812 1010
813 814
813 815
813 816
813 817
813 821
813 825
813 868
813 875
813 879
813 881
814 815
816 817
816 818
816 819
816 820
816 824
816 867
816 874
816 880
816 1010
816 1013
817 818
817 819
817 821
817 825
817 868
817 875
817 879
817 881
818 819
820 821
820 822
820 823
820 824
820 825
820 841
820 845
820 864
820 871
821 822
821 823
821 824
821 825
821 829
821 842
821 845
821 846
821 849
821 862
821 865
821 868
822 823
823 1062
824 825
824 826
824 827
824 841
824 848
824 864
824 867
824 871
824 1021
824 1102
825 826
825 827
825 829
825 842
825 846
825 849
825 865
825 868
826 827
828 829
828 830
828 831
828 832
829 830
829 831
829 832
829 865
829 1030
829 1059
829 1060
830 831
830 832
831 832
833 834
833 841
833 842
833 860
833 914
833 916
833 936
833 937
834 842
834 865
834 879
834 881
835 836
835 841
835 861
835 936
835 1010
837 838
837 839
837 840
838 839
838 840
839 840
841 842
841 843
841 844
841 845
841 864
841 910
841 913
841 914
841 936
841 937
841 954
841 957
841 1246
842 843
842 844
842 845
842 846
842 849
842 865
842 955
842 1060
842 1247
842 1251
843 844
845 846
845 847
845 878
845 903
845 1042
845 1059
845 1246
846 847
846 857
846 865
846 878
846 879
846 1060
848 849
848 850
848 851
848 910
848 1003
848 1149
849 850
849 851
850 851
852 853
852 854
852 855
852 860
852 861
852 862
853 854
853 855
853 862
854 855
856 857
856 858
856 859
856 860
856 861
856 862
856 985
857 858
857 859
857 862
857 985
857 986
858 859
860 861
860 862
860 863
860 1009
860 1037
860 1202
860 1233
861 862
861 863
861 871
861 903
861 968
861 976
861 998
861 1009
861 1027
861 1220
862 863
862 865
864 865
864 871
864 874
864 880
864 936
864 946
864 968
864 1003
864 1010
864 1016
865 872
865 879
865 881
865 914
865 937
865 946
865 959
865 978
865 999
867 868
867 869
867 870
867 874
867 880
867 916
867 963
867 1010
868 869
868 870
868 875
868 881
869 870
870 878
871 872
871 873
871 874
871 880
871 916
871 963
871 1010
872 873
872 875
872 879
872 880
872 881
872 994
872 1012
874 875
874 876
874 877
874 878
874 880
874 893
874 946
874 1052
874 1082
874 1227
875 876
875 877
875 879
875 881
875 978
875 1012
875 1228
876 877
878 879
878 880
878 881
878 882
878 977
878 1052
879 880
879 881
879 882
880 881
880 882
880 977
880 996
881 882
883 884
884 989
884 999
884 1010
884 1011
884 1012
885 886
885 887
885 888
885 889
885 890
885 891
885 907
885 1013
886 887
886 888
886 889
886 890
886 891
886 908
886 917
887 888
887 889
887 890
887 891
887 895
887 934
888 889
889 891
890 891
890 892
890 963
890 1144
891 892
893 894
893 895
893 896
894 895
894 896
895 896
895 934
895 1251
897 898
897 899
897 900
897 901
897 902
898 899
898 900
898 901
898 902
899 900
899 901
899 902
900 901
900 902
901 902
903 904
903 905
903 906
903 932
903 985
904 905
904 906
905 906
907 908
907 909
907 985
908 909
908 917
908 986
910 911
910 912
910 913
910 914
910 915
910 946
910 966
910 992
910 993
910 1225
910 1227
911 912
911 913
911 914
911 915
911 967
912 913
912 914
912 915
913 914
913 915
913 947
913 967
913 994
913 1041
913 1166
914 915
914 940
914 947
914 967
914 1044
914 1221
914 1226
916 917
916 918
916 919
916 936
916 981
916 985
917 918
917 919
918 919
920 921
920 922
920 923
920 924
920 925
920 929
920 932
921 922
921 923
921 924
921 926
921 930
921 933
921 937
921 947
921 1283
922 923
922 924
923 924
923 1240
925 926
925 927
925 928
925 929
925 932
925 936
925 1009
926 927
926 928
926 930
926 933
926 937
926 1163
926 1166
927 928
927 1166
929 930
929 931
929 932
929 936
929 1009
930 931
930 937
932 933
932 934
932 935
932 936
932 946
932 958
932 959
932 963
932 1110
933 934
933 935
933 937
933 947
933 952
933 955
933 961
933 990
933 1283
934 935
934 959
936 937
936 938
936 939
936 946
936 954
936 1003
936 1013
936 1021
936 1231
937 938
937 940
937 947
937 955
937 990
937 1232
937 1283
939 940
939 941
939 942
940 941
940 942
940 947
940 952
940 989
940 990
941 942
941 1190
943 944
943 945
943 1010
943 1220
944 945
944 964
944 982
944 1011
944 1012
944 1054
944 1166
946 947
946 948
946 949
946 950
946 951
946 952
946 953
946 954
946 955
946 962
946 1092
947 948
947 949
947 950
947 951
947 952
947 953
947 954
947 955
947 959
947 961
947 986
947 989
947 990
948 949
948 950
948 951
948 952
948 953
949 950
949 951
949 952
949 953
950 951
950 952
950 953
951 952
951 953
952 953
952 954
952 955
952 959
952 961
954 955
954 956
954 957
954 958
954 961
954 1003
954 1013
954 1238
954 1239
955 956
955 957
955 959
955 961
955 978
955 1239
956 957
958 959
958 960
959 960
959 964
959 1011
961 962
961 967
963 964
963 965
963 966
963 967
963 968
963 981
963 985
963 996
963 1010
963 1011
963 1012
963 1021
964 965
964 966
964 967
964 994
964 997
964 1011
964 1012
964 1022
964 1024
964 1048
966 967
966 968
966 969
966 970
966 993
966 996
966 1003
966 1013
966 1021
966 1086
966 1179
967 968
967 969
967 970
967 978
967 994
967 997
967 1004
968 969
968 970
968 977
968 993
968 996
968 1009
968 1013
968 1068
969 970
969 1163
971 972
971 973
971 974
971 975
971 976
971 1220
971 1221
972 973
972 974
972 975
972 976
972 1221
973 974
973 975
973 976
973 993
973 1229
973 1231
974 975
974 976
974 994
974 1232
975 976
976 1229
977 978
977 979
977 980
977 1003
977 1021
977 1110
977 1111
978 979
978 980
978 994
978 1004
978 1011
978 1012
978 1111
978 1163
979 980
979 993
981 982
981 983
981 984
981 985
982 983
982 984
982 986
982 989
982 990
983 984
984 990
985 986
985 987
985 988
985 989
985 992
985 1150
985 1246
986 987
986 988
986 989
986 990
986 992
986 1247
986 1251
987 988
989 990
989 991
989 1123
989 1131
990 991
990 1123
992 1246
993 994
993 995
993 996
993 1003
993 1009
994 995
994 999
994 1004
996 997
996 998
997 998
997 999
997 1004
997 1011
997 1012
999 1000
999 1001
999 1002
999 1003
999 1004
999 1012
1000 1001
1000 1002
1000 1166
1001 1002
1003 1004
1003 1005
1003 1006
1003 1021
1004 1005
1004 1006
1004 1007
1005 1006
1007 1008
1007 1009
1008 1009
1009 1163
1009 1166
1010 1011
1010 1012
1010 1049
1011 1012
1012 1022
1012 1024
1013 1014
1013 1015
1013 1016
1013 1017
1013 1018
1013 1019
1013 1020
1013 1021
1013 1022
1013 1024
1013 1062
1013 1063
1013 1065
1014 1015
1014 1016
1014 1017
1014 1018
1014 1019
1014 1020
1014 1022
1014 1024
1014 1065
1015 1016
1015 1017
1015 1018
1015 1019
1015 1020
1016 1017
1016 1018
1016 1019
1016 1020
1017 1018
1017 1019
1017 1020
1018 1019
1018 1020
1019 1020
1021 1022
1021 1023
1021 1024
1021 1025
1021 1031
1021 1062
1022 1023
1022 1024
1022 1025
1022 1026
1022 1032
1023 1024
1024 1025
1024 1026
1024 1032
1025 1026
1025 1027
1025 1028
1025 1062
1025 1063
1025 1065
1026 1027
1026 1028
1026 1065
1026 1238
1027 1028
1029 1030
1029 1031
1029 1032
1029 1033
1029 1034
1030 1031
1030 1032
1030 1033
1030 1034
1031 1032
1031 1033
1031 1034
1032 1033
1032 1034
1033 1034
1035 1036
1037 1038
1037 1039
1038 1039
1040 1041
1040 1042
1040 1043
1040 1044
1040 1045
1040 1046
1040 1058
1041 1042
1041 1043
1041 1044
1041 1045
1041 1046
1041 1058
1042 1043
1042 1044
1042 1045
1042 1046
1043 1044
1043 1045
1043 1046
1043 1232
1044 1045
1044 1046
1045 1046
1047 1048
1047 1049
1047 1050
1047 1051
1047 1052
1047 1053
1047 1054
1047 1058
1047 1229
1047 1231
1047 1232
1048 1049
1048 1050
1048 1051
1048 1054
1048 1232
1049 1050
1049 1051
1049 1053
1050 1051
1052 1053
1052 1054
1052 1055
1052 1056
1052 1082
1052 1227
1052 1233
1052 1279
1053 1054
1053 1055
1053 1056
1053 1281
1054 1055
1054 1056
1054 1057
1054 1083
1054 1239
1054 1280
1056 1057
1056 1058
1057 1058
1058 1227
1059 1060
1059 1061
1059 1229
1060 1061
1060 1062
1060 1063
1060 1229
1060 1232
1062 1063
1062 1064
1062 1065
1062 1066
1062 1082
1062 1112
1062 1134
1062 1227
1063 1064
1063 1065
1063 1066
1063 1067
1063 1113
1063 1135
1063 1228
1064 1065
1064 1066
1065 1066
1065 1113
1067 1068
1067 1069
1068 1069
1070 1071
1070 1072
1070 1073
1071 1072
1071 1073
1072 1073
1074 1075
1074 1076
1074 1077
1074 1078
1074 1082
1074 1149
1075 1076
1075 1077
1075 1078
1075 1083
1075 1213
1076 1077
1076 1078
1077 1078
1079 1080
1079 1081
1079 1082
1079 1083
1080 1081
1080 1082
1080 1083
1082 1083
1082 1084
1082 1085
1082 1086
1082 1095
1082 1106
1082 1149
1082 1150
1082 1157
1082 1208
1082 1212
1082 1220
1082 1225
1082 1271
1083 1084
1083 1085
1083 1086
1083 1091
1083 1092
1083 1096
1083 1098
1083 1103
1083 1107
1083 1150
1083 1157
1083 1203
1083 1209
1083 1213
1083 1217
1083 1221
1083 1228
1084 1085
1086 1087
1086 1088
1086 1089
1086 1095
1086 1097
1086 1098
1086 1102
1087 1088
1087 1089
1087 1098
1087 1103
1088 1089
1088 1231
1090 1091
1090 1102
1090 1103
1090 1110
1090 1134
1091 1103
1091 1110
1091 1111
1091 1135
1092 1093
1092 1094
1092 1110
1092 1111
1092 1221
1093 1094
1093 1221
1094 1221
1095 1096
1095 1097
1095 1098
1095 1099
1095 1100
1095 1101
1095 1102
1095 1225
1096 1097
1096 1098
1096 1099
1096 1100
1096 1101
1097 1098
1097 1099
1097 1100
1097 1101
1097 1102
1098 1099
1098 1100
1098 1101
1098 1103
1099 1100
1099 1101
1100 1101
1102 1103
1102 1104
1102 1105
1102 1110
1102 1112
1102 1202
1103 1104
1103 1105
1103 1111
1103 1113
1104 1105
1106 1107
1106 1108
1106 1109
1107 1108
1107 1109
1108 1109
1110 1111
1110 1112
1110 1113
1111 1113
1112 1113
1112 1114
1112 1115
1112 1116
1112 1120
1112 1128
1112 1130
1112 1134
1113 1114
1113 1115
1113 1116
1113 1120
1113 1128
1113 1129
1113 1130
1113 1131
1113 1146
1114 1115
1116 1117
1116 1118
1116 1119
1116 1120
1116 1121
1116 1124
1116 1128
1116 1199
1116 1238
1117 1118
1117 1119
1117 1120
1117 1121
1117 1166
1117 1199
1118 1119
1118 1120
1118 1121
1119 1120
1119 1121
1120 1121
1120 1124
1120 1125
1120 1129
1120 1238
1120 1239
1122 1123
1122 1124
1122 1125
1122 1126
1122 1127
1123 1124
1123 1125
1123 1126
1123 1127
1124 1125
1124 1126
1124 1127
1125 1126
1125 1127
1126 1127
1128 1129
1128 1134
1129 1135
1129 1145
1130 1131
1130 1132
1130 1133
1131 1132
1131 1133
1132 1133
1132 1149
1134 1135
1134 1136
1134 1137
1134 1138
1134 1158
1135 1136
1135 1137
1135 1138
1135 1159
1136 1137
1136 1138
1137 1138
1139 1140
1139 1141
1139 1142
1139 1144
1139 1145
1139 1146
1139 1149
1139 1150
1140 1141
1140 1142
1140 1145
1140 1146
1140 1150
1140 1163
1140 1166
1141 1142
1143 1144
1143 1166
1144 1166
1145 1146
1145 1147
1145 1148
1145 1149
1145 1156
1145 1192
1146 1147
1146 1148
1146 1150
1146 1157
1147 1148
1149 1150
1149 1151
1149 1152
1149 1153
1149 1154
1149 1155
1149 1169
1149 1172
1149 1196
1149 1260
1150 1151
1150 1152
1150 1153
1150 1154
1150 1155
1150 1157
1150 1181
1150 1193
1150 1197
1150 1258
1151 1152
1151 1153
1151 1154
1151 1155
1152 1153
1152 1154
1152 1155
1153 1154
1153 1155
1154 1155
1156 1157
1156 1192
1156 1212
1157 1193
1157 1197
1157 1213
1158 1159
1158 1160
1158 1161
1158 1162
1158 1163
1158 1164
1158 1165
1158 1166
1158 1167
1158 1168
1158 1252
1159 1160
1159 1161
1159 1162
1159 1163
1159 1164
1159 1165
1159 1166
1159 1167
1159 1168
1159 1189
1160 1161
1160 1162
1160 1163
1160 1164
1160 1165
1160 1166
1160 1167
1160 1168
1161 1162
1161 1163
1161 1164
1161 1165
1161 1166
1161 1167
1161 1168
1162 1163
1162 1164
1162 1165
1162 1166
1162 1167
1162 1168
1163 1164
1163 1165
1163 1166
1163 1167
1163 1168
1163 1170
1163 1186
1163 1189
1164 1165
1164 1166
1164 1167
1164 1168
1165 1166
1165 1167
1165 1168
1166 1167
1166 1168
1166 1171
1166 1174
1166 1218
1167 1168
1169 1170
1169 1171
1169 1188
1169 1189
1169 1190
1169 1191
1170 1171
1170 1189
1170 1190
1172 1173
1172 1174
1172 1175
1172 1176
1172 1192
1172 1196
1172 1197
1172 1198
1172 1199
1173 1174
1173 1175
1173 1176
1173 1197
1173 1198
1173 1199
1174 1175
1174 1176
1175 1176
1175 1191
1175 1198
1175 1199
1176 1191
1177 1178
1177 1190
1179 1180
1179 1181
1179 1182
1179 1183
1179 1184
1179 1185
1179 1186
1179 1187
1179 1188
1179 1189
1179 1190
1179 1191
1179 1196
1180 1181
1180 1182
1180 1183
1180 1184
1180 1185
1180 1186
1180 1187
1180 1188
1180 1189
1180 1190
1181 1182
1181 1183
1181 1184
1181 1185
1181 1186
1181 1187
1181 1192
1181 1193
1181 1238
1182 1183
1182 1184
1182 1185
1182 1186
1182 1187
1182 1193
1182 1238
1183 1184
1183 1185
1183 1186
1183 1187
1184 1185
1184 1186
1184 1187
1185 1186
1185 1187
1185 1192
1186 1187
1186 1193
1186 1197
1186 1198
1186 1199
1188 1189
1188 1190
1188 1191
1188 1196
1188 1202
1188 1208
1189 1190
1189 1191
1189 1201
1189 1202
1189 1203
1189 1208
1189 1209
1190 1191
1190 1193
1190 1198
1190 1199
1191 1198
1191 1199
1191 1210
1192 1193
1192 1194
1192 1195
1192 1196
1192 1197
1192 1198
1192 1199
1193 1194
1193 1195
1193 1196
1193 1197
1193 1198
1193 1208
1194 1195
1196 1197
1196 1198
1196 1199
1196 1200
1196 1201
1196 1238
1197 1198
1197 1199
1197 1200
1197 1201
1197 1239
1198 1199
1198 1200
1198 1201
1199 1200
1199 1201
1200 1201
1202 1203
1202 1204
1202 1205
1202 1206
1202 1207
1202 1215
1203 1204
1203 1205
1203 1206
1203 1207
1203 1214
1204 1205
1204 1206
1204 1207
1205 1206
1205 1207
1206 1207
1208 1209
1208 1210
1208 1211
1209 1210
1209 1211
1210 1211
1212 1213
1212 1214
1212 1215
1212 1216
1212 1217
1212 1218
1212 1219
1213 1214
1213 1215
1213 1216
1213 1217
1213 1218
1213 1219
1214 1215
1214 1216
1214 1217
1214 1218
1214 1219
1214 1226
1215 1216
1215 1217
1215 1218
1215 1219
1215 1225
1216 1217
1216 1218
1216 1219
1217 1218
1217 1219
1218 1219
1220 1221
1220 1222
1220 1223
1221 1222
1223 1224
1223 1225
1223 1226
1224 1225
1224 1226
1225 1226
1227 1228
1227 1229
1227 1230
1227 1231
1227 1232
1228 1229
1228 1230
1228 1231
1228 1232
1229 1230
1229 1231
1229 1232
1230 1231
1230 1232
1231 1232
1233 1234
1233 1235
1233 1236
1233 1237
1234 1235
1234 1236
1234 1237
1235 1236
1235 1237
1236 1237
1238 1239
1238 1240
1238 1241
1238 1242
1238 1244
1239 1240
1239 1241
1239 1242
1240 1241
1240 1242
1241 1242
1243 1244
1243 1245
1244 1245
1246 1247
1246 1248
1246 1249
1246 1250
1246 1251
1246 1252
1247 1248
1247 1249
1247 1250
1247 1251
1247 1253
1247 1254
1248 1249
1248 1250
1248 1251
1249 1250
1249 1251
1250 1251
1251 1254
1252 1253
1252 1254
1252 1255
1252 1256
1253 1254
1253 1255
1253 1256
1254 1255
1254 1256
1255 1256
1257 1258
1257 1259
1258 1259
1260 1261
1260 1262
1260 1263
1260 1264
1260 1265
1260 1266
1260 1267
1261 1262
1261 1263
1261 1264
1261 1265
1261 1266
1261 1267
1262 1263
1262 1264
1262 1265
1262 1266
1262 1267
1263 1264
1263 1265
1263 1266
1263 1267
1264 1265
1264 1266
1264 1267
1265 1266
1265 1267
1266 1267
1268 1269
1268 1270
1269 1270
1271 1272
1271 1273
1271 1274
1271 1275
1271 1276
1271 1277
1271 1278
1272 1273
1272 1274
1272 1275
1272 1276
1272 1277
1272 1278
1273 1274
1273 1275
1273 1276
1273 1277
1273 1278
1274 1275
1274 1276
1274 1277
1274 1278
1275 1276
1275 1277
1275 1278
1276 1277
1276 1278
1277 1278
1279 1280
1279 1281
1280 1281
1282 1283
1282 1284
1282 1285
1283 1284
1283 1285
1284 1285
1286 1287
1286 1288
1286 1289
1286 1290
1287 1288
1287 1289
1287 1290
1288 1289
1288 1290
1289 1290
1291 1292
1291 1293
1291 1294
1291 1295
1291 1296
1292 1293
1292 1294
1292 1295
1292 1296
1293 1294
1293 1295
1293 1296
1294 1295
1294 1296
1295 1296
1297 1298
1297 1299
1297 1300
1298 1299
1298 1300
1299 1300
