0 1
0 2
0 3
0 4
0 5
0 6
0 7
0 8
0 9
0 10
0 12
0 22
0 384
0 881
0 927
0 936
0 1017
1 2
1 3
1 4
1 5
1 6
1 7
1 8
1 9
1 10
1 12
1 23
1 384
1 918
1 937
2 3
2 4
2 5
2 6
2 7
2 8
2 354
3 4
3 5
3 6
3 7
3 8
4 5
4 6
4 7
4 8
4 9
4 12
4 384
4 456
4 651
4 937
5 6
5 7
5 8
5 9
5 10
5 12
5 384
5 456
5 917
5 937
6 7
6 8
6 9
6 10
6 12
6 134
6 384
6 456
6 937
6 1038
7 8
9 10
9 11
9 12
9 208
9 517
9 849
9 936
9 941
9 988
9 999
10 11
10 12
10 14
10 937
10 946
10 989
11 12
11 208
11 497
11 904
11 936
11 941
11 945
11 994
11 999
12 18
12 380
12 937
12 956
12 1072
13 14
13 15
13 16
13 904
13 905
13 910
13 1085
14 15
14 16
14 905
14 910
14 942
15 16
17 18
17 19
17 20
17 21
18 19
18 20
18 21
19 20
19 21
20 21
22 23
22 216
22 391
22 506
22 507
22 772
22 774
22 930
22 936
23 121
23 507
23 772
23 774
23 931
23 937
24 25
24 26
24 27
24 86
25 26
25 27
25 40
25 87
25 88
26 27
27 88
28 29
28 30
28 31
28 55
29 30
29 31
30 31
32 33
32 34
32 35
32 36
32 37
32 38
32 86
32 88
33 34
33 35
33 36
33 37
33 38
33 87
34 35
34 36
34 37
34 38
34 640
35 36
35 37
35 38
36 37
36 38
36 88
37 38
39 40
39 41
39 42
39 43
39 45
39 55
39 63
39 69
39 70
39 71
39 72
39 76
39 81
39 86
39 91
39 638
39 640
39 641
39 705
40 41
40 42
40 43
40 56
40 64
40 69
40 77
40 92
41 42
41 43
42 43
44 69
44 70
44 72
45 46
45 47
45 48
45 49
45 50
45 55
45 69
45 71
46 47
46 48
46 49
46 50
46 56
46 70
46 72
46 86
47 48
47 49
47 50
48 49
48 50
49 50
51 52
51 53
51 54
51 55
51 56
51 1085
52 53
52 54
52 56
52 665
52 668
52 721
53 54
55 56
55 57
55 58
55 69
55 86
55 88
55 95
55 96
55 106
55 109
55 115
55 1085
56 57
56 58
56 70
56 72
56 95
56 564
56 565
56 568
57 58
59 60
59 61
59 62
59 705
60 61
60 62
61 62
63 64
63 65
63 66
63 67
63 68
63 495
63 496
63 497
63 498
64 65
64 66
64 67
64 68
65 66
65 67
65 68
65 242
65 246
66 67
66 68
66 244
66 246
66 263
67 68
69 70
69 71
69 72
69 73
69 74
69 75
69 76
69 86
70 71
70 72
70 73
70 74
70 75
70 77
70 87
71 72
71 73
71 74
71 75
71 109
71 117
71 127
71 137
71 139
71 153
71 691
71 739
71 764
71 771
71 776
72 73
72 74
72 75
72 77
72 776
73 74
73 75
74 75
76 77
76 78
76 79
76 80
76 314
77 78
77 79
77 80
78 79
78 80
79 80
81 82
81 83
81 84
81 85
82 83
82 84
82 85
83 84
83 85
84 85
86 87
86 88
86 89
86 90
86 91
86 92
86 160
86 897
86 952
87 88
87 89
87 90
87 116
87 121
87 775
87 776
87 897
87 898
88 89
88 90
88 106
88 121
88 132
88 897
89 90
91 92
91 93
91 94
91 115
91 116
92 93
92 94
93 94
93 638
95 107
95 827
96 97
96 98
96 99
96 100
96 101
96 106
96 109
96 115
96 120
97 98
97 99
97 100
97 101
97 107
97 116
97 121
98 99
98 100
98 101
99 100
99 101
100 101
101 582
101 583
102 103
102 104
102 105
102 106
102 109
103 104
103 105
103 191
104 105
106 107
106 108
106 109
106 110
106 111
106 112
106 113
106 114
106 120
106 599
106 1254
107 108
107 109
107 110
107 111
107 112
107 113
107 114
107 121
107 154
107 599
107 780
108 109
108 110
108 111
108 112
108 113
108 114
109 110
109 111
109 112
109 113
109 114
109 187
109 599
109 712
109 838
110 111
110 112
110 113
110 114
110 776
111 112
111 113
111 114
112 113
112 114
113 114
113 191
115 116
115 117
115 118
115 119
115 120
115 153
115 155
115 160
115 175
115 179
115 180
115 862
116 117
116 118
116 119
116 120
116 121
116 128
116 154
116 156
116 161
116 167
116 176
116 179
116 180
116 181
116 191
116 753
116 803
117 118
117 119
118 119
120 121
120 122
120 123
120 124
120 125
120 126
120 153
120 155
120 160
120 314
120 904
120 1041
120 1076
121 122
121 123
121 124
121 125
121 126
121 141
121 145
121 154
121 156
121 161
121 167
121 191
121 209
121 222
121 904
121 905
122 123
122 124
122 125
122 126
123 124
123 125
123 126
124 125
124 126
125 126
127 128
127 129
127 130
127 131
127 132
127 133
127 134
127 135
127 136
127 153
127 155
127 175
127 176
127 179
127 180
127 181
127 691
128 129
128 130
128 131
128 132
128 133
128 134
128 135
128 136
128 141
128 154
128 176
128 180
128 181
129 130
129 131
129 132
129 133
129 134
129 135
129 136
130 131
130 132
130 133
130 134
130 135
130 136
131 132
131 133
131 134
131 135
131 136
132 133
132 134
132 135
132 136
133 134
133 135
133 136
134 135
134 136
135 136
137 138
137 139
137 339
137 764
137 767
137 768
138 139
138 191
139 767
140 141
140 142
140 143
140 155
140 160
141 142
141 143
141 144
141 154
141 156
141 161
141 176
141 1252
142 143
144 145
144 146
144 147
144 148
144 149
144 150
144 151
144 152
145 146
145 147
145 148
145 149
145 150
145 151
145 152
146 147
146 148
146 149
146 150
146 151
146 152
147 148
147 149
147 150
147 151
147 152
148 149
148 150
148 151
148 152
149 150
149 151
149 152
150 151
150 152
151 152
153 154
153 155
153 156
153 157
153 158
153 159
153 175
153 180
153 654
153 655
153 663
153 768
153 1227
154 155
154 156
154 157
154 158
154 159
154 161
154 175
154 176
154 654
154 663
154 768
155 156
155 157
155 158
155 159
155 160
155 175
155 620
155 691
155 706
155 712
156 157
156 158
156 159
156 160
156 161
156 175
156 176
157 158
157 159
158 159
160 161
160 162
160 163
160 164
160 175
160 691
160 724
161 162
161 163
161 164
161 176
161 724
162 163
162 164
163 164
165 167
165 803
166 167
166 168
166 169
167 168
167 169
167 171
167 345
167 964
168 169
170 171
170 172
170 173
170 174
170 739
170 741
170 775
171 172
171 173
171 174
172 173
172 174
173 174
175 176
175 177
175 178
175 179
175 180
175 185
175 193
175 194
175 391
175 517
175 596
175 654
175 1201
176 177
176 178
176 179
176 180
176 181
176 185
176 193
176 194
176 326
176 391
177 178
179 180
179 181
179 182
179 183
179 184
179 185
179 258
179 259
179 617
179 757
179 760
179 1076
180 181
180 182
180 183
180 184
180 185
180 194
180 258
180 757
180 760
180 761
181 182
181 183
181 184
181 185
181 757
181 760
181 761
182 183
182 184
183 184
185 186
185 191
185 194
187 188
187 189
187 190
188 189
188 190
188 191
189 190
191 192
191 193
191 194
191 595
192 193
192 194
193 194
193 195
193 196
193 197
193 517
193 595
193 752
193 1206
194 195
194 196
194 215
194 391
194 392
194 595
194 752
195 196
197 198
197 199
197 200
197 201
198 199
198 200
198 201
199 200
199 201
200 201
202 203
202 204
202 205
202 206
202 207
202 208
202 216
202 241
202 339
202 340
202 459
202 605
202 862
202 999
203 204
203 205
203 206
203 207
203 212
203 213
203 339
203 340
203 460
203 605
203 967
203 969
203 989
203 999
203 1000
204 205
204 206
204 207
204 215
204 339
204 605
204 866
204 883
204 1127
205 206
205 207
205 208
205 215
205 339
205 605
205 606
205 883
206 207
208 209
208 210
208 211
208 216
208 241
208 262
208 263
208 936
208 999
208 1017
208 1060
209 210
209 211
209 213
209 216
209 217
209 241
209 262
209 263
209 364
209 365
209 1018
210 211
210 364
212 213
212 214
212 215
212 216
212 262
212 263
213 214
213 215
213 263
213 365
214 215
214 999
216 217
216 218
216 219
216 220
216 262
216 263
216 364
216 391
216 428
216 838
216 1076
216 1227
217 218
217 219
217 220
217 262
217 263
217 838
218 219
218 220
219 220
221 222
221 223
221 224
221 225
221 226
221 227
221 228
221 229
221 230
221 231
221 232
221 233
221 234
221 235
221 236
222 223
222 224
222 225
222 226
222 227
222 228
222 229
222 230
222 231
222 232
222 233
222 234
222 235
222 236
222 242
222 244
222 246
222 387
223 224
223 225
223 226
223 227
223 228
223 229
223 230
223 231
223 232
223 233
223 234
223 235
223 236
224 225
224 226
224 227
224 228
224 229
224 230
224 231
224 232
224 233
224 234
224 235
224 236
224 1038
225 226
225 227
225 228
225 229
225 230
225 231
225 232
225 233
225 234
225 235
225 236
226 227
226 228
226 229
226 230
226 231
226 232
226 233
226 234
226 235
226 236
227 228
227 229
227 230
227 231
227 232
227 233
227 234
227 235
227 236
228 229
228 230
228 231
228 232
228 233
228 234
228 235
228 236
229 230
229 231
229 232
229 233
229 234
229 235
229 236
230 231
230 232
230 233
230 234
230 235
230 236
231 232
231 233
231 234
231 235
231 236
232 233
232 234
232 235
232 236
233 234
233 235
233 236
234 235
234 236
235 236
237 238
237 239
237 240
237 241
237 242
237 243
237 244
237 246
238 239
238 240
238 241
238 242
238 243
238 244
238 246
238 293
239 240
240 269
240 294
241 242
241 243
241 244
241 245
241 246
241 247
241 248
241 249
241 293
241 305
241 314
241 315
242 243
242 244
242 245
242 246
242 247
242 248
242 249
242 272
242 277
242 315
243 244
243 245
243 246
243 247
243 248
243 249
243 320
243 534
244 245
244 246
244 247
244 248
244 249
244 269
244 294
244 315
244 380
245 246
245 247
245 248
245 249
246 247
246 248
246 249
246 279
246 315
246 380
247 248
247 249
248 249
250 251
250 252
250 253
250 254
250 255
250 256
250 257
250 268
250 269
250 272
250 314
250 354
250 843
251 252
251 253
251 254
251 255
251 256
251 257
251 269
251 271
251 272
251 358
251 359
252 253
252 254
252 255
252 256
252 257
253 254
253 255
253 256
253 257
253 272
254 255
254 256
254 257
255 256
255 257
256 257
258 259
258 260
258 261
258 301
258 302
258 305
258 459
258 460
259 260
259 261
259 301
259 302
259 305
259 359
259 418
259 459
259 460
260 261
262 263
262 264
262 265
262 266
262 267
262 293
262 391
262 921
263 264
263 265
263 266
263 267
263 272
263 365
263 922
264 265
264 266
264 267
265 266
265 267
266 267
268 269
268 270
268 271
268 272
268 326
268 327
268 613
268 615
268 800
269 270
269 271
269 272
269 277
269 321
269 323
269 327
269 374
269 464
269 833
271 272
271 273
271 274
271 275
271 283
271 284
271 534
271 654
271 705
271 752
271 753
271 800
272 273
272 274
272 275
272 277
272 284
272 287
272 315
272 321
273 274
273 275
274 275
276 277
276 278
276 279
276 280
276 281
276 282
276 283
276 305
276 358
276 391
276 497
276 633
276 823
276 877
276 949
276 1017
277 278
277 279
277 280
277 281
277 282
277 283
277 284
277 287
277 877
277 949
278 279
278 280
278 281
278 282
279 280
279 281
279 282
279 284
279 519
279 709
279 877
279 949
280 281
280 282
281 282
283 284
283 285
283 286
283 287
283 288
283 314
283 329
283 413
283 1002
283 1010
283 1012
283 1017
283 1237
283 1262
284 285
284 286
284 287
284 288
284 413
284 414
285 286
285 287
285 288
285 413
285 414
286 287
286 288
287 288
287 413
289 290
289 291
289 292
289 293
289 294
289 491
289 492
290 291
290 292
290 294
291 292
293 294
293 295
293 296
293 297
293 305
293 306
293 311
293 312
293 314
293 315
293 491
293 492
293 1073
294 295
294 296
294 297
294 298
294 312
294 491
295 296
296 1038
297 298
297 299
297 300
297 491
297 492
297 510
297 511
297 512
297 517
298 299
298 300
299 300
301 302
301 303
301 304
301 305
301 306
301 329
301 368
302 303
302 304
302 305
302 306
302 330
302 368
302 369
303 304
305 306
305 307
305 308
305 309
305 310
306 307
306 308
306 309
306 310
307 308
307 309
307 310
307 843
308 309
308 310
309 310
311 312
311 313
311 339
311 564
311 565
312 313
312 315
312 339
312 340
312 565
314 315
314 316
314 317
314 318
314 319
314 329
314 349
314 355
314 445
314 446
314 448
314 613
314 813
314 1076
314 1077
314 1086
315 316
315 317
315 318
315 319
315 354
315 355
315 472
315 613
315 1093
316 317
316 318
316 319
317 318
317 319
318 319
320 321
320 322
320 323
320 324
320 325
320 326
320 327
320 328
320 329
320 330
320 364
320 534
321 322
321 323
321 324
321 325
321 326
321 327
321 328
321 364
321 365
322 323
322 324
322 325
322 326
322 327
322 328
323 324
323 325
323 326
323 327
323 328
324 325
324 326
324 327
324 328
325 326
325 327
325 328
326 327
326 328
326 358
327 328
327 339
327 340
327 358
327 359
329 330
329 331
329 332
329 333
329 334
329 358
329 364
329 392
329 596
329 597
329 967
329 1012
330 331
330 332
330 333
330 334
330 358
330 359
330 365
330 392
330 597
330 1011
330 1012
331 332
333 334
333 335
333 336
333 337
333 338
334 335
334 336
334 337
334 338
335 336
335 337
335 338
336 337
336 338
337 338
339 340
339 341
339 342
339 343
339 344
339 345
339 349
339 350
339 428
339 862
339 1076
340 341
340 342
340 343
340 344
340 345
340 350
340 355
341 342
341 343
341 344
341 558
342 343
342 344
343 344
345 346
345 347
345 348
345 752
345 753
345 772
345 774
345 843
345 927
345 936
346 347
346 348
346 753
346 774
346 843
347 348
349 350
349 351
349 352
349 353
349 354
349 355
349 900
349 901
350 351
350 352
350 353
350 354
350 355
351 352
351 353
352 353
352 355
354 355
354 356
354 357
354 358
354 359
354 362
354 795
354 796
354 900
354 901
354 1017
355 356
355 357
355 358
355 359
355 362
355 392
355 795
355 900
356 357
358 359
358 360
358 361
358 362
358 363
358 364
358 391
358 392
358 841
358 843
358 844
358 868
359 360
359 361
359 362
359 363
359 364
359 365
359 392
359 841
359 868
359 1076
360 361
360 362
360 363
360 1025
361 362
361 363
362 363
364 365
364 366
364 367
364 368
364 506
364 1076
365 366
365 367
365 368
365 372
365 506
366 367
368 369
368 370
368 371
368 372
368 387
368 838
369 370
369 371
369 372
369 386
369 387
370 371
370 372
371 372
373 374
373 375
373 376
373 377
374 375
374 376
374 377
374 384
374 814
375 376
375 377
376 377
378 379
378 380
378 381
378 382
378 383
379 380
379 381
379 382
379 383
379 995
380 381
380 382
380 383
381 382
381 383
381 802
382 383
382 386
382 387
384 385
384 449
384 761
384 901
384 988
384 989
386 387
386 388
386 389
386 390
386 442
386 517
386 891
387 388
387 389
387 390
387 891
388 389
388 390
389 390
389 615
391 392
391 393
391 394
391 395
391 396
391 397
391 398
391 399
391 400
391 401
391 402
391 403
391 404
391 405
391 409
391 596
391 752
391 776
391 927
391 1005
391 1227
392 393
392 394
392 395
392 396
392 397
392 398
392 399
392 400
392 401
392 402
392 403
392 404
392 405
392 406
392 409
392 410
392 413
392 414
392 543
392 706
392 753
392 776
393 394
393 395
393 396
393 397
393 398
393 399
393 400
393 401
393 402
393 403
393 404
394 395
394 396
394 397
394 398
394 399
394 400
394 401
394 402
394 403
394 404
395 396
395 397
395 398
395 399
395 400
395 401
395 402
395 403
395 404
396 397
396 398
396 399
396 400
396 401
396 402
396 403
396 404
397 398
397 399
397 400
397 401
397 402
397 403
397 404
398 399
398 400
398 401
398 402
398 403
398 404
399 400
399 401
399 402
399 403
399 404
400 401
400 402
400 403
400 404
401 402
401 403
401 404
402 403
402 404
403 404
405 406
405 407
405 408
405 409
405 410
405 411
405 412
405 413
405 414
405 424
405 428
405 477
405 479
405 543
405 547
405 551
405 1060
405 1089
405 1110
405 1148
405 1194
406 407
406 408
406 409
406 410
406 411
406 412
406 413
406 414
406 417
406 424
406 477
406 479
406 543
406 547
406 557
407 408
407 409
407 410
407 411
407 412
408 409
408 410
408 411
408 412
409 410
409 411
409 412
409 414
409 424
409 428
409 455
409 477
409 479
409 543
409 988
409 1194
410 411
410 412
410 414
410 424
410 477
410 479
410 543
411 412
413 414
413 415
413 416
413 1012
414 415
414 416
414 419
414 522
414 524
415 416
417 418
417 419
417 420
417 421
417 571
417 596
418 419
418 420
418 421
418 557
418 558
419 420
419 421
419 558
420 421
422 423
422 424
422 425
422 426
422 427
422 542
422 543
422 547
422 548
422 551
422 552
422 564
422 565
423 424
423 425
423 426
423 427
423 540
423 541
423 543
423 547
423 548
423 552
423 565
424 425
424 426
424 427
424 613
424 838
425 426
425 427
426 427
428 429
428 430
428 431
428 432
428 433
428 434
428 435
428 436
428 437
428 438
428 439
428 440
428 517
428 540
428 541
428 543
428 547
428 557
428 564
428 571
428 597
428 614
428 640
428 641
428 654
428 764
428 768
428 839
428 1076
428 1194
429 430
429 431
429 432
429 433
429 434
429 435
429 436
429 437
429 438
429 439
429 440
429 540
429 768
430 431
430 432
430 433
430 434
430 435
430 436
430 437
430 438
430 439
430 440
431 432
431 433
431 434
431 435
431 436
431 437
431 438
431 439
431 440
432 433
432 434
432 435
432 436
432 437
432 438
432 439
432 440
433 434
433 435
433 436
433 437
433 438
433 439
433 440
434 435
434 436
434 437
434 438
434 439
434 440
434 1106
435 436
435 437
435 438
435 439
435 440
436 437
436 438
436 439
436 440
437 438
437 439
437 440
438 439
438 440
439 440
441 442
441 443
441 444
441 445
441 446
441 448
442 443
442 444
442 445
442 446
442 448
443 444
445 446
445 447
445 448
445 473
445 482
445 483
445 527
445 833
445 885
445 1012
445 1245
446 447
446 448
446 483
446 527
446 832
446 833
446 1013
446 1245
447 448
448 458
448 483
448 527
448 529
448 1012
448 1013
448 1016
448 1245
449 450
449 451
449 452
449 453
449 459
449 823
450 451
450 452
450 453
450 460
450 824
451 452
451 453
452 453
452 1058
454 455
454 456
455 456
457 458
458 511
458 512
459 460
459 461
459 462
459 463
459 468
459 469
459 474
460 461
460 462
460 463
460 469
460 473
460 474
460 753
461 462
461 463
462 463
464 465
464 466
464 467
465 466
465 467
465 496
465 803
466 467
468 469
468 470
468 471
468 472
468 819
468 832
468 833
468 841
468 843
468 862
469 470
469 471
469 472
469 833
469 841
469 843
470 471
470 472
471 472
473 474
473 475
473 476
473 477
473 478
473 479
473 480
473 482
473 483
473 510
473 517
473 534
474 475
474 476
474 477
474 478
474 479
474 480
474 482
474 535
474 1232
475 476
477 478
477 491
477 492
478 492
478 512
479 480
479 481
479 482
479 483
479 517
479 1106
479 1107
480 481
480 482
480 483
480 1107
482 483
482 484
482 485
482 491
482 492
482 506
482 507
482 807
482 833
483 484
483 485
483 491
483 492
483 506
483 507
483 512
483 776
483 833
484 485
486 487
486 488
486 489
486 490
486 1076
487 488
487 489
487 490
488 489
488 490
489 490
491 492
491 493
491 494
491 496
491 503
491 504
491 542
491 823
491 885
491 886
491 915
492 493
492 494
492 496
492 497
492 498
492 503
492 504
492 548
492 823
492 824
493 494
495 496
495 497
495 498
495 499
495 500
495 501
495 502
495 503
495 526
495 802
495 819
495 827
495 832
495 949
495 999
496 497
496 498
496 499
496 500
496 501
496 502
496 503
496 504
496 526
496 776
496 802
496 820
496 827
496 833
496 1000
497 498
497 499
497 500
497 501
497 502
497 503
497 504
497 526
497 802
497 827
497 832
497 833
497 949
497 999
498 499
498 500
498 501
498 502
498 504
498 526
498 827
498 832
498 833
498 1000
499 500
499 501
499 502
500 501
500 502
501 502
503 504
503 505
503 776
503 819
503 820
503 823
503 824
503 838
503 885
503 967
503 1036
504 505
504 535
504 819
504 820
504 823
504 824
506 507
506 508
506 509
506 510
506 534
506 841
506 1106
506 1107
507 508
507 509
507 510
507 511
507 534
507 1107
508 509
510 511
510 512
510 513
510 514
510 515
510 517
510 532
510 535
511 512
511 513
511 515
511 517
511 533
511 534
511 535
512 513
512 514
512 515
512 517
512 528
512 533
512 535
514 515
514 516
514 517
514 518
514 519
514 520
514 521
514 522
514 523
514 524
514 525
514 540
514 542
514 543
514 547
514 548
514 551
514 552
514 764
515 516
515 517
515 518
515 519
515 520
515 521
515 522
515 523
515 524
515 525
515 534
515 540
515 541
515 542
515 543
516 517
516 518
516 519
516 520
516 521
516 522
516 523
516 524
516 525
516 535
517 518
517 519
517 520
517 521
517 522
517 523
517 524
517 525
517 532
517 561
517 570
517 571
517 572
517 605
517 832
517 862
517 904
517 1076
518 519
518 520
518 521
518 522
518 523
518 524
518 525
518 572
519 520
519 521
519 522
519 523
519 524
519 525
519 1058
520 521
520 522
520 523
520 524
520 525
521 522
521 523
521 524
521 525
522 523
522 524
522 525
523 524
523 525
524 525
526 527
526 528
526 529
526 530
526 531
526 532
526 533
526 541
526 542
526 557
526 558
526 775
527 528
527 529
527 530
527 531
527 532
527 533
528 529
528 530
528 531
528 532
528 533
529 530
529 531
529 532
529 533
530 531
530 532
530 533
531 532
531 533
532 533
532 540
532 543
532 547
532 551
532 552
532 640
533 543
533 548
533 551
533 552
533 721
534 535
534 536
534 537
534 538
534 539
534 705
534 915
534 917
534 1017
535 536
535 537
535 538
535 539
535 915
535 1233
536 537
536 538
536 539
537 538
537 539
538 539
539 1231
539 1232
539 1233
540 541
540 542
540 543
540 544
540 545
540 546
540 547
540 548
540 549
540 550
540 551
540 552
540 553
540 554
540 555
540 556
540 561
540 570
540 585
540 918
540 1128
540 1129
541 542
541 543
541 544
541 545
541 546
541 547
541 548
541 549
541 550
541 551
541 552
541 553
541 554
541 555
541 556
541 561
541 570
541 918
541 1128
541 1129
542 543
542 544
542 545
542 546
542 547
542 548
542 549
542 550
542 551
542 552
542 553
542 554
542 555
542 556
542 557
542 561
542 564
542 570
542 571
542 572
542 585
542 915
542 916
542 918
543 544
543 545
543 546
543 547
543 548
543 549
543 550
543 551
543 552
543 553
543 554
543 555
543 556
543 558
543 561
543 562
543 564
543 565
543 571
543 918
544 545
544 546
544 547
544 548
544 549
544 550
544 551
544 552
544 553
544 554
544 555
544 556
545 546
545 547
545 548
545 549
545 550
545 551
545 552
545 553
545 554
545 555
545 556
546 547
546 548
546 549
546 550
546 551
546 552
546 553
546 554
546 555
546 556
547 548
547 549
547 550
547 551
547 552
547 553
547 554
547 555
547 556
547 557
547 558
547 561
548 549
548 550
548 551
548 552
548 553
548 554
548 555
548 556
548 558
548 561
548 562
548 1129
549 550
549 551
549 552
549 553
549 554
549 555
549 556
550 551
550 552
550 553
550 554
550 555
550 556
551 552
551 553
551 554
551 555
551 556
551 557
551 558
551 561
551 562
551 670
552 553
552 554
552 555
552 556
552 558
552 561
552 562
552 1129
553 554
553 555
553 556
554 555
554 556
555 556
557 558
557 559
557 560
557 561
557 562
557 563
557 564
557 565
557 568
557 813
557 982
557 1097
558 559
558 560
558 561
558 562
558 563
558 564
558 565
558 813
558 1097
559 560
559 561
559 562
559 563
560 561
560 562
560 563
561 562
561 563
561 813
562 563
564 565
564 566
564 567
564 568
564 569
564 570
564 571
564 572
564 712
564 1049
564 1076
565 566
565 567
565 568
565 569
565 570
565 571
565 712
565 1049
566 567
566 568
566 569
566 570
567 568
567 569
567 570
568 569
568 570
569 570
570 776
571 572
571 573
571 574
571 575
571 581
571 776
571 1076
572 573
572 574
572 575
572 580
572 581
572 1077
573 574
573 575
574 575
575 638
575 640
575 641
575 753
576 577
576 578
576 579
576 580
576 581
577 578
577 579
577 580
577 581
578 579
578 580
578 581
579 580
579 581
580 581
581 740
582 583
582 584
582 599
582 613
582 665
582 721
582 722
582 767
582 1169
583 584
583 599
583 614
583 665
583 767
585 586
585 587
585 588
585 589
585 590
585 596
585 764
585 765
585 767
585 768
586 587
586 588
586 589
586 590
586 765
586 776
587 588
587 589
587 590
588 589
588 590
589 590
591 592
591 593
591 594
591 765
592 593
592 594
593 594
594 638
594 640
596 597
596 598
596 599
596 600
596 601
596 640
596 656
596 752
596 767
596 791
597 598
597 599
597 600
597 613
597 614
597 640
597 641
597 753
598 599
598 600
599 600
599 665
601 602
601 603
601 604
601 614
601 615
602 603
602 604
602 668
603 604
604 638
605 606
605 607
605 608
605 609
605 610
605 611
605 614
605 616
605 832
606 607
606 608
606 609
606 610
606 611
606 616
607 608
607 609
607 610
607 611
607 638
607 640
608 609
608 610
608 611
609 610
609 611
610 611
612 614
612 616
613 614
613 615
613 616
613 617
613 641
613 665
613 680
613 704
613 721
613 739
613 752
613 1076
614 615
614 616
614 641
614 655
614 680
614 698
614 703
614 722
615 616
615 640
615 680
615 823
615 1171
616 640
616 641
616 651
616 680
616 692
616 752
616 753
617 618
617 619
617 620
617 621
617 622
617 623
617 791
617 862
617 1010
617 1011
617 1012
617 1013
617 1016
617 1025
618 619
618 620
618 621
618 622
618 1013
619 620
619 621
619 622
619 623
620 621
620 622
621 622
621 668
623 624
623 625
623 626
623 627
623 783
623 784
623 795
623 796
623 860
623 988
623 989
624 625
626 627
626 628
626 629
626 630
626 802
626 803
627 628
627 629
627 630
627 775
627 802
628 629
628 630
629 630
631 632
631 739
632 740
633 634
633 635
633 636
633 637
634 635
634 636
634 637
635 636
635 637
636 637
638 639
638 640
638 641
638 642
638 643
638 644
638 645
638 654
638 655
638 705
638 713
638 724
638 735
638 752
638 753
639 640
639 641
639 642
639 643
639 644
640 641
640 642
640 643
640 644
640 645
640 654
640 655
640 670
640 703
640 704
640 724
640 735
640 752
640 753
640 767
640 934
640 1076
641 642
641 643
641 644
641 654
641 655
641 662
641 663
641 698
641 704
641 705
641 713
641 727
641 735
641 752
641 753
641 756
641 768
641 1076
642 643
642 644
643 644
644 752
644 753
645 646
645 647
645 648
645 649
645 776
646 647
646 648
646 649
646 721
647 648
647 649
648 649
650 651
650 652
650 653
650 654
650 655
650 663
651 652
651 653
651 655
651 741
652 653
654 655
654 656
654 657
654 658
654 659
654 660
654 661
654 662
654 663
654 664
654 665
654 666
654 680
654 685
654 703
654 704
654 706
654 712
654 752
654 753
654 1076
655 656
655 657
655 658
655 659
655 660
655 661
655 662
655 663
655 664
655 665
655 666
655 668
655 680
655 685
655 703
655 705
655 706
655 712
655 752
655 1076
655 1077
656 657
656 658
656 659
656 660
656 661
656 662
656 663
656 664
657 658
657 659
657 660
657 661
657 662
657 663
657 664
658 659
658 660
658 661
658 662
658 663
658 664
659 660
659 661
659 662
659 663
659 664
660 661
660 662
660 663
660 664
661 662
661 663
661 664
661 705
662 663
662 664
663 664
663 666
663 680
663 685
663 703
663 752
665 666
665 667
665 668
665 669
665 679
665 685
665 686
665 698
665 705
665 706
665 711
665 712
665 713
665 721
665 722
665 746
665 752
665 813
665 1076
665 1218
666 667
666 668
666 669
666 678
666 685
666 686
666 704
666 711
666 713
666 722
666 740
666 783
666 788
667 668
667 669
668 669
668 679
668 685
668 686
668 699
668 703
668 826
668 1218
670 671
670 672
670 673
670 674
670 675
670 676
670 677
670 678
670 679
670 691
671 672
671 673
671 674
671 675
671 676
671 677
671 678
671 679
672 673
672 674
672 675
672 676
672 677
672 678
672 679
673 674
673 675
673 676
673 677
673 678
673 679
674 675
674 676
674 677
674 678
674 679
675 676
675 677
675 678
675 679
676 677
676 678
676 679
677 678
677 679
678 679
678 697
678 698
678 915
679 697
679 705
679 713
680 681
680 682
680 683
680 684
680 692
681 682
681 683
681 684
682 683
682 684
683 684
685 686
685 687
685 688
685 689
685 690
685 703
685 704
686 687
686 688
686 689
686 690
686 703
687 688
687 689
687 690
687 767
688 689
688 690
689 690
691 692
691 693
691 694
691 695
691 696
691 697
691 698
691 705
691 712
691 713
691 724
691 739
692 693
692 694
692 695
692 696
692 697
692 698
692 700
692 706
692 712
692 713
693 694
693 695
693 696
694 695
694 696
695 696
697 698
697 699
697 700
697 701
697 702
697 752
697 1076
698 699
698 700
698 701
698 702
698 740
698 1076
699 700
699 701
699 702
700 701
700 702
700 721
701 702
703 704
703 705
703 706
703 707
703 708
703 709
703 710
703 711
703 712
703 713
703 714
703 739
703 740
703 752
703 1031
703 1076
703 1110
703 1111
704 705
704 706
704 707
704 708
704 709
704 710
704 711
704 712
704 713
704 714
704 740
704 752
704 753
704 776
704 1032
704 1076
704 1111
705 706
705 707
705 708
705 709
705 710
705 711
705 712
705 713
705 714
705 716
705 721
705 752
705 753
705 1076
705 1212
706 707
706 708
706 709
706 710
706 711
706 712
706 713
706 714
706 730
706 740
706 753
706 756
706 898
707 708
707 709
707 710
707 711
707 712
707 713
707 714
708 709
708 710
708 711
708 712
708 713
708 714
709 710
709 711
709 712
709 713
709 714
710 711
710 712
710 713
710 714
711 712
711 713
711 714
712 713
712 714
712 740
712 753
712 765
713 714
713 716
713 753
713 765
715 716
715 717
715 718
715 719
715 720
716 717
716 718
716 719
716 720
717 718
717 719
717 720
718 719
718 720
719 720
721 722
721 723
721 739
721 741
721 752
721 927
721 1076
721 1110
722 723
722 752
722 935
722 1076
722 1110
724 725
724 726
724 727
724 728
724 729
724 730
724 731
724 732
724 733
724 734
724 752
724 753
724 772
725 726
725 727
725 728
725 729
725 730
725 731
725 732
725 733
725 734
726 727
726 728
726 729
726 730
726 731
726 732
726 733
726 734
727 728
727 729
727 730
727 731
727 732
727 733
727 734
728 729
728 730
728 731
728 732
728 733
728 734
729 730
729 731
729 732
729 733
729 734
730 731
730 732
730 733
730 734
731 732
731 733
731 734
732 733
732 734
733 734
734 862
735 736
735 737
735 738
735 752
735 753
736 737
736 738
736 752
736 753
737 738
739 740
739 741
739 742
739 743
739 744
739 745
739 752
739 753
739 791
739 1076
739 1156
740 741
740 742
740 743
740 744
740 745
740 753
741 742
741 743
741 744
741 745
741 752
741 753
741 1156
742 743
742 744
742 745
742 1016
743 744
743 745
744 745
746 747
746 928
748 749
748 750
748 751
748 752
748 753
748 754
748 755
748 756
749 750
749 751
749 752
749 753
749 754
749 755
749 756
750 751
750 752
750 753
750 754
750 755
750 756
751 752
751 753
751 754
751 755
751 756
752 753
752 754
752 755
752 756
752 758
752 966
753 754
753 755
753 756
753 758
753 767
754 755
754 756
755 756
757 758
757 759
757 862
757 1076
758 759
760 761
760 762
760 763
760 765
761 762
761 763
761 765
762 763
764 765
764 766
764 767
764 768
764 769
764 770
764 771
765 766
765 767
765 768
765 769
765 770
765 771
765 897
765 898
766 767
766 768
766 769
766 770
766 771
767 768
767 769
767 770
767 771
768 769
768 770
768 771
769 770
769 771
770 771
772 773
772 774
772 875
773 774
774 876
775 776
775 777
775 778
775 921
775 936
775 937
776 777
776 778
776 781
776 784
776 796
776 823
776 824
776 898
776 904
776 905
776 922
776 937
776 1076
776 1263
777 778
779 780
779 783
779 784
780 792
781 796
781 937
782 783
782 784
782 785
782 786
783 784
783 785
783 786
783 788
783 792
783 796
783 928
784 785
784 786
784 788
784 796
785 786
787 788
787 791
787 795
787 796
788 791
788 792
788 795
788 796
788 803
788 827
789 790
789 791
789 792
790 791
791 792
791 793
791 794
791 795
791 800
791 1254
792 793
792 794
792 795
792 796
792 801
793 794
795 796
795 797
795 798
795 799
795 921
795 1258
796 797
796 798
796 799
796 918
796 922
796 928
796 937
796 1258
797 798
797 799
798 799
799 1202
800 801
800 897
800 904
800 910
801 897
801 898
801 905
801 910
802 803
802 804
802 805
802 806
802 827
802 862
803 804
803 805
803 806
803 827
803 832
803 885
803 886
804 805
804 806
804 1058
805 806
807 808
807 809
807 810
807 811
807 812
807 823
807 841
808 809
808 810
808 811
808 812
808 1077
808 1086
808 1090
809 810
809 811
809 812
810 811
810 812
811 812
813 814
813 815
813 816
813 817
813 818
813 877
813 881
813 882
813 884
813 885
813 886
813 1076
813 1097
814 815
814 816
814 817
814 818
814 878
814 881
814 882
814 884
814 885
814 886
814 1018
815 816
815 817
815 818
816 817
816 818
817 818
819 820
819 821
819 822
819 823
819 824
819 941
819 994
819 1201
820 821
820 822
820 823
820 824
820 827
820 833
820 839
820 884
820 1032
821 822
823 824
823 825
823 949
823 999
823 1076
824 825
824 839
824 884
824 967
824 969
824 974
824 1107
827 828
827 832
827 839
827 841
827 862
827 864
828 829
828 830
828 831
829 830
829 831
830 831
832 833
832 834
832 835
832 836
832 837
832 838
832 841
832 1031
832 1110
833 834
833 835
833 836
833 837
833 839
833 850
833 855
834 835
834 836
834 837
835 836
835 837
836 837
838 839
838 840
838 841
838 862
838 864
838 866
838 871
838 978
838 1076
839 840
839 841
839 842
839 844
839 862
839 863
839 864
839 866
839 868
839 869
839 871
839 872
839 978
839 1018
839 1031
839 1032
840 904
841 842
841 843
841 844
841 845
841 846
841 847
841 848
841 862
841 866
841 868
841 871
841 1060
842 843
842 844
842 845
842 846
842 847
842 848
842 864
843 844
843 845
843 846
843 847
843 848
843 866
843 868
843 869
843 871
843 872
844 845
844 846
844 847
844 848
844 855
844 857
844 863
844 864
844 866
844 868
844 869
844 872
845 846
845 847
845 848
846 847
846 848
847 848
849 850
849 851
849 852
849 853
849 854
850 851
850 852
850 853
850 854
851 852
851 853
851 854
852 853
852 854
853 854
855 856
855 857
855 858
855 863
855 864
855 1076
855 1077
855 1080
855 1081
855 1083
855 1085
855 1086
855 1089
855 1090
856 857
856 858
857 858
859 860
859 861
860 861
862 863
862 864
862 865
862 866
862 867
862 881
862 978
862 1076
862 1246
863 864
863 865
863 866
863 867
863 1238
863 1242
864 865
864 866
864 867
864 872
864 979
864 1006
864 1242
864 1247
865 866
865 867
866 867
866 881
866 1012
868 869
868 870
869 870
871 872
871 873
871 874
871 881
871 882
871 884
872 873
872 874
872 882
872 884
873 874
875 876
877 878
877 879
877 880
878 879
878 880
879 880
879 884
879 1016
881 882
881 883
881 884
881 978
881 979
881 1197
882 883
882 884
882 893
882 978
882 979
883 884
884 898
885 886
885 887
885 888
885 889
885 890
885 1025
886 887
886 888
886 889
886 890
887 888
887 889
887 890
888 889
888 890
888 1025
889 890
892 893
892 894
892 895
892 896
892 897
892 898
892 900
892 901
893 894
893 895
893 896
893 898
893 901
894 895
894 896
895 896
897 898
897 899
897 900
897 903
897 904
897 905
898 899
898 901
898 905
900 901
900 902
900 903
900 958
900 963
901 902
901 903
901 905
901 910
901 937
901 958
901 959
901 963
901 964
902 903
903 904
903 963
904 905
904 906
904 907
904 908
904 909
904 910
904 911
904 912
904 913
904 914
904 918
904 952
904 1076
904 1080
904 1085
904 1089
904 1110
904 1111
905 906
905 907
905 908
905 909
905 910
905 911
905 912
905 913
905 914
905 917
905 953
905 1083
906 907
906 908
906 909
906 910
906 911
906 912
906 913
906 914
907 908
907 909
907 910
907 911
907 912
907 913
907 914
908 909
908 910
908 911
908 912
908 913
908 914
909 910
909 911
909 912
909 913
909 914
910 911
910 912
910 913
910 914
910 917
911 912
911 913
911 914
912 913
912 914
913 914
913 915
915 916
915 917
915 918
915 919
915 920
915 921
915 941
915 986
916 917
916 918
916 919
916 920
916 941
916 945
917 918
917 919
917 920
917 942
917 945
917 946
917 955
917 956
917 962
918 919
918 920
919 920
921 922
921 923
921 924
921 925
921 926
921 927
921 928
921 936
921 945
922 923
922 924
922 925
922 926
922 928
923 924
923 925
923 926
924 925
924 926
925 926
927 928
927 929
927 941
928 929
928 942
930 931
930 932
930 933
930 934
930 935
931 932
931 933
931 934
931 935
932 933
932 934
932 935
933 934
933 935
934 935
936 937
936 938
936 939
936 940
936 941
937 938
937 939
937 940
937 941
937 942
938 939
938 940
939 940
941 942
941 943
941 944
941 945
941 946
941 947
941 948
941 963
941 992
941 1017
942 943
942 944
942 945
942 946
942 947
942 948
942 964
942 965
942 1013
942 1017
943 944
943 945
943 946
943 947
943 948
944 945
944 946
944 947
944 948
945 946
945 947
945 948
945 963
945 992
945 994
945 1017
946 947
946 948
947 948
949 950
949 951
949 955
949 956
949 963
950 951
950 955
950 956
950 964
952 953
952 954
953 954
953 955
953 956
955 956
955 957
955 958
955 964
956 957
956 958
956 959
958 959
958 960
958 961
958 962
959 960
959 961
959 962
960 961
960 962
961 962
963 964
963 965
963 966
963 973
963 1049
963 1054
964 965
964 966
964 973
964 1049
965 966
967 968
967 969
967 970
967 971
967 972
967 1010
967 1036
967 1037
967 1038
968 969
968 970
968 971
968 972
968 1011
968 1037
968 1038
969 970
969 971
969 972
969 1013
969 1037
970 971
970 972
971 972
973 974
973 975
973 976
973 977
973 1049
974 975
974 976
974 977
975 976
975 977
976 977
978 979
978 980
978 981
978 1016
979 980
979 981
979 1016
980 981
982 983
982 984
982 985
982 986
982 987
983 984
983 985
983 986
983 987
983 1006
983 1058
984 985
984 986
984 987
985 986
985 987
986 987
986 988
986 989
986 992
986 993
986 994
986 995
986 999
987 993
987 995
988 989
988 990
988 991
988 992
988 993
988 994
988 999
988 1002
988 1056
988 1076
988 1110
989 990
989 991
989 992
989 993
989 995
989 1000
989 1003
989 1006
989 1057
989 1077
990 991
992 993
992 994
992 995
992 996
992 997
992 998
992 999
992 1002
992 1049
992 1054
992 1056
993 994
993 995
993 996
993 997
993 998
993 1000
993 1050
993 1055
993 1057
994 995
994 996
994 997
994 998
994 1002
994 1005
994 1054
994 1076
994 1096
995 996
995 997
995 998
995 1000
995 1003
995 1011
995 1012
995 1013
995 1051
995 1055
996 997
996 998
997 998
999 1000
999 1001
999 1002
999 1003
999 1004
999 1005
999 1056
999 1057
999 1058
1000 1001
1000 1002
1000 1003
1000 1004
1000 1006
1000 1056
1000 1057
1000 1058
1001 1002
1001 1003
1001 1004
1002 1003
1002 1004
1002 1005
1002 1056
1003 1004
1003 1006
1003 1056
1003 1057
1005 1006
1005 1007
1005 1008
1005 1009
1005 1056
1005 1246
1006 1007
1006 1008
1006 1009
1006 1057
1006 1058
1006 1237
1006 1241
1006 1246
1006 1247
1007 1008
1007 1009
1008 1009
1010 1011
1010 1012
1010 1013
1010 1014
1010 1015
1010 1016
1010 1025
1010 1026
1010 1028
1010 1031
1010 1041
1010 1050
1011 1012
1011 1013
1011 1014
1011 1015
1011 1016
1011 1028
1011 1032
1012 1013
1012 1014
1012 1015
1012 1016
1012 1025
1012 1028
1012 1031
1012 1036
1012 1049
1012 1050
1013 1014
1013 1015
1013 1016
1013 1026
1013 1028
1013 1032
1013 1037
1013 1038
1014 1015
1014 1016
1015 1016
1016 1017
1016 1018
1016 1028
1016 1031
1016 1032
1017 1018
1017 1019
1017 1020
1017 1021
1017 1022
1017 1023
1017 1024
1018 1019
1018 1020
1018 1021
1018 1022
1018 1023
1018 1024
1019 1020
1019 1021
1019 1022
1019 1023
1019 1024
1020 1021
1020 1022
1020 1023
1020 1024
1021 1022
1021 1023
1021 1024
1022 1023
1022 1024
1023 1024
1025 1026
1025 1027
1025 1028
1025 1029
1025 1030
1025 1036
1025 1037
1025 1038
1025 1041
1025 1049
1025 1096
1026 1027
1026 1028
1026 1029
1026 1030
1026 1032
1026 1037
1026 1038
1026 1041
1026 1042
1026 1051
1027 1028
1027 1029
1027 1030
1028 1029
1028 1030
1028 1050
1029 1030
1031 1032
1031 1033
1031 1034
1031 1035
1032 1033
1032 1034
1032 1035
1032 1037
1033 1034
1033 1035
1034 1035
1036 1037
1036 1038
1036 1039
1036 1040
1036 1041
1036 1049
1036 1050
1036 1080
1036 1085
1036 1177
1037 1038
1037 1039
1037 1040
1037 1041
1037 1042
1037 1050
1038 1039
1038 1040
1038 1041
1038 1042
1038 1103
1039 1040
1041 1042
1041 1043
1041 1044
1041 1045
1041 1046
1041 1047
1041 1048
1041 1050
1041 1076
1041 1080
1041 1085
1041 1089
1042 1043
1042 1044
1042 1045
1042 1046
1042 1047
1042 1048
1042 1050
1042 1077
1042 1081
1042 1083
1042 1086
1042 1090
1043 1044
1043 1045
1043 1046
1043 1047
1043 1048
1044 1045
1044 1046
1044 1047
1044 1048
1045 1046
1045 1047
1045 1048
1046 1047
1046 1048
1047 1048
1049 1050
1049 1051
1049 1052
1049 1053
1049 1054
1049 1055
1049 1056
1049 1057
1050 1051
1050 1052
1050 1053
1050 1054
1050 1055
1050 1080
1051 1052
1051 1053
1051 1054
1051 1055
1052 1053
1052 1054
1052 1055
1053 1054
1053 1055
1054 1055
1056 1057
1056 1058
1056 1059
1057 1058
1057 1059
1058 1059
1060 1061
1060 1062
1060 1063
1060 1064
1060 1080
1060 1085
1060 1089
1061 1062
1061 1063
1061 1064
1061 1081
1061 1083
1062 1063
1062 1064
1063 1064
1065 1066
1065 1067
1065 1068
1065 1069
1065 1070
1065 1071
1065 1072
1066 1067
1066 1068
1066 1069
1066 1070
1066 1071
1066 1072
1067 1068
1067 1069
1067 1070
1067 1071
1067 1072
1068 1069
1068 1070
1068 1071
1068 1072
1069 1070
1069 1071
1069 1072
1070 1071
1070 1072
1071 1072
1073 1074
1073 1075
1073 1076
1073 1080
1073 1085
1073 1089
1074 1075
1074 1077
1074 1081
1074 1083
1074 1085
1074 1086
1074 1090
1076 1077
1076 1078
1076 1079
1076 1080
1076 1081
1076 1082
1076 1083
1076 1084
1076 1085
1076 1086
1076 1087
1076 1088
1076 1089
1076 1090
1076 1091
1076 1092
1076 1093
1076 1094
1076 1095
1076 1096
1076 1189
1077 1078
1077 1079
1077 1080
1077 1081
1077 1082
1077 1083
1077 1084
1077 1085
1077 1086
1077 1087
1077 1088
1077 1089
1077 1090
1077 1091
1077 1092
1077 1093
1077 1094
1077 1095
1077 1096
1077 1189
1078 1079
1078 1080
1078 1081
1078 1082
1078 1083
1078 1084
1078 1085
1078 1086
1078 1087
1078 1088
1078 1089
1078 1090
1078 1091
1078 1092
1078 1093
1078 1094
1078 1095
1078 1096
1079 1080
1079 1081
1079 1082
1079 1083
1079 1084
1079 1085
1079 1086
1079 1087
1079 1088
1079 1089
1079 1090
1079 1091
1079 1092
1079 1093
1079 1094
1079 1095
1079 1096
1080 1081
1080 1082
1080 1083
1080 1084
1080 1085
1080 1086
1080 1087
1080 1088
1080 1089
1080 1090
1080 1091
1080 1092
1080 1093
1080 1094
1080 1095
1080 1096
1081 1082
1081 1083
1081 1084
1081 1085
1081 1086
1081 1087
1081 1088
1081 1089
1081 1090
1081 1091
1081 1092
1081 1093
1081 1094
1081 1095
1081 1096
1082 1083
1082 1084
1082 1085
1082 1086
1082 1087
1082 1088
1082 1089
1082 1090
1082 1091
1082 1092
1082 1093
1082 1094
1082 1095
1082 1096
1083 1084
1083 1085
1083 1086
1083 1087
1083 1088
1083 1089
1083 1090
1083 1091
1083 1092
1083 1093
1083 1094
1083 1095
1083 1096
1084 1085
1084 1086
1084 1087
1084 1088
1084 1089
1084 1090
1084 1091
1084 1092
1084 1093
1084 1094
1084 1095
1084 1096
1085 1086
1085 1087
1085 1088
1085 1089
1085 1090
1085 1091
1085 1092
1085 1093
1085 1094
1085 1095
1085 1096
1086 1087
1086 1088
1086 1089
1086 1090
1086 1091
1086 1092
1086 1093
1086 1094
1086 1095
1086 1096
1087 1088
1087 1089
1087 1090
1087 1091
1087 1092
1087 1093
1087 1094
1087 1095
1087 1096
1088 1089
1088 1090
1088 1091
1088 1092
1088 1093
1088 1094
1088 1095
1088 1096
1089 1090
1089 1091
1089 1092
1089 1093
1089 1094
1089 1095
1089 1096
1090 1091
1090 1092
1090 1093
1090 1094
1090 1095
1090 1096
1091 1092
1091 1093
1091 1094
1091 1095
1091 1096
1092 1093
1092 1094
1092 1095
1092 1096
1093 1094
1093 1095
1093 1096
1094 1095
1094 1096
1095 1096
1097 1098
1097 1099
1097 1100
1097 1101
1097 1102
1097 1103
1097 1104
1097 1105
1098 1099
1098 1100
1098 1101
1098 1102
1098 1103
1098 1104
1098 1105
1099 1100
1099 1101
1099 1102
1099 1103
1099 1104
1099 1105
1100 1101
1100 1102
1100 1103
1100 1104
1100 1105
1101 1102
1101 1103
1101 1104
1101 1105
1102 1103
1102 1104
1102 1105
1103 1104
1103 1105
1104 1105
1106 1107
1106 1108
1106 1109
1106 1110
1107 1108
1107 1109
1107 1111
1108 1109
1110 1111
1110 1112
1110 1113
1111 1112
1111 1113
1112 1113
1114 1115
1114 1116
1114 1117
1114 1118
1114 1119
1114 1206
1114 1220
1114 1224
1114 1227
1114 1228
1115 1116
1115 1117
1115 1118
1115 1119
1115 1207
1115 1221
1115 1224
1115 1225
1115 1228
1116 1117
1116 1118
1116 1119
1116 1221
1117 1118
1117 1119
1118 1119
1118 1143
1120 1121
1120 1122
1120 1123
1120 1124
1121 1122
1121 1123
1121 1124
1121 1143
1121 1173
1122 1123
1122 1124
1123 1124
1123 1227
1123 1228
1123 1231
1123 1232
1123 1233
1124 1228
1124 1232
1125 1126
1125 1127
1125 1128
1125 1129
1125 1147
1125 1169
1125 1173
1125 1174
1125 1177
1125 1178
1125 1194
1125 1197
1126 1127
1126 1128
1126 1129
1126 1137
1126 1169
1126 1170
1126 1174
1126 1177
1126 1178
1126 1190
1126 1195
1126 1198
1128 1129
1128 1130
1128 1131
1128 1134
1128 1143
1128 1169
1128 1173
1128 1174
1128 1177
1128 1178
1128 1194
1129 1130
1129 1131
1129 1135
1129 1142
1129 1149
1129 1169
1129 1170
1129 1174
1129 1177
1129 1178
1129 1194
1129 1195
1130 1131
1132 1133
1132 1221
1134 1135
1134 1148
1134 1177
1134 1220
1134 1221
1135 1148
1135 1149
1135 1221
1136 1137
1136 1138
1136 1139
1136 1140
1136 1148
1137 1138
1137 1139
1137 1140
1137 1141
1137 1142
1137 1143
1137 1144
1137 1157
1137 1202
1138 1139
1140 1141
1140 1142
1140 1143
1140 1144
1140 1145
1140 1146
1140 1147
1140 1148
1140 1156
1140 1169
1140 1173
1140 1177
1140 1197
1140 1201
1140 1202
1140 1206
1140 1207
1140 1211
1141 1142
1141 1143
1141 1144
1141 1145
1141 1146
1141 1147
1141 1149
1141 1169
1141 1170
1141 1174
1141 1178
1141 1197
1141 1198
1141 1201
1141 1202
1141 1206
1141 1207
1141 1211
1142 1143
1142 1144
1142 1145
1142 1146
1142 1147
1142 1148
1142 1149
1142 1174
1142 1178
1142 1197
1142 1198
1142 1201
1142 1202
1142 1206
1142 1207
1142 1211
1143 1144
1143 1145
1143 1146
1143 1147
1143 1169
1143 1173
1143 1191
1143 1197
1143 1201
1143 1211
1144 1145
1144 1146
1144 1147
1144 1197
1144 1198
1144 1201
1144 1202
1145 1146
1145 1147
1146 1147
1147 1206
1148 1149
1148 1150
1148 1151
1148 1152
1148 1194
1149 1150
1149 1151
1149 1152
1149 1153
1149 1172
1150 1151
1152 1153
1152 1154
1152 1155
1153 1154
1153 1155
1154 1155
1156 1157
1156 1158
1156 1159
1156 1160
1156 1169
1156 1173
1156 1189
1156 1206
1157 1158
1157 1159
1157 1160
1157 1166
1157 1170
1157 1189
1157 1195
1157 1207
1157 1213
1157 1232
1158 1159
1158 1160
1159 1160
1161 1162
1161 1163
1161 1164
1161 1231
1162 1163
1162 1164
1163 1164
1165 1166
1165 1167
1165 1168
1165 1194
1165 1220
1165 1221
1166 1167
1166 1168
1166 1195
1166 1221
1166 1233
1167 1168
1169 1170
1169 1171
1169 1172
1169 1173
1169 1174
1169 1177
1169 1178
1170 1171
1170 1172
1170 1174
1170 1178
1170 1195
1171 1172
1173 1174
1173 1175
1173 1176
1173 1177
1173 1178
1173 1179
1173 1197
1174 1175
1174 1176
1174 1177
1174 1178
1174 1179
1175 1176
1175 1177
1175 1178
1175 1179
1176 1177
1176 1178
1176 1179
1177 1178
1177 1179
1177 1211
1177 1212
1177 1218
1178 1179
1178 1202
1180 1181
1180 1182
1180 1194
1180 1195
1180 1206
1181 1182
1181 1195
1181 1202
1181 1207
1181 1228
1182 1207
1182 1233
1183 1184
1183 1185
1183 1186
1183 1187
1183 1188
1183 1194
1183 1195
1183 1201
1184 1185
1184 1186
1184 1187
1184 1188
1184 1195
1184 1202
1185 1186
1185 1187
1185 1188
1186 1187
1186 1188
1187 1188
1189 1190
1189 1191
1189 1192
1189 1193
1189 1220
1190 1191
1190 1192
1190 1193
1190 1207
1190 1221
1191 1192
1191 1193
1192 1193
1192 1233
1194 1195
1194 1196
1195 1196
1195 1207
1197 1198
1197 1199
1197 1200
1197 1201
1197 1202
1197 1206
1198 1199
1198 1200
1198 1201
1198 1202
1198 1206
1199 1200
1201 1202
1201 1203
1201 1204
1201 1205
1201 1206
1201 1207
1201 1211
1202 1203
1202 1204
1202 1205
1202 1206
1202 1207
1202 1211
1203 1204
1203 1205
1204 1205
1206 1207
1206 1208
1206 1209
1206 1210
1206 1211
1206 1227
1207 1208
1207 1209
1207 1210
1207 1211
1207 1228
1208 1209
1208 1210
1208 1211
1209 1210
1209 1211
1210 1211
1212 1213
1212 1214
1212 1215
1212 1216
1212 1217
1212 1218
1212 1219
1212 1224
1213 1214
1213 1215
1213 1216
1213 1217
1213 1218
1213 1219
1213 1225
1214 1215
1214 1216
1214 1217
1214 1218
1214 1219
1215 1216
1215 1217
1215 1218
1215 1219
1216 1217
1216 1218
1216 1219
1217 1218
1217 1219
1218 1219
1218 1220
1219 1221
1220 1221
1220 1222
1220 1223
1220 1224
1220 1225
1220 1227
1221 1222
1221 1223
1221 1225
1221 1228
1222 1223
1224 1225
1224 1226
1225 1226
1227 1228
1227 1229
1227 1230
1227 1231
1227 1232
1227 1233
1227 1246
1228 1229
1228 1230
1228 1232
1228 1233
1229 1230
1231 1232
1231 1233
1231 1234
1231 1235
1231 1236
1232 1233
1232 1234
1232 1235
1232 1236
1233 1234
1233 1235
1233 1236
1234 1235
1234 1236
1235 1236
1237 1238
1237 1239
1237 1240
1238 1239
1238 1240
1239 1240
1241 1242
1241 1243
1241 1244
1241 1245
1242 1243
1242 1244
1242 1245
1243 1244
1243 1245
1244 1245
1246 1247
1246 1248
1246 1249
1246 1250
1247 1248
1247 1249
1247 1250
1248 1249
1248 1250
1249 1250
1251 1252
1251 1253
1252 1253
1254 1255
1254 1256
1254 1257
1255 1256
1255 1257
1256 1257
1258 1259
1258 1260
1258 1261
1259 1260
1259 1261
1260 1261
1262 1263
1262 1264
1263 1264
