0 1
0 2
0 3
0 4
0 5
0 6
0 242
0 308
0 309
0 339
0 389
0 409
0 437
0 438
1 2
1 3
1 4
1 242
1 303
1 308
1 339
1 389
1 437
2 3
2 4
3 4
5 6
5 7
5 8
5 125
6 7
6 8
6 18
6 346
7 8
9 10
9 101
11 12
11 13
11 14
11 15
11 16
11 17
11 18
11 22
11 56
11 62
11 458
11 549
11 564
11 567
12 13
12 14
12 15
12 16
12 17
12 18
12 22
12 23
12 56
12 565
13 14
13 15
13 16
14 15
14 16
14 17
14 18
14 26
14 41
14 42
14 43
14 50
14 56
14 57
15 16
17 18
17 19
17 20
17 21
17 22
17 29
17 31
17 40
17 56
17 57
17 72
17 89
17 90
17 91
17 351
17 409
17 474
17 478
17 493
17 547
17 572
18 19
18 20
18 21
18 26
18 32
18 41
18 42
18 43
18 56
18 57
18 73
18 222
18 340
18 347
18 431
18 604
19 20
19 21
20 21
22 23
22 24
22 25
22 26
22 27
22 28
22 56
22 152
22 273
22 381
22 484
22 513
22 514
22 529
22 547
22 620
23 24
23 25
23 26
23 27
23 28
23 513
23 514
24 25
24 26
24 27
24 28
25 26
25 27
25 28
26 27
26 28
26 32
26 41
26 42
26 43
26 57
26 92
26 101
27 28
29 30
29 31
29 32
29 33
29 34
29 59
30 31
30 32
30 33
30 34
30 178
31 32
31 33
31 34
31 57
32 33
32 34
32 57
33 34
35 36
35 37
35 38
35 39
36 37
36 38
36 39
37 38
37 39
37 40
37 45
37 51
37 109
37 351
37 355
37 437
37 438
37 439
37 440
37 564
38 39
38 41
38 42
38 43
38 51
38 60
38 109
38 356
39 109
40 41
40 42
40 43
40 44
40 154
40 206
40 260
40 285
40 287
40 359
40 381
40 568
40 618
41 42
41 43
41 44
41 57
41 285
41 286
41 355
41 381
41 568
42 43
42 44
42 52
42 57
42 285
42 355
42 381
42 568
43 44
43 67
43 285
43 286
43 355
43 356
43 373
43 381
43 568
43 633
45 46
45 47
45 48
45 49
45 51
45 52
45 91
45 100
45 105
45 114
45 154
45 155
45 218
45 219
45 221
45 234
45 235
45 237
45 238
45 242
45 243
45 245
45 260
45 346
45 381
45 439
45 471
45 504
45 505
45 529
45 636
46 47
46 48
46 51
46 55
46 57
46 218
46 234
46 235
46 239
46 249
46 250
46 346
46 365
46 440
46 496
47 48
49 50
49 51
49 52
49 53
49 54
49 55
49 56
49 64
49 140
49 154
49 218
49 234
49 235
49 242
49 248
50 51
50 52
50 53
50 54
50 55
50 64
50 65
50 216
50 218
50 219
50 234
50 235
50 242
50 248
50 249
50 475
50 521
50 523
51 52
51 53
51 54
51 55
51 105
51 154
51 155
51 238
51 346
51 347
51 351
51 355
51 365
51 566
51 568
51 609
51 620
52 53
52 54
52 55
52 218
52 234
52 239
52 248
52 249
52 261
52 351
52 352
52 356
52 390
52 621
53 54
53 55
54 55
55 110
55 234
55 238
55 239
55 248
55 421
55 432
55 434
56 57
56 58
56 140
56 146
56 359
56 376
56 457
57 58
57 431
57 456
57 457
57 572
57 604
59 60
59 61
59 62
59 63
59 89
59 173
59 206
59 285
59 409
59 410
59 474
59 475
59 504
59 538
59 539
60 61
60 62
60 63
60 65
60 106
60 173
60 174
60 331
60 409
60 410
60 474
60 504
60 505
60 538
61 62
61 63
62 63
64 65
64 66
64 67
64 68
64 69
65 66
65 67
65 68
65 69
65 174
66 67
66 68
66 69
67 68
67 69
68 69
70 71
70 72
70 73
70 74
70 75
70 76
70 77
70 78
70 100
70 114
70 603
70 605
71 72
71 73
71 74
71 75
71 76
71 77
71 78
72 73
72 74
72 75
72 76
72 518
72 519
72 520
72 521
72 522
73 74
73 75
73 76
73 78
73 79
73 518
73 519
73 520
73 521
73 522
73 523
74 75
74 76
75 76
76 146
77 78
77 79
77 80
77 100
77 118
77 130
77 131
78 79
78 80
78 92
78 118
78 131
79 80
79 115
79 118
79 119
79 131
81 82
81 83
81 84
81 85
81 86
81 87
81 88
81 175
81 178
81 202
81 280
81 572
82 83
82 84
82 85
82 86
82 87
82 88
82 110
82 175
82 610
83 84
83 85
83 86
83 87
83 88
83 280
84 85
84 86
84 87
84 88
85 86
85 87
85 88
86 87
86 88
87 88
89 90
89 91
89 92
89 93
89 94
89 95
89 96
89 97
89 98
89 99
89 140
89 141
89 142
89 145
89 238
89 355
89 390
89 603
89 604
89 605
90 91
90 92
90 93
90 94
90 95
90 96
90 97
90 98
90 99
91 92
91 93
91 94
91 95
91 96
91 97
91 98
91 99
92 93
92 94
92 95
92 96
92 97
92 98
92 99
93 94
93 95
93 96
93 97
93 98
93 99
94 95
94 96
94 97
94 98
94 99
95 96
95 97
95 98
95 99
96 97
96 98
96 99
97 98
97 99
98 99
100 101
100 102
100 103
100 104
100 114
100 115
100 216
100 365
100 529
101 102
101 103
101 104
101 114
101 115
101 216
101 296
101 365
102 103
102 104
103 104
105 106
105 107
105 108
105 109
105 437
105 438
105 439
105 440
105 605
106 107
106 108
106 109
106 440
107 108
108 520
108 522
109 110
109 111
109 112
109 113
109 154
109 211
109 238
109 239
109 308
109 351
110 111
110 112
110 113
110 127
110 141
110 206
110 269
110 309
110 371
110 432
110 437
110 440
110 472
110 514
110 548
111 112
111 113
112 113
114 115
114 116
114 117
114 125
114 140
114 141
114 142
114 145
114 207
114 605
115 116
115 117
115 125
115 127
115 216
116 117
118 119
118 120
118 121
118 122
118 123
118 199
118 351
119 120
119 121
119 122
119 123
119 352
120 121
120 122
120 123
121 122
121 123
122 123
123 127
124 125
124 126
124 127
124 128
124 129
124 140
124 154
124 168
124 169
124 170
124 206
124 529
124 594
124 595
124 598
124 599
125 126
125 127
125 128
125 129
125 137
125 168
125 169
125 170
125 173
125 184
125 212
125 475
125 569
125 594
125 601
125 602
125 640
126 127
126 128
126 129
127 128
127 129
127 168
127 169
128 129
130 131
130 132
130 133
130 178
130 202
130 603
130 605
131 132
131 133
132 133
134 135
134 281
134 519
135 521
136 137
136 138
136 139
136 605
137 138
137 139
137 548
138 139
140 141
140 142
140 143
140 144
140 145
140 146
140 147
140 150
140 151
140 154
140 155
140 409
140 547
140 568
141 142
141 143
141 144
141 145
141 146
141 150
141 151
141 154
141 155
141 548
141 565
141 569
142 143
142 144
142 145
142 146
142 150
142 151
142 154
142 155
142 156
142 550
142 579
143 144
143 145
144 145
145 146
145 151
145 155
146 147
146 148
146 149
146 150
146 151
146 154
146 239
146 292
146 316
146 370
146 547
146 605
147 148
147 149
147 150
147 151
147 154
147 155
147 548
147 565
148 149
150 151
150 152
150 153
150 603
150 604
150 605
151 152
151 153
151 603
151 604
151 605
152 153
154 155
154 156
154 157
154 158
154 173
154 206
154 221
154 238
154 346
154 355
154 568
154 603
154 604
154 605
154 609
155 156
155 157
155 158
155 356
156 157
156 158
157 158
159 160
159 161
159 162
160 161
160 162
161 162
161 256
163 164
163 165
163 166
163 167
163 572
164 165
164 166
164 167
164 219
165 166
165 167
166 167
168 169
168 170
168 171
168 172
168 174
168 198
168 199
168 200
168 602
169 170
169 171
169 172
169 594
169 598
169 599
170 171
170 172
170 174
170 186
170 595
170 598
170 599
170 658
171 172
173 174
173 175
173 176
173 177
173 178
173 197
173 198
173 199
173 200
173 409
174 175
174 176
174 177
174 178
174 197
174 198
174 200
174 528
174 529
174 532
175 176
175 177
175 178
175 201
175 208
175 432
176 178
176 186
176 201
176 208
177 178
177 179
177 180
177 200
178 179
178 180
178 190
178 200
178 536
178 573
179 180
181 182
181 183
181 199
181 206
182 183
184 207
185 186
185 187
185 188
185 189
185 190
185 191
185 199
185 200
185 229
185 291
185 453
185 486
185 531
185 594
185 595
185 598
185 601
186 187
186 188
186 189
186 191
186 200
186 208
186 213
186 594
186 595
186 598
187 188
187 189
188 189
190 191
190 192
190 193
190 194
190 202
190 355
190 514
191 192
191 193
191 194
191 514
192 193
192 194
193 194
195 196
195 197
196 197
197 199
197 200
197 201
198 199
198 200
198 201
199 200
199 201
199 202
199 206
199 207
199 355
200 201
200 202
200 206
200 207
200 257
200 585
201 202
201 208
201 213
201 536
202 203
202 206
202 207
203 204
203 205
203 208
203 355
203 356
204 205
206 207
206 208
206 209
206 210
206 225
206 229
206 260
206 280
206 409
206 456
206 471
206 609
206 644
207 208
207 209
207 210
207 216
207 365
208 209
208 210
208 212
208 536
209 210
211 212
211 213
211 214
211 215
211 234
211 248
211 351
211 568
211 572
212 213
212 214
212 215
212 251
212 257
212 352
213 214
213 215
214 215
216 217
218 219
218 220
218 221
218 234
218 235
218 237
218 238
218 248
218 500
218 501
218 529
219 220
219 234
219 235
219 239
219 248
219 249
219 250
219 333
219 465
219 472
221 222
221 223
221 224
221 225
221 226
221 238
221 277
221 462
221 466
221 529
222 223
222 224
222 225
222 226
222 342
222 377
222 585
223 224
224 261
225 226
225 227
225 228
225 346
226 227
226 228
227 228
229 230
229 231
229 232
229 233
229 238
229 248
229 256
229 456
229 457
229 459
229 464
229 484
230 231
230 232
230 233
230 239
230 249
230 250
230 251
230 257
230 259
231 232
231 233
232 233
232 251
232 259
234 235
234 236
234 237
234 242
234 243
234 248
234 249
234 260
234 264
234 292
234 321
234 481
234 484
234 493
234 577
234 604
234 605
235 236
235 237
235 239
235 245
235 248
235 249
235 250
235 251
235 259
235 265
235 286
235 470
236 237
237 248
237 251
237 259
237 262
237 264
237 265
237 274
237 335
237 472
237 484
237 488
237 491
237 492
237 496
237 577
237 578
237 585
237 633
238 239
238 240
238 241
238 248
238 252
238 256
238 489
239 240
239 241
239 249
239 250
239 251
239 253
239 257
239 259
240 241
242 243
242 244
242 245
242 246
242 247
242 471
243 244
243 245
243 246
243 247
243 470
244 245
244 246
244 247
244 248
245 246
245 247
245 251
245 259
246 247
248 249
248 250
248 251
248 252
248 256
248 451
248 457
248 470
249 250
249 251
249 253
249 257
249 259
249 461
250 251
250 253
250 257
250 259
250 461
251 253
251 255
251 259
251 262
251 455
251 457
251 459
251 465
251 507
252 253
252 254
252 255
252 256
252 292
252 456
252 457
252 459
252 464
253 254
253 255
253 257
253 259
253 261
254 255
255 259
255 459
256 257
256 258
256 259
256 260
256 292
256 332
256 451
256 456
256 464
256 469
256 471
256 474
256 504
256 506
256 588
256 613
257 258
257 259
257 261
257 265
257 275
257 452
257 457
257 465
258 259
259 261
259 262
259 452
259 455
259 457
259 459
259 465
260 261
260 262
260 263
260 272
260 275
260 280
260 346
260 351
260 355
260 568
260 569
260 613
260 614
260 636
260 637
261 262
261 263
261 265
261 269
261 274
261 275
261 278
261 281
261 286
261 287
261 293
261 296
261 309
261 322
261 347
261 382
261 398
261 457
261 465
262 263
263 456
263 457
263 459
264 265
264 266
264 267
264 272
264 273
264 276
264 277
264 280
264 346
265 266
265 267
265 274
265 275
265 278
265 281
265 296
266 267
268 269
268 270
268 271
268 276
268 277
268 285
268 395
268 396
268 397
268 417
268 419
269 270
269 271
269 275
269 278
269 286
269 396
269 417
269 420
270 271
272 273
272 274
272 275
272 276
272 277
272 280
272 281
272 285
272 292
272 308
272 395
272 584
272 588
273 274
273 275
273 277
273 280
273 303
273 316
273 324
273 361
273 409
273 616
274 275
274 278
274 281
274 286
274 292
274 309
274 320
274 396
274 589
275 278
275 281
275 285
275 286
275 293
275 309
275 396
275 589
276 277
276 278
276 279
276 280
276 285
276 292
276 395
276 452
276 457
276 464
277 278
277 279
277 280
277 285
277 292
277 308
277 321
277 381
277 395
277 396
277 397
277 464
277 474
278 279
278 281
278 286
278 293
278 296
278 309
278 322
278 382
278 396
278 465
278 589
280 281
280 282
280 283
280 284
280 285
280 287
280 292
280 295
280 308
280 313
280 395
280 590
280 652
281 282
281 283
281 284
281 286
281 293
281 296
281 309
281 320
281 395
281 396
281 589
282 283
282 284
283 284
284 518
284 520
285 286
285 287
285 288
285 289
285 290
285 291
285 292
285 293
285 299
285 301
285 307
285 308
285 321
285 326
285 335
285 340
285 359
285 394
285 395
285 399
285 419
286 287
286 288
286 289
286 290
286 291
286 292
286 293
286 295
286 296
286 302
286 304
286 309
286 327
286 331
286 360
286 396
286 569
287 288
287 289
287 290
287 291
287 292
287 295
287 308
287 326
287 335
287 359
287 395
287 397
287 399
287 489
288 289
288 290
288 291
289 290
289 291
290 291
292 293
292 294
292 308
292 321
292 346
292 395
292 409
292 513
292 547
292 590
293 294
293 296
293 302
293 304
293 307
293 309
293 311
293 514
293 589
293 591
295 296
295 297
295 298
295 299
295 300
295 301
295 302
296 297
296 298
296 299
296 300
296 301
296 302
296 304
296 309
296 322
296 396
296 465
296 614
297 298
297 299
297 300
297 301
297 302
298 299
298 300
298 301
298 302
299 300
299 301
299 302
299 397
300 301
300 302
301 302
303 304
303 305
303 306
303 307
304 305
304 306
304 307
305 306
305 307
306 307
308 309
308 310
308 311
308 312
308 313
308 314
308 315
309 310
309 311
309 312
309 313
309 314
309 315
309 401
309 420
310 311
310 312
310 313
310 314
310 315
311 312
311 313
311 314
311 315
312 313
312 314
312 315
313 314
313 315
313 603
314 315
314 401
316 317
316 318
316 319
316 320
317 318
317 319
317 320
318 319
318 320
319 320
320 390
320 519
321 322
321 323
321 324
321 325
321 389
321 564
321 565
322 323
322 324
322 325
323 324
323 325
324 325
326 327
326 328
326 329
326 330
326 331
326 636
326 637
327 328
327 329
327 330
327 331
327 390
328 329
328 330
328 331
329 330
329 331
330 331
330 389
332 333
332 334
332 335
332 336
332 337
332 338
333 334
333 335
333 336
333 337
333 338
334 335
334 336
334 337
334 338
335 336
335 337
335 338
335 397
336 337
336 338
337 338
338 389
339 340
339 341
339 342
339 343
339 344
339 345
339 346
339 389
340 341
340 342
340 343
340 344
340 345
340 346
340 347
341 342
341 343
341 344
341 345
342 343
342 344
342 345
343 344
343 345
343 521
344 345
346 347
346 348
346 349
346 350
346 351
346 366
346 376
346 381
346 395
346 430
347 348
347 349
347 350
347 351
347 352
347 365
347 377
347 431
348 349
348 350
349 350
351 352
351 353
351 354
351 355
351 359
351 365
351 370
351 389
351 551
351 568
351 569
351 613
351 614
352 353
352 354
352 356
352 360
352 371
352 390
352 552
352 569
352 589
353 354
355 356
355 357
355 358
355 381
355 568
355 584
355 613
355 614
356 357
356 358
356 382
356 569
356 585
356 614
357 358
359 360
359 361
359 362
359 363
360 361
360 362
360 363
361 362
361 363
362 363
364 365
364 366
364 367
364 368
364 369
364 438
364 559
364 560
364 609
364 610
365 366
365 367
365 368
365 369
365 560
366 367
366 368
366 369
367 368
367 369
368 369
369 559
369 560
370 371
370 372
370 373
370 374
370 375
370 389
371 372
371 373
371 374
371 375
372 373
372 374
372 375
373 374
373 375
374 375
376 377
376 378
376 379
376 380
376 389
377 378
377 379
377 380
378 379
378 380
379 380
379 488
381 382
381 383
381 384
381 385
381 386
381 387
381 388
381 389
381 547
382 383
382 384
382 385
382 386
382 387
382 388
383 384
383 385
383 386
383 387
383 388
384 385
384 386
384 387
384 388
385 386
385 387
385 388
385 389
386 387
386 388
387 388
389 390
389 391
389 392
389 393
389 394
389 395
389 396
389 401
389 402
389 409
389 410
389 421
389 568
390 391
390 392
390 393
390 394
390 489
391 392
391 393
391 394
392 393
392 394
393 394
394 402
395 396
395 397
395 398
395 399
395 400
395 559
395 560
396 397
396 398
396 399
396 400
396 402
396 559
397 398
397 399
397 400
397 559
398 399
398 400
399 400
401 402
401 403
401 404
401 405
401 444
402 403
402 404
402 406
402 446
403 404
405 406
405 407
405 408
405 409
405 410
405 411
405 412
405 413
405 414
405 484
406 407
406 408
406 409
406 410
406 411
406 412
406 413
406 414
406 437
406 438
406 439
406 440
406 496
407 408
407 409
407 410
407 411
407 412
407 413
407 414
408 409
408 410
408 411
408 412
408 413
408 414
409 410
409 411
409 412
409 413
409 414
409 438
409 440
409 493
409 494
409 573
410 411
410 412
410 413
410 414
410 421
410 573
411 412
411 413
411 414
412 413
412 414
413 414
415 416
415 417
415 419
415 420
417 418
417 419
417 420
417 421
417 432
417 436
419 420
419 421
419 422
419 423
420 421
420 422
420 423
420 475
421 422
421 423
421 427
421 428
421 432
421 433
421 438
421 496
421 508
422 423
424 425
424 426
424 427
424 428
424 429
425 426
425 427
425 428
425 429
425 569
426 427
426 428
426 429
427 428
427 429
428 429
430 431
430 432
430 433
430 434
430 435
430 436
430 568
431 432
431 433
431 434
431 435
431 436
432 433
432 434
432 435
432 436
432 496
433 434
433 435
433 436
434 435
434 436
435 436
437 438
437 439
437 440
437 441
437 442
437 443
437 444
437 582
437 588
437 589
438 439
438 440
438 441
438 442
438 443
438 444
438 588
439 440
439 441
439 442
439 443
439 444
439 522
439 523
439 615
440 441
440 442
440 443
440 444
441 442
441 443
441 444
442 443
442 444
443 444
445 446
445 447
445 448
445 449
445 450
446 447
446 448
446 449
446 450
447 448
447 449
447 450
448 449
448 450
449 450
451 452
451 453
451 454
451 455
451 456
451 457
451 459
451 464
451 465
452 453
452 454
452 455
452 457
453 454
453 455
453 471
453 493
454 455
456 457
456 458
456 459
456 460
456 465
456 471
456 472
456 484
456 504
456 533
456 568
456 577
457 458
457 459
457 460
457 465
457 472
458 459
458 460
458 649
459 460
459 472
461 462
461 463
461 470
461 471
462 463
462 464
462 652
463 464
463 465
464 465
464 466
464 467
464 468
464 469
464 470
464 471
464 472
464 484
464 493
465 466
465 467
465 468
465 469
465 470
465 471
465 472
466 467
466 468
466 469
466 470
467 468
467 469
467 470
468 469
468 470
469 470
470 584
471 472
471 473
471 500
472 473
472 484
472 485
472 594
472 595
474 475
474 476
474 477
475 476
475 477
476 477
478 479
478 480
478 481
478 482
478 483
478 496
479 480
479 481
479 482
479 483
480 481
480 482
480 483
481 482
481 483
482 483
484 485
484 486
484 487
484 488
484 489
484 493
484 496
484 500
484 504
484 520
485 486
485 487
485 488
485 490
485 493
485 494
485 501
485 505
485 620
486 487
486 488
487 488
487 496
488 490
488 492
488 496
488 505
488 620
488 633
489 490
489 491
489 492
489 493
489 494
489 496
490 491
490 492
490 494
490 569
491 492
492 496
493 494
493 495
493 496
494 495
494 496
495 496
496 500
496 564
496 565
497 498
497 499
497 500
497 501
497 502
497 503
497 504
497 505
498 499
498 500
498 501
498 502
498 503
498 504
498 505
499 500
499 501
499 502
499 503
499 504
499 505
500 501
500 502
500 503
500 504
500 505
501 502
501 503
501 504
501 505
502 503
502 504
502 505
503 504
503 505
504 505
505 564
505 565
506 507
506 508
506 509
506 510
506 511
506 512
507 508
507 509
507 510
507 511
507 512
508 509
508 510
508 511
508 512
509 510
509 511
509 512
510 511
510 512
511 512
513 514
513 515
513 516
513 517
513 518
513 519
513 520
513 521
513 522
513 538
513 559
513 564
513 590
513 591
514 515
514 516
514 517
514 519
514 520
514 522
514 523
514 564
514 565
514 590
514 591
515 516
515 517
516 517
518 519
518 520
518 521
518 522
518 523
518 524
518 525
518 526
518 527
518 547
518 588
518 589
518 649
518 650
519 520
519 521
519 522
519 523
519 524
519 525
519 526
519 527
519 535
520 521
520 522
520 523
520 524
520 525
520 526
520 527
520 588
520 589
521 522
521 523
521 524
521 525
521 526
521 527
522 523
522 524
522 525
522 526
522 527
522 588
522 589
523 524
523 525
523 526
523 527
523 560
524 525
524 526
524 527
525 526
525 527
526 527
528 529
528 530
528 531
528 532
528 533
528 569
529 530
529 531
529 532
529 533
530 531
530 532
530 533
531 532
531 533
532 533
534 535
534 536
534 537
535 536
535 537
536 537
538 539
538 540
538 541
538 542
538 543
538 544
538 545
538 546
539 540
539 541
539 542
539 543
539 544
539 545
539 546
539 548
540 541
540 542
540 543
540 544
540 545
540 546
541 542
541 543
541 544
541 545
541 546
542 543
542 544
542 545
542 546
543 544
543 545
543 546
544 545
544 546
545 546
547 548
547 549
547 550
547 557
547 564
548 549
548 550
548 557
548 564
548 565
549 550
551 552
551 553
551 554
551 555
551 556
551 557
551 558
551 564
551 565
552 553
552 554
552 555
552 556
552 557
552 558
552 564
552 565
553 554
553 555
553 556
553 557
553 558
554 555
554 556
554 557
554 558
555 556
555 557
555 558
556 557
556 558
557 558
558 565
559 560
559 561
559 562
559 563
559 564
559 565
560 561
560 562
560 563
560 564
560 565
561 562
561 563
562 563
564 565
564 566
564 567
565 566
565 567
566 567
568 569
568 570
568 571
568 572
568 573
568 613
568 620
568 636
569 570
569 571
569 573
569 613
569 620
570 571
572 573
572 574
572 575
572 576
572 588
572 623
572 656
573 574
573 575
573 576
573 625
574 575
574 576
575 576
577 578
577 579
577 580
577 581
577 582
577 583
578 579
578 580
578 581
578 582
578 583
578 594
578 595
579 580
579 581
579 582
579 583
580 581
580 582
580 583
581 582
581 583
582 583
583 604
584 585
584 586
584 587
584 598
585 586
585 587
585 595
585 598
585 599
586 587
588 589
588 590
588 591
588 592
588 593
588 594
588 598
588 609
588 656
589 590
589 591
589 592
589 593
590 591
590 592
590 593
591 592
591 593
591 595
592 593
594 595
594 596
594 597
594 598
594 599
594 600
594 601
594 602
594 603
594 625
595 596
595 597
595 598
595 599
595 600
595 601
595 602
595 606
596 597
596 598
596 599
596 600
596 601
596 602
597 598
597 599
597 600
597 601
597 602
598 599
598 600
598 601
598 602
598 603
598 625
599 600
599 601
599 602
599 606
600 601
600 602
601 602
603 604
603 605
603 606
603 607
603 608
603 613
603 656
604 605
604 606
604 607
604 608
604 610
604 644
605 606
605 607
605 608
606 607
606 608
606 652
606 653
606 656
607 608
609 610
609 611
609 612
609 613
609 649
609 650
609 652
609 656
609 657
610 611
610 612
610 613
610 614
610 650
610 652
610 653
610 656
610 657
611 612
613 614
613 615
613 616
613 617
613 618
613 619
614 615
614 616
614 617
614 618
614 619
615 616
615 617
615 618
615 619
616 617
616 618
616 619
617 618
617 619
618 619
620 621
620 622
620 623
620 624
620 636
621 622
621 623
621 624
621 636
621 637
622 623
622 624
623 624
625 626
625 627
625 628
625 629
625 630
625 631
625 632
625 633
625 634
625 635
625 636
626 627
626 628
626 629
626 630
626 631
626 632
626 633
626 634
626 635
627 628
627 629
627 630
627 631
627 632
627 633
627 634
627 635
627 636
627 637
628 629
628 630
628 631
628 632
628 633
628 634
628 635
629 630
629 631
629 632
629 633
629 634
629 635
630 631
630 632
630 633
630 634
630 635
631 632
631 633
631 634
631 635
632 633
632 634
632 635
633 634
633 635
634 635
636 637
636 638
636 639
636 640
636 644
636 656
637 638
637 639
637 640
637 647
637 657
638 639
640 641
640 642
640 643
641 642
641 643
642 643
644 645
644 649
644 650
645 649
645 650
646 647
646 648
647 648
647 657
649 650
649 651
649 652
649 653
650 651
650 652
650 653
650 656
650 657
652 653
652 654
652 655
652 656
652 657
653 654
653 655
653 656
653 657
654 655
654 656
654 657
655 656
655 657
656 657
658 659
