0 1
0 2
0 3
0 4
0 5
0 12
0 13
0 48
0 67
0 167
0 168
0 843
0 844
1 2
1 3
1 4
1 5
1 13
1 19
1 79
1 174
1 843
2 3
2 4
2 5
3 4
3 5
4 5
6 7
6 8
6 9
6 10
6 11
6 67
6 843
6 844
7 8
7 9
7 10
7 11
7 23
7 24
7 86
7 88
7 90
7 91
8 9
8 10
8 11
9 10
9 11
10 11
12 13
12 14
12 15
12 16
12 17
12 18
12 23
12 25
12 48
12 113
12 162
12 163
12 167
12 168
12 173
12 174
12 233
12 239
12 484
12 539
12 614
12 728
12 767
12 783
12 843
13 14
13 15
13 16
13 17
13 19
13 23
13 24
13 163
13 233
13 234
13 239
13 240
14 15
14 16
14 17
15 16
15 17
16 17
18 19
18 20
18 21
18 22
18 23
18 102
18 103
18 125
18 152
18 239
18 446
19 20
19 21
19 22
19 23
19 24
19 26
19 35
19 68
19 70
19 86
19 125
19 152
19 158
20 21
20 22
21 22
23 24
23 38
23 43
23 69
23 263
23 418
23 717
23 720
23 728
23 732
23 758
23 819
24 26
24 44
24 80
24 418
24 717
24 719
24 728
25 26
25 27
25 28
25 29
25 30
25 31
25 32
25 33
25 38
25 62
25 63
25 112
25 332
25 338
26 27
26 28
26 29
26 30
26 31
26 32
26 33
26 38
26 39
26 62
26 191
26 332
26 338
26 692
27 28
27 29
27 30
27 31
27 32
27 33
28 29
28 30
28 31
28 32
28 33
29 30
29 31
29 32
29 33
30 31
30 32
30 33
31 32
31 33
32 33
34 35
34 36
34 37
34 53
34 54
34 152
34 153
35 36
35 37
35 49
35 54
35 125
35 148
35 152
36 37
38 39
38 40
38 41
38 42
38 43
38 44
38 48
38 49
38 67
38 69
38 130
38 157
38 240
38 276
38 321
38 373
38 645
38 648
38 650
38 654
38 658
38 837
38 838
38 844
39 40
39 41
39 42
39 44
39 69
39 80
39 103
39 645
39 650
39 654
39 658
39 833
40 41
40 42
41 42
43 44
43 45
43 46
43 47
43 247
43 837
44 45
44 46
44 47
45 46
45 47
46 47
48 49
48 50
48 51
48 52
48 53
48 120
48 212
48 239
48 256
48 274
48 276
48 403
48 405
48 837
48 838
48 843
48 844
49 50
49 51
49 52
49 53
49 54
49 68
49 112
49 752
49 841
50 51
50 52
51 52
52 512
53 54
53 55
53 56
53 57
53 58
53 316
53 320
53 837
53 838
53 843
54 55
54 56
54 57
54 58
55 56
55 57
55 58
55 268
55 316
56 57
56 58
57 58
59 60
59 61
59 173
60 61
62 63
62 64
62 65
62 66
62 68
62 79
62 332
62 844
63 64
63 65
63 66
63 68
63 70
64 65
64 66
65 66
67 68
67 69
67 70
67 71
67 72
67 73
67 74
67 75
67 76
67 77
67 78
67 79
67 80
67 112
67 167
67 664
67 673
67 832
67 843
68 69
68 70
68 71
68 72
68 73
68 74
68 75
68 76
68 77
68 78
68 79
68 80
68 86
68 92
68 833
69 70
69 71
69 72
69 73
69 74
69 75
69 76
69 77
69 78
69 79
69 80
69 263
69 274
69 418
69 664
69 723
69 832
69 833
69 841
69 843
70 71
70 72
70 73
70 74
70 75
70 76
70 77
70 78
70 79
70 80
70 81
70 91
70 833
71 72
71 73
71 74
71 75
71 76
71 77
71 78
71 79
71 80
72 73
72 74
72 75
72 76
72 77
72 78
72 79
72 80
73 74
73 75
73 76
73 77
73 78
73 79
73 80
74 75
74 76
74 77
74 78
74 79
74 80
75 76
75 77
75 78
75 79
75 80
76 77
76 78
76 79
76 80
76 638
77 78
77 79
77 80
78 79
78 80
79 80
79 691
79 772
79 838
79 841
79 842
79 843
79 844
80 663
80 833
80 842
80 843
81 82
81 83
81 84
82 83
82 84
83 84
83 86
83 88
83 90
83 91
85 86
85 87
85 88
85 89
85 90
85 91
85 92
85 93
85 107
85 221
85 226
85 429
85 433
85 444
85 469
85 528
85 535
85 742
85 743
85 800
86 87
86 88
86 89
86 90
86 91
86 92
86 93
86 95
86 108
86 433
86 444
86 833
87 88
87 89
87 90
87 91
87 92
87 93
88 89
88 90
88 91
88 92
88 93
88 95
88 342
88 433
88 444
89 90
89 91
89 92
89 93
90 91
90 92
90 93
90 95
90 180
90 344
90 393
90 433
90 444
91 92
91 93
91 95
91 108
91 345
91 433
91 444
92 93
92 444
92 445
92 446
92 447
92 448
92 838
94 95
94 96
94 97
94 98
94 99
94 100
94 101
94 444
94 445
94 446
95 96
95 97
95 98
95 99
95 100
95 101
95 540
96 97
96 98
96 99
96 100
96 101
97 98
97 99
97 100
97 101
97 540
98 99
98 100
98 101
99 100
99 101
100 101
102 103
102 104
102 105
102 106
102 107
102 108
102 125
102 152
102 350
102 351
103 104
103 105
103 106
103 108
103 350
103 687
103 688
104 105
104 106
105 106
107 108
107 109
107 110
107 111
107 226
107 228
108 109
108 110
108 111
109 110
109 111
110 111
110 316
112 113
112 114
112 115
112 116
112 117
112 118
112 119
112 120
112 121
112 122
112 123
112 124
112 168
112 173
112 180
112 249
112 326
112 394
112 395
112 464
112 496
112 509
112 512
112 558
112 580
112 599
112 706
112 798
113 114
113 115
113 116
113 117
113 118
113 119
113 120
113 121
113 122
113 123
113 124
113 153
113 168
113 181
113 191
113 240
113 464
113 478
113 497
113 509
113 512
113 515
113 558
114 115
114 116
114 117
114 118
114 119
114 120
114 121
114 122
114 123
114 124
114 168
114 191
114 213
114 218
114 242
114 326
114 331
114 369
114 394
114 560
115 116
115 117
115 118
115 119
115 120
115 121
115 122
115 123
115 124
115 138
115 167
115 217
115 239
115 344
115 369
115 509
115 558
116 117
116 118
116 119
116 120
116 121
116 122
116 123
116 124
116 153
116 163
116 168
116 213
116 289
116 331
116 395
116 404
117 118
117 119
117 120
117 121
117 122
117 123
117 124
118 119
118 120
118 121
118 122
118 123
118 124
119 120
119 121
119 122
119 123
119 124
120 121
120 122
120 123
120 124
120 138
120 146
120 180
120 252
120 387
120 396
120 509
120 558
120 568
120 580
120 638
120 651
121 122
121 123
121 124
121 163
121 171
121 174
121 327
121 464
121 509
121 558
122 123
122 124
123 124
123 171
123 387
123 552
123 568
123 576
123 590
124 171
124 289
124 327
124 331
124 405
125 126
125 127
125 128
125 129
125 130
125 131
125 132
125 133
125 134
125 135
125 136
125 137
125 143
125 152
125 157
125 168
125 174
125 250
126 127
126 128
126 129
126 130
126 131
126 132
126 133
126 134
126 135
126 136
126 351
126 828
127 128
127 129
127 130
127 131
127 132
127 133
127 134
127 135
127 136
128 129
128 130
128 131
128 132
128 133
128 134
128 135
128 136
129 130
129 131
129 132
129 133
129 134
129 135
129 136
129 702
130 131
130 132
130 133
130 134
130 135
130 136
130 138
130 157
130 829
131 132
131 133
131 134
131 135
131 136
131 158
131 249
131 251
132 133
132 134
132 135
132 136
133 134
133 135
133 136
134 135
134 136
135 136
137 138
137 139
137 140
137 141
137 142
137 143
137 144
137 145
137 146
137 147
137 152
137 157
137 158
137 292
137 390
137 599
137 691
137 827
138 139
138 140
138 141
138 142
138 143
138 144
138 145
138 146
138 147
138 150
138 152
138 153
138 157
138 158
138 250
138 252
138 326
138 638
138 719
139 140
139 141
139 142
139 143
139 144
139 145
139 146
139 153
139 158
139 240
140 141
140 142
140 143
140 144
140 145
140 146
141 142
141 143
141 144
141 145
141 146
142 143
142 144
142 145
142 146
143 144
143 145
143 146
143 147
143 150
143 152
143 154
143 180
143 239
143 297
143 310
143 311
143 356
143 819
144 145
144 146
144 148
144 153
144 298
144 309
144 816
144 828
145 146
146 719
147 148
147 149
147 150
147 151
147 152
147 157
148 149
148 150
148 151
148 153
148 158
148 828
149 150
149 151
149 158
149 829
150 151
152 153
152 154
152 155
152 156
152 157
152 158
152 159
152 160
152 161
152 212
152 263
152 292
152 309
152 424
152 819
152 827
153 154
153 155
153 156
153 157
153 158
153 159
153 160
153 161
153 168
153 240
153 298
153 309
154 155
154 156
154 157
154 158
154 159
154 160
154 161
155 156
155 157
155 158
155 159
155 160
155 161
156 157
156 158
156 159
156 160
156 161
157 158
157 159
157 160
157 161
157 180
157 369
157 535
157 599
158 159
158 160
158 161
158 168
159 160
159 161
160 161
162 163
162 164
162 165
162 167
162 168
162 173
162 252
162 344
162 664
162 813
162 844
163 164
163 165
163 167
163 168
163 172
163 173
163 174
163 213
163 240
163 242
163 445
164 165
166 268
167 168
167 169
167 170
167 171
167 173
167 174
167 212
167 239
167 249
167 250
167 320
167 369
167 403
167 843
167 844
168 169
168 170
168 171
168 173
168 174
168 212
168 213
168 240
169 170
169 171
170 171
173 174
173 175
173 176
173 179
173 192
173 338
173 369
173 843
174 175
174 176
174 181
174 855
175 176
177 178
177 180
177 181
180 181
180 182
180 183
180 184
180 185
180 631
180 636
180 637
180 696
180 719
180 742
181 182
181 183
181 184
181 185
181 619
181 626
181 629
181 631
181 632
181 692
181 697
181 856
182 183
182 184
183 184
185 186
185 187
185 188
185 189
186 187
186 188
186 189
187 188
187 189
188 189
190 191
190 221
190 222
190 226
190 227
190 228
190 229
190 445
191 228
191 229
192 193
192 194
192 195
192 196
192 197
192 206
192 226
192 463
192 464
192 469
192 503
193 194
193 195
193 196
193 197
193 207
193 229
193 480
194 195
194 196
194 197
195 196
195 197
196 197
198 199
198 200
198 201
198 203
198 206
198 636
199 200
199 201
199 203
199 207
199 213
199 222
200 201
201 207
202 203
202 204
202 205
202 206
202 207
202 636
203 204
203 205
203 206
203 207
203 327
203 418
203 419
203 485
203 493
203 503
203 637
203 688
204 205
204 268
206 207
206 208
206 209
206 210
206 211
206 212
206 239
206 373
206 599
206 625
206 706
206 837
207 208
207 209
207 210
207 211
207 213
207 222
207 240
207 480
208 209
208 210
209 210
212 213
212 214
212 215
212 216
212 217
212 218
212 231
212 292
212 390
212 463
212 484
212 485
212 522
212 825
212 827
213 214
213 215
213 216
213 217
213 218
213 240
213 292
213 379
213 383
213 391
213 483
213 485
213 751
213 816
213 821
213 825
213 827
214 215
214 216
214 217
215 216
215 217
215 294
216 217
218 219
218 220
218 228
218 229
219 220
221 222
221 223
221 224
221 225
221 226
221 412
221 429
221 463
221 474
221 479
221 539
222 223
222 224
222 225
222 226
222 227
222 229
222 369
222 409
222 413
222 460
222 463
222 464
222 474
222 599
222 600
222 691
222 738
223 224
223 225
224 225
225 227
226 227
226 228
226 229
226 413
226 429
226 445
226 446
226 470
226 474
227 228
227 229
227 409
227 413
227 414
227 466
227 470
228 229
228 234
228 412
228 413
228 463
228 464
228 469
228 474
228 723
228 724
228 819
228 843
229 240
229 264
229 339
229 359
229 395
229 413
229 474
229 651
230 231
230 232
230 233
230 723
230 725
231 232
231 233
231 240
231 242
231 261
231 264
231 313
231 327
231 331
231 391
231 394
231 405
231 670
231 820
232 233
232 326
232 568
233 240
233 258
233 270
233 278
233 315
233 316
233 323
233 327
233 330
233 370
233 396
233 397
233 593
233 727
234 235
234 236
234 237
234 238
234 240
235 236
235 237
235 238
236 237
236 238
237 238
239 240
239 241
239 242
239 288
239 302
239 344
239 373
239 399
239 408
239 484
239 496
239 758
239 798
239 843
239 844
240 241
240 242
240 264
240 272
240 303
240 305
240 615
240 820
241 242
242 816
243 244
243 245
243 247
243 251
244 245
244 492
246 247
246 248
246 250
246 251
246 706
246 829
247 248
247 249
247 250
247 264
247 269
247 816
247 820
247 828
249 250
249 251
249 252
249 253
249 254
249 255
249 305
249 545
249 558
250 251
250 252
250 253
250 254
250 255
250 297
250 305
250 515
251 252
251 253
251 254
251 255
251 264
251 271
251 305
251 391
252 253
252 254
252 255
253 254
253 255
254 255
254 670
256 257
256 258
256 259
256 260
256 261
256 262
257 258
257 259
257 260
257 261
257 262
258 259
258 260
258 261
258 262
258 269
258 317
258 829
259 260
259 261
259 262
260 261
260 262
260 264
260 269
261 262
261 316
261 317
263 264
263 265
263 266
263 267
263 268
263 269
263 288
263 292
263 293
263 326
263 332
263 390
263 552
263 599
263 603
263 728
263 738
263 747
263 815
263 816
263 827
263 829
264 265
264 266
264 267
264 268
264 269
264 292
264 293
264 294
264 317
264 339
264 390
264 391
264 599
264 816
264 820
264 828
265 266
265 267
265 269
265 294
265 323
266 267
266 269
268 269
268 270
268 271
268 292
268 293
268 821
268 827
268 829
269 270
269 271
269 272
269 292
269 293
269 294
269 317
269 323
269 816
269 820
269 821
269 827
269 828
270 271
272 273
272 293
272 816
274 275
274 276
274 277
274 278
274 279
274 280
274 281
274 282
274 283
274 284
274 285
274 286
274 287
274 390
274 838
275 276
275 277
275 278
275 279
275 280
275 281
275 282
275 283
275 284
275 285
275 286
275 287
275 670
276 277
276 278
276 279
276 280
276 281
276 282
276 283
276 284
276 285
276 286
276 287
276 292
277 278
277 279
277 280
277 281
277 282
277 283
277 284
277 285
277 286
277 287
278 279
278 280
278 281
278 282
278 283
278 284
278 285
278 286
278 287
279 280
279 281
279 282
279 283
279 284
279 285
279 286
279 287
280 281
280 282
280 283
280 284
280 285
280 286
280 287
281 282
281 283
281 284
281 285
281 286
281 287
282 283
282 284
282 285
282 286
282 287
282 758
283 284
283 285
283 286
283 287
284 285
284 286
284 287
285 286
285 287
286 287
286 446
288 289
288 290
288 291
288 326
288 390
288 405
289 290
289 291
289 317
289 321
289 323
289 391
289 405
290 291
292 293
292 294
292 295
292 296
292 297
292 320
292 390
292 391
292 819
292 821
292 827
292 828
293 294
293 295
293 296
293 390
293 691
293 696
293 697
293 819
293 820
293 828
294 295
294 296
294 390
294 691
294 816
294 819
294 820
294 823
294 829
295 296
297 298
297 299
297 300
297 301
297 827
298 299
298 300
298 301
299 300
299 301
299 829
300 301
302 303
302 304
302 812
303 304
303 812
305 306
305 307
305 308
305 317
305 342
305 732
305 733
305 812
305 816
305 820
306 307
306 308
307 308
309 310
309 311
310 311
312 313
312 314
312 315
312 316
312 317
312 320
312 321
312 323
312 789
312 838
313 314
313 315
313 317
313 323
314 315
315 317
315 323
316 317
316 318
316 319
316 320
316 344
316 363
317 318
317 319
317 320
317 321
317 323
318 319
320 321
320 322
320 323
320 324
320 325
320 350
320 369
320 723
320 809
321 322
321 323
321 324
321 325
321 333
321 369
321 646
322 323
322 324
322 325
323 324
323 325
323 326
323 333
323 339
323 373
324 325
325 430
326 327
326 328
326 329
326 330
326 331
326 332
326 369
326 373
326 374
326 394
326 395
326 396
326 405
326 484
326 485
326 552
326 572
326 576
327 328
327 329
327 330
327 331
327 332
327 374
327 394
327 485
327 577
328 329
328 330
328 331
329 330
329 331
330 331
331 374
332 333
332 334
332 335
332 336
332 337
332 338
332 339
332 484
332 658
333 334
333 335
333 336
333 337
333 448
333 456
333 485
334 335
334 336
334 337
335 336
335 337
336 337
338 339
338 340
338 341
338 350
338 373
339 340
339 341
339 342
339 351
340 341
342 343
342 344
342 348
342 349
342 787
342 799
342 812
342 816
342 820
343 719
344 345
344 346
344 347
344 348
344 349
344 373
344 558
344 572
344 625
344 645
344 664
344 711
344 758
344 761
344 794
344 798
344 800
344 815
345 346
345 347
345 348
345 349
345 816
345 820
346 347
346 348
346 349
347 348
347 349
348 349
350 351
350 352
350 353
350 369
350 687
350 696
350 809
351 352
351 353
351 364
351 374
351 573
351 688
351 697
351 810
352 353
354 355
354 356
354 357
354 359
354 363
355 356
355 357
355 359
355 364
356 357
356 746
358 359
358 360
358 361
358 362
358 363
359 360
359 361
359 362
359 363
359 364
359 650
359 651
359 655
359 658
359 659
359 697
359 810
359 820
360 361
360 362
361 362
363 364
363 365
363 366
363 367
363 368
363 382
363 599
363 696
363 706
363 767
364 365
364 366
364 367
364 368
364 383
364 565
364 573
364 600
364 795
365 366
365 367
365 368
366 367
366 368
367 368
369 370
369 371
369 372
369 373
369 374
369 505
369 513
369 552
369 564
369 565
369 572
369 723
369 756
369 776
370 371
370 372
370 485
370 505
370 615
371 372
373 374
373 375
373 376
373 377
373 390
373 403
373 459
373 505
373 509
373 552
373 558
373 564
373 572
373 580
373 599
374 375
374 376
374 377
374 398
374 403
374 404
374 405
374 509
374 552
374 558
374 573
374 576
374 580
374 600
375 376
375 377
376 377
376 564
376 572
378 379
378 380
378 381
378 391
379 380
379 381
379 391
379 395
379 405
380 381
382 383
382 384
382 385
382 386
382 387
382 388
382 389
382 669
382 696
382 838
383 384
383 385
383 386
383 387
383 388
383 389
383 390
383 391
383 395
383 403
383 405
383 456
383 474
383 475
383 669
383 670
383 723
384 385
384 386
384 387
384 388
384 389
385 386
385 387
385 388
385 389
386 387
386 388
386 389
387 388
387 389
387 512
388 389
390 391
390 392
390 393
390 394
390 607
390 816
390 819
390 820
390 827
390 828
391 392
391 393
391 395
391 816
391 819
391 820
391 828
391 829
392 393
393 512
394 395
394 396
394 397
394 599
394 669
394 706
394 724
394 727
395 396
395 397
395 404
395 599
396 397
396 572
399 400
399 401
399 402
399 638
400 401
400 402
400 638
400 639
401 402
403 404
403 405
403 406
403 407
404 405
404 406
404 407
404 503
405 406
405 407
405 456
406 407
408 409
408 410
408 411
408 412
408 418
408 459
408 461
408 489
408 496
408 498
408 520
408 599
408 691
408 789
409 410
409 411
409 412
409 413
409 418
409 419
409 459
409 460
409 485
409 497
409 503
409 529
409 615
410 411
411 419
411 459
412 413
412 414
412 415
412 416
412 417
412 418
412 419
412 444
412 447
412 448
412 455
412 456
412 496
412 498
413 414
413 415
413 416
413 417
413 419
413 447
413 493
413 497
413 499
413 615
414 415
414 416
414 417
415 416
415 417
416 417
418 419
418 424
418 425
418 455
418 484
418 485
418 498
418 638
418 658
418 742
418 743
418 819
419 424
419 425
419 484
419 485
419 497
419 503
419 637
420 421
420 422
420 423
420 479
420 484
421 422
421 423
422 423
424 425
424 426
424 427
424 428
424 429
424 430
424 446
424 455
424 456
424 459
424 470
424 479
424 483
424 522
424 614
424 626
424 789
424 800
425 426
425 427
425 428
425 430
425 445
425 455
425 456
425 480
425 483
425 493
425 497
425 499
425 615
425 639
426 427
426 428
426 479
427 428
427 480
428 483
429 430
429 431
429 432
429 446
429 450
429 455
429 456
429 463
429 464
429 469
429 479
429 528
430 431
430 432
430 434
430 450
430 451
430 464
430 470
430 479
430 480
430 483
431 432
433 434
433 435
433 436
433 437
433 438
433 439
433 444
433 445
433 446
433 448
433 455
433 456
434 435
434 436
434 437
434 438
434 439
434 447
434 480
435 436
435 437
435 438
435 439
435 448
435 499
436 437
436 438
436 439
436 448
437 438
437 439
438 439
440 441
440 442
440 443
440 790
441 442
441 443
441 540
442 443
444 445
444 446
444 447
444 448
444 449
444 455
444 456
444 470
444 528
444 535
445 446
445 447
445 448
445 449
445 450
445 451
445 455
445 464
445 470
445 528
446 447
446 448
446 449
446 450
446 455
446 461
446 463
446 469
446 474
446 479
446 483
446 528
447 448
447 449
447 451
447 456
447 528
447 535
447 626
448 449
448 451
448 456
448 465
448 466
448 528
448 535
450 451
450 452
450 453
450 454
450 464
450 470
451 452
451 453
451 454
451 470
451 480
451 483
452 453
452 454
453 454
455 456
455 457
455 458
455 459
455 463
455 483
455 614
456 457
456 458
456 459
456 463
456 464
456 479
456 480
456 615
456 728
457 458
459 460
459 461
459 462
459 463
459 464
459 469
459 470
459 599
459 691
459 728
459 789
459 800
459 819
460 461
460 462
460 497
461 462
463 464
463 465
463 466
463 467
463 468
463 469
463 470
463 476
463 496
463 498
463 576
463 752
464 465
464 466
464 467
464 468
464 469
464 476
464 497
464 499
465 466
465 467
465 468
466 467
466 468
467 468
469 470
469 471
469 472
469 473
469 474
469 475
469 535
469 568
469 664
469 752
470 471
470 472
470 473
470 474
470 475
471 472
471 473
471 474
471 475
472 473
472 474
472 475
473 474
473 475
474 475
474 496
476 477
476 478
477 478
479 480
479 481
479 482
479 483
479 529
479 539
479 552
479 616
480 481
480 482
480 483
480 493
480 499
480 540
480 615
480 639
481 482
481 483
482 483
483 613
483 615
483 655
484 485
484 486
484 487
484 488
484 489
484 490
484 491
484 492
484 496
484 498
484 512
484 528
484 636
484 638
484 639
484 658
484 696
484 758
485 486
485 487
485 488
485 489
485 490
485 491
485 493
485 499
485 529
485 639
485 688
485 697
485 820
486 487
486 488
486 489
486 490
486 491
487 488
487 489
487 490
487 491
488 489
488 490
488 491
489 490
489 491
490 491
490 697
492 493
492 494
492 495
492 498
492 520
492 530
492 788
493 494
493 495
493 498
493 521
493 523
493 540
493 639
494 495
496 497
496 498
496 499
496 500
496 501
496 520
496 521
496 522
496 523
496 539
496 623
497 498
497 499
497 500
497 501
497 521
498 499
498 500
498 501
498 520
498 539
499 500
499 501
499 520
499 521
499 540
500 501
502 503
502 568
503 599
503 637
503 639
503 663
503 848
504 505
504 506
504 507
504 508
504 564
505 506
505 507
505 508
505 510
505 513
505 516
505 523
505 553
505 558
505 561
505 565
505 569
505 573
505 577
505 580
506 507
506 508
507 508
509 510
509 511
509 520
509 521
509 552
509 553
509 564
509 565
509 568
509 572
509 573
509 838
510 511
510 565
511 512
511 564
511 568
511 572
512 513
512 514
512 515
512 520
512 522
512 530
512 553
512 564
512 568
512 572
512 664
513 514
513 521
513 558
513 564
513 565
513 577
513 580
515 516
515 517
515 518
515 519
515 520
515 522
515 552
515 553
516 517
516 518
516 519
516 521
516 523
516 553
516 565
516 577
517 518
517 519
518 519
520 521
520 522
520 523
520 524
520 525
520 526
520 527
520 528
520 535
520 539
520 552
520 560
520 564
520 599
520 614
520 691
520 706
520 800
521 522
521 523
521 524
521 525
521 526
521 527
521 529
521 552
521 553
521 561
521 581
521 615
521 799
522 523
522 524
522 525
522 526
522 527
522 547
522 552
522 564
522 568
522 625
522 638
522 697
522 798
523 524
523 525
523 526
523 527
523 529
523 553
523 561
523 565
523 577
524 525
524 526
524 527
525 526
525 527
525 552
526 527
528 529
528 530
528 531
528 532
528 533
528 534
528 539
528 614
529 530
529 531
529 532
529 533
529 534
529 540
529 548
529 615
529 639
530 531
530 532
530 533
530 534
531 532
531 533
531 534
532 533
532 534
533 534
535 536
535 537
535 538
535 539
535 540
535 706
536 537
536 538
536 540
536 615
537 538
539 540
539 541
539 542
539 543
539 544
539 545
539 546
539 547
539 548
539 550
539 848
540 541
540 542
540 543
540 544
540 545
540 546
540 548
540 550
540 626
540 639
540 759
541 542
541 543
541 544
541 545
541 546
542 543
542 544
542 545
542 546
543 544
543 545
543 546
544 545
544 546
545 546
545 550
546 548
547 548
547 549
547 550
547 551
547 599
547 625
547 636
548 549
548 550
548 551
548 618
548 625
548 626
548 631
548 638
549 550
549 551
550 551
550 620
550 626
550 692
552 553
552 554
552 555
552 556
552 557
552 558
552 559
552 564
552 568
552 576
552 580
552 646
553 554
553 555
553 556
553 557
553 558
553 559
553 561
553 565
553 568
553 576
553 577
553 580
553 583
553 709
553 795
554 555
554 556
554 557
554 558
554 559
555 556
555 557
555 558
555 559
556 557
556 558
556 559
557 558
557 559
558 559
558 565
559 646
560 561
560 562
560 563
561 562
561 563
561 565
561 573
561 577
562 563
562 703
564 565
564 566
564 567
564 568
564 572
564 573
564 576
564 580
565 566
565 567
565 569
565 572
565 573
565 577
565 580
565 583
565 795
566 567
568 569
568 570
568 571
568 572
568 576
568 580
568 788
569 570
569 571
569 573
569 577
570 571
572 573
572 574
572 575
572 576
572 577
572 590
573 574
573 575
573 576
573 577
573 583
573 795
574 575
576 577
576 578
576 579
576 795
577 578
577 579
577 583
577 725
577 795
578 579
580 581
580 582
580 583
580 584
580 585
580 586
580 587
580 588
580 589
580 590
580 591
580 592
580 636
580 776
581 582
581 583
581 584
581 585
581 586
581 587
581 588
581 589
581 590
581 591
581 592
582 583
582 584
582 585
582 586
582 587
582 588
582 589
582 590
582 591
582 592
583 584
583 585
583 586
583 587
583 588
583 589
583 590
583 591
583 592
583 795
584 585
584 586
584 587
584 588
584 589
584 590
584 591
584 592
585 586
585 587
585 588
585 589
585 590
585 591
585 592
586 587
586 588
586 589
586 590
586 591
586 592
587 588
587 589
587 590
587 591
587 592
588 589
588 590
588 591
588 592
589 590
589 591
589 592
590 591
590 592
591 592
593 594
593 595
593 596
593 597
593 598
594 595
594 596
594 597
594 598
594 688
594 697
594 820
595 596
595 597
595 598
596 597
596 598
597 598
599 600
599 601
599 602
599 603
599 604
599 605
599 606
599 607
599 608
599 609
599 610
599 611
599 612
599 613
599 614
599 636
599 645
599 669
599 696
599 700
599 706
599 723
599 732
599 746
599 756
599 767
599 789
599 794
599 819
599 827
600 601
600 602
600 603
600 604
600 605
600 606
600 607
600 608
600 609
600 610
600 611
600 612
600 613
600 688
600 696
600 697
600 733
600 790
600 828
601 602
601 603
601 604
601 605
601 606
601 607
601 608
601 609
601 610
601 611
601 612
601 613
602 603
602 604
602 605
602 606
602 607
602 608
602 609
602 610
602 611
602 612
602 613
603 604
603 605
603 606
603 607
603 608
603 609
603 610
603 611
603 612
603 613
603 645
603 669
603 688
603 696
604 605
604 606
604 607
604 608
604 609
604 610
604 611
604 612
604 613
604 646
604 697
605 606
605 607
605 608
605 609
605 610
605 611
605 612
605 613
606 607
606 608
606 609
606 610
606 611
606 612
606 613
607 608
607 609
607 610
607 611
607 612
607 613
607 758
607 794
608 609
608 610
608 611
608 612
608 613
609 610
609 611
609 612
609 613
610 611
610 612
610 613
611 612
611 613
612 613
614 615
614 616
614 617
614 625
614 631
615 616
615 617
615 619
615 625
615 626
615 632
615 848
616 617
618 619
618 620
618 621
618 622
618 623
618 624
618 625
619 620
619 621
619 622
619 623
619 624
619 636
619 637
620 621
620 622
620 623
620 624
620 626
621 622
621 623
621 624
622 623
622 624
623 624
625 626
625 627
625 628
625 629
625 630
625 631
625 632
625 636
625 637
625 800
626 627
626 628
626 629
626 630
626 632
626 639
627 628
627 629
627 630
628 629
628 630
629 630
629 742
629 743
629 800
631 632
631 633
631 634
631 635
632 633
632 634
632 635
633 634
633 635
634 635
636 637
636 638
636 639
636 640
636 641
636 642
636 643
636 644
636 786
636 789
636 848
637 638
637 639
637 640
637 641
637 642
637 643
637 644
637 742
637 848
638 639
638 640
638 641
638 642
638 643
638 644
638 691
638 697
638 809
638 812
638 848
638 849
639 640
639 641
639 642
639 643
639 644
639 688
639 691
639 692
639 697
639 850
639 851
640 641
640 642
640 643
640 644
641 642
641 643
641 644
642 643
642 644
643 644
645 646
645 647
645 648
645 649
645 650
645 654
645 658
645 664
645 687
645 696
646 647
646 648
646 649
646 650
646 651
646 655
646 659
646 665
647 648
647 649
648 649
649 697
650 651
650 652
650 653
651 652
651 653
651 688
651 795
652 653
654 655
654 656
654 657
655 656
655 657
656 657
658 659
658 660
658 661
659 660
659 661
659 789
659 795
660 661
661 719
662 663
662 664
662 665
662 666
662 667
662 668
662 700
662 706
662 732
662 746
663 664
663 665
663 666
663 667
663 668
663 670
663 724
664 665
664 666
664 667
664 668
664 700
664 703
664 725
665 666
665 667
665 668
665 669
665 670
665 702
665 709
666 667
666 668
667 668
669 670
669 671
669 672
669 680
669 687
669 696
669 723
669 758
669 772
669 773
670 671
670 672
670 681
670 688
670 697
670 757
670 772
670 773
670 787
670 828
671 672
671 696
671 719
673 674
673 675
673 676
673 677
673 678
673 679
673 700
673 701
673 806
674 675
674 676
674 677
674 678
674 679
674 697
674 701
674 702
675 676
675 677
675 678
675 679
676 677
676 678
676 679
677 678
677 679
678 679
679 700
680 681
680 682
680 683
680 684
680 685
680 686
680 687
680 688
680 696
681 682
681 683
681 684
681 685
681 686
681 687
681 688
682 683
682 684
682 685
682 686
683 684
683 685
683 686
684 685
684 686
685 686
687 688
687 689
687 690
687 696
687 697
687 752
688 689
688 690
688 692
688 696
688 697
688 724
688 727
688 757
688 768
689 690
691 692
691 693
691 694
691 695
691 696
691 697
691 717
691 819
692 693
692 694
692 695
692 696
692 697
692 725
693 694
693 695
694 695
696 697
696 698
696 699
697 698
697 699
697 725
698 699
698 727
700 701
700 702
700 703
700 704
700 705
700 706
700 707
700 709
700 711
700 717
700 742
700 743
700 746
700 752
701 702
701 703
701 704
701 705
701 707
701 712
701 717
701 718
701 719
701 720
701 733
701 742
701 747
701 752
701 753
701 772
701 776
701 777
701 780
701 790
702 703
702 704
702 705
702 712
702 720
702 743
702 749
702 773
702 793
703 704
703 705
703 706
703 707
703 708
703 709
703 711
703 712
703 720
703 741
703 747
703 753
703 754
704 705
706 707
706 708
706 709
706 710
706 711
706 725
706 736
706 742
706 743
706 746
706 752
706 756
706 758
706 767
706 772
706 773
706 776
706 777
706 786
706 789
706 794
706 795
706 806
706 819
707 708
707 709
707 710
707 716
707 718
707 742
707 752
707 754
707 757
707 768
707 773
707 780
707 790
708 709
708 710
708 719
709 710
709 712
709 720
709 747
709 752
709 773
709 793
711 712
711 713
711 714
711 715
711 716
711 756
711 758
711 772
712 713
712 714
712 715
712 716
712 719
712 720
712 724
712 727
712 757
712 768
712 772
712 773
712 790
713 714
713 715
713 716
714 715
714 716
715 716
715 719
716 718
717 718
717 719
717 720
717 721
717 722
717 728
717 738
717 762
717 772
717 775
717 819
718 719
718 720
718 721
718 722
718 763
718 773
719 720
719 721
719 722
719 723
719 725
719 756
719 772
719 773
719 775
719 776
719 777
719 794
719 795
720 721
720 722
720 757
720 763
720 768
720 772
720 773
720 776
721 722
723 724
723 725
723 726
723 727
723 728
723 738
723 767
723 772
723 776
723 786
723 819
723 844
724 725
724 726
724 727
724 757
724 763
724 768
724 787
725 726
725 727
725 756
725 762
725 767
725 768
725 772
725 776
725 777
726 727
727 757
727 763
727 768
727 787
728 729
728 730
728 731
728 732
728 733
728 742
728 743
728 756
728 819
728 827
729 730
729 731
729 733
729 795
729 828
730 731
732 733
732 734
732 735
732 736
732 737
732 738
732 746
732 750
732 756
732 819
732 827
733 734
733 735
733 736
733 737
733 738
733 739
733 820
733 828
734 735
734 736
734 737
735 736
735 737
736 737
738 739
738 740
738 741
738 756
738 819
738 827
739 740
739 741
740 741
742 743
742 744
742 745
742 752
743 744
743 745
743 752
744 745
746 747
746 748
746 749
746 750
746 751
746 752
747 748
747 749
747 750
747 751
748 749
748 750
748 751
749 750
749 751
750 751
752 753
752 754
752 755
753 754
753 755
754 755
756 757
756 758
756 759
756 760
756 761
756 762
756 767
756 768
756 772
756 773
756 776
756 777
756 780
756 786
756 789
756 794
757 758
757 759
757 760
757 761
757 762
757 763
757 767
757 768
757 772
757 780
757 790
757 795
758 759
758 760
758 761
758 762
758 767
758 772
758 776
758 780
758 786
758 837
759 760
759 761
760 761
762 763
762 764
762 765
762 766
762 767
762 768
762 772
762 773
762 789
763 764
763 765
763 766
764 765
764 766
765 766
767 768
767 769
767 770
767 771
767 772
767 773
767 776
767 777
767 786
767 789
767 794
768 769
768 770
768 771
768 772
768 787
768 790
768 794
768 820
769 770
769 771
770 771
772 773
772 774
772 775
772 776
772 777
772 794
772 800
772 805
772 806
773 774
773 775
773 780
773 789
773 790
773 806
774 775
776 777
776 778
776 779
776 780
776 781
776 786
776 789
776 794
776 805
776 806
777 778
777 779
777 780
777 781
777 786
777 789
777 790
777 806
778 779
780 781
780 782
780 789
780 790
780 795
780 800
780 806
781 782
783 784
783 785
784 785
786 787
786 788
786 789
786 790
786 794
786 800
786 805
787 788
787 789
787 790
789 790
789 791
789 792
789 793
789 794
789 800
789 805
789 837
790 791
790 792
790 793
790 795
790 805
790 806
790 820
791 792
791 793
792 793
794 795
794 796
794 797
794 798
794 800
794 805
794 806
794 809
795 796
795 797
796 797
798 799
800 801
800 802
800 803
800 804
800 805
800 806
800 812
801 802
801 803
801 804
802 803
802 804
803 804
805 806
805 807
805 808
805 809
805 812
806 807
806 808
806 809
806 820
807 808
809 810
809 811
809 812
810 811
810 820
812 813
812 814
812 815
812 816
812 819
812 828
813 814
815 816
815 817
815 818
815 819
815 820
815 827
815 828
815 829
816 817
816 818
816 819
816 820
816 828
816 829
817 818
817 819
817 820
818 819
818 820
819 820
819 821
819 827
819 837
820 828
821 822
821 823
821 824
821 825
821 826
821 829
822 823
822 824
822 825
822 826
822 829
823 824
823 825
823 826
824 825
824 826
825 826
827 828
827 829
827 830
827 831
828 829
828 830
828 831
829 830
829 831
830 831
832 833
832 834
832 835
832 836
832 837
832 838
832 843
832 844
833 834
833 835
833 836
834 835
834 836
835 836
837 838
837 839
837 840
837 841
837 842
838 839
838 840
838 841
838 842
839 840
839 841
839 842
840 841
840 842
841 842
841 843
841 844
843 844
843 845
843 846
843 847
844 845
844 846
844 847
845 846
845 847
846 847
848 849
848 850
848 851
848 852
848 853
848 854
849 850
849 851
849 852
849 853
849 854
850 851
850 852
850 853
850 854
851 852
851 853
851 854
852 853
852 854
853 854
856 857
