0 1
0 2
0 3
0 4
0 10
0 11
1 2
1 3
1 4
1 11
2 3
2 4
3 4
5 6
5 7
5 8
5 9
5 10
5 52
5 369
5 422
5 719
6 7
6 8
6 9
7 8
7 9
7 17
8 9
10 11
10 12
10 13
10 16
10 35
10 223
10 224
10 518
10 795
10 816
11 12
11 13
11 17
11 35
11 224
11 518
11 519
11 643
12 13
14 15
14 16
14 17
14 18
14 19
14 52
14 60
14 87
14 106
14 141
14 295
14 310
14 353
14 355
14 749
15 16
15 17
15 18
15 19
15 28
15 52
15 60
15 98
15 99
15 118
15 173
15 295
15 310
15 355
15 359
16 17
16 18
16 19
16 52
16 60
16 295
16 310
16 355
16 359
16 456
17 18
17 19
17 61
17 76
17 295
17 310
17 461
17 462
17 524
18 19
20 21
20 22
20 23
20 24
20 27
20 30
20 35
20 36
20 37
20 545
20 591
20 783
20 795
20 803
20 814
20 815
20 816
21 22
21 23
21 24
21 25
21 27
21 28
21 35
21 36
21 546
21 795
21 804
21 815
22 23
24 25
24 26
24 35
24 36
25 26
27 28
27 29
28 29
30 31
30 32
30 33
30 799
31 32
31 33
31 385
31 386
31 800
31 801
32 33
32 389
33 386
33 546
33 804
34 496
34 497
34 502
34 545
34 546
34 803
34 804
35 36
35 37
35 38
35 39
35 40
35 41
35 57
35 682
35 795
35 796
36 37
36 38
36 39
36 40
36 41
36 57
36 72
36 73
36 260
36 721
36 795
36 796
37 38
37 39
37 40
37 41
37 52
37 60
37 61
37 98
37 241
37 291
38 39
38 40
38 41
38 57
38 60
38 76
38 77
38 87
38 88
38 114
38 260
38 262
39 40
39 41
40 41
42 43
42 98
42 99
42 247
42 248
42 260
42 262
42 534
44 45
44 46
44 47
44 52
44 545
44 803
44 804
45 46
45 47
46 47
48 49
48 50
48 51
48 52
48 60
48 61
48 87
48 227
48 268
48 273
48 276
48 277
48 403
48 471
49 50
49 51
49 57
49 60
49 61
49 67
49 397
49 398
50 51
50 61
52 53
52 54
52 55
52 56
52 57
52 60
52 61
52 66
52 68
52 69
52 87
52 89
52 90
52 98
52 99
52 141
52 150
52 353
52 397
52 398
52 591
52 748
52 783
53 54
53 55
53 56
53 60
53 61
53 99
54 55
54 56
55 56
57 58
57 59
57 60
57 80
57 81
57 87
57 88
57 94
57 118
57 261
57 268
57 470
57 753
57 777
58 59
58 470
59 470
60 61
60 62
60 63
60 64
60 65
60 68
60 69
60 87
60 89
60 98
60 106
60 110
60 111
60 121
60 122
60 149
60 397
60 398
60 452
61 62
61 63
61 64
61 65
61 66
61 87
61 110
61 111
61 121
61 452
62 63
62 64
62 65
63 64
63 65
64 65
66 67
66 68
66 69
66 70
66 71
66 76
66 77
66 87
66 98
66 545
66 684
66 752
67 68
67 69
67 70
67 71
67 76
67 77
67 87
67 88
67 98
67 99
68 69
68 70
68 71
68 87
68 89
68 98
68 227
68 355
68 545
68 684
68 788
69 70
69 71
69 87
69 89
69 98
69 456
69 575
69 684
69 813
70 71
72 73
72 74
72 75
72 76
72 77
72 106
72 107
72 642
72 643
72 713
72 752
73 74
73 75
73 76
73 77
73 106
73 107
73 642
73 643
73 753
73 754
74 75
76 77
76 78
76 79
76 87
76 98
76 99
76 106
76 107
77 78
77 79
77 87
77 88
77 98
77 106
78 79
79 106
80 81
80 82
80 83
80 84
80 85
80 86
80 87
80 88
80 90
81 82
81 83
81 84
81 85
81 86
81 88
81 89
81 90
82 83
82 84
82 85
82 86
83 84
83 85
83 86
84 85
84 86
85 86
87 88
87 89
87 90
87 91
87 92
87 95
87 96
87 98
87 99
87 107
87 242
87 684
88 89
88 90
88 91
88 98
88 231
88 232
89 90
89 91
89 95
89 98
89 99
89 106
89 242
89 575
89 787
90 91
90 98
90 242
90 246
92 93
92 247
92 248
92 251
92 432
93 248
93 252
94 95
94 96
94 97
95 96
95 97
96 97
98 99
98 100
98 101
98 102
98 684
99 100
99 101
99 102
100 101
102 103
102 104
102 105
102 106
102 107
103 104
103 105
103 106
103 107
104 105
106 107
106 108
106 109
106 113
107 108
107 109
107 113
107 118
107 209
107 456
108 109
110 111
110 112
110 113
110 118
111 112
111 113
112 113
114 115
114 116
115 116
117 118
117 119
118 118
118 119
118 120
118 131
118 132
118 141
118 149
118 150
118 151
118 184
118 187
118 201
118 353
118 359
119 120
119 123
119 131
119 132
119 164
119 184
119 188
119 202
121 122
121 123
121 149
121 150
122 123
123 212
124 125
124 126
124 127
124 128
124 129
124 130
124 140
124 205
125 126
125 127
125 128
125 129
125 130
125 140
125 141
125 206
126 127
126 128
126 129
126 130
126 205
127 128
127 129
127 130
127 164
127 206
128 129
128 130
129 130
131 132
131 133
131 134
131 135
131 140
131 141
131 149
131 150
131 163
131 504
131 505
132 133
132 134
132 135
132 136
132 163
132 164
133 134
135 136
135 137
135 138
135 139
135 140
135 141
136 137
136 138
136 139
136 164
137 138
137 139
138 139
140 141
140 142
140 143
140 144
140 145
140 146
140 147
140 148
140 149
140 156
141 142
141 143
141 144
141 145
141 146
141 147
141 148
141 149
141 150
141 156
141 254
142 143
142 144
142 145
142 146
142 147
142 148
142 157
143 144
143 145
143 146
143 147
143 148
144 145
144 146
144 147
144 148
145 146
145 147
145 148
146 147
146 148
147 148
149 150
149 151
149 152
149 155
149 156
149 163
149 164
149 354
149 456
149 457
149 523
150 150
150 151
150 152
150 156
150 157
150 164
150 193
150 205
150 353
150 456
150 457
151 152
153 154
153 155
154 155
155 156
155 157
156 157
156 158
156 159
156 187
156 205
156 206
156 343
156 523
157 158
157 159
157 188
157 205
157 206
158 159
160 161
160 162
161 162
161 163
163 164
163 165
163 166
163 167
163 182
164 165
164 166
164 167
165 166
165 167
166 167
168 169
168 170
168 171
168 432
169 170
169 171
169 433
170 171
172 173
174 175
174 176
174 177
174 518
174 550
175 176
175 177
175 550
176 177
178 179
178 180
178 181
178 182
178 211
178 226
178 664
179 180
179 181
179 183
179 211
179 212
179 665
180 181
182 183
182 184
182 185
182 186
182 187
182 201
183 184
183 185
183 186
183 188
184 185
184 186
185 186
185 201
185 202
187 188
187 189
187 190
187 191
187 192
187 199
187 317
187 496
187 591
188 189
188 190
188 191
188 192
188 199
188 318
189 190
189 191
189 192
190 191
190 192
191 192
193 194
193 195
193 196
193 197
194 195
194 196
194 197
195 196
195 197
195 313
196 197
196 314
196 315
198 575
198 576
199 200
199 202
199 206
201 202
201 203
201 204
201 209
202 203
202 204
202 209
203 204
205 206
205 207
205 208
206 207
206 208
206 784
207 208
209 216
209 231
209 232
210 211
210 212
210 213
210 214
210 215
210 216
210 217
210 232
210 238
211 212
211 213
211 214
211 215
211 216
211 231
211 237
212 213
212 214
212 215
212 217
212 218
212 219
212 232
212 237
212 238
212 347
213 214
213 215
214 215
215 217
215 232
215 238
216 217
216 231
216 237
216 591
216 747
216 783
217 240
217 747
218 219
218 220
219 221
220 221
220 222
220 281
220 285
220 611
220 612
221 222
221 282
221 611
221 612
223 224
223 225
224 225
224 310
224 515
224 518
224 803
226 227
226 228
226 546
227 228
227 576
228 498
228 554
228 576
229 230
229 753
230 386
231 232
231 233
231 234
231 235
231 236
232 233
232 234
232 235
232 236
233 234
233 235
233 236
234 235
234 236
235 236
237 238
237 239
237 240
238 239
238 240
238 249
239 240
241 242
241 243
242 243
244 245
244 246
244 247
244 248
245 246
245 248
245 249
247 248
247 251
248 251
248 252
249 250
250 251
250 252
250 471
251 252
251 253
251 254
251 260
251 262
251 508
251 553
251 554
251 557
251 558
251 748
251 787
251 788
252 253
252 255
252 260
252 787
252 788
254 255
254 256
254 257
254 258
254 259
254 262
254 438
254 439
254 440
254 443
254 768
255 256
255 257
255 258
255 259
255 260
255 262
256 257
256 258
256 259
257 258
257 259
258 259
260 261
260 262
260 769
261 262
262 554
262 769
263 264
263 265
263 266
263 748
263 749
264 265
264 266
265 266
267 268
267 269
267 270
267 271
267 272
267 321
267 322
267 324
267 325
268 269
268 270
268 271
268 272
268 322
268 325
268 471
269 270
269 271
269 272
270 271
270 272
271 272
271 748
273 274
273 275
273 399
273 471
274 275
274 399
276 277
276 278
276 279
276 280
276 281
277 278
277 279
277 280
277 282
278 279
278 280
278 281
279 280
279 282
281 282
281 283
281 284
281 285
281 404
281 451
282 283
282 284
282 285
282 286
282 451
283 284
285 286
285 287
285 288
285 289
285 290
285 291
285 302
286 287
286 288
286 289
286 290
286 292
286 303
287 288
287 289
287 290
288 289
288 290
289 290
291 292
291 293
291 294
291 361
291 451
291 545
292 293
292 294
292 361
292 362
292 369
292 451
292 546
293 294
295 296
295 297
295 310
295 311
296 297
298 299
298 300
298 301
299 300
299 301
300 301
301 399
302 303
302 304
302 305
302 306
302 307
302 308
302 309
302 310
302 385
302 397
302 399
302 451
302 502
302 603
302 726
303 304
303 305
303 306
303 307
303 308
303 309
303 311
303 343
303 344
303 386
303 451
303 727
304 305
304 306
304 307
304 308
305 306
305 307
305 308
305 399
306 307
306 308
307 308
309 380
309 386
309 389
309 726
310 311
310 312
310 383
311 312
311 380
311 780
313 314
313 315
313 353
313 383
313 591
314 315
314 354
314 591
314 592
315 354
315 361
315 362
315 591
315 592
316 317
316 318
316 319
316 320
317 318
317 319
317 320
317 321
317 354
317 366
317 474
318 319
318 320
318 347
318 353
318 354
318 424
318 425
319 320
321 322
321 323
321 324
321 327
321 539
321 772
322 323
322 325
322 339
324 325
324 326
324 327
324 328
324 651
324 684
324 695
324 711
324 768
325 326
325 327
325 328
325 696
325 708
325 712
325 722
326 327
326 328
327 328
329 330
329 331
329 332
330 331
330 332
330 344
331 332
333 334
333 335
333 336
333 338
333 347
333 366
333 367
333 368
333 591
333 608
334 335
334 336
335 336
337 338
337 339
337 340
337 341
337 342
337 347
337 353
337 354
337 355
337 359
337 366
337 367
337 604
338 339
338 340
338 341
338 342
338 354
338 355
339 340
339 341
339 342
340 341
340 342
341 342
343 344
343 345
343 346
343 353
343 366
343 367
343 595
343 603
343 604
344 345
344 347
344 354
344 595
344 603
346 347
346 348
346 349
346 350
346 351
346 352
347 348
347 349
347 350
347 351
347 352
347 355
347 368
347 369
347 607
348 349
348 350
348 351
348 352
349 350
349 351
349 352
350 351
350 352
351 352
352 353
352 354
352 355
352 359
352 420
353 354
353 355
353 356
353 357
353 358
353 359
353 360
353 361
353 366
353 385
353 408
353 424
353 425
353 575
353 591
354 355
354 356
354 357
354 358
354 359
354 360
354 424
354 575
354 576
354 577
355 356
355 357
355 358
355 359
355 360
355 361
355 408
355 424
355 575
355 577
355 578
356 357
356 358
356 359
356 360
356 424
356 575
356 577
356 581
357 358
357 359
357 360
358 359
358 360
359 359
359 360
359 424
359 454
359 575
359 746
361 362
361 363
361 364
361 365
361 366
361 385
361 607
362 363
362 364
362 365
362 366
362 367
362 608
363 364
363 365
364 365
366 367
366 368
366 607
366 611
366 633
367 368
367 608
367 633
369 370
369 371
369 372
369 385
369 386
369 421
369 422
369 424
369 425
369 588
369 663
369 738
370 371
372 373
372 374
372 375
372 376
372 377
372 378
372 385
372 386
372 389
373 374
373 375
373 376
373 377
373 378
374 375
374 376
374 377
374 378
375 376
375 377
375 378
376 377
376 378
377 378
379 380
379 381
379 382
379 383
379 384
380 381
380 382
380 383
380 384
381 382
381 383
381 384
382 383
382 384
383 384
385 386
385 387
385 388
385 389
385 413
385 588
385 713
386 387
386 388
386 389
386 588
387 388
389 390
389 391
389 392
389 592
390 391
390 392
391 392
393 394
393 395
393 396
393 397
393 642
393 643
393 719
393 720
394 395
394 396
395 396
395 815
397 398
397 399
397 400
397 401
397 402
397 403
397 451
397 452
397 456
397 642
398 399
398 400
398 401
398 402
398 448
398 451
398 461
398 462
399 400
399 401
399 402
399 452
399 453
399 455
399 457
399 648
400 401
400 402
401 402
403 445
403 730
404 405
404 406
404 407
404 439
404 440
404 445
404 447
404 611
405 406
405 407
405 409
405 445
405 446
405 447
405 475
405 612
406 407
408 409
408 410
408 411
408 412
408 413
408 421
408 438
408 611
409 410
409 411
409 412
409 413
409 440
409 443
409 534
409 611
409 612
410 411
410 412
410 547
411 412
413 414
413 415
413 416
413 417
413 418
413 419
413 421
414 415
414 416
414 417
414 418
414 419
415 416
415 417
415 418
415 419
416 417
416 418
416 419
417 418
417 419
418 419
420 421
420 422
420 423
420 424
420 425
420 503
420 588
420 636
421 422
421 423
421 424
421 432
421 461
421 777
422 423
422 424
422 425
422 433
422 505
422 777
424 425
424 426
424 427
424 429
424 549
424 575
424 577
424 578
424 581
424 791
424 792
425 426
425 427
425 429
425 433
425 576
425 577
425 578
425 582
425 588
425 720
425 791
425 792
426 427
428 429
428 430
428 431
428 432
428 502
428 503
428 504
428 505
428 508
428 509
428 577
429 430
429 431
429 433
429 503
429 505
429 508
429 509
429 577
429 578
429 627
429 629
429 634
429 815
430 431
430 432
432 433
432 434
432 435
432 505
432 622
432 626
432 628
432 629
432 633
432 634
432 684
433 434
433 435
433 462
433 622
433 627
433 634
433 684
434 435
436 437
436 516
437 439
438 439
438 440
438 441
438 442
438 443
438 444
438 445
438 446
439 440
439 441
439 442
439 443
439 444
439 445
439 446
440 441
440 442
440 443
440 444
440 446
440 749
441 442
441 443
441 444
442 443
442 444
443 444
443 446
443 611
443 612
445 446
445 447
445 496
445 497
445 498
445 586
445 611
445 657
445 682
446 447
446 496
446 497
446 498
446 611
446 657
448 449
448 450
448 748
448 749
448 754
448 783
449 450
449 749
451 452
451 453
451 454
451 455
452 453
452 454
452 455
453 454
453 455
454 455
455 547
456 457
456 458
456 459
456 460
457 458
457 459
457 460
458 459
458 460
459 460
461 462
461 463
461 464
461 465
461 768
462 463
462 464
462 465
462 815
463 464
463 465
464 465
466 467
466 468
466 469
466 470
467 468
467 469
468 469
470 471
470 472
470 473
470 635
471 472
471 473
471 475
471 629
471 634
472 473
474 475
474 476
474 477
474 478
474 479
474 504
474 505
474 549
474 619
474 620
474 629
474 689
475 476
475 477
475 478
475 479
475 489
475 493
475 620
475 689
475 734
476 477
476 478
476 479
477 478
477 479
478 479
480 481
480 482
480 483
480 484
481 482
481 483
481 484
481 784
482 483
482 484
483 484
485 486
485 487
485 496
486 487
488 489
488 490
488 491
488 496
488 497
488 498
489 490
489 491
489 496
489 497
489 498
490 491
491 526
492 493
492 494
492 495
492 496
492 497
492 498
493 494
493 495
493 496
493 497
493 498
494 495
496 497
496 498
496 499
496 500
496 501
496 516
496 518
496 545
496 553
496 557
496 577
496 657
497 498
497 499
497 500
497 501
497 515
497 518
497 519
497 523
497 524
497 553
497 557
497 567
497 657
498 499
498 500
498 501
498 554
498 558
498 567
498 657
498 758
499 500
499 501
500 501
502 503
502 504
502 505
502 506
502 507
502 508
502 509
502 512
502 513
502 518
502 526
502 591
503 504
503 505
503 506
503 507
503 508
503 509
503 512
503 513
503 526
503 534
503 566
503 567
503 756
504 505
504 506
504 507
504 508
504 509
504 512
504 513
504 518
504 566
504 567
504 747
505 506
505 507
505 508
505 509
505 512
505 513
505 534
505 756
505 779
506 507
508 509
508 510
508 511
508 512
508 526
508 534
508 553
508 557
508 566
508 591
509 510
509 511
509 512
509 518
509 534
509 566
509 567
509 629
510 511
512 513
512 514
512 534
512 729
513 514
515 516
515 517
515 518
515 519
515 523
515 526
515 535
515 536
515 549
515 626
515 714
516 517
516 518
516 519
516 523
516 524
516 526
516 535
516 536
518 519
518 520
518 521
518 522
518 523
518 535
518 603
518 626
518 633
518 783
519 520
519 521
519 522
519 523
519 524
519 535
519 536
519 538
519 560
520 521
520 522
521 522
523 524
523 525
523 526
523 534
524 525
524 526
524 534
526 527
526 528
526 529
526 530
526 531
526 532
526 533
526 534
526 535
526 591
526 783
527 528
527 529
527 530
527 531
527 532
527 533
527 534
528 529
528 530
528 531
528 532
528 533
528 534
529 530
529 531
529 532
529 533
529 534
530 531
530 532
530 533
530 534
531 532
531 533
531 534
532 533
532 534
533 534
534 535
534 536
534 554
534 591
534 795
535 536
535 537
535 538
535 547
535 803
536 537
536 538
536 547
537 538
539 540
539 545
539 546
539 547
539 558
541 542
541 543
541 544
541 545
541 546
541 547
542 543
542 544
542 545
542 546
542 547
543 544
545 546
545 547
545 548
545 549
545 550
545 553
545 554
545 557
545 558
545 577
545 626
545 772
545 779
545 780
545 787
545 804
546 547
546 548
546 549
546 550
546 558
546 769
546 779
546 780
546 804
546 813
547 548
547 549
547 550
547 552
547 780
547 783
549 550
549 551
549 552
549 553
549 554
549 557
549 558
549 635
549 642
549 682
549 683
549 684
549 685
549 772
549 776
549 777
549 779
549 780
549 783
549 784
549 795
550 551
550 552
550 553
550 554
550 557
550 558
550 635
550 682
550 773
550 777
550 780
550 783
550 784
550 791
550 792
550 795
550 813
551 552
553 554
553 555
553 556
553 557
553 558
553 611
553 635
553 664
553 787
553 788
553 791
553 795
554 555
554 556
554 557
554 558
554 787
554 788
555 556
555 557
555 558
556 557
556 558
557 558
557 578
557 591
557 752
557 763
557 772
557 776
557 783
557 787
557 788
557 791
557 795
558 567
558 575
558 578
558 787
558 788
559 560
559 561
559 772
560 561
560 773
562 563
562 564
562 565
563 564
563 565
563 783
564 565
566 567
566 568
566 569
566 570
566 729
566 768
567 568
567 569
567 570
567 731
567 769
567 788
568 569
568 570
569 570
571 572
571 573
571 574
571 748
571 787
572 573
572 574
572 749
573 574
575 576
575 577
575 578
575 579
575 580
575 682
575 719
576 577
576 578
576 579
576 580
576 627
576 664
576 719
576 720
576 753
576 756
577 578
577 579
577 580
577 581
577 582
577 668
577 674
577 684
577 756
578 579
578 580
578 581
578 582
578 612
578 634
578 669
578 756
579 580
581 582
581 583
581 584
581 585
581 756
582 583
582 584
582 585
582 730
582 731
583 584
583 585
584 585
586 587
588 589
588 590
589 590
591 592
591 593
591 594
591 595
591 596
591 603
591 604
591 626
591 628
591 633
591 634
591 642
591 662
591 734
591 768
592 593
592 594
592 595
592 596
592 604
593 594
593 595
593 596
594 595
594 596
595 596
597 598
597 599
597 600
597 601
597 602
597 633
597 634
597 756
597 780
598 599
598 600
598 601
598 602
598 603
598 604
598 633
598 634
599 600
599 601
599 602
600 601
600 602
601 602
601 756
603 604
603 605
603 606
603 607
603 608
603 611
603 619
604 605
604 606
604 607
604 608
604 634
605 606
607 608
607 609
607 610
607 633
607 634
608 609
608 610
608 633
608 634
609 610
609 700
611 612
611 613
611 614
611 615
611 616
611 619
611 620
611 626
611 628
611 643
611 657
611 658
611 659
611 682
611 713
611 787
612 613
612 614
612 616
612 620
612 627
612 628
612 647
612 657
612 658
612 682
612 713
612 787
613 614
615 616
615 617
615 618
615 619
615 642
615 643
615 651
616 617
616 618
616 620
617 618
619 620
619 621
619 626
619 627
619 628
619 629
619 642
619 643
619 646
619 651
619 689
619 690
619 699
619 721
619 722
619 734
620 621
620 626
620 627
620 628
620 629
620 642
620 643
620 646
620 647
620 652
620 689
620 690
620 699
620 735
622 623
622 624
622 625
622 626
622 627
622 628
622 629
622 634
622 734
623 624
623 625
624 625
626 627
626 628
626 629
626 630
626 631
626 632
626 633
626 634
626 642
626 643
626 670
627 628
627 629
627 630
627 631
627 632
627 633
627 634
627 636
627 639
627 642
627 643
628 629
628 630
628 631
628 632
628 633
628 634
628 642
628 643
629 630
629 631
629 632
629 633
629 634
629 636
629 642
629 643
629 720
630 631
630 632
630 633
630 634
631 632
631 633
631 634
632 633
632 634
633 634
633 642
634 643
634 813
635 636
635 637
635 638
635 684
635 756
636 637
636 638
636 642
636 643
636 720
637 638
639 640
639 641
639 643
640 641
642 643
642 644
642 645
642 646
642 651
642 670
642 689
642 719
642 720
642 721
642 722
642 768
643 644
643 645
643 646
643 671
643 690
643 719
643 804
644 645
646 647
646 648
646 649
646 650
646 651
646 719
646 720
646 721
646 722
647 648
647 649
647 650
647 652
647 685
647 690
647 720
648 649
648 650
649 650
651 652
651 653
651 654
651 655
651 656
651 662
651 664
651 666
651 668
651 670
651 676
651 682
651 684
651 685
651 721
651 734
651 752
652 653
652 654
652 655
652 656
652 662
652 664
652 665
652 668
652 671
652 676
652 677
652 683
652 685
652 690
652 704
653 654
653 655
653 656
654 655
654 656
655 656
657 658
657 659
657 660
657 661
658 659
658 660
658 661
659 660
659 661
660 661
662 663
662 664
662 668
662 676
662 682
662 684
662 689
662 700
662 713
662 734
662 752
662 776
663 664
663 665
663 668
663 669
663 676
663 677
663 683
663 685
663 690
663 699
663 704
663 714
663 720
663 735
663 753
663 777
664 665
664 666
664 667
664 682
664 689
664 719
664 729
664 734
664 776
665 666
665 667
665 683
665 784
666 667
668 669
668 670
668 671
668 672
668 673
668 674
668 675
668 689
668 701
668 748
669 670
669 671
669 672
669 673
669 674
669 675
669 690
670 671
670 672
670 673
670 674
670 675
670 721
671 672
671 673
671 674
671 675
671 701
671 754
672 673
672 674
672 675
673 674
673 675
674 675
676 677
676 678
676 679
676 680
676 681
676 682
676 683
676 701
676 714
677 678
677 679
677 680
677 681
677 683
677 685
678 679
678 680
678 681
679 680
679 681
680 681
682 683
682 684
682 685
682 686
682 687
682 688
682 689
682 700
682 713
682 719
682 748
682 776
682 777
682 779
682 780
682 783
682 784
682 814
683 684
683 685
683 686
683 687
683 688
683 690
683 701
683 714
683 720
683 776
683 777
683 778
683 783
683 784
684 685
684 686
684 687
684 688
684 689
684 700
684 721
684 768
684 772
684 776
684 783
684 816
685 686
685 687
685 688
685 690
685 696
685 701
685 704
685 714
685 722
685 776
685 779
685 783
686 687
686 688
687 688
689 690
689 691
689 692
689 693
689 694
689 695
689 699
689 700
689 704
689 713
689 719
689 721
690 691
690 692
690 693
690 694
690 696
690 699
690 701
690 704
690 714
690 753
691 692
691 693
691 694
692 693
692 694
693 694
695 696
695 697
695 698
695 699
695 700
696 697
696 698
696 699
696 701
697 698
697 699
698 699
700 701
700 702
700 703
700 704
700 705
700 707
700 713
700 714
700 721
700 729
701 702
701 703
701 704
701 707
701 713
701 714
701 722
702 703
704 705
704 706
704 713
704 714
704 720
704 735
704 815
705 706
707 708
707 709
707 710
707 711
707 712
707 713
707 714
707 719
707 721
707 722
707 734
707 748
707 816
708 709
708 710
708 711
708 712
708 714
708 720
708 722
708 731
708 753
708 754
708 756
708 769
708 773
709 710
709 711
709 712
710 711
710 712
711 712
711 713
712 756
713 714
713 715
713 716
713 717
713 718
713 719
713 720
713 721
713 729
713 734
713 743
713 776
713 777
713 783
714 715
714 716
714 717
714 718
714 720
714 722
714 730
714 731
714 735
714 749
714 753
714 754
714 756
714 788
714 815
715 716
715 717
715 718
716 717
716 718
717 718
719 720
719 721
719 722
719 723
719 724
719 725
719 729
719 730
719 752
719 776
720 721
720 722
720 723
720 724
720 725
720 730
720 731
720 753
720 756
721 722
721 723
721 724
721 725
721 752
721 768
721 776
721 814
721 816
722 723
722 724
722 725
722 731
722 753
722 769
722 773
723 724
723 725
724 725
726 727
726 728
727 728
729 730
729 731
729 732
729 733
729 734
729 748
729 752
729 776
730 731
730 732
730 733
730 735
730 749
730 752
730 753
730 815
731 732
731 733
731 734
731 735
731 749
731 752
731 753
732 733
734 735
734 748
734 752
734 765
734 766
734 779
734 814
735 749
735 764
735 766
735 779
736 737
736 738
737 738
739 740
739 779
741 742
741 743
741 744
741 745
741 746
741 748
742 743
742 744
742 745
742 746
742 749
743 744
743 745
743 746
744 745
744 746
745 746
748 749
748 750
748 751
748 752
748 753
748 757
748 772
748 776
749 750
749 751
749 753
750 751
752 753
752 754
752 755
752 772
752 776
752 783
752 787
752 814
753 754
753 755
753 756
753 769
753 773
753 777
753 784
754 755
754 756
754 776
754 777
756 795
757 758
757 759
757 760
757 761
757 762
757 763
758 759
758 760
758 761
758 762
758 763
759 760
759 761
759 762
759 763
760 761
760 762
760 763
761 762
761 763
762 763
762 777
763 769
763 777
764 765
764 766
764 767
765 766
765 767
766 767
768 769
768 770
768 771
768 772
768 773
768 776
768 787
768 816
769 770
769 771
769 772
769 773
769 788
769 817
770 771
771 772
771 773
772 773
772 774
772 775
772 779
772 795
773 774
773 775
773 817
774 775
776 777
776 778
776 779
776 780
776 783
776 784
776 803
777 778
777 779
777 780
777 783
777 784
777 788
777 804
777 815
778 816
779 780
779 781
779 782
779 783
779 787
779 803
779 814
780 781
780 782
780 784
780 788
780 804
781 782
783 784
783 785
783 786
783 787
783 788
783 803
783 814
784 785
784 786
784 800
785 786
787 788
787 789
787 790
787 795
788 789
788 790
788 795
789 790
791 792
791 793
791 794
791 803
792 793
792 794
792 804
793 794
795 796
795 797
795 798
795 799
795 803
795 814
795 815
795 816
796 797
796 798
796 800
796 801
797 798
799 800
799 801
799 802
799 803
799 804
799 805
799 806
799 807
799 808
799 809
799 813
800 801
800 802
800 803
800 804
800 805
800 806
800 807
800 808
800 809
800 813
801 802
801 803
801 804
801 805
801 806
801 807
801 808
801 809
801 813
802 803
802 804
802 805
802 806
802 807
802 808
802 809
803 804
803 805
803 806
803 807
803 808
803 809
804 805
804 806
804 807
804 808
804 809
804 813
805 806
805 807
805 808
805 809
806 807
806 808
806 809
807 808
807 809
808 809
810 811
810 812
810 813
810 814
810 816
811 812
811 813
811 817
812 813
813 814
813 815
814 815
814 816
814 817
814 818
814 819
814 820
814 821
814 822
814 823
815 816
815 817
815 818
815 819
815 820
815 821
815 822
815 823
816 817
816 818
816 819
816 820
816 821
816 822
816 823
817 818
817 819
817 820
817 821
817 822
817 823
818 819
818 820
818 821
818 822
818 823
819 820
819 821
819 822
819 823
820 821
820 822
820 823
821 822
821 823
822 823
