0 1
0 2
0 3
0 4
0 5
0 6
0 7
0 8
0 9
0 13
0 400
0 403
0 404
0 406
0 411
0 413
0 752
0 755
0 892
0 894
0 896
1 2
1 3
1 4
1 5
1 6
1 7
1 8
1 9
1 148
1 404
1 413
1 755
1 892
1 893
1 894
1 895
2 3
2 4
2 5
2 6
2 7
2 8
2 9
2 128
2 148
2 404
2 413
2 425
2 755
2 892
2 894
2 896
2 897
2 899
3 4
3 5
3 6
3 7
3 8
3 9
3 14
3 149
3 354
3 404
3 413
3 828
3 836
3 874
3 875
3 895
3 897
3 900
3 901
4 5
4 6
4 7
4 8
4 9
5 6
5 7
5 8
5 9
6 7
6 8
6 9
6 10
6 117
6 148
6 402
6 404
6 413
6 892
6 894
7 8
7 9
7 10
7 149
7 383
7 404
7 406
7 413
7 892
8 9
10 11
10 12
11 12
11 14
13 14
13 15
13 16
13 794
14 15
14 16
15 823
16 17
16 18
16 142
17 18
17 342
18 142
19 20
19 21
19 22
19 69
19 70
19 177
19 434
19 769
20 21
20 22
20 434
20 836
21 22
23 24
23 25
23 26
23 27
23 28
23 29
23 30
23 31
23 32
23 44
23 49
23 124
23 132
23 143
23 290
24 25
24 26
24 27
24 28
24 29
24 30
24 31
24 32
24 49
24 78
24 132
24 163
24 164
24 235
25 26
25 27
25 28
25 29
25 30
25 31
25 32
25 896
25 897
26 27
26 28
26 29
26 30
26 31
26 32
27 28
27 29
27 30
27 31
27 32
27 44
27 49
27 69
27 129
27 132
27 137
27 143
27 230
27 342
27 429
28 29
28 30
28 31
28 32
28 44
28 49
28 78
28 132
28 133
28 185
28 282
28 342
29 30
29 31
29 32
29 636
30 31
30 32
31 32
33 34
33 35
33 36
33 37
34 35
34 36
34 37
34 44
34 93
34 121
34 176
34 280
35 36
35 37
36 37
37 177
38 39
38 40
38 41
38 42
38 55
38 58
38 60
38 70
38 73
38 81
38 118
38 140
38 163
38 180
38 558
38 781
39 40
39 41
39 42
39 55
39 56
39 60
39 73
39 80
39 81
39 118
39 140
39 163
40 41
40 42
40 55
40 60
40 70
40 73
40 80
40 82
40 111
40 118
40 138
41 42
43 44
43 45
43 46
43 47
43 52
43 73
43 80
43 215
43 252
43 415
43 626
44 45
44 46
44 50
44 114
44 215
44 252
45 46
45 47
45 402
47 48
47 49
47 50
47 51
47 52
47 53
47 54
47 55
47 66
47 252
47 449
48 49
48 50
48 51
48 52
48 53
48 54
49 50
49 51
49 52
49 53
49 54
49 66
49 67
49 136
49 163
49 413
49 549
49 550
49 554
49 768
49 858
50 51
50 52
50 53
50 54
50 66
50 163
50 189
50 325
50 326
50 768
51 52
51 53
51 54
52 53
52 54
52 55
52 56
52 66
52 67
53 54
55 56
55 57
55 58
55 59
55 60
55 69
55 70
55 73
55 118
55 189
55 208
55 325
55 571
55 572
55 573
55 574
55 607
55 840
56 57
56 58
56 59
56 60
56 64
56 90
56 96
56 111
56 608
57 58
57 59
57 70
58 59
58 60
58 70
58 73
58 118
58 139
58 156
60 61
60 62
60 63
60 140
60 141
60 142
61 62
61 63
62 63
62 70
63 70
64 65
64 66
64 67
64 68
64 192
65 66
65 67
65 68
65 895
66 67
66 68
66 69
66 70
66 373
66 827
67 68
69 70
69 71
69 72
69 73
69 118
69 119
69 196
69 234
69 827
69 894
70 71
70 72
70 73
70 74
70 78
70 79
70 80
70 118
70 134
70 219
70 796
70 827
71 72
73 74
73 75
73 76
73 77
73 78
73 79
73 571
73 572
73 573
73 574
74 75
74 76
74 77
74 78
74 79
74 572
74 574
75 76
75 77
75 78
75 79
75 400
76 77
76 78
76 79
76 573
77 78
77 79
78 79
78 572
78 574
80 81
80 82
80 83
80 84
80 85
80 86
80 87
80 89
80 90
80 140
80 141
80 169
80 171
80 173
80 192
80 211
80 301
80 305
81 82
81 83
81 84
81 85
81 86
81 89
81 140
81 173
81 211
81 301
81 470
81 475
81 753
81 900
81 901
82 83
82 84
82 85
82 86
83 84
83 85
83 86
84 85
84 86
85 86
87 88
87 89
88 402
89 90
89 91
89 92
89 117
89 120
89 121
89 178
89 181
89 202
89 286
89 558
89 714
89 840
89 844
90 91
90 92
90 181
91 92
93 94
93 95
93 96
93 97
93 98
93 99
93 100
93 101
93 176
93 177
94 95
94 96
94 97
94 98
94 99
94 100
94 101
94 177
95 96
95 97
95 98
95 99
95 100
95 101
95 180
96 97
96 98
96 99
96 100
96 101
96 136
96 181
97 98
97 99
97 100
97 101
98 99
98 100
98 101
99 100
99 101
99 400
99 578
99 752
100 101
100 181
102 103
102 104
102 105
102 106
102 107
102 108
102 109
102 110
102 111
103 104
103 105
103 106
103 107
103 108
103 109
103 110
103 111
104 105
104 106
104 107
104 108
104 109
104 110
104 111
105 106
105 107
105 108
105 109
105 110
105 111
106 107
106 108
106 109
106 110
106 111
107 108
107 109
107 110
107 111
108 109
108 110
108 111
109 110
109 111
110 111
112 113
112 114
112 115
112 116
112 117
112 163
112 164
112 177
112 314
112 474
112 764
112 769
113 114
113 115
113 116
113 117
113 163
113 314
113 315
113 765
114 115
114 116
114 117
114 164
114 474
115 116
115 117
115 164
116 117
117 346
117 752
118 119
118 120
118 121
118 122
118 123
118 124
118 125
118 126
118 127
118 128
118 129
118 140
118 141
118 142
118 393
118 397
118 398
118 404
119 120
119 121
119 122
119 123
119 124
119 125
119 126
119 127
119 128
119 129
119 404
120 121
120 122
120 123
120 124
120 125
120 126
120 127
120 128
120 129
120 208
120 301
120 398
120 823
121 122
121 123
121 124
121 125
121 126
121 127
121 128
121 129
122 123
122 124
122 125
122 126
122 127
122 128
122 129
123 124
123 125
123 126
123 127
123 128
123 129
124 125
124 126
124 127
124 128
124 129
125 126
125 127
125 128
125 129
125 142
126 127
126 128
126 129
127 128
127 129
128 129
128 272
129 402
130 131
130 140
130 141
130 765
132 133
132 134
132 338
132 894
132 896
133 134
133 135
133 141
133 765
133 897
135 136
135 137
135 138
135 139
135 171
135 208
135 261
135 733
135 756
135 764
136 137
136 138
136 139
136 141
136 149
136 208
136 209
136 414
136 551
136 756
136 765
136 810
137 138
137 139
138 139
140 141
140 142
140 143
140 144
140 145
140 146
140 147
140 261
140 262
140 387
141 142
141 143
141 144
141 145
141 146
141 147
141 148
141 857
141 863
142 143
142 144
142 145
142 146
142 147
142 153
142 185
143 144
143 145
143 146
143 147
144 145
144 146
144 147
145 146
145 147
146 147
148 149
148 150
148 151
148 152
148 153
148 180
148 387
148 393
148 398
148 402
148 729
148 752
148 753
149 150
149 151
149 152
149 153
149 180
149 181
149 392
149 393
149 397
149 858
150 151
150 152
150 153
151 152
151 153
152 153
154 155
154 156
154 157
154 158
154 159
154 160
155 156
155 157
155 158
155 159
155 388
155 390
155 745
156 157
156 158
156 159
157 158
157 159
158 159
159 744
160 161
160 162
160 189
160 382
160 391
160 519
160 583
160 593
160 722
160 744
160 756
160 801
161 162
161 367
161 388
161 390
161 584
161 651
163 164
163 165
163 166
163 167
163 168
163 169
163 180
163 200
163 201
163 208
163 360
163 376
163 571
163 573
163 593
163 594
164 165
164 166
164 167
164 168
164 174
164 201
164 208
164 377
164 594
164 637
164 647
165 166
165 167
165 168
165 170
165 208
165 209
165 392
166 167
166 168
167 168
169 170
169 171
169 172
169 173
169 174
169 175
169 192
169 193
169 208
169 261
169 269
169 272
169 273
169 364
169 391
169 393
169 397
169 398
169 411
169 420
169 827
170 171
170 172
170 173
170 174
170 175
170 184
170 185
170 193
170 201
170 325
170 326
170 365
170 674
170 827
170 828
171 172
171 173
171 174
171 175
171 192
171 211
171 268
171 272
171 353
171 354
171 365
171 387
171 404
171 613
171 769
171 781
171 782
171 784
171 801
171 827
171 894
172 173
172 174
172 175
173 174
173 175
173 268
173 269
173 461
173 474
173 602
173 622
173 827
173 879
174 175
174 201
174 208
174 209
174 268
174 269
174 325
174 828
176 177
176 178
176 179
176 180
176 181
176 182
176 183
176 184
176 222
176 243
176 276
176 277
176 338
176 429
177 178
177 179
177 180
177 181
177 182
177 183
177 184
177 338
178 179
178 180
178 181
178 182
178 183
178 346
179 180
179 181
179 182
179 183
180 181
180 182
180 183
180 208
180 310
180 314
180 315
180 325
180 391
180 899
181 182
181 183
181 208
181 216
181 310
181 314
181 326
181 391
182 183
184 185
184 186
184 187
184 188
184 235
184 578
184 579
184 583
185 186
185 187
185 188
185 235
185 584
186 187
186 188
187 188
189 190
189 191
189 310
189 578
189 579
189 583
189 769
190 191
190 277
190 579
190 584
190 836
192 193
192 194
192 195
192 196
192 197
192 198
192 199
192 208
192 209
192 240
192 261
193 194
193 195
193 196
193 197
193 198
193 199
193 200
193 201
193 269
193 273
193 320
193 874
194 195
194 196
194 197
194 198
194 199
195 196
195 197
195 198
195 199
196 197
196 198
196 199
196 239
196 400
197 198
197 199
198 199
199 268
199 314
200 201
200 202
200 203
200 204
200 208
200 209
201 202
201 203
201 204
201 209
201 644
201 647
202 203
202 204
203 204
204 403
204 406
205 206
205 207
206 207
206 650
208 209
208 210
208 224
208 234
208 268
208 753
209 210
209 216
209 225
209 235
209 314
209 315
211 212
211 213
211 214
211 215
211 216
211 239
211 240
211 257
211 258
211 451
211 789
211 792
212 213
212 214
213 214
215 216
215 217
215 218
215 239
215 268
215 272
215 301
215 305
215 306
215 748
215 840
216 217
216 218
216 219
216 220
216 225
216 268
216 269
216 749
216 768
216 774
216 828
217 218
219 220
219 221
219 222
219 223
219 239
219 402
219 407
220 221
220 222
220 223
221 222
221 223
222 223
222 240
222 314
224 225
224 226
224 227
224 228
224 229
224 240
224 261
224 276
224 305
224 338
224 342
224 353
224 354
224 481
224 768
225 226
225 227
225 228
225 229
226 227
226 228
226 229
227 228
227 229
228 229
230 231
230 232
230 233
231 232
231 233
232 233
234 235
234 236
234 237
234 238
234 276
234 305
234 353
234 354
234 607
234 744
234 752
235 236
235 237
235 238
235 269
235 277
235 319
235 583
235 584
235 608
235 745
235 753
236 237
236 238
237 238
238 339
239 240
239 241
239 242
239 243
239 244
239 268
239 329
240 241
240 242
240 243
240 244
240 245
240 261
240 310
240 554
241 242
241 243
241 244
242 243
242 244
243 244
243 405
243 406
245 246
245 247
245 248
245 249
245 250
245 251
245 626
246 247
246 248
246 249
246 250
246 251
246 470
246 481
247 248
247 249
247 250
247 251
248 249
248 250
248 251
249 250
249 251
250 251
252 253
252 254
252 255
252 256
252 257
252 258
252 259
252 260
253 254
253 255
253 256
253 257
253 258
253 259
253 260
254 255
254 256
254 257
254 258
254 259
254 260
255 256
255 257
255 258
255 259
255 260
256 257
256 258
256 259
256 260
257 258
257 259
257 260
258 259
258 260
259 260
261 262
261 263
261 264
261 265
261 266
261 267
261 310
261 314
261 371
261 748
262 263
262 264
262 265
262 266
262 267
263 264
263 265
263 266
263 267
264 265
264 266
264 267
264 397
264 399
265 266
265 267
266 267
268 269
268 270
268 271
268 272
268 273
268 274
268 275
268 276
268 305
268 306
268 485
268 488
268 722
268 894
269 270
269 271
269 272
269 273
269 274
269 275
269 277
269 306
269 307
269 391
269 485
270 271
270 272
270 273
270 274
270 275
271 272
271 273
271 274
271 275
272 273
272 274
272 275
272 276
272 290
272 391
272 484
272 485
273 274
273 275
273 276
273 277
273 278
273 302
273 391
273 485
274 275
276 277
276 278
276 279
276 338
276 339
276 342
276 343
276 364
276 392
276 484
276 564
277 278
277 279
277 282
277 338
277 339
277 343
277 484
277 485
278 279
280 281
280 282
280 283
280 284
280 285
280 286
280 287
280 288
280 289
280 290
280 291
280 292
280 293
281 282
281 283
281 284
281 285
281 286
281 287
281 288
281 289
281 290
281 291
281 292
281 293
281 301
281 434
282 283
282 284
282 285
282 286
282 287
282 288
282 289
282 290
282 291
282 292
282 293
282 301
283 284
283 285
283 286
283 287
283 288
283 289
283 290
283 291
283 292
283 293
283 397
283 399
284 285
284 286
284 287
284 288
284 289
284 290
284 291
284 292
284 293
285 286
285 287
285 288
285 289
285 290
285 291
285 292
285 293
286 287
286 288
286 289
286 290
286 291
286 292
286 293
287 288
287 289
287 290
287 291
287 292
287 293
288 289
288 290
288 291
288 292
288 293
289 290
289 291
289 292
289 293
290 291
290 292
290 293
291 292
291 293
291 579
292 293
294 295
294 296
294 297
294 298
294 299
294 300
295 296
295 297
295 298
295 299
295 300
296 297
296 298
296 299
296 300
297 298
297 299
297 300
298 299
298 300
299 300
299 301
299 302
299 305
299 306
299 307
300 302
300 306
300 307
301 302
301 303
301 304
301 305
301 306
301 307
302 303
302 304
302 305
302 306
302 310
302 311
303 304
305 306
305 307
305 308
305 309
305 310
305 329
305 332
305 338
305 398
306 307
306 308
306 309
306 310
306 311
306 398
306 490
307 308
307 309
307 311
307 490
308 309
308 650
310 311
310 312
310 313
310 314
310 315
310 319
310 325
310 326
310 338
310 342
310 364
310 636
311 312
311 313
312 313
314 315
314 316
314 317
314 318
314 325
314 326
314 602
314 603
314 729
315 316
315 317
315 318
315 325
315 326
316 317
316 318
317 318
319 320
319 321
319 322
319 323
319 324
319 583
319 584
319 835
320 321
320 322
320 323
320 324
321 322
321 323
321 324
322 323
322 324
323 324
325 326
325 327
325 328
325 357
325 364
325 404
326 327
326 328
326 377
326 405
327 328
329 330
329 331
329 332
329 398
330 331
330 332
330 346
330 353
331 332
331 346
331 347
332 353
332 354
333 334
333 335
333 336
333 337
334 335
334 336
334 337
334 339
335 336
335 337
336 337
338 339
338 340
338 341
338 342
338 343
338 344
338 346
338 392
338 399
338 420
338 484
338 797
338 801
338 857
338 894
338 896
338 899
339 340
339 341
339 342
339 343
339 344
339 353
339 354
339 392
339 399
339 484
339 485
339 828
339 895
339 901
340 341
340 342
340 343
341 342
341 343
341 346
341 347
342 343
342 346
342 484
342 570
343 347
343 352
343 484
344 345
346 347
346 348
346 349
346 352
346 789
346 806
347 348
347 349
347 352
347 397
347 399
347 789
347 806
348 349
350 351
350 352
351 352
353 354
353 355
353 356
353 357
353 358
353 434
353 435
354 355
354 356
354 357
354 358
354 435
355 356
355 357
355 358
356 357
356 358
357 358
357 434
358 434
358 435
359 360
359 361
359 362
359 363
359 364
359 365
359 367
359 371
359 372
359 373
359 374
359 387
359 806
359 864
359 894
360 361
360 362
360 363
360 364
360 365
360 367
360 371
360 372
360 373
360 374
360 383
360 390
361 362
361 363
361 364
361 365
361 367
361 373
361 374
361 376
361 383
361 388
361 390
361 858
362 363
364 365
364 366
364 371
364 372
364 373
364 374
364 407
364 896
365 366
365 367
365 368
365 371
365 372
365 373
365 374
365 377
365 387
365 651
365 897
367 368
367 369
367 370
367 371
367 372
367 373
367 374
367 474
368 369
368 370
368 371
369 370
371 372
371 373
371 374
371 375
371 387
372 373
372 374
372 375
372 376
372 387
372 474
372 607
372 608
373 374
373 375
374 375
374 383
374 388
374 390
376 377
376 378
376 379
376 380
376 381
376 387
376 388
376 390
377 378
377 379
377 380
377 381
378 379
378 380
378 381
379 380
379 381
380 381
382 383
382 384
382 385
382 386
383 384
383 385
383 386
384 385
384 386
385 386
386 387
387 388
387 389
387 390
387 391
387 469
387 857
388 389
388 390
389 390
390 396
390 696
391 392
391 393
391 394
391 395
391 396
391 397
391 398
391 399
391 402
391 439
391 474
391 509
391 558
391 840
392 393
392 394
392 395
392 396
392 397
392 398
392 399
392 402
392 403
392 405
392 484
393 394
393 395
393 396
393 397
393 398
393 399
393 404
393 406
393 408
393 777
393 859
394 395
394 396
394 397
394 398
394 399
394 403
394 406
395 396
395 397
395 398
395 399
396 397
396 398
396 399
397 398
397 399
397 406
397 859
398 399
398 455
398 768
398 840
398 841
399 408
400 401
400 402
400 403
400 404
400 405
400 406
400 407
400 408
400 413
400 415
400 416
400 429
401 402
401 403
401 404
401 405
401 406
401 407
401 408
402 403
402 404
402 405
402 406
402 407
402 408
402 413
402 414
402 429
402 626
403 404
403 405
403 406
403 413
403 416
404 405
404 406
404 407
404 408
404 413
404 414
404 752
404 840
405 406
406 413
406 431
407 408
407 409
407 410
407 411
407 412
407 726
407 752
408 409
408 410
408 411
408 412
408 551
408 726
409 410
411 412
411 607
412 608
413 414
413 415
413 416
413 417
413 418
413 474
413 475
413 571
413 572
413 573
413 574
413 631
413 729
413 752
413 755
414 415
414 416
414 417
414 418
414 563
415 416
415 417
415 418
415 564
415 753
416 417
416 418
416 572
416 574
416 584
416 753
417 418
419 563
420 421
420 422
420 423
420 424
420 425
420 426
420 427
420 428
420 429
420 430
420 431
420 432
420 433
421 422
421 423
421 424
421 425
421 426
421 427
421 428
421 429
421 430
421 431
421 432
421 433
422 423
422 424
422 425
422 426
422 427
422 428
422 429
422 430
422 431
422 432
422 433
423 424
423 425
423 426
423 427
423 428
423 429
423 430
423 431
423 432
423 433
424 425
424 426
424 427
424 428
424 429
424 430
424 431
424 432
424 433
425 426
425 427
425 428
425 429
425 430
425 431
425 432
425 433
425 823
426 427
426 428
426 429
426 430
426 431
426 432
426 433
426 824
427 428
427 429
427 430
427 431
427 432
427 433
428 429
428 430
428 431
428 432
428 433
429 430
429 431
429 432
429 433
429 752
430 431
430 432
430 433
431 432
431 433
431 635
432 433
432 634
432 693
434 435
434 436
434 437
434 438
434 439
434 440
434 556
434 557
434 578
434 729
434 827
435 436
435 437
435 438
435 439
435 440
435 556
435 557
435 579
435 836
435 865
436 437
436 438
437 438
439 440
439 441
439 442
439 443
439 444
439 650
439 651
439 744
439 857
440 441
440 442
440 443
440 444
441 442
441 443
441 444
442 443
442 444
443 444
445 446
445 447
445 448
445 449
445 450
446 447
446 448
446 449
446 450
447 448
447 449
447 450
448 449
448 450
449 450
449 460
449 496
449 533
449 539
449 540
449 692
449 694
450 525
450 534
450 540
450 589
451 452
451 453
451 454
451 455
451 456
451 643
452 453
452 454
452 455
452 456
452 525
452 563
452 647
453 454
455 456
455 457
455 458
455 459
455 520
455 526
455 593
455 594
455 643
455 644
455 647
456 457
456 458
456 459
456 494
456 521
456 534
456 563
456 593
456 643
457 458
457 459
458 459
459 644
459 647
460 461
460 462
460 463
460 468
460 481
460 494
460 534
460 627
460 628
460 629
460 651
460 692
461 462
461 463
461 628
462 463
464 465
464 466
464 467
464 468
464 469
464 480
464 494
465 466
465 467
465 468
465 470
465 475
465 480
465 494
465 874
465 875
466 467
466 468
467 468
468 469
468 470
469 470
469 471
469 472
469 473
469 474
469 480
469 481
469 494
469 520
469 526
469 626
469 650
469 722
469 768
469 840
470 471
470 472
470 473
470 474
470 475
470 480
470 481
470 494
470 513
470 525
470 529
470 626
470 722
470 841
471 472
471 473
472 473
474 475
474 476
474 477
474 478
474 479
474 481
474 520
474 722
475 476
475 477
475 478
475 479
475 480
475 481
475 520
475 521
475 722
475 723
476 477
476 478
476 479
477 478
477 479
477 490
478 479
480 481
480 482
480 483
480 489
480 490
480 491
480 657
480 722
481 482
481 483
481 489
481 490
481 491
481 492
481 539
482 483
484 485
484 486
484 487
484 488
484 564
485 486
485 487
485 488
486 487
486 488
487 488
489 490
489 491
489 492
489 493
489 496
489 505
489 508
489 526
489 534
489 562
489 564
489 590
489 628
489 701
489 703
489 781
490 491
490 492
490 493
490 506
490 508
490 534
490 535
490 563
490 701
490 781
491 492
491 493
491 494
491 588
491 613
491 614
491 781
492 493
492 494
492 782
492 784
494 495
494 497
494 503
494 533
496 497
496 498
496 508
496 512
496 519
496 525
496 528
496 533
496 534
496 607
496 634
497 498
497 508
497 513
497 530
497 608
499 500
499 501
499 502
499 503
499 504
499 505
499 506
499 507
499 508
499 636
500 501
500 502
500 503
500 504
500 505
500 506
500 507
500 508
501 502
501 503
501 504
501 505
501 506
501 507
501 508
502 503
502 504
502 505
502 506
502 507
502 508
503 504
503 505
503 506
503 507
503 508
504 505
504 506
504 507
504 508
505 506
505 507
505 508
506 507
506 508
507 508
508 588
509 510
509 511
510 511
512 513
512 514
512 515
512 516
512 517
512 518
512 628
513 514
513 515
513 516
513 517
513 518
513 627
513 628
513 629
514 515
514 516
514 517
514 518
515 516
515 517
515 518
516 517
516 518
517 518
519 520
519 521
519 522
519 523
519 524
519 607
519 608
520 521
520 522
520 523
520 524
520 533
520 628
520 894
521 522
521 523
521 524
521 525
521 534
521 539
521 540
521 627
521 629
522 523
522 524
523 524
525 526
525 527
525 529
525 533
525 534
525 607
525 608
526 527
526 628
528 529
528 530
528 531
528 532
528 533
528 534
529 530
529 531
529 532
529 534
529 540
530 531
530 532
531 532
533 534
533 535
533 536
533 537
533 538
533 539
533 593
533 607
533 608
533 634
534 535
534 536
534 537
534 538
534 540
534 781
535 536
535 537
535 538
536 537
536 538
537 538
539 540
539 541
539 542
539 543
539 602
540 541
540 542
540 543
541 542
543 544
543 545
543 546
543 547
544 545
544 546
544 547
545 546
545 547
546 547
548 549
550 551
550 552
550 553
550 554
550 555
551 552
551 553
551 554
551 555
552 553
552 554
552 555
553 554
553 555
553 573
554 555
556 557
558 559
558 560
558 561
558 562
558 564
559 560
559 561
559 584
560 561
562 563
562 564
562 568
562 703
563 564
563 565
563 569
563 631
564 565
564 566
564 567
564 568
564 857
565 566
565 567
566 567
568 569
568 570
568 578
569 570
571 572
571 573
571 574
571 575
571 576
571 577
571 578
571 579
572 573
572 574
572 575
572 576
572 577
572 579
572 608
573 574
573 575
573 576
573 577
573 579
573 823
574 575
574 576
574 577
574 579
574 608
575 576
575 577
575 752
576 577
578 579
578 580
578 581
578 582
578 583
579 580
579 581
579 582
579 583
579 584
579 832
580 581
580 582
581 582
583 584
583 585
583 586
583 587
583 714
583 774
583 781
584 585
584 586
584 587
584 875
585 586
585 587
586 587
588 589
588 590
588 591
588 592
588 593
588 594
588 599
588 607
588 627
588 643
588 722
589 590
589 591
589 592
589 593
589 594
589 599
589 608
589 626
589 643
590 591
590 592
591 592
593 594
593 595
593 596
593 597
593 598
593 599
593 602
593 607
593 613
593 614
593 618
593 643
593 647
594 595
594 596
594 597
594 598
594 599
594 602
594 603
594 608
594 613
594 614
594 623
595 596
595 597
595 598
596 597
596 598
597 598
599 600
599 601
600 601
602 603
602 604
602 605
602 606
602 634
602 682
602 683
602 714
602 730
603 604
603 605
603 606
603 635
603 683
604 605
604 606
605 606
607 608
607 609
607 610
607 611
607 612
607 618
607 634
607 635
608 609
608 610
608 611
608 612
608 618
608 634
608 635
608 647
609 610
609 611
609 612
610 611
610 612
610 629
610 647
611 612
613 614
613 615
613 616
613 617
613 618
613 702
613 781
613 806
613 807
614 615
614 616
614 617
614 618
614 619
614 701
614 702
614 781
614 782
614 784
614 806
614 807
615 616
615 617
616 617
618 619
618 620
618 621
618 643
618 650
618 695
619 620
619 621
619 782
619 784
620 621
622 623
622 624
622 625
622 784
623 624
623 625
623 782
624 625
626 627
626 628
626 629
626 631
626 650
626 665
626 722
627 628
627 629
627 631
627 666
627 722
627 723
628 629
628 722
629 641
629 666
629 723
630 631
630 632
630 633
630 636
630 637
630 695
631 632
631 633
631 651
631 696
631 723
632 633
634 635
634 636
634 637
634 638
634 639
634 657
634 692
634 693
634 694
634 695
634 696
635 636
635 637
635 638
635 639
635 658
635 666
635 672
635 693
635 696
636 637
636 638
636 639
636 643
636 650
636 692
636 695
637 638
637 639
637 651
637 666
637 692
637 696
638 639
640 641
640 642
641 642
641 644
641 647
643 644
643 645
643 646
643 647
643 648
643 649
643 650
643 671
643 722
643 760
644 645
644 646
644 647
644 648
644 649
644 651
644 672
644 723
644 760
644 782
645 646
645 647
645 648
645 649
646 647
646 648
646 649
647 648
647 649
647 651
647 723
648 649
650 651
650 652
650 653
650 695
650 722
650 748
651 652
651 653
651 666
651 694
651 723
652 653
654 655
654 656
654 657
654 658
654 659
654 660
654 661
654 662
654 663
654 664
655 656
655 657
655 658
655 659
655 660
655 661
655 662
655 663
655 664
656 657
656 658
656 659
656 660
656 661
656 662
656 663
656 664
657 658
657 659
657 660
657 661
657 662
657 663
657 664
657 692
657 695
658 659
658 660
658 661
658 662
658 663
658 664
658 693
658 694
659 660
659 661
659 662
659 663
659 664
660 661
660 662
660 663
660 664
661 662
661 663
661 664
662 663
662 664
663 664
665 666
665 667
665 668
665 669
665 670
665 692
665 695
666 667
666 668
666 669
666 670
666 693
666 694
667 668
667 669
667 670
668 669
668 670
669 670
671 672
671 673
671 674
671 675
671 676
671 677
671 678
671 679
671 680
671 681
672 673
672 674
672 675
672 676
672 677
672 678
672 679
672 680
672 681
672 694
672 782
672 784
673 674
673 675
673 676
673 677
673 678
673 679
673 680
673 681
673 696
674 675
674 676
674 677
674 678
674 679
674 680
674 681
674 696
675 676
675 677
675 678
675 679
675 680
675 681
676 677
676 678
676 679
676 680
676 681
677 678
677 679
677 680
677 681
678 679
678 680
678 681
679 680
679 681
680 681
682 683
682 684
682 685
682 686
682 718
682 756
682 814
682 840
682 857
682 899
683 684
683 685
683 686
683 719
683 814
683 836
683 841
683 899
683 900
684 685
684 686
685 686
687 688
687 689
687 690
687 691
687 748
687 756
687 760
687 764
687 789
687 814
687 815
687 817
687 819
687 840
688 689
688 690
688 691
688 693
688 760
688 815
688 816
689 690
689 691
689 752
690 691
692 693
692 694
692 695
692 696
692 697
692 698
692 699
692 700
693 694
693 695
693 696
693 697
693 698
693 699
693 700
694 695
694 696
694 697
694 698
694 699
694 807
695 696
695 697
695 698
695 699
696 697
696 698
696 699
696 723
696 784
697 698
697 699
698 699
701 702
701 703
701 704
701 705
701 706
701 707
701 781
702 703
702 704
702 705
702 706
702 707
702 782
702 784
703 704
703 705
703 706
703 707
704 705
704 706
704 707
705 706
705 707
706 707
708 709
708 730
708 735
708 749
710 711
710 712
710 713
710 714
711 712
711 713
712 713
714 715
714 716
714 717
714 718
714 741
714 742
714 744
714 789
714 806
714 807
714 814
714 889
715 716
715 717
716 717
718 719
718 720
718 721
718 768
719 720
719 721
720 721
722 723
722 724
722 725
722 899
723 724
723 725
724 725
726 727
726 728
726 735
727 728
727 730
729 730
729 731
729 732
729 733
729 734
729 741
729 814
730 731
730 732
730 733
730 734
730 742
730 815
731 732
731 733
731 734
732 733
732 734
733 734
733 735
733 755
734 815
734 816
735 736
735 737
735 738
735 741
735 748
735 817
735 823
735 884
736 737
736 738
737 738
739 740
739 741
739 742
739 743
740 741
740 742
740 743
741 742
741 743
741 744
742 743
742 745
742 749
742 858
744 745
744 746
744 747
744 749
744 764
744 765
744 814
744 827
744 840
744 851
744 894
744 899
745 746
745 747
745 765
745 815
745 816
745 828
745 851
746 747
748 749
748 750
748 751
748 768
749 750
749 751
749 806
749 815
750 751
752 753
752 754
752 755
752 756
752 764
752 768
752 781
752 819
752 857
753 754
753 755
753 757
753 811
753 820
754 755
755 841
755 870
756 757
756 758
756 759
756 764
756 769
756 814
757 758
757 759
757 760
757 765
757 815
757 816
757 824
758 759
760 761
760 762
760 763
760 765
760 769
760 781
760 796
760 801
760 802
761 762
761 763
762 763
764 765
764 766
764 767
764 768
764 769
764 797
764 801
764 806
764 810
764 814
765 766
765 767
765 769
765 807
765 811
765 815
765 816
765 854
766 767
768 769
768 770
768 771
768 772
768 773
768 774
768 781
768 797
768 801
768 802
768 806
768 840
769 770
769 771
769 772
769 773
769 774
769 781
769 796
769 797
770 771
770 772
770 773
771 772
771 773
772 773
774 775
774 776
774 777
774 778
774 779
774 780
775 776
775 777
775 778
775 779
775 780
776 777
776 778
776 779
776 780
777 778
777 779
777 780
778 779
778 780
779 780
781 782
781 783
781 784
781 785
781 789
781 796
781 797
781 801
781 802
781 840
782 783
782 784
782 790
782 795
782 797
782 802
782 807
783 784
784 785
784 790
784 797
784 802
784 823
784 827
785 786
785 787
785 788
785 802
786 787
786 788
787 788
789 790
789 791
789 797
789 802
789 835
790 791
792 793
792 794
792 795
793 794
793 795
794 795
794 797
794 801
794 802
796 797
796 798
796 799
796 800
796 801
796 802
796 857
797 798
797 799
797 800
797 801
797 802
797 810
798 799
798 800
799 800
801 802
801 803
801 804
801 805
801 810
801 827
802 803
802 804
802 805
802 806
803 804
803 805
804 805
806 807
806 808
806 809
806 827
806 835
806 894
807 808
807 809
807 815
807 816
807 824
808 809
810 811
810 812
810 813
811 812
811 813
811 816
812 813
814 815
814 816
814 817
814 819
814 823
814 827
814 835
814 864
814 874
815 816
815 820
815 824
815 828
815 837
815 854
815 858
815 874
816 820
816 845
817 818
817 819
817 820
817 821
817 822
817 857
818 819
818 820
818 821
818 822
818 837
819 820
819 821
819 822
819 835
819 857
819 874
820 821
820 822
820 837
821 822
823 824
823 825
823 826
823 827
823 835
823 840
823 857
823 864
823 879
824 825
824 826
824 828
824 836
824 837
824 840
824 858
824 865
824 870
824 880
824 893
825 826
827 828
827 829
827 830
827 831
827 835
827 864
827 879
827 894
828 829
828 830
828 832
828 836
828 837
828 841
828 845
828 858
828 869
828 874
828 875
828 885
828 895
828 900
829 830
831 832
831 833
831 834
831 835
832 833
832 834
832 836
832 837
833 834
835 836
835 837
835 838
835 839
835 840
835 879
836 837
836 838
836 839
836 841
836 845
836 858
836 895
836 900
837 838
837 839
837 841
837 845
837 875
837 880
837 901
838 839
840 841
840 842
840 843
840 844
840 845
840 846
840 847
840 848
840 849
840 850
840 851
840 852
840 853
840 854
840 855
840 856
840 857
840 894
840 896
840 897
840 899
841 842
841 843
841 844
841 845
841 846
841 847
841 848
841 849
841 850
841 851
841 852
841 853
841 854
841 855
841 856
841 858
841 874
841 875
841 895
841 897
841 900
841 901
842 843
842 844
842 845
842 846
842 847
842 848
842 849
842 850
842 851
842 852
842 853
842 854
842 855
842 856
843 844
843 845
843 846
843 847
843 848
843 849
843 850
843 851
843 852
843 853
843 854
843 855
843 856
844 845
844 846
844 847
844 848
844 849
844 850
844 851
844 852
844 853
844 854
844 855
844 856
844 894
844 899
845 846
845 847
845 848
845 849
845 850
845 851
845 852
845 853
845 854
845 855
845 856
845 897
845 900
845 901
846 847
846 848
846 849
846 850
846 851
846 852
846 853
846 854
846 855
846 856
847 848
847 849
847 850
847 851
847 852
847 853
847 854
847 855
847 856
848 849
848 850
848 851
848 852
848 853
848 854
848 855
848 856
849 850
849 851
849 852
849 853
849 854
849 855
849 856
849 875
850 851
850 852
850 853
850 854
850 855
850 856
851 852
851 853
851 854
851 855
851 856
852 853
852 854
852 855
852 856
853 854
853 855
853 856
854 855
854 856
855 856
857 858
857 859
857 860
857 861
857 862
857 863
857 868
857 879
857 884
857 894
858 859
858 860
858 861
858 862
858 863
858 874
858 875
859 860
859 861
859 862
859 863
860 861
860 862
860 863
861 862
861 863
862 863
864 865
864 866
864 867
865 866
865 867
865 874
865 875
866 867
868 869
868 870
868 871
868 872
868 873
869 870
869 871
869 872
869 873
869 875
869 895
869 900
869 901
870 871
870 872
870 873
871 872
871 873
872 873
874 875
874 876
874 877
874 878
874 895
874 900
875 876
875 877
875 878
875 885
875 893
875 895
875 900
876 877
876 878
877 878
879 880
879 881
879 882
879 883
879 884
879 885
879 886
879 887
879 888
879 889
879 890
879 891
879 892
879 893
879 894
879 896
879 899
879 901
880 881
880 882
880 883
880 884
880 885
880 886
880 887
880 888
880 889
880 890
880 891
880 892
880 893
880 895
880 897
881 882
881 883
881 884
881 885
881 886
881 887
881 888
881 889
881 890
881 891
881 892
881 893
882 883
882 884
882 885
882 886
882 887
882 888
882 889
882 890
882 891
882 892
882 893
883 884
883 885
883 886
883 887
883 888
883 889
883 890
883 891
883 892
883 893
884 885
884 886
884 887
884 888
884 889
884 890
884 891
884 892
884 893
885 886
885 887
885 888
885 889
885 890
885 891
885 892
885 893
885 895
885 900
885 901
886 887
886 888
886 889
886 890
886 891
886 892
886 893
887 888
887 889
887 890
887 891
887 892
887 893
888 889
888 890
888 891
888 892
888 893
889 890
889 891
889 892
889 893
890 891
890 892
890 893
891 892
891 893
892 893
892 894
894 895
894 896
894 897
894 898
894 899
895 896
895 897
895 898
895 900
895 901
896 897
896 898
896 899
896 900
897 898
897 899
897 900
897 901
899 900
899 901
899 902
899 903
899 904
900 901
900 902
900 903
900 904
901 902
901 903
901 904
902 903
902 904
903 904
