0 1
0 2
0 3
0 4
0 34
0 116
0 138
0 203
0 246
0 272
0 276
0 537
0 540
0 552
0 553
0 556
0 574
1 2
1 3
1 4
1 35
1 139
1 142
1 193
1 207
1 210
1 272
1 273
1 277
1 449
1 515
1 538
1 541
1 553
1 556
1 575
2 3
2 4
2 122
3 4
5 6
5 7
5 17
5 509
5 552
5 553
5 556
6 7
6 18
6 510
8 9
8 10
8 11
8 12
8 14
8 17
8 21
8 30
8 71
8 102
8 103
8 106
8 107
8 118
8 138
8 170
8 189
8 212
8 289
9 10
9 11
9 15
9 18
9 22
9 103
9 106
9 107
9 108
9 119
9 139
9 183
9 190
9 204
9 236
10 11
12 13
12 14
12 15
12 16
12 17
12 39
12 138
12 203
12 206
12 491
12 505
12 529
12 563
12 574
12 575
13 14
13 15
13 16
13 17
13 18
13 19
13 29
13 41
13 44
13 139
13 142
13 148
13 210
13 268
13 271
13 574
14 15
14 16
14 39
14 40
14 47
14 84
14 118
14 120
14 140
14 142
14 153
14 206
14 209
14 241
14 271
14 520
14 574
15 16
15 18
15 31
15 41
15 139
15 142
15 153
15 271
15 521
15 532
15 544
15 549
15 553
15 574
17 18
17 19
17 20
17 40
17 70
17 71
17 102
17 138
17 497
17 498
17 578
17 612
18 19
18 20
18 41
18 44
18 70
18 103
18 139
18 204
18 207
18 497
18 498
18 579
18 612
19 20
19 70
19 141
19 233
19 270
19 497
19 508
19 579
19 612
21 22
22 121
23 25
24 25
24 26
24 27
24 28
24 34
24 35
24 40
24 45
24 74
24 81
24 82
24 88
24 89
24 91
24 116
24 120
24 143
24 154
24 170
24 187
24 241
24 246
24 479
24 552
25 26
25 27
25 28
25 31
25 35
25 41
25 46
25 77
25 79
25 83
25 89
25 121
25 122
25 155
25 170
25 171
25 236
25 242
25 246
25 326
25 488
25 553
26 27
26 28
26 29
26 34
26 35
26 45
26 46
26 48
26 77
26 79
26 83
26 108
26 121
26 122
26 155
26 188
26 242
27 28
29 30
29 31
29 32
29 33
29 39
30 31
30 32
30 33
30 39
30 40
30 41
30 57
30 91
30 120
30 212
31 32
31 33
31 41
31 48
31 92
31 121
31 167
31 181
31 277
31 575
31 580
32 33
34 35
34 36
34 37
34 38
34 39
34 40
34 41
34 45
34 56
34 84
34 91
34 120
34 227
34 491
34 509
34 520
34 531
34 543
34 563
34 574
35 36
35 37
35 38
35 39
35 41
35 46
35 55
35 58
35 63
35 119
35 139
35 277
35 279
35 449
35 506
35 575
36 37
36 38
36 41
37 38
37 41
39 40
39 41
39 42
39 44
39 45
39 107
40 41
40 42
40 44
40 45
40 57
40 84
40 85
41 42
41 44
41 46
41 48
41 51
41 68
41 92
41 103
41 217
41 218
43 44
45 46
45 47
45 48
45 49
45 57
45 102
45 107
46 47
46 48
46 49
46 58
46 108
46 117
46 119
46 155
47 48
47 49
47 155
48 49
50 51
50 52
50 53
50 57
51 52
51 53
51 57
51 58
52 53
52 57
54 55
54 56
54 57
54 154
55 56
55 58
55 92
57 58
57 59
57 60
57 61
57 62
57 64
57 68
57 71
57 84
57 97
57 102
57 120
57 291
57 292
57 294
57 344
57 345
57 348
57 397
57 450
58 59
58 60
58 61
58 62
58 68
58 70
58 75
58 85
58 92
58 291
58 292
58 294
58 325
58 344
58 345
59 60
59 61
59 62
59 288
60 61
60 62
61 62
63 460
64 65
64 66
64 67
64 68
65 66
65 67
65 68
66 67
66 68
67 68
69 70
69 71
69 72
69 73
69 121
69 122
70 71
70 72
70 73
70 92
70 121
70 122
70 171
71 72
71 73
71 91
71 118
71 170
71 212
72 73
74 75
74 76
74 77
74 88
74 166
74 170
74 435
74 479
74 487
75 76
75 77
75 89
75 92
75 122
75 171
75 488
76 77
77 122
78 79
78 80
78 81
78 88
78 107
78 212
78 213
79 80
79 81
79 89
80 81
81 197
81 198
81 227
81 242
82 83
82 84
82 85
82 86
82 87
82 88
82 116
82 212
82 479
82 487
83 84
83 85
83 86
83 87
83 155
83 488
84 85
84 86
84 87
84 91
84 102
84 170
84 172
84 423
85 86
85 87
85 92
85 103
85 122
85 171
85 173
85 176
85 424
86 87
88 89
88 90
88 91
88 93
88 111
88 124
88 212
88 213
88 235
88 236
88 423
88 505
88 531
88 616
89 90
89 92
89 93
89 94
89 124
89 125
89 212
89 213
89 236
89 423
89 424
89 506
89 617
91 92
91 118
91 120
91 121
91 187
91 543
91 578
91 583
92 121
92 130
92 155
92 316
93 94
93 95
93 96
93 102
93 212
93 213
93 424
94 95
94 96
94 130
95 96
97 98
97 99
97 100
97 101
97 166
97 212
97 479
97 487
98 99
98 100
98 101
98 121
98 236
99 100
99 101
100 101
102 103
102 104
102 105
102 106
102 107
102 118
102 120
102 130
102 198
102 479
103 104
103 105
103 106
103 107
103 108
103 117
103 119
103 121
103 122
103 130
103 150
103 442
103 480
103 569
104 105
104 106
105 106
106 117
106 119
107 108
107 109
107 110
107 111
107 112
107 116
107 118
107 120
107 130
107 177
107 189
107 227
107 289
107 315
107 471
108 109
108 110
108 111
108 112
108 114
108 116
108 117
108 118
108 119
108 122
108 130
108 141
108 470
108 472
108 480
109 110
109 111
109 112
110 111
110 112
111 112
111 120
113 114
113 115
113 116
113 117
113 119
113 166
113 167
113 289
113 325
113 326
114 115
115 166
115 167
116 117
116 118
116 119
116 120
116 130
116 187
116 216
116 552
116 562
117 118
117 119
117 120
117 121
117 122
117 130
117 216
117 239
117 249
117 256
118 119
118 120
118 124
118 130
118 189
118 216
118 227
118 261
118 453
119 120
119 121
119 130
119 155
119 216
120 121
120 122
120 123
120 154
120 166
120 177
120 187
120 192
120 212
120 216
120 222
120 227
120 241
120 276
120 443
120 450
120 552
120 563
121 122
121 123
121 134
121 150
121 155
121 167
121 187
121 197
121 198
121 218
121 241
121 246
121 443
121 449
121 451
121 552
121 553
122 123
122 155
124 125
124 126
124 127
124 128
124 129
125 126
125 127
125 128
125 129
126 127
126 128
126 129
127 128
127 129
128 129
130 131
130 132
130 213
130 251
130 442
130 443
130 569
130 572
130 573
131 132
133 134
133 135
133 136
133 137
133 197
133 198
134 135
134 136
134 137
134 198
135 136
135 137
136 137
138 139
138 140
138 141
138 142
138 249
138 272
138 505
138 506
138 552
139 140
139 141
139 142
139 251
139 272
139 273
139 506
139 553
139 569
140 141
140 142
140 383
141 142
142 506
142 578
142 579
142 580
143 144
143 145
143 146
143 154
143 155
143 166
143 241
143 286
143 287
143 288
144 145
144 146
145 146
147 148
147 149
147 150
147 151
147 152
147 153
147 197
148 149
148 150
148 151
148 152
148 153
149 150
149 151
149 152
149 153
150 151
150 152
150 153
150 155
150 167
150 239
150 241
150 249
150 255
150 256
150 316
151 152
151 153
152 153
154 155
154 156
154 157
154 159
154 166
154 177
154 187
154 197
154 212
154 222
154 227
154 235
154 236
154 239
154 241
154 246
154 256
154 286
154 287
154 288
154 306
154 435
154 493
154 596
155 156
155 157
155 160
155 167
155 188
155 198
155 223
155 228
155 232
155 236
155 242
155 246
155 254
155 256
155 287
155 307
155 319
155 334
156 157
158 159
158 160
158 161
158 172
158 173
158 176
158 198
159 160
159 161
160 161
160 167
160 198
162 163
162 164
162 165
162 166
162 170
162 172
162 231
163 164
163 165
163 166
163 167
163 171
163 173
163 176
163 223
163 232
164 165
166 167
166 168
166 169
166 170
166 172
166 177
166 187
166 197
166 212
166 216
166 231
166 244
166 246
166 249
166 250
166 342
166 462
167 168
167 169
167 171
167 173
167 176
167 187
167 198
167 232
167 246
167 250
167 251
167 273
167 461
167 462
167 575
168 169
170 171
170 172
170 177
170 187
170 212
170 222
170 227
170 231
170 241
170 344
170 353
170 452
171 173
171 178
171 213
171 223
171 228
171 232
171 273
171 452
171 575
172 173
172 174
172 175
172 176
172 177
172 180
172 227
172 231
172 272
173 174
173 175
173 176
173 178
173 227
173 228
173 232
173 256
173 273
174 175
174 176
175 176
176 178
176 181
176 227
176 228
176 232
176 451
177 178
177 179
177 180
177 181
177 187
177 212
177 222
177 227
177 231
177 241
177 272
177 273
177 276
177 290
177 448
177 450
177 460
178 179
178 180
178 181
178 183
178 190
178 222
178 223
178 228
178 232
178 272
178 273
178 342
178 441
178 575
179 180
179 181
180 181
180 231
180 460
180 461
180 462
181 461
181 462
182 183
182 231
184 185
184 186
184 187
184 188
184 469
185 186
185 187
185 188
186 187
186 188
187 188
187 212
187 222
187 227
187 228
187 231
187 256
188 232
189 190
189 191
189 231
190 191
190 223
192 193
192 194
192 195
192 196
192 231
192 232
192 236
193 194
193 195
193 196
194 195
194 196
195 196
197 198
197 199
197 200
197 201
197 202
197 212
197 231
197 232
197 241
197 246
198 199
198 200
198 201
198 202
198 213
198 223
198 228
198 231
198 242
198 246
199 200
199 201
199 202
200 201
200 202
201 202
203 204
203 205
203 206
203 207
203 208
203 209
203 210
203 211
203 264
203 516
203 517
204 205
204 206
204 207
204 208
204 209
204 210
204 211
204 265
205 206
205 207
205 208
205 209
205 210
205 211
206 207
206 208
206 209
206 210
206 211
207 208
207 209
207 210
207 211
208 209
208 210
208 211
209 210
209 211
210 211
212 213
212 214
212 215
212 216
212 231
212 423
212 424
212 460
213 214
213 215
213 218
213 223
213 228
213 414
213 423
213 465
213 468
214 215
216 217
216 218
216 219
216 220
216 221
216 460
216 461
217 218
217 219
217 220
217 221
217 461
218 219
218 220
218 221
219 220
219 221
220 221
222 223
222 224
222 225
222 226
222 227
222 231
222 241
222 291
222 396
222 407
222 441
222 448
222 460
222 461
222 462
223 224
223 225
223 226
223 227
223 228
223 231
223 232
223 242
223 246
223 256
223 276
223 449
223 450
223 451
223 460
223 462
223 469
223 580
224 225
224 226
225 226
227 228
227 229
227 230
227 231
227 235
227 241
227 263
227 276
227 400
227 448
227 449
227 450
228 229
228 230
228 232
228 236
228 242
228 246
228 256
228 263
228 277
228 449
228 451
229 230
231 232
231 233
231 234
231 235
231 250
231 255
231 272
231 407
231 443
231 460
232 233
232 234
232 236
232 256
232 273
232 460
232 553
233 234
235 236
235 237
235 238
235 246
235 248
235 250
235 255
235 306
235 307
235 308
235 315
235 320
235 479
236 237
236 238
236 239
236 244
236 251
236 255
236 256
236 257
236 292
236 308
236 315
236 316
236 320
236 321
236 370
236 405
236 488
236 505
236 553
237 238
239 240
239 241
239 242
239 256
239 306
239 307
239 308
239 488
241 242
241 244
241 246
241 249
241 276
242 244
242 246
242 256
242 439
242 483
243 244
243 245
243 246
243 247
243 248
243 421
244 245
244 246
244 247
244 248
245 246
245 247
245 248
246 247
246 248
246 249
246 250
246 251
246 256
246 300
246 306
246 472
246 568
246 569
246 572
246 591
246 592
247 248
247 488
248 479
249 250
249 251
249 252
249 253
249 254
249 563
249 564
250 251
250 252
250 253
250 254
250 315
250 404
250 407
250 421
250 563
250 564
251 252
251 253
251 254
251 290
251 316
252 253
252 254
253 254
254 256
255 256
255 257
255 258
255 259
255 260
255 306
256 257
256 258
256 259
256 260
256 264
256 266
256 276
256 290
256 307
256 308
256 316
256 405
257 258
257 259
257 260
258 259
258 260
259 260
261 262
261 263
262 263
264 265
264 266
264 267
264 272
264 273
264 548
264 568
264 572
264 574
265 266
265 268
265 272
265 273
265 436
265 498
265 549
265 575
267 268
267 269
267 270
267 271
267 272
267 273
268 269
268 270
268 271
269 270
269 271
270 271
272 273
272 274
272 275
272 276
272 277
272 278
272 574
272 578
273 274
273 275
273 276
273 277
273 279
273 575
274 275
274 276
274 277
275 276
275 277
276 277
276 544
278 279
278 280
278 281
278 282
278 283
278 284
278 286
278 289
278 290
278 291
278 300
278 341
278 344
278 376
279 280
279 281
279 282
279 283
279 284
279 287
279 288
279 292
279 301
279 316
279 342
279 377
280 281
280 282
281 282
281 288
281 290
281 357
283 284
283 285
283 286
283 289
283 291
283 298
283 306
283 333
283 369
283 421
283 537
284 285
284 286
284 287
284 288
284 290
284 291
284 292
284 298
284 307
284 334
284 369
284 370
284 422
286 287
286 288
286 289
286 291
286 306
286 315
286 320
286 325
286 333
286 336
286 339
286 341
286 342
286 344
286 348
286 369
286 546
287 288
287 292
287 298
287 301
287 307
287 308
287 316
287 422
287 427
287 569
288 298
288 316
288 342
288 368
288 374
288 375
288 414
288 422
288 424
288 472
288 595
289 290
289 291
289 294
289 306
289 317
289 333
289 336
289 341
289 344
289 348
289 352
289 369
289 376
289 377
289 421
289 430
289 436
289 546
289 563
290 299
290 308
290 325
290 344
290 349
290 370
290 377
290 396
290 413
290 414
290 422
290 424
290 428
290 429
290 431
290 435
290 436
290 438
290 439
290 457
290 569
290 626
291 292
291 293
291 294
291 315
291 325
291 326
291 333
291 336
291 339
291 344
291 345
291 348
291 354
291 397
291 421
292 293
292 294
292 295
292 298
292 316
292 325
292 326
292 334
292 344
292 345
292 352
292 397
294 295
294 296
294 297
294 300
294 325
294 326
294 344
294 345
295 296
295 297
295 301
295 316
295 345
296 297
298 299
300 301
300 302
300 303
300 304
300 305
300 325
300 330
300 333
300 339
300 344
300 413
301 302
301 303
301 304
301 305
301 316
301 325
301 326
301 331
301 334
301 340
301 414
301 424
302 303
302 304
302 305
303 304
303 305
304 305
306 307
306 308
306 309
306 310
306 311
306 312
306 313
306 314
306 318
306 319
306 320
306 341
306 344
306 435
306 546
307 308
307 309
307 310
307 311
307 312
307 313
307 314
307 316
307 319
307 320
307 321
307 334
307 342
307 370
307 422
307 436
307 546
307 547
307 575
308 309
308 310
308 311
308 312
308 313
308 314
308 319
308 341
308 436
308 547
309 310
309 311
309 312
309 313
309 314
310 311
310 312
310 313
310 314
310 315
311 312
311 313
311 314
312 313
312 314
313 314
315 316
315 317
315 318
315 319
315 320
315 333
315 336
315 339
315 341
315 342
315 344
315 348
315 413
315 431
315 435
315 546
315 563
316 317
316 318
316 319
316 321
316 334
316 337
316 340
316 342
316 345
316 370
316 414
316 431
316 538
316 547
316 586
317 318
317 319
318 319
320 321
320 322
320 323
320 324
320 341
320 369
320 370
321 322
321 323
321 324
321 342
322 323
322 324
323 324
325 326
325 327
325 328
325 329
325 333
325 336
325 341
325 344
325 345
325 348
325 352
325 354
325 397
325 423
326 327
326 328
326 329
326 334
326 337
326 342
326 344
326 345
326 349
326 352
326 424
326 531
326 532
327 328
327 329
328 329
328 357
330 331
330 332
331 332
333 334
333 335
333 336
333 339
333 341
333 344
333 348
333 349
333 421
333 423
333 531
334 335
334 337
334 340
334 342
334 345
334 349
334 352
334 414
334 483
335 357
336 337
336 338
336 341
336 344
336 348
336 407
336 421
336 422
336 430
336 431
336 435
336 436
337 338
337 342
337 422
337 430
337 431
337 436
339 340
339 344
340 345
341 342
341 343
341 344
341 345
341 348
341 349
341 369
341 430
342 343
342 345
342 349
342 357
342 370
342 431
344 345
344 346
344 347
344 348
344 352
344 354
344 376
344 381
344 423
344 430
344 563
345 346
345 347
345 349
345 352
345 355
345 357
345 360
345 370
345 377
345 383
345 386
345 397
345 405
345 408
345 424
346 347
348 349
348 350
348 351
348 352
348 358
348 397
348 423
348 546
348 563
349 350
349 351
349 352
349 355
349 357
349 386
349 429
350 351
352 353
352 354
352 381
352 383
352 408
354 355
354 356
354 357
354 358
354 364
354 376
354 381
354 385
354 386
354 407
354 413
354 426
354 428
355 356
355 357
355 359
355 365
355 377
355 383
355 385
355 386
355 429
356 357
357 360
357 368
357 378
357 386
357 391
357 405
358 359
358 360
358 361
358 362
358 363
358 364
358 367
358 390
358 620
359 360
359 361
359 362
359 363
359 365
359 429
359 621
360 361
360 362
360 363
360 365
360 370
360 377
360 426
360 429
361 362
361 363
362 363
364 365
364 366
364 367
364 368
364 376
364 377
365 366
365 367
365 368
365 377
366 367
366 368
367 368
369 370
369 371
369 372
369 373
369 417
369 421
369 428
369 535
370 371
370 372
371 372
373 374
373 375
374 375
376 377
376 378
376 379
376 380
376 381
376 407
376 428
376 529
376 613
376 620
377 378
377 379
377 380
377 391
377 408
377 429
377 530
377 614
377 621
378 379
378 380
378 386
378 621
379 380
381 382
381 383
381 384
381 385
381 390
381 394
381 428
382 383
382 384
383 384
383 386
383 391
383 429
385 386
385 387
385 388
385 389
385 404
386 387
386 388
386 389
387 388
387 389
388 389
390 391
390 392
390 393
390 394
390 395
391 392
391 393
391 394
391 395
391 408
392 393
392 394
392 395
393 394
393 395
394 395
394 407
395 408
396 397
396 398
396 399
397 398
397 399
398 399
400 401
400 402
400 403
401 402
401 403
402 403
404 405
404 406
404 407
404 413
404 417
404 423
404 428
404 430
404 438
405 406
405 414
405 418
405 422
405 427
405 428
405 431
405 436
405 439
405 580
407 408
407 409
407 410
407 411
407 412
407 413
407 423
407 428
408 409
408 410
408 411
408 412
408 414
408 429
408 431
409 410
409 411
409 412
410 411
410 412
411 412
413 414
413 415
413 416
413 421
413 423
413 430
413 431
413 435
413 436
414 415
414 416
414 422
414 424
414 430
414 436
415 416
417 418
417 419
417 420
417 430
417 460
418 419
418 420
418 424
418 431
419 420
420 435
421 422
421 423
421 428
421 430
421 431
421 435
421 436
422 424
422 426
422 427
422 431
422 435
422 436
422 439
423 424
423 425
423 426
423 428
423 439
423 546
424 425
424 429
424 431
424 436
424 439
424 547
426 427
426 430
427 431
428 429
428 430
429 431
430 431
430 432
430 433
430 434
430 435
430 436
430 438
430 537
430 538
430 585
431 432
431 433
431 434
431 435
431 436
431 439
431 538
431 585
431 586
432 433
432 434
433 434
435 436
435 437
435 464
435 572
436 437
436 572
438 439
438 440
439 440
441 442
441 443
441 444
441 445
441 446
441 447
442 443
442 444
442 445
442 446
442 447
443 444
443 445
443 446
443 447
444 445
444 446
444 447
445 446
445 447
446 447
448 449
448 450
448 451
448 452
449 450
449 451
449 452
450 451
450 452
451 452
453 454
453 455
453 456
453 457
453 458
453 459
454 455
454 456
454 457
454 458
454 459
455 456
455 457
455 458
455 459
456 457
456 458
456 459
457 458
457 459
458 459
460 461
460 462
460 463
460 464
460 465
460 479
460 480
460 482
461 462
461 463
461 465
461 469
461 470
461 478
461 480
461 483
462 463
462 465
462 469
462 470
462 478
462 479
462 480
462 482
462 483
464 465
464 466
464 467
464 468
464 469
464 470
464 472
464 479
464 480
464 482
464 483
464 487
464 505
465 466
465 467
465 468
465 470
465 472
465 479
465 480
465 482
465 483
465 488
465 500
465 505
465 506
466 467
466 468
467 468
467 469
467 482
467 505
467 509
467 563
468 469
468 482
468 483
468 505
468 506
468 509
468 510
468 563
468 564
469 470
469 471
469 472
469 473
469 479
469 480
469 482
469 487
469 563
470 471
470 472
470 473
470 480
470 482
470 483
470 510
470 564
471 472
471 473
472 473
472 482
472 483
472 509
472 510
474 475
474 476
474 477
474 478
474 479
474 480
474 487
474 488
475 476
475 477
475 478
475 488
476 477
476 478
477 478
478 479
478 480
478 487
478 488
479 480
479 481
479 482
479 487
479 488
480 481
480 482
480 483
480 487
480 488
480 498
480 506
480 584
482 483
482 484
482 485
482 486
482 487
483 484
483 485
483 486
483 488
484 485
484 486
485 486
487 488
487 489
487 490
488 489
488 490
489 490
491 492
491 493
491 494
491 495
491 496
492 493
492 494
492 495
492 496
493 494
493 495
493 496
493 497
493 509
494 495
494 496
494 498
495 496
495 543
495 544
496 531
497 498
497 499
497 505
497 509
497 531
497 609
498 499
498 506
498 509
498 510
498 532
498 609
498 610
500 501
500 502
500 503
500 504
500 505
500 506
501 502
501 503
501 504
501 506
502 503
502 504
503 504
505 506
505 507
505 508
505 509
505 510
506 507
506 508
506 509
506 510
507 508
509 510
509 511
509 512
509 513
509 540
509 543
509 556
509 578
510 511
510 512
510 513
510 543
510 544
511 512
511 513
512 513
514 515
514 516
515 517
516 517
516 518
516 519
516 531
516 535
516 543
516 548
516 552
516 556
516 568
516 574
516 578
516 579
516 612
516 613
517 518
517 519
517 532
517 536
517 543
517 544
517 549
517 552
517 553
517 557
517 575
517 579
517 580
517 614
518 519
518 531
518 543
520 521
520 522
520 523
520 524
520 525
520 526
520 527
520 528
520 529
520 530
520 544
521 522
521 523
521 524
521 525
521 526
521 527
521 528
521 529
521 530
521 544
522 523
522 524
522 525
522 526
522 527
522 528
522 529
522 530
523 524
523 525
523 526
523 527
523 528
523 529
523 530
524 525
524 526
524 527
524 528
524 529
524 530
525 526
525 527
525 528
525 529
525 530
526 527
526 528
526 529
526 530
527 528
527 529
527 530
528 529
528 530
529 530
529 531
529 532
529 556
529 578
530 532
530 557
530 579
530 580
531 532
531 533
531 534
531 535
531 537
531 540
531 543
531 548
531 552
531 563
531 574
531 578
532 533
532 534
532 535
532 536
532 538
532 541
532 543
532 544
532 549
532 553
532 564
532 575
532 579
532 580
533 534
535 536
535 552
535 557
535 574
535 578
536 553
536 557
536 575
536 579
536 580
537 538
537 539
537 540
537 541
537 542
537 543
537 544
537 556
537 563
537 568
537 578
537 613
537 614
538 539
538 540
538 541
538 542
538 543
538 544
538 557
538 569
538 578
538 579
538 614
539 540
539 541
539 542
540 541
540 542
540 543
540 556
540 568
540 578
540 579
540 613
541 542
541 544
541 557
541 569
541 579
541 580
543 544
543 545
543 546
543 547
543 548
543 552
543 553
543 556
543 574
543 616
544 545
544 546
544 547
544 549
544 553
544 557
544 575
545 546
545 547
546 547
547 575
548 549
548 550
548 551
548 552
548 553
548 556
548 557
549 550
549 551
549 557
550 551
552 553
552 554
552 555
552 556
552 557
553 554
553 555
553 556
553 557
554 555
556 557
556 558
556 559
556 560
556 561
556 578
557 558
557 559
557 560
557 561
558 559
558 560
558 561
559 560
559 561
559 580
560 561
562 563
562 564
562 565
562 566
562 567
562 574
563 564
563 565
563 566
563 567
563 591
563 603
564 565
564 566
564 567
564 592
564 604
565 566
565 567
566 567
568 569
568 570
568 571
568 572
568 573
568 574
568 613
569 570
569 571
569 572
569 573
569 613
569 614
570 571
570 572
570 573
571 572
571 573
572 573
572 613
574 575
574 576
574 577
574 578
574 603
575 576
575 577
575 579
575 580
575 604
576 577
578 579
578 580
578 581
578 582
578 591
578 612
579 580
579 581
579 582
579 592
579 612
580 581
580 582
580 586
580 604
580 607
580 612
581 582
583 584
583 585
583 586
583 587
583 588
584 585
584 586
584 587
584 588
585 586
585 587
585 588
586 587
586 588
587 588
589 590
589 591
589 592
589 603
589 604
591 592
591 593
591 596
591 603
591 605
591 609
591 615
592 593
592 597
592 604
592 605
592 606
592 610
594 595
594 603
595 603
595 604
596 597
596 598
596 599
596 600
596 601
596 602
597 598
597 599
597 600
597 601
597 602
598 599
598 600
598 601
598 602
599 600
599 601
599 602
600 601
600 602
601 602
603 604
603 605
604 606
605 606
605 607
605 608
606 607
606 608
607 608
609 610
609 611
609 612
610 611
610 612
611 612
613 614
613 615
614 615
616 617
616 618
616 619
617 618
617 619
618 619
620 621
620 622
620 623
620 624
620 625
621 622
621 623
621 624
621 625
622 623
622 624
622 625
623 624
623 625
624 625
626 627
626 628
626 629
627 628
627 629
628 629
