0 1
0 2
0 3
0 4
0 5
0 6
0 7
0 10
0 11
0 12
0 16
0 17
0 234
0 235
0 280
0 472
0 555
0 582
0 605
0 606
0 640
1 2
1 3
1 4
1 5
1 7
1 11
1 13
1 17
1 234
1 557
1 605
1 606
2 3
3 7
4 5
4 6
4 7
4 8
4 9
4 10
4 11
4 12
4 16
4 25
4 581
4 605
4 606
5 6
5 7
5 8
5 9
5 11
5 12
5 13
5 16
5 34
5 605
5 606
6 7
6 8
6 9
7 8
7 9
7 10
7 11
7 16
7 605
7 607
7 651
8 9
10 11
10 12
10 13
10 14
10 15
10 258
10 268
10 296
10 476
11 12
11 13
11 14
11 15
11 259
11 268
11 296
11 477
12 13
12 14
12 15
12 206
12 241
12 258
12 298
12 476
12 478
12 479
12 486
12 687
13 14
13 15
13 259
13 268
13 290
13 307
13 477
14 15
15 476
15 479
16 17
16 18
16 19
16 20
16 21
16 25
16 29
16 45
16 555
16 563
16 572
16 582
16 592
16 593
16 605
16 606
16 622
16 649
17 18
17 19
17 20
17 21
17 22
17 26
17 29
17 30
17 34
17 35
17 563
17 572
18 19
18 20
18 21
19 20
19 21
20 21
21 25
22 23
22 24
22 35
23 24
25 26
25 27
25 28
25 29
25 34
25 35
25 52
25 53
25 70
25 75
25 88
25 592
25 595
26 27
26 28
26 29
26 34
26 39
26 543
26 585
26 595
26 596
26 655
27 28
29 30
29 31
29 32
29 33
29 34
29 35
29 53
29 590
30 31
30 32
30 33
30 34
30 35
30 594
31 32
31 33
32 33
33 595
34 35
34 36
34 37
34 43
34 52
34 53
34 57
34 58
34 161
34 236
34 322
34 590
34 593
34 594
34 654
35 36
35 37
35 38
35 53
35 66
35 88
35 322
35 577
35 581
35 594
36 37
36 186
36 617
38 39
38 40
38 41
38 42
38 617
39 40
39 41
39 42
40 41
40 42
41 42
43 44
43 45
43 46
43 47
43 52
43 592
43 595
44 45
44 46
44 47
44 592
44 595
45 46
45 47
45 53
45 590
45 592
46 47
46 583
46 592
46 593
46 594
47 590
47 592
48 49
48 50
48 51
49 50
49 51
49 379
50 51
52 53
52 54
52 55
52 56
52 57
52 58
52 61
52 70
52 72
52 75
52 78
52 343
52 594
53 54
53 55
53 56
53 58
53 61
53 62
53 70
53 75
53 343
54 55
54 56
54 58
54 574
55 56
56 616
57 58
57 59
57 60
57 61
57 70
57 71
57 75
57 206
57 209
57 524
57 546
57 577
58 59
58 60
58 61
58 63
58 75
59 60
61 62
61 63
61 64
61 65
61 70
61 71
61 72
61 73
61 161
62 63
62 64
62 65
62 71
62 583
63 64
63 65
63 72
63 206
63 571
64 65
64 571
66 67
66 68
66 69
66 572
66 594
67 68
67 69
68 69
70 71
70 72
70 73
70 74
70 76
70 80
70 119
70 130
70 161
70 224
70 500
70 501
70 556
70 561
70 562
70 564
70 571
70 572
70 574
70 622
71 72
71 73
71 74
71 80
71 81
71 89
71 107
71 161
71 501
71 525
71 531
71 542
71 556
71 560
71 561
71 562
71 571
71 572
71 574
71 622
71 623
72 73
72 74
72 75
72 81
72 556
72 562
72 563
72 564
72 571
72 572
72 574
72 581
72 595
72 617
72 622
72 636
73 74
73 77
73 81
73 83
73 84
73 346
73 373
73 501
73 563
73 571
73 572
73 573
73 574
73 617
75 76
75 77
75 78
75 79
75 206
75 439
75 444
76 77
76 78
76 79
76 206
77 78
77 79
77 519
77 557
77 574
78 79
78 616
80 81
80 82
80 83
80 84
80 85
80 86
80 87
80 609
81 82
81 83
81 84
81 85
81 86
82 83
82 84
82 85
82 86
83 84
83 85
83 86
84 85
84 86
85 86
87 88
87 89
87 113
87 175
87 190
87 347
87 381
87 574
87 637
87 699
88 89
88 91
88 593
88 637
90 91
90 92
90 93
90 94
90 504
90 590
90 609
91 92
91 93
91 94
91 102
91 609
92 93
93 519
94 95
94 96
94 97
94 98
94 99
94 104
94 107
94 108
94 142
94 156
94 171
94 206
94 313
94 339
94 343
94 622
94 655
94 675
94 718
95 96
95 97
95 98
95 105
95 157
95 445
95 675
96 97
96 98
96 440
96 441
97 98
99 100
99 101
99 102
99 103
99 161
99 264
99 366
99 367
99 368
99 455
99 459
99 461
99 462
99 463
99 465
99 478
100 101
100 102
100 103
100 161
100 367
100 464
101 102
101 103
102 103
102 114
102 161
102 162
102 165
102 255
102 263
102 271
102 366
102 368
102 459
102 461
102 462
102 463
102 464
102 465
102 477
104 105
104 106
104 107
104 108
104 109
104 110
104 132
104 206
104 369
104 373
104 443
104 444
104 448
104 451
104 480
104 581
105 106
105 107
105 108
105 109
105 110
105 591
105 595
106 107
106 108
106 109
106 110
107 108
107 109
107 110
107 119
107 121
107 161
107 198
107 369
107 372
107 373
107 439
107 440
107 450
107 451
107 464
108 109
108 110
108 162
108 165
108 169
108 465
109 110
111 112
111 119
111 130
111 308
111 459
113 114
113 115
113 116
113 117
113 118
113 161
113 164
113 165
113 366
114 115
114 116
114 117
114 118
114 132
115 116
115 117
115 118
116 117
116 118
117 118
119 120
119 121
119 122
119 123
119 124
119 125
119 130
119 206
119 448
120 121
120 122
120 123
120 124
120 162
120 169
121 122
121 123
121 124
121 125
121 126
121 130
121 132
121 165
121 206
122 123
122 124
123 124
123 595
125 126
125 127
125 128
125 129
125 448
125 449
126 127
126 128
126 129
127 128
127 129
128 129
130 131
130 132
130 133
130 134
130 135
130 136
130 160
131 132
131 133
131 134
131 135
132 133
132 134
132 135
132 149
132 161
132 690
133 134
133 135
134 135
136 137
136 138
136 139
136 254
136 255
137 138
137 139
138 139
140 141
140 142
140 143
140 144
140 145
140 411
141 142
141 143
141 144
141 145
142 143
142 144
142 145
142 206
142 410
142 411
142 418
143 144
143 145
144 145
145 318
146 147
146 148
146 149
146 150
146 151
146 152
146 153
146 154
146 155
146 174
146 590
147 148
147 149
147 150
147 151
147 152
147 153
147 154
147 155
148 149
148 150
148 151
148 152
148 153
148 154
148 155
149 150
149 151
149 152
149 153
149 154
149 155
149 164
149 266
149 592
150 151
150 152
150 153
150 154
150 155
151 152
151 153
151 154
151 155
152 153
152 154
152 155
153 154
153 155
154 155
154 206
156 157
156 158
156 159
156 362
156 363
156 381
156 443
157 158
157 159
157 363
158 159
160 161
160 162
160 163
160 164
160 165
160 166
160 167
160 168
160 169
160 170
160 171
160 245
160 263
160 266
160 302
160 308
160 351
160 500
160 504
160 591
161 162
161 163
161 164
161 165
161 166
161 167
161 168
161 169
161 170
161 171
161 178
161 183
161 186
161 192
161 198
161 202
161 206
161 254
161 263
161 276
161 302
161 308
161 309
161 319
161 378
161 381
161 410
161 462
161 500
161 504
161 571
161 572
161 574
161 590
161 595
161 598
161 599
161 622
162 163
162 164
162 165
162 166
162 167
162 168
162 169
162 170
162 171
162 254
162 259
162 263
162 266
162 287
162 296
162 308
162 309
162 319
162 340
162 454
162 462
162 463
162 465
162 493
162 501
162 657
162 663
163 164
163 165
163 166
163 167
163 168
163 169
163 170
163 171
164 165
164 166
164 167
164 168
164 169
164 170
164 171
164 192
164 198
164 230
164 254
164 255
164 258
164 263
164 264
164 266
164 298
164 308
164 309
164 318
164 319
164 459
164 461
164 462
164 464
164 479
164 500
164 504
164 591
164 616
164 622
164 687
165 166
165 167
165 168
165 169
165 170
165 171
165 193
165 203
165 242
165 250
165 254
165 255
165 258
165 263
165 266
165 308
165 309
165 459
165 461
165 462
165 463
165 464
165 465
166 167
166 168
166 169
166 170
166 171
167 168
167 169
167 170
167 171
168 169
168 170
168 171
168 254
168 263
168 362
168 399
168 462
168 687
169 170
169 171
169 250
169 254
169 255
169 259
169 263
169 266
169 287
169 292
169 296
169 340
169 462
169 463
169 501
169 663
170 171
171 254
171 255
171 415
172 173
172 188
172 192
172 193
172 290
172 362
172 363
172 462
173 180
173 188
173 245
173 369
173 373
173 375
173 381
173 382
173 420
173 426
173 451
174 175
174 176
174 177
174 183
174 276
174 312
174 683
174 684
174 708
175 176
175 177
175 178
175 454
175 463
175 683
175 684
175 708
175 709
176 177
176 368
178 179
178 180
178 181
178 182
178 183
178 198
178 202
178 309
178 363
178 378
178 443
178 444
178 448
178 472
178 571
178 662
179 180
179 181
179 182
179 184
179 192
179 193
179 259
179 263
179 282
179 303
179 309
179 357
179 472
179 571
180 181
180 182
180 186
180 193
180 263
180 266
180 689
181 182
183 184
183 185
183 186
183 187
183 188
183 192
183 198
183 202
183 378
183 379
183 380
184 185
184 186
184 187
184 188
184 189
184 192
184 198
184 202
184 424
184 704
184 705
185 186
185 187
186 187
186 188
186 189
186 191
186 249
186 263
186 266
186 304
186 335
186 546
188 189
188 190
188 191
188 378
188 379
188 449
189 190
189 191
189 449
190 191
192 193
192 194
192 195
192 196
192 197
192 198
192 199
192 202
192 203
192 230
192 292
192 308
192 309
192 344
192 378
192 379
192 380
192 448
192 592
193 194
193 195
193 196
193 197
193 203
193 231
193 255
193 308
193 309
193 449
193 593
194 195
194 196
194 197
194 495
195 196
195 197
196 197
198 199
198 200
198 201
198 202
198 203
198 292
198 410
199 200
199 201
199 203
199 225
199 231
199 255
200 201
202 203
202 204
202 205
202 302
202 303
202 462
203 204
203 205
203 303
203 340
204 205
206 207
206 208
206 209
206 210
206 211
206 212
206 343
206 344
206 378
206 379
206 381
206 410
206 444
206 459
206 476
206 605
206 622
207 208
209 210
209 211
209 212
209 213
209 230
209 231
209 622
210 211
210 212
210 213
210 215
210 225
210 231
211 212
211 213
212 213
214 215
214 216
214 217
214 218
214 219
214 224
214 230
214 234
215 216
215 217
215 218
215 219
215 224
215 225
215 231
215 270
216 217
216 218
216 219
217 218
217 219
218 219
218 230
219 231
220 221
220 222
220 223
220 234
220 362
220 448
221 222
221 223
221 448
221 449
221 450
221 451
222 223
224 225
224 226
224 227
224 228
224 229
224 230
224 234
224 241
224 347
225 226
225 227
225 228
225 229
225 230
225 231
225 242
225 341
226 227
226 228
226 229
227 228
227 229
228 229
230 231
230 232
230 233
230 234
230 264
230 271
230 296
230 298
230 348
230 462
230 525
230 687
231 232
231 233
231 251
231 255
231 271
231 278
231 279
231 348
232 233
234 235
234 236
234 237
234 291
234 303
234 334
234 335
236 237
236 238
236 239
236 240
236 366
237 238
237 239
237 240
237 344
238 239
238 240
238 464
238 465
239 240
241 242
241 243
241 244
242 243
242 244
243 244
245 246
245 247
245 248
245 249
245 572
246 247
246 248
246 249
246 615
247 248
247 249
247 381
248 249
250 251
250 252
250 253
250 254
250 255
250 258
251 252
251 253
251 266
252 253
254 255
254 256
254 257
254 263
254 266
254 571
254 572
254 574
254 595
255 256
255 257
255 263
255 266
256 257
258 259
258 260
258 261
258 262
258 263
258 264
258 266
258 311
258 312
259 260
259 261
259 262
259 263
259 309
259 312
259 317
259 593
260 261
260 262
261 262
263 264
263 265
263 266
263 267
263 308
263 309
263 367
263 501
264 265
264 266
264 267
264 308
264 309
264 362
264 464
264 592
264 595
265 266
265 267
266 267
266 297
268 269
268 270
268 271
268 272
268 273
268 274
268 275
268 276
268 277
268 278
269 270
269 271
269 272
269 273
269 274
269 275
269 276
269 277
269 302
269 303
269 557
270 271
270 272
270 273
270 274
270 275
270 276
270 277
270 278
271 272
271 273
271 274
271 275
271 276
271 277
271 279
271 282
272 273
272 274
272 275
272 276
272 277
272 308
272 309
272 363
272 381
273 274
273 275
273 276
273 277
273 309
274 275
274 276
274 277
275 276
275 277
276 277
278 279
278 280
278 281
278 282
278 283
278 284
278 285
278 292
278 296
278 302
278 308
278 697
278 700
279 280
279 281
279 282
279 283
279 284
279 285
279 292
279 293
279 297
279 302
279 303
280 281
280 282
280 283
280 284
280 285
281 282
281 283
281 284
281 285
281 292
281 297
281 302
281 311
281 312
282 283
282 284
282 285
282 293
282 303
282 311
283 284
283 285
284 285
286 287
286 288
286 289
286 448
286 449
286 451
287 288
287 289
287 449
288 289
290 291
290 292
292 293
292 294
292 295
292 296
292 297
292 372
293 294
293 295
293 297
293 299
293 423
294 295
296 297
296 298
296 299
296 300
296 301
296 308
296 309
296 605
296 616
297 298
297 299
297 300
297 301
297 309
298 299
298 300
298 301
298 343
299 300
299 301
299 309
300 301
302 303
302 304
302 305
302 306
302 307
302 308
302 311
303 304
303 305
303 306
303 307
303 309
303 311
303 312
303 449
303 450
304 305
304 306
304 307
305 306
305 307
306 307
308 309
308 310
308 311
309 310
309 319
309 593
311 312
311 418
313 314
313 315
313 316
313 317
313 318
313 319
313 351
313 359
314 315
314 316
314 317
314 318
314 319
314 351
314 352
314 359
315 316
317 318
317 319
317 320
317 321
317 323
317 351
317 352
317 363
317 368
317 369
317 373
317 378
317 379
317 448
317 449
318 319
318 320
318 321
318 322
318 323
318 351
318 352
318 353
318 359
318 367
318 368
318 449
318 472
318 476
318 582
319 320
319 321
319 323
319 351
319 352
319 359
319 360
319 367
319 477
320 321
322 323
322 324
322 325
322 326
322 327
322 328
322 329
323 324
323 325
323 326
323 327
323 328
323 329
323 363
324 325
324 326
324 327
324 328
324 329
325 326
325 327
325 328
325 329
326 327
326 328
326 329
327 328
327 329
328 329
330 331
330 332
330 333
330 378
330 379
331 332
331 333
332 333
334 335
334 336
334 337
334 338
334 339
334 340
334 341
334 342
334 343
334 344
334 378
334 379
334 380
334 622
335 336
335 337
335 338
335 339
335 340
335 341
335 342
335 343
335 344
336 337
336 338
336 339
336 340
336 341
336 342
337 338
337 339
337 340
337 341
337 342
338 339
338 340
338 341
338 342
338 591
339 340
339 341
339 342
339 344
340 341
340 342
340 344
340 369
340 373
341 342
343 344
343 345
343 346
343 347
343 348
343 359
343 366
343 448
344 345
344 346
344 348
344 367
344 454
345 346
346 414
347 348
347 349
347 350
347 362
347 363
347 378
347 379
347 380
348 349
348 350
349 350
351 352
351 353
351 354
351 355
351 356
351 357
351 358
352 353
352 354
352 355
352 356
352 357
352 358
353 354
353 355
353 356
353 357
353 358
353 381
353 557
354 355
354 356
354 357
354 358
354 380
355 356
355 357
355 358
356 357
356 358
357 358
359 360
359 361
359 418
359 592
360 361
360 368
362 363
362 364
362 365
362 381
362 448
362 476
362 687
363 364
363 365
363 367
363 369
363 373
363 375
363 449
363 451
363 459
363 684
364 365
366 367
366 368
366 369
366 370
366 371
366 372
366 373
366 374
366 459
366 461
366 462
366 463
366 464
367 368
367 369
367 370
367 371
367 372
367 373
367 374
367 375
367 382
367 414
367 415
367 705
368 369
368 370
368 371
368 372
368 373
368 374
368 375
368 381
368 414
368 415
368 459
369 370
369 371
369 372
369 373
369 374
369 375
369 381
369 382
369 440
369 448
369 449
369 450
369 451
369 684
370 371
370 372
370 373
370 374
371 372
371 373
371 374
372 373
372 374
372 375
372 381
372 382
372 448
372 462
373 374
373 381
373 382
373 448
373 449
373 554
373 671
373 694
375 376
375 377
375 381
375 382
375 450
376 377
378 379
378 380
378 406
378 414
378 415
378 418
378 423
378 439
378 459
378 479
378 640
379 380
379 414
379 418
379 423
379 477
379 594
380 423
381 382
381 383
381 384
381 399
381 429
381 430
382 383
382 384
382 386
382 430
383 384
385 386
385 387
385 440
385 448
385 449
385 479
386 387
386 440
386 445
387 410
388 389
388 390
388 391
388 392
388 419
388 439
388 443
388 444
389 390
389 391
389 392
389 441
390 391
390 392
391 392
392 414
393 394
393 395
393 396
393 397
393 398
393 399
393 400
393 401
394 395
394 396
394 397
394 398
394 399
394 400
394 401
395 396
395 397
395 398
395 399
395 400
395 401
396 397
396 398
396 399
396 400
396 401
397 398
397 399
397 400
397 401
398 399
398 400
398 401
399 400
399 401
400 401
400 444
402 403
402 404
402 405
402 443
403 404
403 405
404 405
406 407
406 408
406 409
406 411
406 440
406 441
406 443
406 444
407 408
407 409
407 419
407 445
408 409
410 411
410 412
410 413
410 414
410 418
410 439
410 441
410 445
411 412
411 413
411 414
411 415
411 419
411 423
411 424
411 440
411 445
412 413
414 415
414 416
414 417
414 418
414 431
414 439
414 440
414 441
414 443
414 444
414 445
414 446
414 654
415 416
415 417
415 418
415 419
415 424
415 430
415 439
415 440
415 445
415 464
416 417
418 419
418 420
418 421
418 422
418 439
418 440
418 441
418 443
418 444
418 445
418 660
418 679
418 718
419 420
419 421
419 422
419 424
419 430
419 432
419 440
419 443
419 444
419 445
419 477
419 654
420 421
420 422
420 441
421 422
421 451
423 424
423 425
423 620
424 425
424 440
426 427
426 428
426 445
426 450
427 428
429 430
429 431
429 432
429 433
429 434
429 435
429 436
429 437
429 438
429 439
429 440
429 443
429 444
429 448
429 449
429 450
430 431
430 432
430 433
430 434
430 435
430 436
430 437
430 438
430 440
430 441
430 449
430 450
431 432
431 433
431 434
431 435
431 436
431 437
431 438
431 441
432 433
432 434
432 435
432 436
432 437
432 438
432 445
433 434
433 435
433 436
433 437
433 438
434 435
434 436
434 437
434 438
435 436
435 437
435 438
435 441
435 450
435 451
436 437
436 438
437 438
439 440
439 441
439 442
439 443
439 444
439 445
439 459
439 476
439 546
439 718
440 441
440 442
440 443
440 444
440 445
440 449
440 450
440 476
440 477
440 480
440 718
441 442
441 444
441 480
443 444
443 445
443 446
443 447
443 718
444 445
444 446
444 447
444 459
444 462
444 476
444 609
444 718
445 446
445 447
445 476
445 477
445 480
445 609
445 620
445 718
446 447
448 449
448 450
448 451
448 452
448 453
448 454
448 462
448 556
448 557
448 675
449 450
449 451
449 452
449 453
449 454
450 451
450 452
450 453
450 454
451 452
451 453
451 713
452 453
454 455
454 456
454 457
454 458
454 459
454 461
454 463
454 464
454 606
455 456
455 457
455 458
455 464
456 457
456 458
457 458
459 460
459 461
459 462
459 463
459 464
459 465
459 466
459 467
459 481
459 718
460 461
460 462
460 463
460 464
460 465
460 466
460 467
461 462
461 463
461 464
461 465
461 466
461 467
462 463
462 464
462 465
462 466
462 467
462 572
462 592
462 718
463 464
463 465
463 466
463 467
464 465
464 466
464 467
465 466
465 467
466 467
468 469
468 470
468 471
468 472
468 473
468 474
468 475
469 470
469 471
469 472
469 473
469 474
469 475
470 471
470 472
470 473
470 474
470 475
471 472
471 473
471 474
471 475
472 473
472 474
472 475
473 474
473 475
474 475
476 477
476 478
476 479
476 480
476 481
476 572
476 590
476 615
476 622
477 478
477 479
477 480
477 481
478 479
478 480
479 480
479 481
481 482
481 483
481 484
481 485
482 483
482 484
482 485
483 484
483 485
484 485
486 487
486 488
486 489
486 490
486 491
486 492
486 493
486 494
486 495
486 500
486 501
486 590
486 592
486 593
486 594
486 598
486 599
486 610
486 614
486 616
486 617
486 622
487 488
487 489
487 490
487 491
487 492
487 493
487 494
487 501
487 581
487 594
487 595
487 598
487 599
487 614
487 616
488 489
488 490
488 491
488 492
488 493
488 494
488 598
488 599
488 606
488 609
488 614
489 490
489 491
489 492
489 493
489 494
489 598
489 615
489 621
490 491
490 492
490 493
490 494
490 606
491 492
491 493
491 494
492 493
492 494
493 494
494 556
494 572
494 593
495 496
495 497
495 498
495 499
495 500
495 501
495 502
495 504
495 505
495 524
495 530
495 532
495 538
495 539
495 571
495 622
495 649
496 497
496 498
496 499
496 500
496 504
496 519
496 524
496 530
496 538
496 585
496 614
497 498
497 499
498 499
499 524
499 530
499 538
499 571
499 591
499 593
499 594
499 610
499 614
499 622
500 501
500 502
500 503
500 504
500 505
500 518
500 524
500 530
500 538
500 571
501 502
501 503
501 504
501 517
501 519
501 524
501 530
501 538
502 503
504 505
504 506
504 507
504 508
504 509
504 530
504 538
504 539
504 622
504 662
505 506
505 507
505 508
505 509
505 530
505 538
505 614
505 622
505 662
506 507
506 508
506 509
507 508
507 509
508 509
510 511
510 512
510 513
510 514
510 515
510 516
510 517
510 518
510 519
510 520
510 538
510 539
511 512
511 513
511 514
511 515
511 516
512 513
512 514
512 515
512 516
513 514
513 515
513 516
514 515
514 516
515 516
517 518
517 519
517 520
517 521
517 522
517 523
517 524
517 553
517 557
517 572
517 630
517 644
517 645
518 519
518 520
518 521
518 522
518 523
518 524
518 553
518 572
518 576
518 630
519 520
519 521
519 522
519 523
519 524
519 526
519 527
519 538
519 539
519 542
519 553
519 581
519 582
519 626
519 630
519 645
520 521
520 522
520 523
520 524
520 542
520 553
520 556
520 616
520 622
520 645
521 522
521 523
522 523
524 525
524 526
524 527
524 528
524 529
524 538
524 539
524 556
524 598
525 526
525 527
525 528
525 529
526 527
526 528
526 529
526 614
526 617
527 528
527 529
527 583
527 595
528 529
530 531
530 532
530 533
530 534
530 535
530 536
530 537
530 538
530 539
530 557
530 595
530 598
531 532
531 533
531 534
531 535
531 536
531 537
532 533
532 534
532 535
532 536
532 537
533 534
533 535
533 536
533 537
533 620
534 535
534 536
534 537
535 536
535 537
536 537
538 539
538 540
538 541
538 585
539 540
539 541
539 585
540 541
542 543
542 544
542 545
542 556
542 591
543 544
543 545
543 556
543 560
543 561
543 562
543 563
543 565
543 592
543 593
543 594
544 545
546 547
546 548
546 556
546 605
546 622
547 548
547 605
547 615
549 550
549 551
549 552
549 556
549 595
549 609
549 610
550 551
550 552
550 556
550 581
550 591
550 594
550 610
551 552
553 554
553 555
553 556
553 557
553 574
553 599
553 644
553 645
554 555
554 572
554 581
554 583
554 609
554 610
554 620
555 574
556 557
556 558
556 559
556 560
556 585
556 586
556 588
556 622
557 558
557 559
557 560
557 562
557 571
557 591
557 620
557 622
557 630
557 645
558 559
560 561
560 562
560 563
560 564
560 565
560 566
560 567
560 568
560 569
560 570
560 571
560 572
560 574
560 576
560 598
561 562
561 563
561 564
561 565
561 566
561 567
561 568
561 569
561 570
561 571
561 572
561 574
561 583
561 599
562 563
562 564
562 565
562 566
562 567
562 568
562 569
562 570
562 571
562 572
562 576
562 622
562 626
563 564
563 565
563 566
563 567
563 568
563 569
563 570
563 571
563 572
563 574
563 576
563 599
564 565
564 566
564 567
564 568
564 569
564 570
564 571
564 572
564 626
565 566
565 567
565 568
565 569
565 570
565 571
565 572
565 574
565 576
566 567
566 568
566 569
566 570
566 616
567 568
567 569
567 570
567 581
568 569
568 570
569 570
571 572
571 573
571 574
571 575
571 576
571 605
571 622
571 639
572 573
572 574
572 575
572 576
572 622
572 644
573 574
573 575
573 576
574 575
574 576
574 593
574 622
574 639
575 576
577 578
577 579
577 580
577 581
577 583
577 592
577 593
577 594
577 595
577 599
578 579
578 580
578 581
578 583
578 595
578 598
578 599
579 580
579 581
581 582
581 583
581 584
581 585
581 586
581 590
581 592
581 593
581 595
581 598
581 599
581 604
581 615
581 619
581 622
581 649
581 650
581 654
581 672
582 583
582 584
582 590
582 591
582 595
582 605
582 616
583 584
583 586
583 596
583 598
583 599
583 604
583 611
583 623
583 626
583 649
583 650
583 651
583 655
584 591
585 586
585 587
585 588
585 589
585 591
585 595
585 598
585 599
585 609
585 614
585 616
585 617
585 622
585 626
585 627
586 587
586 588
586 589
586 591
586 615
586 622
586 644
586 645
587 588
587 589
588 589
588 592
590 591
590 592
590 593
590 594
590 595
590 596
590 597
590 598
590 599
590 601
591 592
591 593
591 594
591 595
591 596
591 597
591 598
591 599
591 601
591 606
591 622
591 655
592 593
592 594
592 595
592 596
592 597
592 598
592 599
592 601
592 622
592 627
592 654
592 662
592 694
593 594
593 595
593 596
593 597
593 598
593 602
593 603
593 622
593 623
593 655
593 694
594 595
594 596
594 597
594 598
594 599
594 601
594 603
594 623
594 654
595 596
595 597
595 598
595 599
595 602
595 604
595 622
596 597
598 599
598 600
598 601
598 602
598 603
598 604
598 606
598 615
598 622
598 623
598 649
598 654
598 655
599 600
599 601
599 602
599 603
599 604
599 615
599 620
599 649
599 650
599 654
599 655
600 601
600 602
600 603
600 604
601 602
601 603
601 604
602 603
602 604
603 604
605 606
605 607
605 608
605 644
605 645
605 649
605 654
605 655
606 607
606 608
606 644
606 645
606 646
606 649
606 651
606 655
606 672
607 608
609 610
609 611
609 612
609 613
609 614
609 616
609 622
609 626
609 627
610 611
610 612
610 613
610 614
610 615
610 616
610 620
610 621
610 622
610 699
611 612
611 613
612 613
612 616
614 615
614 616
614 617
614 618
614 619
614 620
614 621
614 622
614 623
614 626
614 627
615 616
615 617
615 618
615 619
615 620
615 621
615 622
615 623
615 627
615 631
615 640
616 617
616 618
616 619
616 620
616 621
616 622
616 627
617 618
617 619
617 620
617 621
617 622
617 623
617 626
617 628
618 619
618 620
618 621
619 620
619 621
620 621
620 622
620 623
620 626
620 628
620 629
621 622
621 623
621 631
622 623
622 624
622 625
622 626
622 627
622 629
622 639
623 624
623 625
624 625
626 627
626 628
626 629
626 639
627 628
627 629
627 630
627 636
627 639
628 629
630 631
630 632
630 633
630 634
630 635
631 632
631 633
631 634
631 635
632 633
632 634
632 635
633 634
633 635
634 635
636 637
636 638
637 638
639 640
639 641
639 642
639 643
640 641
640 642
640 643
641 642
641 643
642 643
644 645
644 646
644 647
644 650
645 646
645 647
645 650
646 647
648 649
648 650
648 651
648 652
648 653
649 650
649 651
649 652
649 653
650 651
650 652
650 653
651 652
651 653
652 653
654 655
654 656
654 657
654 658
654 659
655 656
655 657
655 658
655 659
656 657
656 658
656 659
657 658
657 659
658 659
660 661
660 662
660 663
660 664
660 665
660 666
660 667
660 668
660 669
660 670
661 662
661 663
661 664
661 665
661 666
661 667
661 668
661 669
661 670
662 663
662 664
662 665
662 666
662 667
662 668
662 669
662 670
663 664
663 665
663 666
663 667
663 668
663 669
663 670
664 665
664 666
664 667
664 668
664 669
664 670
665 666
665 667
665 668
665 669
665 670
666 667
666 668
666 669
666 670
667 668
667 669
667 670
668 669
668 670
669 670
671 672
671 673
671 674
672 673
672 674
673 674
675 676
675 677
675 678
676 677
676 678
677 678
679 680
679 681
679 682
680 681
680 682
681 682
683 684
683 685
683 686
684 685
684 686
685 686
687 688
689 690
689 691
689 692
690 691
690 692
691 692
693 694
693 695
693 696
694 695
694 696
695 696
697 698
697 699
697 700
697 701
697 702
698 699
698 700
698 701
698 702
699 700
699 701
699 702
700 701
700 702
701 702
703 704
703 705
703 706
703 707
704 705
704 706
704 707
705 706
705 707
706 707
708 709
708 710
708 711
709 710
709 711
710 711
712 713
714 715
714 716
714 717
714 718
715 716
715 717
715 718
716 717
716 718
717 718
