0 1
0 2
0 3
0 4
0 5
0 951
1 2
1 3
2 3
2 4
2 143
2 864
3 951
4 5
4 6
4 7
4 8
4 33
4 43
4 54
4 89
4 120
4 149
4 189
4 595
4 651
4 662
4 709
4 1101
4 1177
4 1225
4 1233
5 6
5 7
5 8
5 32
5 34
5 361
5 428
5 552
5 596
5 651
5 652
5 754
5 779
5 791
5 803
5 848
5 1147
5 1174
5 1234
6 7
6 8
7 8
9 10
9 11
9 12
9 13
9 14
9 15
9 16
9 23
9 27
9 31
9 61
9 62
9 826
9 1186
9 1190
9 1191
9 1291
9 1293
9 1298
9 1299
10 11
10 12
10 13
10 15
10 17
10 23
10 28
10 32
10 61
10 62
10 1185
10 1186
10 1191
10 1292
10 1294
10 1299
11 12
11 13
11 23
11 25
11 61
11 113
11 1135
11 1165
11 1186
11 1191
11 1299
12 13
14 15
14 16
14 17
14 18
14 19
14 23
14 24
14 27
14 61
14 153
14 890
14 1186
14 1204
14 1225
14 1229
14 1230
14 1261
14 1298
14 1299
15 16
15 17
15 18
15 19
15 23
15 24
15 28
15 154
15 1185
15 1191
15 1204
15 1205
15 1229
15 1230
15 1293
15 1298
15 1299
16 17
16 18
16 19
16 23
16 63
16 153
16 651
16 929
16 934
16 1204
16 1229
16 1298
17 18
17 19
17 23
17 24
17 28
17 153
17 154
17 1186
17 1191
17 1204
17 1205
17 1229
17 1230
17 1298
17 1299
18 19
20 21
20 22
20 57
20 58
21 22
21 150
21 827
23 24
23 25
23 26
23 27
23 28
23 61
23 62
23 826
23 831
23 1283
24 25
24 26
24 28
24 160
24 303
24 1015
24 1152
24 1284
25 26
27 28
27 29
27 30
27 61
27 63
27 89
27 120
27 805
27 819
27 826
27 827
27 831
27 951
27 1183
27 1283
28 29
28 30
28 827
28 831
28 832
28 1284
29 30
31 32
31 33
31 34
31 35
31 40
31 61
31 538
31 562
31 942
31 1298
32 33
32 34
32 35
32 40
32 62
32 538
32 1298
32 1299
33 34
33 35
33 40
33 60
33 61
33 811
33 819
33 1123
33 1298
34 35
34 40
34 62
34 820
34 1299
36 37
36 38
36 39
36 40
36 41
36 42
36 43
36 819
37 38
37 39
37 40
37 41
37 42
37 43
37 820
37 930
38 39
38 40
38 41
38 42
38 43
39 40
39 41
39 42
39 43
40 41
40 42
40 43
40 817
41 42
41 43
41 818
42 43
44 45
44 46
44 47
44 52
44 422
44 423
44 929
45 46
45 47
45 423
46 47
48 49
48 50
48 51
48 52
48 53
48 57
48 66
48 93
48 149
48 552
48 553
48 557
48 558
48 559
48 736
48 741
48 769
48 785
48 1023
48 1041
49 50
49 51
49 53
49 94
49 95
49 553
49 685
49 770
49 795
49 1022
49 1023
50 51
50 770
52 53
52 54
52 55
52 56
52 57
52 153
52 552
52 553
52 557
52 558
52 559
52 651
52 741
52 769
52 785
52 817
52 986
52 1023
52 1025
52 1276
53 54
53 55
53 56
53 58
53 62
53 117
53 553
53 557
53 770
53 773
53 795
53 1025
53 1034
54 55
54 56
54 552
54 785
54 819
54 1046
55 56
55 769
56 764
56 769
56 819
57 58
57 59
57 60
57 61
57 66
57 149
57 595
57 1014
57 1033
58 59
58 60
58 62
58 682
58 685
58 1034
59 60
61 62
61 63
61 64
61 65
61 66
61 74
61 75
61 80
61 81
61 1186
61 1190
61 1291
61 1293
61 1298
62 63
62 64
62 65
62 67
62 75
62 81
62 90
62 150
62 154
62 439
62 1034
62 1186
63 64
63 65
63 150
63 819
63 1225
64 65
66 67
66 68
66 69
66 681
66 684
66 764
66 1033
67 68
67 69
67 70
67 150
67 681
67 682
67 684
67 685
67 729
67 760
67 764
67 765
67 773
69 70
69 71
69 72
69 73
69 472
69 666
69 684
69 685
69 769
70 71
70 72
70 73
70 75
70 160
70 685
70 770
71 72
71 73
72 73
72 835
72 836
72 1294
73 836
74 75
74 76
74 77
74 78
74 79
74 80
74 98
74 149
74 519
74 526
74 688
74 722
74 728
74 778
75 76
75 77
75 78
75 79
75 81
75 688
75 728
75 779
75 1234
76 77
76 78
76 79
77 78
77 79
78 79
80 81
80 82
80 89
80 98
80 143
80 519
80 526
80 688
80 728
80 778
81 82
81 99
81 520
81 527
81 688
81 689
81 728
81 778
81 779
83 84
83 85
83 86
83 87
83 88
83 198
83 312
83 313
83 332
84 85
84 86
84 87
84 88
84 399
85 86
85 87
85 88
86 87
86 88
87 88
88 346
89 90
89 91
89 92
89 98
89 300
89 841
89 1214
90 91
90 92
90 103
90 132
90 136
90 164
90 178
90 842
90 914
90 1214
90 1215
91 92
93 94
93 95
93 96
93 97
93 108
93 153
93 181
93 293
93 294
93 300
93 557
93 682
93 1033
94 95
94 96
94 97
94 132
94 144
94 153
94 154
94 182
94 294
94 306
94 361
94 423
94 1034
95 96
95 97
95 132
95 153
95 154
95 182
95 188
95 294
95 306
95 361
95 1034
96 97
98 99
98 100
98 101
98 131
98 785
99 100
99 101
99 132
99 144
100 101
102 103
102 104
102 105
102 106
102 107
102 131
102 759
103 104
103 105
103 106
103 107
103 132
104 105
104 106
104 107
104 835
104 1101
105 106
105 107
105 836
105 1102
106 107
108 109
108 110
108 111
108 116
108 469
108 472
109 110
109 111
109 117
110 111
112 113
112 114
112 115
112 116
112 123
112 124
112 565
112 567
112 591
112 769
112 775
112 841
112 842
112 1293
112 1296
113 114
113 115
113 116
113 117
113 124
113 567
113 592
113 660
113 676
113 1188
113 1296
113 1313
113 1314
114 115
116 117
116 118
116 119
116 123
116 124
116 131
116 132
116 361
116 486
116 552
116 623
116 675
116 1096
116 1097
116 1146
116 1148
117 118
117 119
117 361
117 562
117 660
117 672
117 676
117 1096
117 1146
118 119
120 121
120 122
120 131
120 360
120 361
120 424
120 533
120 538
120 601
120 707
120 819
120 1194
121 122
121 132
121 361
121 533
121 534
121 538
121 539
121 621
121 676
121 707
121 760
121 1039
121 1311
123 124
123 125
123 126
123 131
123 591
123 595
123 671
123 1111
123 1187
123 1190
123 1313
124 125
124 126
124 132
124 592
124 672
124 1188
124 1191
124 1313
124 1314
125 126
127 128
127 129
127 130
127 198
127 225
128 129
128 130
129 130
131 132
131 133
131 134
131 153
131 360
131 679
131 794
131 905
132 133
132 134
132 144
132 154
132 361
132 427
132 679
133 134
135 136
135 137
135 138
135 143
135 144
135 145
135 149
135 153
135 187
135 188
135 193
135 194
135 214
135 215
135 273
135 864
135 865
135 869
135 870
135 873
135 1038
136 137
136 138
136 139
136 144
136 146
136 150
136 154
136 188
136 194
136 215
136 869
136 870
136 873
138 139
138 140
138 141
138 142
138 143
138 144
138 149
138 150
138 864
138 865
138 873
138 874
138 995
139 140
139 141
139 142
139 143
139 144
139 233
140 141
140 142
141 142
143 144
143 145
143 146
143 149
143 150
143 653
143 681
143 702
143 703
143 869
143 870
143 873
143 874
143 1096
143 1123
143 1206
144 146
144 149
144 150
144 154
144 188
144 194
144 294
144 682
144 703
144 869
144 873
144 874
144 1124
145 146
145 147
145 148
145 149
145 702
145 873
146 147
146 148
146 150
146 703
146 704
146 827
147 148
149 150
149 151
149 152
149 651
149 654
149 702
149 731
149 864
149 873
149 1221
150 151
150 152
150 154
150 188
150 193
150 294
150 575
150 772
150 786
150 864
150 868
150 1038
150 1278
150 1294
150 1303
151 152
153 154
153 155
153 156
153 157
153 158
153 159
153 169
153 187
153 293
153 294
153 300
153 302
153 303
153 304
153 869
154 155
154 156
154 157
154 158
154 159
154 169
154 188
154 294
154 301
154 818
154 836
155 156
155 157
155 158
155 159
155 164
155 294
155 304
156 157
156 158
156 159
157 158
157 159
158 159
160 161
160 162
160 163
160 164
160 167
160 293
160 299
160 301
160 303
160 1096
161 162
161 163
161 304
162 163
162 164
162 168
162 196
162 295
162 299
162 304
162 1118
164 165
164 166
164 168
164 191
164 196
164 288
164 293
164 294
164 302
164 304
164 1034
165 166
167 168
167 169
167 187
167 191
168 169
169 170
169 171
169 188
169 194
169 288
169 294
169 301
169 302
169 303
169 304
169 423
169 538
169 582
170 171
170 764
172 173
172 174
172 175
172 176
172 199
172 206
172 226
172 332
173 174
173 175
173 176
173 226
173 294
173 344
174 175
174 176
175 176
177 178
177 179
177 180
177 198
177 332
178 179
178 180
178 191
178 344
179 180
181 182
181 183
181 184
181 185
181 186
181 187
181 188
181 293
181 294
181 300
181 301
181 302
181 303
181 304
182 183
182 184
182 185
182 186
182 188
182 294
182 303
182 304
183 184
183 185
183 186
184 185
184 186
185 186
185 191
185 304
187 188
187 189
187 190
187 191
187 192
187 193
187 220
187 280
187 293
187 300
187 302
187 345
187 416
187 538
187 819
187 873
187 1033
187 1146
187 1310
188 189
188 190
188 191
188 192
188 193
188 194
188 294
188 301
188 303
188 405
188 538
188 1033
188 1034
189 190
189 191
189 192
189 1022
190 191
190 192
191 192
191 193
191 194
191 280
191 281
191 286
191 301
191 304
191 436
191 487
191 538
191 1124
193 194
193 195
193 196
193 197
193 293
193 300
193 869
193 873
194 195
194 196
194 197
194 294
195 196
195 197
196 197
196 704
198 199
198 200
198 201
198 202
198 203
198 204
198 205
198 206
198 210
198 220
198 221
198 225
198 232
198 258
198 310
198 312
198 316
198 322
198 332
198 343
198 345
198 380
199 200
199 201
199 202
199 203
199 204
199 205
199 207
199 221
199 225
199 226
199 233
199 246
199 247
199 294
199 313
199 317
199 332
199 333
199 344
199 346
199 353
199 354
199 359
199 381
199 390
199 397
199 399
199 402
200 201
200 202
200 203
200 204
200 205
201 202
201 203
201 204
201 205
202 203
202 204
202 205
202 210
202 220
202 243
202 274
202 345
202 391
203 204
203 205
203 213
203 244
203 313
203 381
203 399
204 205
205 397
206 207
206 208
206 209
206 210
206 214
206 225
206 243
206 246
206 273
206 274
206 312
206 332
206 340
206 343
206 380
206 395
206 559
206 910
207 208
207 209
207 213
207 226
207 244
207 313
207 381
208 209
210 211
210 212
210 213
210 232
210 233
210 238
210 243
210 246
210 273
210 274
210 312
210 330
210 343
210 345
210 353
210 380
211 212
211 213
211 226
211 244
211 313
211 317
211 344
211 346
211 354
211 359
211 361
211 381
211 386
211 389
211 390
211 397
212 213
213 221
213 223
213 233
213 238
213 239
213 247
213 330
214 215
214 216
214 217
214 218
214 219
214 220
214 221
214 232
214 273
214 293
214 316
214 343
214 344
214 345
214 346
214 401
215 216
215 217
215 218
215 219
215 226
215 233
215 344
215 345
216 217
216 218
216 219
217 218
217 219
218 219
220 221
220 222
220 223
220 224
220 225
220 232
220 238
220 243
220 246
220 274
220 332
220 343
220 344
220 345
220 346
220 385
220 398
220 401
221 222
221 223
221 224
221 226
221 233
221 240
221 244
221 247
221 274
221 332
221 333
221 346
221 381
221 390
221 392
221 397
222 223
222 224
223 224
225 226
225 227
225 228
225 229
225 230
225 231
225 232
225 233
225 238
225 243
225 244
225 246
225 250
225 312
225 313
225 332
225 395
226 227
226 228
226 229
226 230
226 231
226 233
226 244
226 247
226 310
226 313
226 331
226 332
226 333
226 344
226 359
226 377
227 228
227 229
227 230
227 231
228 229
228 230
228 231
229 230
229 231
230 231
232 233
232 234
232 235
232 236
232 237
232 243
232 244
232 274
232 353
232 380
233 234
233 235
233 236
233 237
233 243
233 244
233 247
233 273
233 274
233 1092
234 235
234 236
234 237
235 236
235 237
236 237
238 239
238 240
238 241
238 242
239 240
239 241
239 242
240 241
240 242
241 242
243 244
243 245
243 246
243 273
243 274
243 312
243 343
243 345
243 353
243 380
243 385
243 401
243 709
244 245
244 247
244 274
244 313
244 353
244 390
244 392
246 247
246 248
246 249
246 316
246 343
246 401
247 248
247 249
247 313
247 344
247 381
247 397
248 249
249 316
250 251
250 252
250 253
250 254
250 255
250 256
250 257
250 316
251 252
251 253
251 254
251 255
251 256
251 257
252 253
252 254
252 255
252 256
252 257
253 254
253 255
253 256
253 257
254 255
254 256
254 257
255 256
255 257
256 257
258 259
258 260
258 261
258 262
258 273
258 316
258 332
258 343
258 353
258 354
258 385
258 386
258 390
258 391
258 392
258 399
259 260
259 261
259 262
259 354
259 359
259 392
260 261
260 262
261 262
263 264
263 265
263 266
263 267
263 268
263 269
263 270
263 271
263 272
263 1091
263 1092
264 265
264 266
264 267
264 268
264 269
264 270
264 271
264 272
264 1092
265 266
265 267
265 268
265 269
265 270
265 271
265 272
266 267
266 268
266 269
266 270
266 271
266 272
267 268
267 269
267 270
267 271
267 272
268 269
268 270
268 271
268 272
269 270
269 271
269 272
270 271
270 272
271 272
273 274
273 275
273 276
273 312
273 329
273 380
273 385
273 386
273 390
273 392
274 275
274 276
274 312
274 313
274 329
274 353
274 380
274 381
274 385
274 386
274 390
274 391
274 392
274 397
274 401
275 276
277 278
277 279
277 344
278 279
280 281
280 282
280 283
280 284
280 285
280 286
280 293
280 300
281 282
281 283
281 284
281 285
281 286
282 283
282 284
282 285
282 286
282 361
282 1295
283 284
283 285
283 286
283 901
284 285
284 286
285 286
286 304
286 988
287 288
287 289
287 301
287 302
288 289
288 301
290 291
290 292
290 302
291 292
293 294
293 295
293 296
293 300
293 301
293 302
293 303
293 304
293 306
293 360
293 702
293 869
293 1033
293 1187
294 295
294 297
294 301
294 302
294 303
294 304
294 306
294 361
294 423
294 703
294 1033
296 297
296 298
296 299
296 300
296 304
297 298
297 299
297 301
298 299
300 301
300 302
300 1033
301 303
301 304
301 306
302 303
302 304
302 305
302 306
302 538
302 722
302 1127
303 304
303 305
303 306
303 436
303 527
303 1033
303 1034
304 305
304 306
304 436
304 508
304 988
304 1033
304 1034
306 307
306 308
307 308
309 310
309 311
309 312
309 316
309 401
309 402
310 311
310 313
310 344
310 399
310 401
310 402
312 313
312 314
312 315
312 316
312 332
312 343
312 353
312 391
312 401
312 718
313 314
313 315
313 316
313 317
313 332
313 333
313 354
313 381
313 386
313 390
313 392
313 399
313 402
314 315
316 317
316 330
316 332
316 343
316 376
316 379
316 380
316 401
316 702
317 381
318 319
318 320
318 321
318 322
318 323
318 324
318 325
318 386
318 1091
319 320
319 321
319 322
319 323
319 324
319 325
319 399
320 321
320 322
320 323
320 324
320 325
320 385
321 322
321 323
321 324
321 325
321 1092
322 323
322 324
322 325
322 332
323 324
323 325
324 325
326 327
326 328
326 402
327 328
329 330
329 331
330 331
330 332
331 399
332 333
332 334
332 335
332 336
332 337
332 338
332 339
332 364
332 386
332 577
332 581
332 749
333 334
333 335
333 336
333 337
333 338
333 339
333 354
334 335
334 336
334 337
334 338
334 339
335 336
335 337
335 338
335 339
336 337
336 338
336 339
337 338
337 339
338 339
339 391
340 341
340 342
340 385
340 386
340 391
341 342
343 344
343 345
343 346
343 347
343 348
343 349
343 350
343 351
343 352
343 353
343 358
343 380
343 391
343 401
343 402
344 345
344 346
344 347
344 348
344 349
344 350
344 351
344 352
344 354
344 359
344 381
344 390
344 397
344 401
344 402
345 346
345 347
345 348
345 349
345 350
345 351
345 352
345 353
345 385
345 386
345 391
345 401
345 402
345 709
346 347
346 348
346 349
346 350
346 351
346 352
346 354
346 359
346 381
346 386
346 392
346 401
346 402
347 348
347 349
347 350
347 351
347 352
348 349
348 350
348 351
348 352
349 350
349 351
349 352
350 351
350 352
351 352
353 354
353 355
353 356
353 357
353 358
353 359
353 360
353 380
353 391
354 355
354 356
354 357
354 358
354 359
354 381
354 390
354 392
354 1092
354 1320
355 356
355 357
355 358
355 359
356 357
356 358
356 359
357 358
357 359
358 359
359 365
359 402
359 1335
359 1338
360 361
360 362
360 363
360 572
360 573
360 831
360 1033
360 1123
360 1124
360 1265
360 1270
361 362
361 363
361 411
361 697
361 703
361 1124
362 363
364 365
364 366
364 367
364 368
365 366
365 367
365 368
365 386
366 367
366 368
367 368
369 370
369 371
369 372
369 373
369 374
369 375
369 380
369 381
369 397
369 399
370 371
370 372
370 373
370 374
370 375
370 381
370 397
370 399
371 372
371 373
371 374
371 375
372 373
372 374
372 375
372 385
373 374
373 375
373 386
374 375
375 385
376 377
376 378
376 379
376 380
376 381
376 385
376 386
376 390
376 392
376 1091
377 378
377 379
377 381
377 390
377 399
378 379
380 381
380 382
380 383
380 384
380 385
380 386
380 390
380 391
380 392
380 397
380 402
381 382
381 383
381 384
381 385
381 386
381 390
381 392
381 393
381 397
381 402
382 383
382 384
383 384
385 386
385 387
385 388
385 389
385 390
385 391
385 392
385 1091
386 387
386 388
386 389
386 390
386 391
386 392
386 399
387 388
387 389
387 390
387 391
387 392
388 389
388 390
388 391
388 392
389 390
389 391
389 392
389 397
389 399
390 391
390 392
391 392
391 397
391 401
391 502
391 1091
391 1319
392 1092
393 394
393 395
393 396
393 399
394 395
394 396
395 396
397 398
397 399
397 400
398 399
398 400
399 400
399 402
401 402
401 403
401 538
401 568
401 1091
401 1330
401 1334
402 403
402 428
402 1038
404 405
404 406
404 407
404 408
404 409
404 410
404 422
404 426
404 434
404 439
404 552
404 651
404 654
404 731
404 759
404 933
404 996
404 1033
405 406
405 407
405 408
405 409
405 410
405 411
405 423
405 427
405 435
405 439
405 507
405 652
405 655
405 656
405 933
405 1033
405 1034
405 1147
406 407
406 408
406 409
407 408
407 409
408 409
409 410
409 411
409 423
409 427
409 435
409 652
409 655
409 682
409 732
409 933
409 1033
409 1034
410 411
410 412
410 413
410 414
410 415
410 434
410 438
411 412
411 413
411 414
411 415
411 423
411 435
411 436
412 413
412 414
412 415
412 436
413 414
413 415
414 415
416 417
416 418
416 419
416 420
416 421
416 422
416 423
416 438
416 439
416 929
416 934
416 935
416 1194
417 418
417 419
417 420
417 421
417 423
417 427
417 435
417 439
417 1147
417 1194
417 1195
417 1198
418 419
418 420
418 421
418 434
418 438
419 420
419 421
420 421
422 423
422 424
422 425
422 426
422 434
422 438
422 439
422 459
422 572
422 623
422 929
422 933
422 934
422 935
422 1096
423 424
423 425
423 427
423 428
423 435
423 436
423 439
423 460
423 506
423 537
423 573
423 621
423 655
423 933
423 1097
424 425
424 438
426 427
426 428
426 429
426 449
426 986
426 1014
426 1194
426 1195
426 1198
427 428
427 429
427 439
427 450
427 507
427 573
427 577
427 652
427 655
427 779
427 1015
427 1016
427 1194
427 1195
427 1198
428 429
428 436
428 438
428 439
428 508
428 577
428 578
428 652
428 654
428 655
428 732
428 979
428 1194
428 1195
428 1211
429 439
430 431
430 432
430 433
430 614
431 432
431 433
431 615
432 433
434 435
434 436
434 437
434 438
434 439
434 449
434 472
434 475
434 526
434 527
434 568
434 572
434 583
434 651
434 1229
435 436
435 437
435 439
435 448
435 483
435 573
435 576
435 652
435 655
435 956
435 1064
436 437
436 508
436 527
436 558
436 560
436 652
436 655
436 979
436 988
438 439
438 440
438 441
438 575
438 652
438 653
438 654
438 1096
439 440
439 441
439 575
439 652
439 653
439 655
439 656
439 1097
439 1164
439 1241
440 441
442 443
442 444
442 445
442 446
442 447
442 448
443 444
443 445
443 446
443 447
443 448
444 445
444 446
444 447
444 448
445 446
445 447
445 448
445 769
446 447
446 448
447 448
447 449
447 450
447 459
448 450
448 460
448 596
449 450
449 451
449 452
449 459
449 469
449 645
449 662
450 451
450 452
450 460
450 646
451 452
453 454
453 455
453 456
454 455
454 456
454 476
454 737
455 456
457 458
458 459
458 460
459 460
459 461
459 462
459 463
459 464
459 475
459 552
459 559
459 568
459 645
459 741
460 461
460 462
460 463
460 464
460 473
460 553
460 558
460 567
460 569
460 573
460 596
460 642
460 645
460 646
460 742
460 743
461 462
461 463
461 464
462 463
462 464
463 464
465 466
465 467
465 468
465 469
465 470
465 471
465 472
465 473
465 474
465 475
465 476
465 477
465 502
466 467
466 468
466 469
466 470
466 471
466 472
466 473
466 474
466 475
466 476
466 477
467 468
467 469
467 470
467 471
467 472
467 473
467 474
467 475
467 476
467 477
468 469
468 470
468 471
468 472
468 473
468 474
468 475
468 476
468 477
469 470
469 471
469 472
469 473
469 474
469 475
469 476
469 477
469 538
469 568
469 577
469 581
469 591
469 1194
470 471
470 472
470 473
470 474
470 475
470 476
470 477
471 472
471 473
471 474
471 475
471 476
471 477
472 473
472 474
472 475
472 476
472 477
472 506
472 519
472 521
472 538
472 552
472 581
472 591
472 593
472 595
472 599
472 675
472 1096
472 1190
473 474
473 475
473 476
473 477
473 506
473 507
473 526
473 527
473 578
473 582
473 586
473 587
473 591
473 592
474 475
474 476
474 477
475 476
475 477
475 502
475 526
476 477
476 487
476 497
476 503
476 506
476 507
476 526
476 527
476 537
476 553
476 567
476 578
476 586
476 587
476 591
476 592
476 596
476 602
476 621
476 710
476 1039
476 1097
476 1294
478 479
478 480
478 481
478 482
478 483
478 486
478 487
478 526
478 614
478 615
479 480
479 481
479 483
480 481
482 483
482 484
482 485
482 486
482 487
482 490
482 496
482 502
482 503
482 506
482 526
482 557
482 559
482 586
482 614
482 615
482 620
482 623
482 651
482 1146
482 1225
483 484
483 485
483 486
483 487
483 490
483 491
483 496
483 497
483 507
483 508
483 527
483 539
483 558
483 621
484 485
486 487
486 488
486 489
486 490
486 502
486 506
486 586
486 595
486 614
486 615
486 620
486 675
486 831
486 1033
487 488
487 489
487 490
487 491
487 497
487 503
487 508
487 527
487 615
487 621
487 1034
488 489
490 491
490 492
490 493
490 494
490 495
490 614
490 620
490 621
491 492
491 493
491 494
491 495
491 615
491 621
492 493
492 494
492 495
493 494
493 495
494 495
496 497
496 498
496 499
496 500
496 501
496 1137
497 498
497 499
497 500
497 501
497 527
497 1034
498 499
498 500
498 501
498 508
499 500
499 501
499 626
499 627
500 501
502 503
502 504
502 505
502 506
502 507
502 519
502 526
502 533
502 614
502 620
503 504
503 505
503 506
503 507
503 508
503 527
503 537
503 614
503 615
503 621
504 505
506 507
506 508
506 509
506 519
506 526
506 586
506 587
506 591
506 595
506 596
506 614
507 508
507 509
507 520
507 527
507 537
507 558
507 586
507 587
507 591
507 592
507 596
507 1097
508 509
508 521
508 522
508 527
508 586
508 587
508 697
508 712
510 511
510 512
510 513
510 514
510 515
510 516
510 517
510 518
510 519
510 520
511 512
511 513
511 514
511 515
511 516
511 517
511 518
511 519
511 520
512 513
512 514
512 515
512 516
512 517
512 518
512 519
512 520
513 514
513 515
513 516
513 517
513 518
513 519
513 520
514 515
514 516
514 517
514 518
514 519
514 520
515 516
515 517
515 518
515 519
515 520
516 517
516 518
516 519
516 520
517 518
517 519
517 520
518 519
518 520
518 966
519 520
519 526
519 1014
519 1151
521 522
521 523
521 524
521 525
521 526
521 586
521 587
521 595
521 596
522 523
522 524
522 525
522 527
522 596
523 524
523 525
524 525
526 527
526 528
526 529
526 530
526 531
526 532
526 591
526 659
526 662
526 722
526 1096
526 1097
526 1157
527 528
527 529
527 530
527 531
527 532
527 537
527 557
527 596
527 621
527 1097
527 1147
527 1158
527 1311
528 529
528 530
528 531
528 532
529 530
529 531
529 532
530 531
530 532
531 532
533 534
533 535
533 536
534 535
534 536
534 537
534 765
534 1031
535 536
536 1148
537 538
537 539
537 542
537 601
537 602
537 1039
538 539
538 540
538 541
538 542
538 572
538 702
538 1041
538 1137
538 1146
538 1229
539 540
539 541
539 542
540 541
540 542
541 542
543 544
543 545
543 546
543 547
543 548
543 549
543 550
543 551
543 552
543 557
543 559
543 586
543 623
543 1229
544 545
544 546
544 547
544 548
544 549
544 550
544 551
544 553
544 558
544 624
544 987
544 1016
544 1034
545 546
545 547
545 548
545 549
545 550
545 551
546 547
546 548
546 549
546 550
546 551
547 548
547 549
547 550
547 551
547 596
547 627
548 549
548 550
548 551
549 550
549 551
550 551
551 704
552 553
552 554
552 555
552 556
552 557
552 558
552 559
552 562
552 567
552 572
552 583
552 586
552 614
552 623
552 785
552 1025
552 1096
553 554
553 555
553 556
553 558
553 563
553 567
553 587
553 615
553 624
553 660
553 996
553 1025
553 1097
554 555
554 556
555 556
557 558
557 559
557 560
557 561
557 562
557 595
557 620
557 654
557 659
557 757
557 986
557 1023
557 1025
557 1116
557 1190
558 559
558 560
558 561
558 563
558 567
558 569
558 1025
558 1097
559 560
559 561
559 562
559 568
559 1025
560 561
562 563
562 564
562 565
562 566
562 567
562 572
563 564
563 565
563 566
563 567
564 565
564 566
564 567
565 566
565 567
566 567
567 573
567 624
568 569
568 570
568 571
568 572
568 1096
568 1146
568 1147
568 1148
569 570
569 571
569 572
569 573
569 1097
569 1147
570 571
572 573
572 574
572 575
572 1096
573 574
573 1097
575 576
575 577
575 578
575 579
575 580
575 581
575 582
576 577
576 578
576 579
576 580
576 581
576 582
577 578
577 579
577 580
577 581
577 582
578 579
578 580
578 581
578 582
579 580
579 581
579 582
580 581
580 582
581 582
581 1151
583 584
583 585
583 586
583 819
583 1041
584 585
584 587
584 1042
586 587
586 588
586 589
586 590
586 591
586 595
586 596
586 623
586 666
586 667
586 675
586 1096
586 1146
586 1229
587 588
587 589
587 590
587 591
587 592
587 596
587 621
587 624
587 667
587 676
587 1097
588 589
588 590
589 590
591 592
591 593
591 594
591 595
591 596
591 1014
591 1096
591 1146
592 593
592 594
592 596
592 1015
592 1016
592 1097
592 1147
593 594
594 979
595 596
595 597
595 598
595 599
595 600
595 601
595 607
595 654
595 666
595 702
595 764
595 1096
596 597
596 598
596 599
596 600
596 602
596 655
596 667
596 1023
596 1031
596 1147
597 598
597 599
597 600
598 599
598 600
599 600
601 602
601 603
601 604
601 886
601 1005
601 1030
601 1055
601 1146
602 603
602 604
602 1023
602 1031
602 1034
603 604
605 606
605 607
605 608
605 609
605 610
605 611
605 612
605 613
605 614
605 615
605 623
606 607
606 608
606 609
606 610
606 611
606 612
606 613
606 624
606 626
607 608
607 609
607 610
607 611
607 612
607 613
608 609
608 610
608 611
608 612
608 613
608 951
609 610
609 611
609 612
609 613
610 611
610 612
610 613
611 612
611 613
612 613
614 615
614 616
614 617
614 618
614 619
614 620
614 623
615 616
615 617
615 618
615 619
615 621
615 624
615 626
615 1034
616 617
616 618
616 619
617 618
617 619
617 1097
618 619
620 621
620 622
620 623
621 622
621 624
621 626
621 627
621 973
621 997
621 1124
621 1147
621 1148
623 624
623 625
623 626
623 675
623 745
623 778
623 1225
624 625
624 626
624 779
624 1225
624 1226
625 626
626 627
626 628
626 743
626 779
626 1135
626 1145
626 1225
627 628
627 632
627 979
627 982
627 983
627 986
627 997
627 1135
628 976
629 630
629 631
629 632
629 633
629 634
629 635
629 636
629 886
629 905
630 631
630 632
630 633
630 634
630 635
630 636
631 632
631 633
631 634
631 635
631 636
632 633
632 634
632 635
632 636
632 864
632 951
633 634
633 635
633 636
634 635
634 636
635 636
637 638
637 639
637 640
638 639
638 640
639 640
639 702
639 709
639 769
639 951
639 1123
641 642
641 643
641 644
641 737
642 643
642 644
642 737
642 795
643 644
645 646
645 647
645 648
645 649
645 650
645 737
645 929
646 647
646 648
646 649
646 650
646 737
646 742
646 743
646 795
647 648
647 649
647 650
648 649
648 650
649 650
651 652
651 653
651 785
652 653
653 702
653 951
654 655
654 656
654 657
654 658
654 684
654 702
655 656
655 657
655 658
655 685
655 703
655 704
656 657
656 658
656 979
657 658
657 704
659 660
659 661
659 662
659 663
659 666
659 688
659 701
659 709
659 710
659 728
659 922
659 966
659 970
659 971
660 661
660 662
660 663
660 667
660 672
660 676
660 701
660 709
660 970
662 663
662 664
662 665
662 666
662 667
662 671
662 675
662 696
662 702
662 706
662 709
662 710
662 712
662 722
662 785
662 1096
663 664
663 665
663 667
663 672
663 676
663 697
663 703
663 704
663 709
663 710
663 713
664 665
666 667
666 668
666 669
666 670
666 675
666 696
666 706
666 709
666 1096
667 668
667 669
667 670
667 672
667 696
667 697
668 669
668 670
668 709
669 670
671 672
671 673
671 674
671 995
671 1229
672 673
672 674
673 674
673 864
675 676
675 677
675 678
675 679
675 680
676 677
676 678
676 679
676 680
677 678
677 679
677 680
678 679
678 680
679 680
681 682
681 683
681 684
681 685
681 722
681 764
681 765
681 864
682 683
682 685
682 765
684 685
684 686
684 687
684 764
684 765
685 686
685 687
685 764
685 765
686 687
688 689
688 690
688 970
689 690
691 692
691 693
691 694
691 695
692 693
692 694
692 695
693 694
693 695
693 702
694 695
694 723
696 697
696 698
696 699
696 700
696 701
696 702
696 706
696 709
696 722
696 972
697 698
697 699
697 700
697 701
697 703
697 704
697 707
697 710
697 723
698 699
698 700
698 701
699 700
699 701
700 701
701 971
702 703
702 704
702 705
702 706
702 709
702 731
702 749
702 1317
703 704
703 705
703 707
703 710
703 713
703 719
703 731
703 973
703 1006
703 1147
703 1317
704 705
704 707
704 710
704 713
704 719
704 731
704 1149
704 1317
706 707
706 708
706 709
706 718
706 854
706 966
706 971
706 972
706 973
707 708
707 719
707 723
709 710
709 711
709 712
709 718
709 747
710 711
710 713
710 719
712 713
712 714
712 715
712 716
712 717
712 741
712 966
712 970
712 971
712 972
712 973
712 1014
712 1015
713 714
713 715
713 716
713 717
713 760
713 1015
713 1016
714 715
714 716
714 717
715 716
715 717
716 717
718 719
718 720
718 721
718 722
718 934
719 720
719 721
719 723
720 721
722 723
722 724
722 725
722 1240
723 724
723 725
723 727
723 1241
724 725
726 727
727 766
728 729
728 730
728 785
729 730
729 760
729 766
731 732
731 733
732 733
732 765
734 735
734 736
735 737
735 765
736 737
736 738
736 739
736 740
736 741
736 742
736 743
736 854
737 738
737 739
737 740
737 741
737 742
737 795
738 739
738 740
739 740
740 760
740 795
741 742
741 743
741 744
741 1123
742 743
742 744
742 750
742 779
742 786
742 1124
743 744
743 997
745 746
745 747
745 748
745 759
746 747
746 748
746 794
746 795
747 748
747 764
747 769
747 819
749 750
749 751
749 752
749 759
750 751
750 752
750 760
751 752
753 754
753 755
753 756
753 757
753 758
753 769
754 755
754 756
754 757
754 758
754 770
755 756
755 757
755 758
756 757
756 758
757 758
757 759
757 760
758 760
759 760
759 761
759 762
759 763
759 772
759 778
760 761
760 762
760 763
760 765
760 766
760 768
760 773
760 776
761 762
761 763
762 763
764 765
764 812
764 1123
764 1201
765 766
765 770
765 776
765 812
765 1124
766 767
766 768
766 772
767 768
769 770
769 771
769 772
769 773
769 774
769 841
769 1123
769 1278
770 771
770 772
770 773
770 774
770 842
770 1279
771 772
771 773
771 774
772 773
772 774
773 774
775 776
775 777
775 785
776 777
778 779
778 780
778 785
778 794
778 1137
779 780
779 786
779 795
781 782
781 783
781 784
781 786
782 783
782 784
782 786
783 784
785 786
785 787
785 788
785 789
785 794
785 795
785 798
785 800
785 1101
785 1102
785 1278
786 787
786 788
786 789
786 791
786 795
786 798
786 799
786 800
786 801
786 1102
787 788
787 789
788 789
790 791
790 792
790 793
790 835
790 1226
790 1240
790 1241
790 1261
790 1262
790 1278
790 1279
791 792
791 793
791 795
791 836
792 793
794 795
794 796
794 797
794 798
794 905
794 995
794 1233
794 1266
795 796
795 797
795 798
795 995
796 797
798 799
800 801
800 802
800 803
800 804
800 1283
801 802
801 803
801 804
801 832
802 803
802 804
803 804
805 806
805 807
805 808
805 809
805 810
805 826
805 831
806 807
806 808
806 809
806 810
806 820
806 827
806 832
807 808
807 809
807 810
808 809
808 810
809 810
811 812
811 813
811 814
811 815
811 816
811 826
811 831
812 813
812 814
812 815
812 816
813 814
813 815
813 816
814 815
814 816
815 816
817 818
817 819
817 820
817 821
817 822
817 823
817 824
817 825
817 826
817 830
817 831
817 832
817 841
817 922
817 1186
818 819
818 820
818 821
818 822
818 823
818 824
818 825
818 827
818 830
818 832
818 842
818 923
819 820
819 821
819 822
819 823
819 824
819 825
819 826
819 831
819 924
819 938
819 966
819 1017
819 1020
819 1184
819 1249
820 821
820 822
820 823
820 824
820 825
820 827
820 830
820 925
820 930
821 822
821 823
821 824
821 825
822 823
822 824
822 825
823 824
823 825
824 825
826 827
826 828
826 829
826 830
826 831
826 832
826 835
826 841
826 862
826 910
826 924
826 925
827 828
827 829
827 830
827 831
827 832
827 836
827 842
827 919
827 925
828 829
828 830
829 830
831 832
831 833
831 834
831 918
831 942
831 1233
831 1266
831 1293
832 833
832 834
832 842
832 1200
832 1265
832 1294
832 1296
833 834
835 836
835 837
835 838
835 839
835 840
835 1233
835 1288
835 1293
836 837
836 838
836 839
836 840
836 906
836 943
836 1234
836 1284
836 1288
836 1293
836 1294
837 838
837 839
837 840
838 839
838 840
839 840
841 842
841 843
841 844
841 845
841 847
841 854
841 864
841 918
841 1240
842 843
842 844
842 845
842 919
843 844
843 845
844 845
846 847
846 848
846 849
846 850
846 851
846 852
846 853
847 848
847 849
847 850
847 851
847 852
847 853
847 905
848 849
848 850
848 851
848 852
848 853
848 902
848 906
849 850
849 851
849 852
849 853
850 851
850 852
850 853
851 852
851 853
852 853
854 855
854 856
854 857
854 864
854 873
854 905
854 942
854 1022
854 1041
854 1237
855 856
855 857
855 865
855 874
855 902
856 857
857 869
857 870
858 859
858 860
858 861
858 862
858 863
859 860
859 861
859 862
859 863
860 861
860 862
860 863
861 862
861 863
862 863
863 865
863 870
863 902
863 935
864 865
864 866
864 867
864 868
864 869
864 870
864 873
864 874
865 866
865 867
865 868
865 869
865 870
865 873
865 874
865 902
865 906
866 867
866 868
867 868
869 870
869 871
869 872
869 873
869 874
869 901
869 905
869 995
870 871
870 872
870 873
870 874
870 881
870 902
870 906
870 996
871 872
873 874
873 875
873 876
873 880
873 901
873 905
873 1000
873 1123
874 875
874 876
874 881
874 902
874 906
874 1124
875 876
877 878
877 879
877 880
877 881
877 882
877 883
877 886
877 951
877 1142
877 1143
878 879
878 880
878 881
878 882
878 883
879 880
879 881
879 882
879 883
880 881
880 882
880 883
881 882
881 883
881 952
881 1142
881 1143
882 883
884 885
884 886
884 1225
886 887
886 888
886 889
886 951
886 955
886 956
886 960
886 964
886 1037
886 1137
886 1214
886 1225
887 888
887 889
887 890
887 947
887 952
887 956
887 961
887 971
887 1210
887 1226
888 889
890 891
890 892
890 893
890 905
890 951
890 966
891 892
891 893
892 893
894 895
894 896
894 897
894 898
894 899
894 900
894 972
894 1225
895 896
895 897
895 898
895 899
895 900
895 952
896 897
896 898
896 899
896 900
897 898
897 899
897 900
898 899
898 900
898 1014
899 900
899 1015
899 1226
899 1230
901 902
901 903
901 904
901 905
901 906
901 1027
901 1173
901 1233
901 1283
902 903
902 904
902 905
902 906
903 904
905 906
905 907
905 908
905 909
905 910
905 1233
906 907
906 908
906 909
906 1234
907 908
907 909
908 909
910 911
910 912
910 1030
910 1225
910 1240
911 912
913 914
913 915
913 1229
914 915
915 1229
916 917
917 1296
918 919
918 920
918 921
919 920
919 921
919 1266
920 921
922 923
922 924
922 925
922 926
922 927
922 928
923 924
923 925
923 926
923 927
923 928
924 925
924 926
924 927
924 928
925 926
925 927
925 928
926 927
926 928
927 928
929 930
929 931
929 932
929 933
929 934
929 935
929 1096
929 1151
930 931
930 932
930 933
930 934
930 935
931 932
931 933
932 933
934 935
934 936
934 937
935 936
935 937
935 1089
936 937
938 939
938 940
938 941
938 943
938 1240
939 940
939 941
939 943
940 941
942 943
942 944
942 945
942 946
942 1027
942 1169
942 1225
942 1229
942 1240
942 1283
943 944
943 945
943 1241
943 1279
943 1283
943 1284
944 945
946 947
946 948
946 949
946 950
946 970
946 986
946 1214
946 1216
946 1225
947 948
947 949
947 950
947 971
947 1211
947 1215
947 1216
947 1222
947 1226
948 949
948 950
949 950
951 952
951 953
951 954
951 960
951 1041
951 1105
951 1190
951 1226
951 1240
952 953
952 954
952 958
952 961
952 964
952 1191
952 1211
952 1258
953 954
955 956
956 976
956 979
956 1042
957 958
957 959
958 959
960 961
960 962
960 963
960 964
960 965
960 970
960 1014
960 1142
960 1143
961 962
961 963
961 964
961 965
961 971
961 973
961 1015
961 1016
962 963
962 964
962 965
963 964
963 965
964 965
966 967
966 968
966 969
966 970
966 971
966 972
966 973
966 977
967 968
967 969
967 970
967 971
968 969
968 970
968 971
969 970
969 971
970 971
970 972
970 986
970 995
971 972
971 973
972 973
972 974
972 975
972 1146
972 1261
973 974
973 975
973 1097
973 1147
973 1191
973 1195
974 975
976 977
976 978
976 979
976 980
976 981
976 983
976 1042
976 1116
976 1124
976 1156
976 1205
977 978
977 979
977 980
977 981
977 1005
977 1022
977 1030
977 1123
978 979
978 980
978 981
979 980
979 981
979 983
979 988
979 1006
979 1116
979 1124
980 981
982 983
982 984
982 985
982 986
982 988
983 984
983 985
983 1006
983 1111
983 1112
984 985
986 987
986 988
986 989
986 990
986 1000
986 1038
986 1069
986 1111
986 1112
986 1123
986 1186
986 1229
986 1302
987 988
987 989
987 990
987 996
987 1000
987 1001
987 1112
987 1117
987 1124
987 1138
987 1230
988 989
988 990
988 995
988 1001
988 1069
988 1120
988 1124
989 990
989 1124
991 992
991 993
991 994
991 995
991 996
991 997
991 1005
991 1006
991 1063
991 1064
991 1146
992 993
992 994
992 996
992 997
992 1006
993 994
995 996
995 997
995 998
995 999
995 1000
995 1005
995 1017
995 1038
995 1051
995 1052
995 1063
995 1064
995 1194
995 1214
995 1293
996 997
996 998
996 999
996 1000
996 1001
996 1005
996 1006
996 1010
996 1039
996 1047
996 1052
996 1112
997 998
997 999
997 1000
997 1001
997 1005
997 1006
997 1047
997 1056
997 1063
997 1064
997 1110
997 1112
997 1159
998 999
1000 1001
1000 1002
1000 1003
1000 1004
1000 1005
1000 1006
1000 1046
1000 1063
1000 1064
1000 1101
1000 1102
1000 1111
1001 1002
1001 1003
1001 1004
1001 1006
1001 1112
1001 1124
1002 1003
1002 1004
1003 1004
1005 1006
1005 1007
1005 1008
1005 1030
1005 1046
1005 1055
1005 1063
1005 1064
1005 1069
1005 1109
1005 1111
1005 1123
1006 1007
1006 1008
1006 1010
1006 1047
1006 1056
1006 1063
1006 1064
1006 1111
1006 1112
1006 1124
1007 1008
1009 1010
1009 1011
1009 1012
1009 1013
1010 1011
1010 1012
1010 1013
1010 1042
1011 1012
1011 1013
1012 1013
1014 1015
1014 1016
1014 1017
1014 1018
1014 1019
1014 1020
1014 1021
1014 1052
1014 1062
1014 1137
1015 1016
1015 1017
1015 1018
1015 1019
1015 1020
1015 1021
1015 1042
1015 1138
1015 1152
1016 1017
1016 1018
1016 1019
1016 1020
1016 1021
1016 1042
1016 1138
1016 1152
1016 1157
1016 1158
1017 1018
1017 1019
1017 1020
1017 1021
1017 1055
1018 1019
1018 1020
1018 1021
1019 1020
1019 1021
1020 1021
1022 1023
1022 1024
1022 1025
1022 1026
1022 1027
1022 1030
1022 1046
1023 1024
1023 1025
1023 1026
1023 1028
1023 1031
1023 1034
1024 1025
1024 1026
1025 1026
1025 1137
1027 1028
1027 1029
1027 1030
1027 1031
1027 1046
1028 1029
1028 1031
1030 1031
1030 1032
1030 1034
1030 1046
1030 1051
1030 1055
1030 1123
1031 1032
1031 1033
1033 1034
1033 1035
1033 1036
1033 1037
1034 1035
1034 1036
1034 1037
1034 1038
1034 1052
1034 1056
1034 1138
1035 1036
1035 1037
1036 1037
1038 1039
1038 1040
1038 1051
1038 1151
1039 1040
1039 1152
1039 1294
1041 1042
1041 1043
1041 1044
1041 1045
1041 1046
1041 1051
1041 1052
1041 1055
1041 1105
1041 1111
1041 1123
1042 1043
1042 1044
1042 1045
1042 1046
1042 1047
1042 1051
1042 1052
1042 1055
1042 1056
1042 1064
1042 1106
1042 1112
1043 1044
1043 1045
1044 1045
1046 1047
1046 1048
1046 1049
1046 1050
1046 1051
1046 1052
1046 1055
1046 1056
1046 1123
1046 1124
1046 1194
1047 1048
1047 1049
1047 1050
1047 1051
1047 1052
1047 1055
1047 1056
1047 1119
1047 1124
1047 1198
1048 1049
1048 1050
1049 1050
1051 1052
1051 1053
1051 1054
1051 1055
1051 1063
1051 1069
1051 1074
1051 1123
1051 1124
1052 1053
1052 1054
1052 1056
1052 1060
1052 1064
1052 1070
1052 1080
1052 1124
1052 1152
1053 1054
1055 1056
1055 1057
1055 1058
1055 1063
1055 1074
1055 1101
1055 1111
1055 1198
1056 1057
1056 1058
1056 1060
1056 1064
1056 1080
1056 1097
1056 1124
1057 1058
1059 1060
1059 1061
1059 1062
1059 1063
1059 1111
1060 1061
1060 1062
1060 1064
1060 1097
1061 1062
1063 1064
1063 1065
1063 1066
1063 1067
1063 1068
1063 1069
1063 1074
1063 1079
1063 1101
1063 1111
1063 1194
1063 1288
1064 1065
1064 1066
1064 1067
1064 1068
1064 1075
1064 1080
1064 1102
1064 1112
1065 1066
1065 1067
1065 1068
1066 1067
1066 1068
1067 1068
1069 1070
1069 1071
1069 1072
1069 1073
1069 1074
1070 1071
1070 1072
1070 1073
1070 1075
1071 1072
1071 1073
1072 1073
1074 1075
1074 1076
1074 1077
1074 1078
1074 1079
1074 1111
1074 1210
1075 1076
1075 1077
1075 1078
1075 1080
1075 1106
1075 1112
1075 1116
1075 1117
1075 1195
1076 1077
1076 1078
1077 1078
1078 1091
1079 1080
1079 1081
1079 1082
1079 1083
1080 1081
1080 1082
1080 1083
1081 1082
1081 1083
1082 1083
1084 1085
1084 1086
1084 1087
1084 1088
1084 1152
1085 1086
1085 1087
1085 1088
1085 1097
1085 1147
1086 1087
1086 1088
1087 1088
1089 1090
1091 1092
1091 1093
1091 1094
1091 1095
1091 1319
1091 1325
1091 1330
1092 1093
1092 1094
1092 1095
1093 1094
1093 1095
1094 1095
1096 1097
1096 1098
1096 1099
1096 1100
1096 1146
1096 1147
1096 1148
1096 1278
1096 1313
1097 1098
1097 1099
1097 1100
1097 1146
1097 1147
1097 1148
1097 1278
1097 1279
1097 1313
1098 1099
1098 1100
1099 1100
1101 1102
1101 1103
1101 1104
1101 1105
1101 1111
1101 1112
1101 1190
1102 1103
1102 1104
1102 1105
1102 1106
1102 1190
1102 1191
1103 1104
1105 1106
1105 1107
1105 1108
1105 1111
1105 1112
1106 1107
1106 1108
1107 1108
1109 1110
1109 1111
1109 1112
1109 1226
1111 1112
1111 1113
1111 1114
1111 1115
1111 1151
1111 1177
1111 1195
1111 1204
1111 1237
1112 1113
1112 1114
1112 1115
1112 1178
1113 1114
1113 1115
1114 1115
1116 1117
1116 1118
1116 1119
1116 1120
1116 1121
1116 1122
1117 1118
1117 1119
1117 1120
1117 1121
1117 1122
1117 1138
1118 1119
1118 1120
1118 1121
1118 1122
1119 1120
1119 1121
1119 1122
1119 1124
1120 1121
1120 1122
1121 1122
1123 1124
1123 1125
1123 1126
1123 1194
1124 1125
1124 1126
1124 1128
1124 1211
1125 1126
1127 1128
1127 1129
1127 1130
1128 1129
1128 1130
1128 1138
1129 1130
1131 1132
1131 1133
1131 1134
1131 1135
1131 1136
1131 1137
1131 1138
1131 1151
1132 1133
1132 1134
1132 1135
1132 1136
1133 1134
1133 1135
1133 1136
1134 1135
1134 1136
1135 1136
1137 1138
1137 1139
1137 1140
1137 1141
1137 1142
1137 1204
1137 1261
1137 1317
1138 1139
1138 1140
1138 1141
1138 1142
1138 1143
1138 1147
1138 1152
1138 1188
1138 1191
1138 1198
1139 1140
1139 1141
1140 1141
1142 1143
1142 1144
1142 1145
1142 1151
1142 1155
1142 1187
1142 1190
1142 1195
1143 1144
1143 1145
1143 1152
1143 1156
1143 1188
1143 1191
1144 1145
1146 1147
1146 1148
1146 1149
1146 1150
1146 1151
1146 1194
1146 1198
1146 1313
1147 1148
1147 1149
1147 1150
1147 1152
1147 1195
1147 1198
1148 1149
1148 1150
1148 1152
1148 1154
1148 1159
1148 1188
1148 1195
1148 1198
1148 1313
1149 1150
1151 1152
1151 1153
1151 1154
1151 1155
1151 1156
1151 1173
1151 1194
1151 1226
1151 1233
1151 1237
1151 1240
1151 1245
1151 1278
1152 1153
1152 1154
1152 1155
1152 1156
1152 1174
1152 1195
1152 1198
1152 1234
1152 1245
1153 1154
1153 1155
1153 1156
1154 1155
1154 1156
1155 1156
1155 1241
1156 1241
1157 1158
1157 1159
1157 1160
1157 1161
1157 1162
1158 1159
1158 1160
1158 1161
1158 1162
1159 1160
1159 1161
1159 1162
1160 1161
1160 1162
1161 1162
1163 1164
1163 1165
1163 1166
1163 1167
1163 1168
1164 1165
1164 1166
1164 1167
1164 1168
1165 1166
1165 1167
1165 1168
1166 1167
1166 1168
1167 1168
1169 1170
1169 1171
1169 1172
1169 1233
1169 1234
1170 1171
1170 1172
1170 1262
1171 1172
1173 1174
1173 1175
1173 1176
1173 1233
1173 1234
1174 1175
1174 1176
1174 1262
1175 1176
1177 1178
1177 1179
1177 1180
1177 1181
1177 1182
1177 1183
1177 1184
1177 1185
1177 1186
1178 1179
1178 1180
1178 1181
1178 1182
1178 1183
1178 1184
1178 1185
1178 1186
1178 1266
1179 1180
1179 1181
1179 1182
1179 1183
1179 1184
1179 1185
1179 1186
1180 1181
1180 1182
1180 1183
1180 1184
1180 1185
1180 1186
1181 1182
1181 1183
1181 1184
1181 1185
1181 1186
1182 1183
1182 1184
1182 1185
1182 1186
1183 1184
1183 1185
1183 1186
1184 1185
1184 1186
1185 1186
1185 1266
1185 1279
1186 1278
1187 1188
1187 1189
1188 1189
1190 1191
1190 1192
1190 1193
1190 1233
1190 1234
1190 1278
1190 1279
1191 1192
1191 1193
1191 1230
1191 1234
1192 1193
1194 1195
1194 1196
1194 1197
1194 1198
1194 1226
1194 1233
1194 1237
1194 1265
1195 1196
1195 1197
1195 1198
1195 1234
1195 1238
1196 1197
1196 1198
1197 1198
1198 1200
1198 1237
1199 1200
1199 1201
1199 1202
1199 1203
1200 1201
1200 1202
1200 1203
1201 1202
1201 1203
1201 1296
1202 1203
1204 1205
1204 1206
1204 1207
1204 1208
1204 1209
1205 1206
1205 1207
1205 1208
1205 1209
1206 1207
1206 1208
1206 1209
1207 1208
1207 1209
1208 1209
1210 1211
1210 1212
1210 1213
1210 1225
1211 1212
1211 1213
1211 1230
1212 1213
1214 1215
1214 1216
1214 1217
1214 1218
1214 1219
1214 1220
1214 1233
1215 1216
1215 1217
1215 1218
1215 1219
1215 1220
1215 1234
1216 1217
1216 1218
1216 1219
1216 1220
1217 1218
1217 1219
1217 1220
1218 1219
1218 1220
1219 1220
1220 1229
1221 1222
1221 1223
1221 1224
1221 1225
1221 1226
1222 1223
1222 1224
1223 1224
1225 1226
1225 1227
1225 1228
1225 1229
1225 1237
1225 1250
1225 1265
1226 1227
1226 1228
1226 1230
1226 1233
1226 1237
1226 1240
1226 1261
1226 1279
1227 1228
1229 1230
1229 1231
1229 1232
1229 1237
1230 1231
1230 1232
1231 1232
1233 1234
1233 1235
1233 1236
1233 1240
1233 1261
1233 1265
1233 1272
1233 1278
1233 1288
1234 1235
1234 1236
1234 1241
1234 1266
1234 1273
1234 1278
1234 1279
1234 1284
1234 1289
1235 1236
1237 1238
1237 1239
1237 1240
1237 1241
1237 1242
1237 1243
1237 1244
1237 1245
1237 1246
1237 1261
1237 1265
1237 1278
1238 1239
1238 1240
1238 1241
1238 1242
1238 1243
1238 1244
1238 1245
1238 1246
1239 1240
1239 1241
1239 1242
1239 1243
1239 1244
1239 1245
1239 1246
1240 1241
1240 1242
1240 1243
1240 1244
1240 1245
1240 1246
1240 1247
1240 1272
1240 1276
1240 1278
1241 1242
1241 1243
1241 1244
1241 1245
1241 1246
1241 1273
1241 1277
1241 1278
1241 1279
1242 1243
1242 1244
1242 1245
1242 1246
1243 1244
1243 1245
1243 1246
1244 1245
1244 1246
1245 1246
1245 1262
1247 1248
1247 1249
1247 1250
1247 1251
1247 1252
1247 1253
1247 1254
1247 1255
1247 1256
1248 1249
1248 1250
1248 1251
1248 1252
1248 1253
1248 1254
1248 1255
1248 1256
1248 1279
1249 1250
1249 1251
1249 1252
1249 1253
1249 1254
1249 1255
1249 1256
1250 1251
1250 1252
1250 1253
1250 1254
1250 1255
1250 1256
1251 1252
1251 1253
1251 1254
1251 1255
1251 1256
1252 1253
1252 1254
1252 1255
1252 1256
1253 1254
1253 1255
1253 1256
1254 1255
1254 1256
1255 1256
1257 1258
1257 1259
1257 1260
1258 1259
1258 1260
1258 1262
1258 1266
1259 1260
1261 1262
1261 1263
1261 1264
1261 1265
1261 1278
1261 1283
1261 1293
1262 1263
1262 1264
1262 1266
1262 1273
1262 1278
1262 1279
1262 1284
1262 1292
1262 1294
1263 1264
1265 1266
1265 1267
1265 1268
1265 1269
1265 1270
1265 1278
1265 1283
1265 1293
1266 1267
1266 1268
1266 1269
1266 1270
1266 1271
1266 1277
1266 1279
1266 1289
1266 1294
1267 1268
1267 1269
1267 1270
1268 1269
1268 1270
1269 1270
1272 1273
1272 1274
1272 1275
1272 1276
1272 1277
1273 1274
1273 1275
1273 1276
1273 1277
1274 1275
1274 1276
1274 1277
1275 1276
1275 1277
1276 1277
1276 1278
1276 1283
1277 1279
1277 1284
1278 1279
1278 1280
1278 1281
1278 1282
1278 1283
1278 1303
1279 1280
1279 1281
1279 1282
1279 1284
1279 1289
1279 1294
1279 1296
1280 1281
1280 1282
1281 1282
1283 1284
1283 1285
1283 1286
1283 1287
1283 1288
1283 1289
1283 1290
1284 1285
1284 1286
1284 1287
1284 1288
1284 1289
1284 1290
1285 1286
1285 1287
1285 1288
1285 1289
1285 1290
1286 1287
1286 1288
1286 1289
1286 1290
1287 1288
1287 1289
1287 1290
1288 1289
1288 1290
1288 1293
1288 1294
1288 1295
1288 1296
1289 1290
1289 1296
1291 1292
1293 1294
1293 1295
1293 1296
1293 1297
1293 1298
1293 1302
1293 1344
1294 1295
1294 1296
1294 1297
1294 1299
1294 1302
1295 1296
1295 1297
1295 1299
1295 1302
1295 1340
1295 1344
1296 1297
1296 1299
1296 1302
1296 1303
1296 1344
1298 1299
1298 1300
1298 1301
1299 1300
1299 1301
1300 1301
1302 1303
1302 1304
1302 1305
1302 1306
1302 1307
1302 1308
1302 1309
1303 1304
1303 1305
1303 1306
1303 1307
1303 1308
1303 1309
1304 1305
1304 1306
1304 1307
1304 1308
1304 1309
1305 1306
1305 1307
1305 1308
1305 1309
1306 1307
1306 1308
1306 1309
1307 1308
1307 1309
1308 1309
1310 1311
1310 1312
1311 1312
1313 1314
1313 1315
1313 1316
1314 1315
1314 1316
1315 1316
1317 1318
1319 1320
1319 1321
1319 1322
1319 1323
1319 1324
1320 1321
1320 1322
1320 1323
1320 1324
1321 1322
1321 1323
1321 1324
1322 1323
1322 1324
1323 1324
1325 1326
1325 1327
1325 1328
1325 1329
1326 1327
1326 1328
1326 1329
1327 1328
1327 1329
1328 1329
1330 1331
1330 1332
1330 1333
1331 1332
1331 1333
1332 1333
1334 1335
1334 1336
1334 1337
1334 1338
1335 1336
1335 1337
1335 1338
1336 1337
1336 1338
1337 1338
1339 1340
1339 1341
1339 1342
1339 1343
1339 1344
1340 1341
1340 1342
1340 1343
1340 1344
1341 1342
1341 1343
1341 1344
1342 1343
1342 1344
1343 1344
