0 1
0 2
0 3
0 4
0 5
0 6
0 7
0 8
0 48
0 107
0 112
0 115
0 238
0 457
1 2
1 3
1 4
1 5
1 6
1 7
1 108
1 113
1 116
2 3
2 4
2 5
2 6
2 7
2 8
2 46
2 53
2 96
2 112
2 276
3 4
3 5
3 6
3 7
3 9
3 47
3 112
3 113
4 5
4 6
4 7
5 6
5 7
6 7
8 9
8 10
8 21
8 24
8 29
8 48
8 53
8 83
8 86
8 87
8 96
8 115
8 128
8 131
8 139
8 198
8 270
8 276
8 451
8 457
9 10
9 22
9 30
9 48
9 49
9 83
9 86
9 88
9 94
9 129
9 132
9 140
9 457
10 83
10 84
10 116
10 136
10 202
11 12
11 13
11 14
12 13
12 14
12 30
13 14
15 16
15 17
15 18
15 19
15 20
15 48
15 55
15 96
16 17
16 18
16 19
16 20
16 54
16 342
17 18
17 19
17 20
18 19
18 20
19 20
19 83
19 96
20 84
21 22
21 23
21 24
21 25
21 26
21 27
21 28
21 29
21 83
22 23
22 24
22 25
22 26
22 27
22 28
22 78
22 84
22 457
23 24
23 25
23 26
23 27
23 28
24 25
24 26
24 27
24 28
25 26
25 27
25 28
26 27
26 28
27 28
29 30
29 31
29 32
29 33
29 34
29 35
29 36
29 37
29 46
29 47
29 74
29 83
29 96
29 101
29 115
29 131
29 132
29 270
29 337
30 31
30 32
30 33
30 34
30 35
30 36
30 37
30 46
30 47
30 74
30 75
30 78
30 97
30 113
30 116
30 121
30 132
30 140
30 223
30 337
30 457
31 32
31 33
31 34
31 35
32 33
32 34
32 35
33 34
33 35
33 36
33 37
33 39
33 46
33 53
33 54
33 74
33 75
33 80
33 113
34 35
36 37
36 38
36 39
36 40
36 46
36 48
36 49
36 83
36 87
36 88
36 93
37 38
37 39
37 40
37 47
37 78
37 88
37 94
37 97
37 115
38 39
38 40
38 376
39 40
41 42
41 43
41 44
41 45
41 46
41 47
41 48
41 53
41 58
41 83
41 84
42 43
42 44
42 45
42 47
42 49
42 54
42 55
42 84
43 44
43 45
44 45
46 47
46 48
46 49
46 53
46 54
46 55
46 56
46 58
46 278
46 283
47 48
47 49
47 53
47 54
47 55
47 65
47 199
47 279
48 49
48 50
48 51
48 52
48 53
48 55
48 58
48 64
48 70
48 78
48 84
48 115
48 131
48 136
48 326
49 50
49 51
49 52
49 53
49 54
49 56
49 59
49 65
49 84
49 91
49 94
49 116
49 132
50 51
50 52
51 52
51 53
51 54
51 55
51 56
51 58
51 115
51 395
52 54
52 84
52 116
53 54
53 55
53 56
53 57
53 58
53 59
53 60
53 61
53 62
53 63
53 64
53 65
53 83
53 84
53 88
53 93
53 94
53 96
53 115
53 120
53 136
53 198
53 390
53 395
53 451
54 55
54 56
54 57
54 58
54 59
54 60
54 61
54 62
54 63
54 65
54 84
54 116
54 121
54 199
54 391
54 396
54 452
55 56
55 57
55 58
55 59
55 60
55 61
55 62
55 63
55 64
55 115
55 120
55 121
55 198
55 202
55 213
55 390
55 395
56 57
56 58
56 59
56 60
56 61
56 62
56 63
56 65
56 116
56 199
56 391
56 396
57 58
57 59
57 60
57 61
57 62
57 63
58 59
58 60
58 61
58 62
58 63
58 64
58 115
58 120
58 198
58 395
59 60
59 61
59 62
59 63
60 61
60 62
60 63
61 62
61 63
62 63
64 65
64 66
64 67
64 83
64 202
64 213
65 66
65 67
65 78
65 84
65 88
65 94
65 97
65 116
65 132
65 171
65 178
65 186
65 203
65 205
65 235
66 67
68 69
68 70
68 71
68 72
68 73
68 78
68 115
68 131
68 372
68 376
68 377
68 379
68 383
68 384
68 451
69 70
69 71
69 72
69 73
69 78
69 84
69 116
69 372
69 377
69 384
70 71
70 72
70 73
70 93
70 131
71 72
71 73
71 132
71 384
72 73
74 75
74 76
74 77
74 78
74 457
75 76
75 77
75 78
76 77
76 425
76 426
78 79
78 80
78 81
78 82
78 83
78 84
78 91
78 94
78 108
78 115
78 116
78 137
78 457
79 80
79 81
79 82
80 81
80 82
81 82
83 84
83 85
83 88
83 91
83 101
83 115
83 136
83 451
84 85
84 88
84 94
84 97
84 452
85 136
86 87
86 88
87 88
87 89
87 90
87 96
87 107
87 198
88 89
88 90
88 94
88 97
88 140
88 198
88 457
89 90
91 92
91 96
91 457
93 94
93 95
93 96
93 97
93 131
93 139
93 198
93 240
93 457
94 95
94 97
94 101
94 102
94 132
94 140
94 452
94 457
96 97
96 101
96 102
96 115
96 131
96 132
96 136
96 139
96 190
96 276
96 447
97 98
97 99
97 102
97 108
97 131
97 132
97 140
97 448
98 99
98 100
98 131
98 395
99 100
99 132
101 102
101 103
101 104
101 105
101 106
101 107
101 108
101 112
101 115
101 120
101 131
101 140
101 145
101 390
101 397
102 103
102 104
102 105
102 106
102 108
102 116
102 120
102 121
102 132
102 140
102 146
103 104
103 105
103 106
104 105
104 106
105 106
107 108
107 109
107 110
107 111
107 115
107 116
107 131
107 132
107 204
107 451
108 109
108 110
108 111
108 116
108 452
108 457
109 110
109 111
110 111
112 113
112 114
113 114
115 116
115 117
115 118
115 119
115 120
115 121
115 131
115 132
115 143
115 278
115 283
115 451
116 117
116 118
116 119
116 120
116 121
116 143
116 144
116 278
116 279
116 283
116 396
117 118
117 119
117 136
118 119
120 121
120 122
120 123
120 124
120 125
120 126
120 127
120 131
120 132
121 122
121 123
121 124
121 125
121 126
121 127
122 123
122 124
122 125
122 126
122 127
123 124
123 125
123 126
123 127
124 125
124 126
124 127
125 126
125 127
126 127
128 129
128 130
128 136
129 130
131 132
131 133
131 134
131 135
131 136
131 139
131 190
131 410
131 425
131 428
131 447
131 451
132 133
132 134
132 135
132 140
132 191
132 411
132 426
132 452
132 457
133 134
133 135
134 135
136 137
136 138
136 145
136 451
136 457
137 138
137 457
139 140
139 141
139 142
139 143
139 144
140 141
140 142
140 143
140 144
141 142
141 143
141 144
142 143
142 144
143 144
145 146
145 147
146 147
148 149
148 150
148 151
148 152
148 158
148 160
148 162
148 171
148 176
148 178
148 180
148 181
148 199
148 203
148 214
148 241
148 247
148 287
148 361
148 402
148 452
149 150
149 152
149 158
149 160
149 162
149 178
149 180
149 181
149 187
149 200
149 214
149 218
149 279
149 284
149 285
149 372
150 151
150 199
151 152
151 153
151 155
151 158
151 159
151 162
151 164
151 171
151 176
151 178
151 180
151 181
151 182
151 186
151 198
151 202
151 213
151 230
151 242
151 283
151 437
152 153
152 159
152 160
152 162
152 171
152 178
152 179
152 191
152 214
152 221
152 247
153 235
154 155
154 156
154 157
154 158
154 159
154 160
154 161
154 204
154 246
154 247
155 156
155 157
155 158
155 159
155 160
155 161
155 246
155 281
156 157
156 158
156 159
156 160
156 161
156 200
156 201
156 267
157 158
157 159
157 160
157 161
158 159
158 160
158 161
158 202
158 205
159 160
159 161
160 161
160 171
160 199
162 163
162 199
164 165
164 166
164 167
164 177
164 186
164 198
164 224
164 246
164 351
164 366
165 166
165 167
165 171
165 178
165 179
165 199
165 200
165 201
165 223
165 352
166 167
168 169
168 170
168 174
169 170
169 200
169 201
169 281
171 172
171 173
171 174
171 176
171 178
171 181
171 183
171 187
171 199
171 202
171 203
171 204
171 205
171 213
171 214
171 225
171 229
171 235
171 247
171 284
172 173
172 213
174 175
174 176
174 177
174 182
174 186
174 190
174 194
174 198
174 202
174 204
174 213
174 217
174 224
174 230
174 242
174 410
174 413
175 176
175 179
175 200
175 201
175 205
175 214
175 235
175 247
176 178
176 187
176 199
176 202
176 203
176 205
176 223
176 235
176 241
176 279
177 178
177 179
177 180
177 182
177 186
177 190
177 194
177 198
177 202
177 203
177 204
177 213
177 217
177 221
177 234
177 235
177 240
177 246
177 278
177 283
177 287
177 383
178 179
178 180
178 181
178 187
178 191
178 195
178 199
178 203
178 205
178 214
178 218
178 223
178 233
178 235
178 241
178 247
178 279
178 288
178 430
179 180
179 183
179 187
179 195
179 200
179 201
179 202
179 214
179 218
179 235
179 316
179 332
180 181
180 182
180 183
180 184
180 185
180 186
180 198
180 202
180 204
180 213
180 235
180 278
180 287
180 311
181 182
181 183
181 184
181 185
181 187
181 199
181 203
181 205
181 214
181 223
181 224
181 235
181 279
181 312
182 183
182 184
182 185
182 186
182 198
182 202
182 204
182 213
182 240
182 242
182 246
182 261
182 280
182 311
182 366
182 397
183 184
183 185
183 187
183 200
183 201
183 214
183 235
183 262
183 295
183 312
183 367
184 185
186 187
186 188
186 189
186 190
186 194
186 198
186 200
186 201
186 202
186 204
186 213
186 217
186 223
186 224
186 234
186 240
187 188
187 189
187 191
187 194
187 195
187 198
187 199
187 201
187 205
187 214
187 218
187 223
187 235
187 367
187 372
187 396
188 189
190 191
190 192
190 193
190 213
190 261
190 287
190 288
190 383
190 457
191 192
191 193
191 205
191 262
191 287
191 288
192 193
194 195
194 196
194 197
194 198
194 200
194 201
194 223
194 224
194 311
194 351
195 196
195 197
195 200
195 312
195 352
196 197
198 199
198 200
198 201
198 223
198 224
198 237
198 246
198 247
198 287
198 288
198 379
198 383
199 200
199 201
199 203
199 205
199 214
199 218
199 223
199 229
199 233
199 240
199 247
199 288
199 338
199 357
199 367
199 372
199 377
199 418
200 201
200 218
200 223
200 229
200 358
200 377
201 218
201 223
201 229
201 267
201 295
201 316
201 358
201 377
202 203
202 204
202 205
202 206
202 207
202 208
202 209
202 210
202 211
202 212
202 213
202 214
202 215
202 216
202 223
202 240
202 246
202 278
202 299
202 311
202 328
202 341
202 351
202 359
202 395
202 448
203 204
203 205
203 206
203 207
203 208
203 209
203 210
203 211
203 212
203 213
203 214
203 215
203 216
203 223
203 235
203 241
203 247
203 279
203 312
203 430
204 205
204 206
204 207
204 208
204 209
204 210
204 211
204 212
204 213
204 214
204 215
204 216
204 228
204 234
204 240
204 242
204 299
204 307
204 328
204 329
204 332
204 341
204 351
204 359
204 383
204 407
205 206
205 207
205 208
205 209
205 210
205 211
205 212
205 213
205 214
205 215
205 216
205 229
205 235
205 346
205 407
206 207
206 208
206 209
206 210
206 211
206 212
206 213
206 214
206 215
206 216
207 208
207 209
207 210
207 211
207 212
207 213
207 214
207 215
207 216
208 209
208 210
208 211
208 212
208 213
208 214
208 215
208 216
208 316
209 210
209 211
209 212
209 213
209 214
209 215
209 216
210 211
210 212
210 213
210 214
210 215
210 216
211 212
211 213
211 214
211 215
211 216
212 213
212 214
212 215
212 216
213 214
213 215
213 216
213 228
213 242
213 246
213 261
213 262
213 280
213 307
213 341
213 366
213 379
213 397
214 215
214 216
214 223
214 235
214 247
214 262
214 295
214 341
214 342
214 346
214 360
214 415
215 216
217 218
217 219
217 220
217 221
217 222
217 261
217 280
218 219
218 220
218 221
218 222
218 223
218 224
218 262
218 279
218 281
218 295
218 329
218 415
219 220
219 221
219 222
220 221
220 222
221 222
221 246
223 224
223 225
223 226
223 227
223 279
223 295
223 342
223 434
224 225
224 226
224 227
224 230
224 237
224 341
225 226
225 227
226 227
228 229
228 230
228 231
228 232
228 233
228 234
228 261
228 262
229 230
229 231
229 232
229 233
229 247
229 261
229 262
229 312
230 231
230 232
230 233
230 341
230 376
231 232
231 233
232 233
233 287
234 235
234 236
234 317
234 322
234 325
234 337
235 236
235 326
235 329
235 338
236 332
237 238
237 239
237 240
237 241
237 242
237 246
237 247
237 278
238 239
238 241
238 247
238 279
239 351
240 241
240 242
240 243
240 244
240 245
240 246
240 247
240 248
240 249
240 250
240 256
240 278
240 283
241 242
241 243
241 244
241 245
241 246
241 247
241 248
241 249
241 273
241 275
241 276
241 279
241 284
242 243
242 244
242 245
242 246
242 247
242 248
242 249
242 278
242 280
242 379
243 244
243 245
243 246
243 247
243 248
243 249
243 281
244 245
244 246
244 247
244 248
244 249
245 246
245 247
245 248
245 249
246 247
246 248
246 249
246 278
246 383
247 248
247 249
247 275
247 279
247 284
248 249
250 251
250 252
250 253
250 254
250 255
250 256
250 257
250 261
250 262
250 267
250 305
251 252
251 253
251 254
251 255
251 257
251 267
251 275
251 281
251 308
252 253
252 254
252 255
253 254
253 255
254 255
256 257
256 258
256 259
256 260
256 261
256 262
256 263
256 264
256 265
256 266
256 267
256 268
256 269
256 273
256 275
256 278
256 283
256 305
256 345
257 258
257 259
257 260
257 261
257 262
257 263
257 264
257 265
257 266
257 267
257 268
257 269
257 273
257 275
257 279
257 281
257 284
257 318
257 346
258 259
258 260
258 261
258 262
258 263
258 264
258 265
258 266
258 267
258 268
258 269
259 260
259 261
259 262
259 263
259 264
259 265
259 266
259 267
259 268
259 269
260 261
260 262
260 263
260 264
260 265
260 266
260 267
260 268
260 269
261 262
261 263
261 264
261 265
261 266
261 267
261 268
261 269
261 305
261 307
261 311
261 328
261 356
261 379
261 387
262 263
262 264
262 265
262 266
262 267
262 268
262 269
262 306
262 312
262 329
262 352
262 357
262 380
263 264
263 265
263 266
263 267
263 268
263 269
264 265
264 266
264 267
264 268
264 269
265 266
265 267
265 268
265 269
266 267
266 268
266 269
266 307
266 428
267 268
267 269
267 273
267 275
267 279
267 284
267 316
268 269
270 271
270 272
270 273
270 274
270 406
270 407
270 414
270 425
271 272
271 273
271 274
271 426
272 273
272 274
273 274
273 275
273 278
273 279
273 280
273 281
275 276
275 277
275 278
275 279
275 280
275 281
275 283
275 284
276 277
276 406
276 414
276 425
276 426
278 279
278 280
278 281
278 282
278 283
279 280
279 281
279 282
279 283
279 284
280 281
280 282
280 283
280 366
280 379
280 397
280 428
281 282
281 283
281 284
283 284
283 285
283 286
283 414
284 285
284 286
285 286
287 288
287 289
287 290
287 291
287 328
287 443
288 289
288 290
288 291
289 290
289 440
291 292
291 293
291 294
292 293
292 294
293 294
295 296
295 297
295 298
295 312
295 326
295 342
296 297
296 298
297 298
299 300
299 301
299 302
299 303
299 304
300 301
300 302
300 303
300 304
300 308
300 352
300 418
301 302
301 303
301 304
302 303
302 304
303 304
303 316
304 306
305 306
305 307
305 308
305 309
305 310
305 311
305 312
305 313
305 314
305 315
305 316
305 317
305 328
305 385
305 390
306 307
306 308
306 309
306 310
306 311
306 312
306 313
306 314
306 315
306 316
306 318
306 329
306 332
306 352
307 308
307 309
307 310
307 311
307 312
307 313
307 314
307 315
307 316
307 317
307 328
307 337
307 348
307 351
308 309
308 310
308 311
308 312
308 313
308 314
308 315
308 316
308 318
308 329
308 338
309 310
309 311
309 312
309 313
309 314
309 315
309 316
310 311
310 312
310 313
310 314
310 315
310 316
311 312
311 313
311 314
311 315
311 316
311 337
311 341
311 351
312 313
312 314
312 315
312 316
312 342
312 352
313 314
313 315
313 316
314 315
314 316
315 316
316 332
317 318
317 319
317 320
317 321
317 328
318 319
318 320
318 321
318 329
318 332
319 320
319 321
320 321
322 323
322 324
322 328
322 329
322 332
323 324
325 326
325 327
325 351
326 327
328 329
328 330
328 331
328 332
328 333
328 341
328 397
329 330
329 331
329 332
329 334
329 342
329 352
329 357
329 391
329 397
330 331
330 332
331 332
332 342
332 352
332 357
332 367
332 371
332 372
333 334
333 335
333 336
334 335
334 336
335 336
337 338
337 339
337 340
337 341
337 351
337 387
338 339
338 340
338 351
338 352
338 372
339 340
341 342
341 343
341 344
341 366
341 367
341 370
341 371
341 387
341 397
341 437
342 343
342 344
342 352
342 366
342 367
342 370
342 371
342 377
343 344
345 346
345 347
345 348
345 349
345 350
345 351
345 352
345 385
346 347
346 348
346 349
346 350
346 352
346 386
347 348
347 349
347 350
348 349
348 350
349 350
351 352
351 353
351 354
351 355
351 366
351 385
351 395
351 397
351 402
351 439
352 353
352 354
352 355
352 358
352 372
352 386
352 396
352 403
353 354
353 355
354 355
356 357
356 358
356 366
356 372
356 376
356 377
356 379
356 383
356 384
356 385
356 387
356 395
356 397
357 358
357 367
357 372
357 377
357 384
357 386
357 387
357 396
357 398
358 377
359 360
359 361
359 362
359 363
359 364
359 365
360 361
360 362
360 363
360 364
360 365
361 362
361 363
361 364
361 365
362 363
362 364
362 365
363 364
363 365
364 365
366 367
366 368
366 369
366 370
366 371
366 372
366 376
366 383
366 385
366 387
366 397
367 368
367 369
367 371
367 372
367 384
367 386
367 391
368 369
370 371
370 372
370 376
370 377
370 379
370 383
370 384
370 395
371 372
371 377
371 384
371 396
372 373
372 374
372 375
372 376
372 377
372 378
372 379
372 383
372 384
372 385
372 386
372 391
372 396
372 398
373 374
373 375
373 376
373 377
373 378
374 375
374 376
374 377
374 378
375 376
375 377
375 378
376 377
376 378
376 383
376 397
376 449
377 378
377 379
377 383
377 384
379 380
379 381
379 382
379 383
379 384
379 387
379 397
380 381
380 382
380 383
380 384
381 382
381 383
381 384
382 383
382 384
383 384
383 385
383 387
383 395
384 386
384 396
384 398
384 403
385 386
385 387
385 388
385 389
385 390
385 402
385 403
386 387
386 388
386 389
386 391
386 398
386 403
387 388
387 389
387 390
387 395
387 397
387 402
388 389
390 391
390 392
390 393
390 394
390 395
390 396
390 397
390 398
391 392
391 393
391 394
391 396
391 398
392 393
392 394
393 394
395 396
395 397
395 398
395 399
395 400
395 401
395 402
396 397
396 398
396 399
396 400
396 401
396 402
396 403
397 398
397 399
397 400
397 401
397 402
398 399
398 400
398 401
398 402
398 403
399 400
399 401
400 401
402 403
402 404
402 405
403 404
403 405
404 405
406 407
406 408
406 409
406 410
406 414
406 415
406 417
406 420
406 422
406 425
406 426
406 428
406 437
406 440
406 443
406 447
407 408
407 409
407 410
407 411
407 414
407 415
407 418
407 426
407 428
407 437
407 443
407 448
408 409
410 411
410 412
410 413
410 425
410 426
410 428
410 440
410 447
410 448
411 412
411 413
411 426
411 448
412 413
414 415
414 416
414 417
414 420
414 425
414 428
414 433
414 437
414 440
414 447
415 416
415 418
415 421
415 425
415 426
415 428
415 429
415 437
415 438
415 448
417 418
417 419
417 420
417 425
417 428
417 429
417 433
417 437
418 419
418 425
418 426
418 437
418 438
418 441
420 421
420 422
420 423
420 424
420 425
420 433
420 437
420 443
420 444
420 447
421 422
421 423
421 424
421 426
421 434
421 438
421 444
421 448
422 423
422 424
423 424
425 426
425 427
425 428
425 429
425 430
425 437
426 427
426 428
426 429
426 430
426 437
426 438
427 428
427 429
427 430
428 429
428 430
428 437
429 430
431 432
431 433
431 434
431 435
431 436
432 433
432 434
432 435
432 436
433 434
433 435
433 436
434 435
434 436
434 441
435 436
437 438
437 439
438 439
438 441
439 440
440 441
440 442
440 443
440 444
440 447
440 448
441 442
441 443
441 444
441 447
441 448
443 444
443 445
443 446
443 447
443 448
444 445
444 446
444 448
445 446
447 448
447 449
447 450
448 449
448 450
449 450
451 452
451 453
451 454
451 455
451 456
452 453
452 454
452 455
452 456
453 454
453 455
453 456
454 455
454 456
455 456
