0 1
0 2
0 3
0 4
0 5
0 16
0 22
0 557
1 2
1 3
1 5
1 6
1 21
1 23
1 557
2 3
4 5
4 6
4 16
4 22
5 7
5 23
6 7
6 8
6 9
6 22
6 47
7 8
7 9
7 47
8 9
10 11
10 22
10 23
12 13
12 14
12 15
12 22
13 14
13 15
14 15
16 17
16 18
16 19
16 20
16 21
16 22
16 26
16 37
16 351
17 18
17 19
17 20
17 21
17 23
18 19
18 20
18 21
19 20
19 21
20 21
22 23
22 24
23 24
25 26
25 27
25 28
25 29
25 30
25 31
26 27
26 28
26 29
26 30
26 31
27 28
27 29
27 30
27 31
28 29
28 30
28 31
29 30
29 31
30 31
32 33
32 34
32 35
32 36
32 37
32 51
32 60
32 85
32 89
32 123
32 249
32 278
32 431
32 433
32 434
32 628
33 34
33 35
33 36
33 38
33 47
33 61
33 90
33 444
34 35
34 36
35 36
37 38
37 39
37 40
37 41
37 44
37 60
37 128
37 743
38 39
38 40
38 44
38 61
38 667
39 40
41 42
41 433
43 44
43 45
43 46
44 45
44 46
45 46
47 48
47 49
47 50
47 52
47 61
47 67
47 68
47 73
47 89
47 90
47 668
47 736
48 49
48 50
49 50
51 52
51 53
51 54
51 55
51 56
51 60
51 64
51 123
51 125
51 156
51 158
51 415
51 431
51 434
51 529
51 530
52 53
52 54
52 56
52 65
52 68
52 90
52 124
52 158
52 432
52 444
52 691
53 54
55 56
55 57
55 58
55 59
56 57
56 58
56 59
56 61
56 65
56 68
56 90
56 488
56 529
56 563
57 58
57 59
58 59
60 61
60 62
60 63
60 64
60 67
60 85
60 89
60 90
60 128
60 262
60 631
60 633
61 62
61 63
61 65
61 68
61 73
61 89
61 90
61 100
61 633
61 710
62 63
62 85
64 65
64 66
64 73
64 97
64 119
64 123
64 158
64 179
64 185
64 225
64 285
64 690
65 66
65 73
65 97
65 100
65 119
65 123
65 124
65 137
65 179
65 286
65 699
66 125
67 68
67 69
67 70
67 85
67 89
67 90
68 69
68 70
68 100
68 101
69 70
71 72
71 461
71 462
71 467
71 711
71 712
72 468
73 74
73 75
73 76
73 77
73 78
73 86
73 100
73 101
73 137
73 179
73 192
73 249
73 508
73 512
74 75
74 76
74 77
74 89
75 76
75 77
75 86
75 100
75 102
76 77
78 79
78 80
78 81
78 82
78 83
78 84
79 80
79 81
79 82
79 83
79 84
80 81
80 82
80 83
80 84
81 82
81 83
81 84
82 83
82 84
83 84
85 86
85 87
85 88
85 89
85 592
85 608
85 619
86 87
86 88
86 90
86 101
86 102
86 363
86 592
87 88
89 90
89 91
89 92
89 110
89 249
89 263
89 304
89 389
89 754
90 91
90 92
90 100
90 101
90 102
90 110
90 190
90 754
90 755
91 92
93 94
93 95
93 96
93 110
93 136
93 520
93 594
93 630
93 664
93 665
93 698
93 701
93 705
93 706
93 710
93 712
93 748
94 95
94 96
94 111
94 701
94 706
94 710
95 96
97 98
97 99
97 123
97 124
98 99
98 124
98 186
100 101
100 102
100 103
101 102
101 103
102 103
103 551
104 105
104 106
104 107
104 108
104 109
105 106
105 107
105 108
105 109
106 107
106 108
106 109
107 108
107 109
108 109
108 111
110 111
110 112
110 113
110 119
110 123
110 125
110 142
110 158
110 159
110 165
110 185
110 225
110 431
110 433
110 434
110 461
110 523
111 112
111 113
111 119
111 124
111 158
111 432
111 433
111 434
111 554
112 113
114 115
114 116
114 117
114 118
114 128
114 129
114 178
114 249
114 256
114 377
115 116
115 117
115 118
115 129
115 179
115 257
115 378
116 117
116 118
117 118
119 120
119 121
119 122
119 123
119 124
119 125
119 514
119 515
119 529
119 530
120 121
120 122
120 124
121 122
123 124
123 125
123 126
123 127
123 158
123 285
123 289
123 338
123 356
123 367
123 371
123 415
123 523
124 125
124 126
124 127
124 159
124 290
124 357
124 368
124 416
125 126
125 127
125 151
125 156
125 158
125 247
125 285
125 415
126 127
128 129
128 130
128 131
128 144
129 130
129 131
129 144
129 145
130 131
132 133
132 134
132 135
132 225
133 134
133 135
134 135
136 137
136 138
136 139
136 140
136 141
136 183
136 191
136 253
136 256
136 450
136 523
136 630
137 138
137 139
137 140
137 141
137 142
137 144
137 151
137 179
137 190
137 192
137 217
137 249
137 250
137 254
137 262
138 139
138 140
138 141
139 140
139 141
140 141
142 143
142 178
142 194
142 249
142 250
142 253
142 256
142 257
142 456
142 458
142 459
142 587
143 179
143 196
143 257
143 457
143 459
143 462
143 588
143 589
144 145
144 146
144 147
144 148
144 149
145 146
145 147
145 148
145 149
145 283
146 147
146 148
146 149
147 148
147 149
148 149
150 151
150 152
150 153
150 154
150 155
150 158
150 161
150 185
150 189
150 225
150 249
150 444
151 152
151 153
151 154
151 155
151 159
151 161
151 186
151 190
151 226
151 249
151 286
151 444
152 153
152 154
152 155
152 156
152 285
152 433
153 154
153 155
154 155
156 157
156 158
156 159
156 185
156 225
156 285
156 443
156 690
157 158
157 159
157 161
157 225
157 226
157 234
157 239
157 429
157 699
158 159
158 160
158 161
158 173
158 185
158 225
158 227
158 285
158 286
158 312
158 363
158 364
158 367
158 368
158 407
158 409
158 413
158 456
158 495
158 530
159 160
159 161
159 178
159 186
159 217
159 226
159 249
159 286
159 429
159 691
159 699
161 162
161 163
161 164
161 165
161 166
161 167
162 163
162 164
162 165
162 166
162 167
162 190
163 164
163 165
163 166
163 167
164 165
164 166
164 167
165 166
165 167
165 225
166 167
166 190
166 225
166 226
168 169
168 170
168 172
169 170
169 196
171 172
171 178
171 179
171 196
172 173
172 174
172 178
172 179
172 190
172 194
172 195
172 217
173 174
173 175
173 176
173 178
173 189
173 194
173 216
173 282
174 175
174 176
174 178
174 179
174 190
174 195
174 196
174 217
174 236
175 176
176 196
177 186
177 194
177 195
178 179
178 180
178 181
178 182
178 186
178 189
178 194
178 216
178 217
178 236
178 249
178 253
178 256
178 377
178 379
178 380
178 415
178 587
179 180
179 181
179 182
179 190
179 195
179 196
179 216
179 249
179 250
179 254
179 257
179 377
179 378
179 380
180 181
180 182
181 182
183 184
185 186
185 187
185 188
185 189
185 194
185 195
185 225
185 236
185 238
185 285
185 433
185 682
186 187
186 188
186 190
186 195
186 226
186 286
187 188
189 190
189 191
189 194
189 216
189 236
189 249
189 253
189 282
190 195
190 196
190 217
190 235
190 236
190 237
190 239
190 254
190 256
190 521
190 589
190 665
191 192
191 193
191 194
191 195
191 196
191 236
191 253
191 257
192 193
192 195
192 196
192 217
192 235
192 237
192 254
193 443
194 195
194 196
194 197
194 217
194 235
194 236
194 253
194 256
195 196
195 197
195 217
195 235
195 237
195 249
195 256
195 257
196 197
196 237
198 199
198 200
198 201
198 202
198 203
199 200
199 201
199 202
199 203
200 201
200 202
200 203
200 409
201 202
201 203
202 203
204 205
204 206
205 206
206 216
206 316
207 208
207 209
207 210
207 211
207 238
208 209
208 210
208 211
209 210
209 211
210 211
211 217
212 213
212 214
212 215
212 216
213 214
213 215
213 217
214 215
216 217
216 218
216 219
216 220
216 236
216 238
216 278
216 322
216 626
217 218
217 219
217 220
217 225
217 232
217 235
217 239
217 250
217 253
217 283
218 219
218 220
219 220
221 222
221 223
221 224
221 238
221 630
221 631
221 705
222 223
222 224
223 224
225 226
225 227
225 228
225 229
225 230
225 285
225 682
226 227
226 228
226 229
226 230
226 238
226 239
226 249
226 262
227 228
227 229
227 230
228 229
228 230
229 230
231 232
231 233
231 234
231 630
232 233
232 234
232 284
233 234
235 236
235 237
235 239
235 253
235 254
236 237
236 238
236 239
236 249
236 253
236 257
236 291
237 250
238 239
238 240
238 241
238 711
239 240
239 241
239 249
239 250
239 256
239 313
239 462
240 241
242 243
242 244
242 245
242 246
242 247
242 248
242 407
243 244
243 245
243 246
243 247
243 248
244 245
244 246
244 247
244 248
245 246
245 247
245 248
246 247
246 248
247 248
249 250
249 251
249 252
249 253
249 254
249 256
249 262
249 263
249 274
249 283
249 286
249 334
249 335
249 338
249 339
249 343
249 377
249 378
249 379
249 380
249 387
249 389
249 413
249 419
250 251
250 252
250 253
250 254
250 256
250 257
250 378
250 380
251 252
253 254
253 255
253 256
253 379
253 380
254 255
254 256
254 257
254 271
254 335
254 344
256 257
256 258
256 259
256 262
256 263
256 282
256 299
256 335
256 388
257 258
257 259
257 263
257 335
257 480
257 513
258 259
260 261
260 312
260 313
260 367
260 368
262 263
262 282
262 289
262 299
262 334
262 363
262 371
263 283
263 289
263 300
263 311
263 313
263 371
264 265
264 266
264 267
264 268
264 269
264 282
264 389
265 266
265 267
265 268
265 269
265 300
266 267
266 268
266 269
267 268
267 269
268 269
270 271
270 272
270 273
270 282
270 334
270 363
270 377
270 379
270 387
270 389
270 390
270 393
271 272
271 273
271 283
271 335
271 378
271 380
271 388
271 390
271 393
272 273
274 275
274 276
274 277
274 282
274 377
274 379
274 387
274 389
274 393
275 276
275 277
275 378
275 380
275 388
275 390
275 393
276 277
276 284
278 279
278 280
278 281
278 282
278 299
278 316
278 334
278 338
278 343
278 361
278 364
278 367
278 377
278 378
278 379
278 389
278 393
278 415
278 494
278 495
278 497
278 514
278 529
278 530
278 581
278 582
278 583
279 280
279 281
279 284
279 286
279 344
279 378
279 380
279 388
279 390
279 393
279 452
279 493
279 526
279 582
279 584
279 749
280 281
282 283
282 284
282 285
282 299
282 371
282 377
282 387
282 389
283 284
283 286
283 297
283 300
283 313
283 380
283 393
284 299
284 308
284 395
285 286
285 287
285 288
285 299
285 433
286 287
286 288
286 311
286 313
286 383
286 398
287 288
289 290
289 291
289 292
289 293
289 316
289 317
289 338
289 343
289 361
289 367
290 291
290 292
290 293
290 317
290 339
290 344
290 362
290 368
291 292
291 293
292 293
294 295
294 296
294 297
294 298
294 299
294 300
294 313
295 296
295 297
295 298
296 297
296 298
297 298
297 300
297 313
297 393
298 361
298 362
299 300
299 301
299 302
299 303
299 304
299 312
299 316
299 338
299 363
299 367
300 301
300 302
300 303
300 304
300 312
300 313
300 317
300 338
300 339
300 346
300 364
300 368
300 712
301 302
301 303
302 303
304 305
304 306
304 307
304 311
304 312
304 334
304 338
305 306
305 307
305 313
305 315
305 344
305 749
306 307
306 311
306 313
306 335
306 339
306 343
306 723
307 308
307 309
307 310
307 311
308 309
308 310
308 311
309 310
309 311
310 311
311 312
311 313
312 313
312 314
312 315
312 334
312 343
312 363
312 367
312 368
312 700
313 314
313 315
313 317
313 335
313 339
313 344
313 368
314 315
315 364
316 317
316 318
316 319
316 320
316 321
316 334
316 338
316 356
316 361
316 363
316 367
316 371
316 382
316 387
316 389
317 318
317 319
317 320
317 321
317 339
317 356
317 357
317 362
317 367
317 368
317 371
318 319
318 320
318 321
319 320
319 321
320 321
320 368
322 323
322 324
322 325
322 326
322 327
322 328
322 329
322 330
322 331
322 332
322 333
323 324
323 325
323 326
323 327
323 328
323 329
323 330
323 331
323 332
323 333
324 325
324 326
324 327
324 328
324 329
324 330
324 331
324 332
324 333
325 326
325 327
325 328
325 329
325 330
325 331
325 332
325 333
326 327
326 328
326 329
326 330
326 331
326 332
326 333
327 328
327 329
327 330
327 331
327 332
327 333
328 329
328 330
328 331
328 332
328 333
329 330
329 331
329 332
329 333
330 331
330 332
330 333
331 332
331 333
332 333
334 335
334 336
334 337
334 338
334 343
334 344
334 345
334 346
334 356
334 361
334 371
334 377
335 336
335 337
335 339
335 343
335 344
335 346
335 357
335 362
335 364
335 368
335 378
335 393
336 337
338 339
338 340
338 341
338 342
338 343
338 361
338 362
338 363
338 367
338 371
338 377
338 664
339 340
339 341
339 342
339 344
339 346
339 357
339 362
339 364
339 368
339 372
340 341
340 342
341 342
343 344
343 345
343 346
343 347
343 348
343 356
343 361
343 367
343 377
344 345
344 346
344 347
344 349
344 357
344 361
344 362
344 364
344 368
344 378
344 393
345 346
345 347
346 347
346 349
346 364
348 349
348 350
348 367
348 720
348 721
349 350
349 721
349 723
351 352
351 353
351 354
351 355
352 353
352 354
352 355
353 354
353 355
354 355
356 357
356 358
356 359
356 360
356 361
356 362
356 363
356 364
356 367
356 387
356 733
357 358
357 359
357 360
357 362
357 364
357 368
358 359
358 360
358 361
359 360
361 362
361 363
361 364
361 365
361 366
361 367
361 371
362 363
362 364
362 365
362 366
362 367
362 368
362 372
363 364
363 365
363 366
363 367
363 371
364 365
364 366
364 368
364 372
364 393
365 366
367 368
367 369
367 370
367 371
368 369
368 370
368 372
369 370
371 372
371 373
371 374
371 375
371 376
372 373
372 374
372 375
372 376
373 374
373 375
373 376
374 375
374 376
375 376
377 378
377 379
377 380
377 381
377 383
377 387
377 388
377 389
377 390
377 393
378 379
378 380
378 381
378 383
378 388
378 390
378 393
379 380
379 381
379 382
379 387
379 389
380 381
380 383
380 388
380 390
380 393
382 383
382 384
382 385
382 386
382 387
382 388
382 409
382 415
382 443
383 384
383 385
383 386
383 388
383 390
383 408
383 413
383 416
384 385
384 386
385 386
387 388
387 389
387 390
387 391
387 392
387 393
387 441
387 545
388 389
388 390
388 391
388 392
388 393
389 390
389 391
389 392
390 391
390 392
390 393
391 392
393 394
393 395
393 396
393 442
394 395
394 396
395 396
397 398
397 399
397 400
398 399
398 400
399 400
401 402
401 403
401 404
401 405
401 406
401 407
401 408
401 409
401 413
401 415
401 416
402 403
402 404
402 405
402 406
403 404
403 405
403 406
404 405
404 406
405 406
407 408
407 409
407 410
407 411
407 412
407 413
407 415
407 416
407 443
407 647
408 409
408 410
408 411
408 412
408 413
408 416
408 432
408 433
408 434
409 410
409 411
409 412
409 413
409 415
409 416
409 433
409 443
409 551
409 641
410 411
410 412
411 412
412 413
412 416
413 414
413 415
413 416
413 487
413 594
415 416
415 417
415 418
415 432
415 433
415 634
415 637
415 643
415 693
416 417
416 418
416 432
416 434
416 444
416 634
416 637
416 643
417 418
419 420
421 422
421 423
421 424
421 581
421 582
421 583
422 423
422 424
423 424
425 426
425 427
425 428
425 429
426 427
426 428
426 429
427 428
427 429
428 429
430 431
430 432
430 433
430 434
431 432
431 433
431 434
431 435
431 441
431 443
431 488
431 523
431 634
432 433
432 434
432 435
432 442
432 444
432 488
432 634
433 434
433 435
433 441
433 443
433 487
433 488
433 523
434 435
434 436
434 442
434 443
434 444
434 488
434 523
436 437
436 438
436 439
436 440
436 441
436 442
436 443
436 444
437 438
437 439
437 440
438 439
438 440
439 440
441 442
441 443
441 447
441 728
442 443
442 444
442 728
443 444
443 445
443 446
443 488
443 634
444 445
444 446
444 488
444 524
445 446
447 448
447 449
448 449
450 451
452 453
452 454
452 455
452 457
452 462
453 454
453 455
454 455
456 457
456 458
456 459
456 460
456 461
456 462
456 466
456 475
456 548
456 581
456 592
456 594
457 458
457 459
457 460
457 461
457 462
457 493
457 581
458 459
458 460
458 461
458 475
458 581
459 460
459 462
459 476
459 581
461 462
461 463
461 464
461 465
461 467
461 472
461 475
461 592
461 594
461 664
461 665
461 666
461 667
461 711
461 712
462 463
462 464
462 465
462 468
462 476
462 493
462 583
463 464
463 465
464 465
466 467
466 468
466 664
466 712
467 468
467 469
467 470
467 471
467 472
467 475
467 536
467 603
467 664
467 665
467 666
468 469
468 470
468 471
468 473
468 476
468 604
469 470
469 471
470 471
472 473
472 474
472 475
473 474
473 476
475 476
475 477
475 478
475 700
476 477
476 478
476 700
477 478
479 480
479 481
479 482
479 666
480 481
480 482
481 482
483 484
483 485
483 486
483 520
484 485
484 486
485 486
487 488
487 530
488 530
489 490
489 491
489 545
489 569
489 570
489 607
490 491
490 492
490 546
490 569
490 570
490 607
493 615
494 495
494 496
494 497
494 498
494 499
494 500
494 501
494 514
494 520
495 496
495 497
495 498
495 499
495 500
495 501
495 514
495 515
495 521
496 497
496 498
496 499
496 500
496 501
496 515
496 521
497 498
497 499
497 500
497 501
497 515
497 520
497 521
498 499
498 500
498 501
499 500
499 501
500 501
502 503
502 504
502 505
502 512
502 513
502 514
503 504
503 505
503 513
503 515
504 505
506 507
506 512
507 513
508 509
508 510
508 511
508 512
508 513
509 510
509 511
510 511
512 513
512 514
512 518
513 515
513 518
513 519
514 515
514 516
514 517
514 518
514 519
515 516
515 517
515 518
515 519
515 521
516 517
516 518
516 519
517 518
517 519
518 519
520 521
520 522
520 614
520 687
521 522
521 542
521 614
523 524
523 525
524 525
526 527
526 528
526 529
526 530
526 533
526 536
526 537
527 528
529 530
529 531
529 532
529 536
530 531
530 533
530 537
530 667
532 533
532 534
532 535
532 536
533 534
533 535
533 537
533 700
534 535
535 551
536 537
536 538
536 539
536 540
537 538
537 539
537 540
538 539
538 540
539 540
541 542
541 543
541 544
541 545
541 547
541 581
541 582
541 583
541 657
542 543
542 544
542 546
542 548
542 581
542 582
542 584
542 657
542 658
543 544
544 545
544 546
544 548
544 582
545 546
545 547
545 548
545 549
545 550
545 551
545 552
545 553
545 554
545 557
545 558
545 569
545 570
545 573
545 574
545 577
545 581
545 672
546 547
546 548
546 549
546 550
546 551
546 552
546 553
546 554
546 557
546 558
546 569
546 570
546 573
546 574
546 577
546 578
546 582
547 548
547 549
547 550
547 551
547 552
547 553
547 554
547 557
547 569
547 577
548 549
548 550
548 551
548 552
548 553
548 554
548 555
548 558
548 578
549 550
549 551
549 552
549 553
550 551
550 552
550 553
551 552
551 553
551 554
551 555
551 557
551 569
551 577
552 553
552 554
552 555
552 558
552 570
554 555
554 556
554 569
554 672
555 556
555 570
557 558
557 559
557 560
557 561
557 603
558 559
558 560
558 561
558 656
559 560
559 561
560 561
562 563
562 656
564 565
564 566
565 566
565 656
565 723
567 568
567 594
569 570
569 571
569 572
569 573
569 574
569 592
569 594
569 657
569 665
570 571
570 572
570 573
570 574
570 593
570 595
570 658
570 664
570 665
570 667
571 572
573 574
573 575
573 576
574 575
574 576
575 576
577 578
577 579
577 580
577 581
577 583
578 579
578 580
578 584
579 580
581 582
581 583
581 584
581 585
581 586
581 603
581 627
582 583
582 584
582 585
582 586
582 593
582 604
583 584
583 585
583 586
584 585
584 586
585 586
587 588
587 589
587 590
587 591
587 592
587 594
587 603
587 627
587 647
588 589
588 590
588 591
588 593
588 604
588 627
588 648
588 693
589 590
589 591
589 595
589 604
589 648
590 591
592 593
592 594
592 595
592 596
592 597
592 603
592 608
593 594
593 595
593 596
593 597
593 601
593 607
593 608
593 663
593 747
594 595
594 596
594 597
594 608
594 626
594 655
594 657
594 700
595 596
595 597
595 608
595 627
595 648
595 656
595 658
595 712
596 597
598 599
598 600
598 601
598 602
599 600
599 601
599 602
600 601
600 602
600 655
600 656
600 657
600 658
601 602
601 656
603 604
603 605
603 606
603 626
603 628
604 605
604 606
604 626
604 627
604 673
605 606
608 609
608 610
608 611
608 612
608 613
609 610
609 611
609 612
609 613
610 611
610 612
610 613
611 612
611 613
612 613
614 615
614 616
614 617
614 618
615 616
615 617
615 618
615 667
616 617
616 618
617 618
619 620
619 621
619 622
619 623
620 621
620 622
620 623
621 622
621 623
622 623
624 625
625 626
626 627
626 673
627 673
628 629
628 724
630 631
630 632
630 633
630 634
630 682
630 705
630 711
630 728
631 632
631 633
631 667
631 700
631 701
631 706
631 712
631 729
632 633
633 634
633 635
634 635
634 636
634 637
634 641
634 643
634 647
634 664
634 693
635 636
635 638
635 642
635 648
635 701
637 638
637 639
637 640
638 639
638 640
639 640
641 642
641 693
643 644
643 645
643 646
644 645
644 646
645 646
647 648
647 649
647 650
647 655
647 693
648 649
648 650
649 650
651 652
651 653
651 654
651 657
652 653
652 654
652 657
652 658
653 654
655 656
655 657
655 658
655 659
655 660
655 661
655 666
655 667
655 720
656 657
656 658
656 659
656 660
656 661
657 658
657 659
657 660
657 661
657 720
658 659
658 660
658 661
658 664
658 667
658 721
658 723
659 660
659 661
660 661
662 663
662 666
663 665
664 665
664 666
664 667
665 666
665 667
665 687
665 700
666 667
666 672
666 680
666 686
666 700
666 711
667 700
667 748
668 669
668 670
668 671
669 670
669 671
669 700
670 671
672 673
672 674
672 678
672 679
672 743
672 744
673 674
673 679
675 678
676 677
676 678
677 679
678 679
679 712
680 681
682 683
682 684
682 685
683 684
683 685
684 685
686 687
686 688
686 689
686 698
686 705
687 688
687 689
687 693
688 689
690 691
690 692
690 693
690 694
690 695
690 696
690 697
690 698
690 699
690 700
690 705
690 706
691 692
691 693
691 694
691 695
691 696
691 697
691 698
691 699
691 701
691 706
691 712
692 693
692 694
692 695
692 696
692 697
692 698
692 699
693 694
693 695
693 696
693 697
693 698
693 699
693 701
693 706
694 695
694 696
694 697
694 698
694 699
695 696
695 697
695 698
695 699
696 697
696 698
696 699
697 698
697 699
698 699
698 700
698 705
698 715
699 701
699 706
699 712
700 701
700 702
700 703
700 704
700 705
700 706
700 710
700 711
700 712
700 720
700 721
700 724
700 728
700 733
700 748
701 702
701 703
701 704
701 710
701 711
701 712
701 721
701 723
701 728
701 729
701 734
701 749
702 703
702 704
703 704
705 706
705 707
705 708
705 709
705 710
705 711
705 712
705 715
705 724
705 748
706 707
706 708
706 709
706 710
706 711
706 712
706 716
707 708
707 709
708 709
710 714
711 712
711 713
711 714
711 715
711 720
711 721
711 724
711 728
712 713
712 714
712 721
712 723
712 729
712 749
713 714
715 716
715 717
715 718
715 719
716 717
716 718
716 719
717 718
717 719
718 719
720 721
720 722
720 723
720 724
720 725
721 722
721 723
721 724
721 726
722 723
722 724
723 724
723 726
724 725
725 726
725 727
725 733
725 734
726 727
726 734
728 729
728 730
728 731
728 732
728 733
729 730
729 731
729 732
729 734
730 731
730 732
731 732
733 734
733 735
733 748
733 749
734 735
734 749
736 737
736 738
736 739
736 740
736 741
736 742
737 738
737 739
737 740
737 741
737 742
738 739
738 740
738 741
738 742
739 740
739 741
739 742
740 741
740 742
741 742
743 744
743 745
743 746
743 747
744 745
744 746
744 747
745 746
745 747
746 747
748 749
748 750
748 751
748 752
748 753
749 750
749 751
749 752
749 753
750 751
750 752
750 753
751 752
751 753
752 753
754 755
