0 1
0 2
0 3
0 6
0 16
0 108
1 2
1 4
1 17
1 88
1 108
1 109
3 4
3 5
3 325
4 5
6 7
6 8
6 9
6 10
7 8
7 9
7 10
8 9
8 10
9 10
11 12
11 13
11 14
11 15
11 26
11 30
11 108
11 321
11 882
11 883
11 886
12 13
12 14
12 15
12 22
12 27
12 30
12 31
12 50
12 83
12 109
12 887
13 14
13 15
14 15
16 17
16 18
16 19
16 20
16 21
16 22
16 126
16 141
16 514
16 515
16 527
16 528
16 598
16 815
17 18
17 19
17 20
17 21
17 22
17 27
17 513
17 515
17 520
17 527
17 528
17 539
17 598
17 816
17 887
18 19
18 20
19 20
21 22
21 23
21 24
21 25
21 26
21 27
21 30
21 141
21 528
21 598
21 815
21 896
21 898
21 900
21 916
22 23
22 24
22 25
22 27
22 30
22 124
22 527
22 598
22 887
23 24
23 25
24 25
26 27
26 28
26 29
26 30
26 31
26 45
26 141
26 527
26 528
26 882
26 886
27 28
27 29
27 30
27 31
27 104
27 105
27 106
27 109
27 142
27 528
27 887
27 893
28 29
30 31
30 32
30 33
30 254
30 282
30 326
30 561
31 32
31 33
31 99
31 109
31 254
31 282
31 326
31 333
31 486
31 528
31 561
31 562
31 883
32 33
34 35
35 64
36 37
36 38
36 39
36 469
37 38
37 39
37 99
38 39
40 41
40 42
40 43
41 42
41 43
41 104
41 155
41 157
41 696
41 786
42 43
42 697
44 45
44 46
44 47
44 48
45 46
45 47
45 48
45 84
45 103
46 47
46 48
47 48
48 98
48 99
49 50
49 51
49 52
49 72
49 73
49 502
49 598
49 875
49 876
49 892
49 1042
50 51
50 52
50 73
50 79
50 598
50 657
50 877
50 890
50 1042
51 52
53 54
53 55
53 56
53 57
53 58
53 59
53 64
53 65
53 108
53 109
53 497
53 563
53 701
53 713
53 714
54 55
54 56
54 57
54 58
54 59
54 64
54 65
54 79
54 497
54 498
54 713
54 714
55 56
55 57
55 58
55 59
55 65
55 79
55 238
55 269
55 497
55 713
55 907
56 57
56 58
56 59
56 65
56 67
56 83
56 85
56 88
56 90
56 497
56 713
56 714
57 58
57 59
58 59
60 61
60 62
60 63
60 514
60 648
61 62
61 63
62 63
64 65
64 66
64 67
64 68
64 69
64 70
64 71
64 650
64 651
64 656
64 657
64 669
64 675
64 896
65 66
65 67
65 68
65 69
65 70
65 71
65 73
65 88
65 650
65 656
65 657
65 896
65 900
66 67
66 68
66 69
66 70
66 71
66 72
66 73
66 80
66 126
66 604
66 650
66 656
66 657
66 866
66 975
67 68
67 69
67 70
67 71
67 73
67 649
67 650
67 653
67 656
67 657
67 975
68 69
68 70
68 71
69 70
69 71
69 73
69 80
69 604
69 650
69 656
69 657
69 866
69 975
70 71
70 73
70 649
70 650
70 653
70 656
70 657
70 975
72 73
72 74
72 75
72 480
72 502
72 892
73 74
73 75
74 75
76 77
76 78
76 80
76 272
76 273
77 78
77 80
77 274
79 79
79 80
79 81
79 83
79 88
79 90
79 451
80 81
80 83
80 84
80 85
80 89
80 90
80 451
80 481
81 83
81 84
81 85
81 88
81 90
81 601
82 83
82 84
82 85
82 86
82 88
82 171
82 175
82 751
83 84
83 85
83 86
83 88
83 90
83 162
83 171
83 172
83 175
83 176
84 85
84 86
84 87
84 89
84 90
84 106
84 171
84 175
84 176
84 481
84 779
84 882
85 86
85 87
85 90
85 164
85 168
85 169
85 171
85 172
85 175
85 176
85 601
86 163
86 481
87 88
87 89
87 90
87 207
87 223
87 494
87 502
87 563
88 90
88 202
88 208
89 90
89 98
89 171
91 92
91 93
91 94
91 95
91 96
91 97
91 155
91 156
91 171
91 525
91 563
91 575
91 611
91 628
91 629
91 630
91 642
91 643
91 663
91 683
91 733
91 750
91 758
91 774
91 828
92 93
92 94
92 95
92 96
92 97
92 155
92 156
92 157
92 172
92 189
92 629
92 630
92 773
92 774
92 776
92 780
92 786
92 788
92 790
93 94
93 95
93 96
93 97
93 156
94 95
94 96
94 97
94 155
94 156
94 157
95 96
95 97
96 97
98 99
98 100
98 101
98 102
98 108
98 109
98 137
98 144
98 519
98 551
98 733
98 734
98 794
98 795
98 892
99 100
99 101
99 102
99 108
99 144
99 172
99 733
99 734
99 794
99 795
99 892
99 893
100 101
100 102
101 102
103 104
103 105
103 106
103 107
103 127
103 128
103 130
103 131
103 137
103 138
103 141
103 142
103 223
103 547
103 876
104 105
104 106
104 107
104 127
104 130
104 137
104 138
104 625
104 877
105 106
105 107
105 124
105 127
105 130
105 137
105 138
105 142
106 107
106 127
106 129
106 130
106 137
106 516
106 617
106 877
108 109
108 110
108 111
108 112
108 113
108 144
108 705
108 733
108 773
108 774
109 110
109 111
109 112
109 113
109 144
109 705
109 733
109 893
109 991
109 992
110 111
110 112
110 113
111 112
111 113
112 113
114 115
114 116
114 117
114 118
114 119
114 120
114 538
114 539
115 116
115 117
115 118
115 119
115 120
116 117
116 118
116 119
116 120
116 534
117 118
117 119
117 120
117 535
118 119
118 120
118 779
119 120
121 122
121 123
121 124
121 125
121 126
121 137
121 223
121 225
121 512
121 625
122 123
122 124
122 125
122 126
122 224
122 226
122 228
122 695
122 774
122 790
123 124
123 125
123 126
124 125
124 126
124 142
125 126
126 514
127 128
127 129
127 137
127 138
127 141
127 142
128 129
128 138
128 141
130 131
130 132
130 133
130 134
130 135
130 136
130 137
130 138
130 141
130 142
131 132
131 133
131 134
131 135
131 136
131 137
131 138
131 141
131 696
132 133
132 134
132 135
132 136
132 577
132 669
132 675
132 695
132 780
132 853
132 854
132 855
132 856
133 134
133 135
133 136
133 697
133 780
133 856
134 135
134 136
135 136
137 138
137 139
137 140
137 141
137 142
137 143
137 144
137 794
138 139
138 140
138 141
138 142
138 143
138 691
138 877
138 893
139 140
139 141
139 142
139 143
140 141
140 142
140 143
141 142
141 143
141 210
141 563
141 589
141 675
142 143
144 145
144 146
144 147
144 733
144 735
144 794
144 795
145 146
145 147
145 733
145 734
145 735
146 147
146 398
148 149
148 150
148 151
148 152
148 312
148 313
149 150
149 151
149 152
149 670
149 675
149 676
150 151
150 152
151 152
153 154
154 834
155 156
155 157
155 158
155 159
155 160
155 176
155 264
155 508
155 629
155 630
155 637
156 157
156 158
156 159
156 160
156 161
156 163
156 171
156 175
156 179
156 184
156 193
156 202
157 158
157 159
157 160
157 162
157 164
157 172
157 176
157 264
157 508
157 629
157 637
158 159
158 160
159 160
161 162
161 163
161 164
161 165
161 168
161 171
161 175
161 179
161 184
161 193
161 202
161 459
161 880
161 934
162 163
162 164
162 165
162 169
162 172
162 176
162 180
162 185
162 189
162 194
162 203
162 460
162 880
163 164
163 165
163 166
163 168
163 171
163 175
163 179
163 184
163 193
163 276
163 459
164 165
164 166
164 169
164 172
164 176
164 180
164 185
164 194
164 460
166 167
166 168
166 169
166 170
167 168
167 169
167 170
168 169
168 170
168 171
168 175
169 170
169 172
169 176
169 189
171 172
171 173
171 174
171 175
171 179
171 184
171 193
171 642
171 734
171 735
172 173
172 174
172 176
172 189
172 460
172 629
172 734
172 735
172 961
173 174
175 176
175 177
175 178
175 179
175 184
175 193
175 202
175 254
175 690
175 794
176 177
176 178
176 180
176 184
176 185
176 189
176 194
176 203
176 255
177 178
179 180
179 181
179 182
179 183
179 214
179 690
179 691
180 181
180 182
180 183
180 189
180 691
181 182
181 183
182 183
184 185
184 186
184 187
184 188
184 214
184 690
184 691
185 186
185 187
185 188
185 189
185 194
185 203
185 215
185 224
185 242
185 687
185 691
185 696
185 816
185 1032
186 187
186 188
187 188
189 190
189 191
189 218
189 219
189 223
189 224
189 448
189 548
189 684
189 691
191 192
193 194
193 195
193 196
193 202
193 207
193 208
193 214
193 254
193 713
194 195
194 196
194 203
194 208
194 226
194 255
194 264
195 196
197 198
197 199
197 200
197 201
198 199
198 200
198 201
198 202
198 207
198 208
198 254
199 200
199 201
199 203
199 208
199 255
200 201
202 203
202 204
202 205
202 206
202 207
202 210
202 214
202 218
202 223
202 225
202 231
202 236
202 241
202 250
202 254
202 258
202 263
202 575
202 576
202 577
202 578
202 886
203 204
203 205
203 206
203 208
203 219
203 224
203 226
203 228
203 232
203 242
203 251
203 255
203 575
203 576
203 577
203 578
204 205
204 206
205 206
207 208
207 209
207 210
207 214
207 218
207 223
207 598
207 620
207 815
208 209
208 210
208 211
208 214
208 215
208 219
208 599
208 816
209 214
209 215
209 896
209 900
210 211
210 212
210 213
210 214
210 223
210 254
210 263
210 665
211 212
211 213
211 215
211 255
211 288
212 213
214 215
214 216
214 217
214 218
214 223
214 231
214 241
214 250
214 254
214 258
214 296
214 434
215 216
215 217
215 219
215 223
215 224
215 232
215 234
215 237
215 251
215 255
215 259
215 293
215 297
215 435
215 486
215 625
216 217
218 219
218 220
218 221
218 222
218 223
218 225
218 231
218 254
218 255
218 263
218 272
218 273
218 577
219 220
219 221
219 222
219 224
219 226
219 228
219 232
219 234
219 255
219 289
219 306
220 221
220 222
221 222
223 224
223 225
223 226
223 227
223 228
223 229
223 230
223 231
223 236
223 241
223 244
223 254
223 263
223 273
223 391
223 392
223 395
223 479
223 480
223 563
223 574
223 665
223 815
223 947
223 979
223 980
224 225
224 226
224 227
224 228
224 229
224 230
224 232
224 234
224 249
224 255
224 288
224 392
224 396
224 435
224 816
224 948
224 1020
224 1021
225 226
225 227
225 228
225 229
225 230
225 392
225 815
226 227
226 228
226 229
226 230
226 232
226 236
226 237
226 241
226 242
226 250
226 254
226 255
226 259
226 264
226 392
227 228
227 229
227 230
228 229
228 230
228 242
228 392
228 396
228 435
228 816
228 948
229 230
231 232
231 233
231 234
231 235
231 236
231 241
231 248
231 254
231 371
231 434
231 598
232 233
232 234
232 235
232 237
232 242
232 249
232 255
232 306
232 435
232 599
233 234
233 235
234 235
234 237
234 242
234 435
234 599
236 237
236 238
236 239
236 240
237 238
237 239
237 240
237 255
237 306
238 239
238 240
239 240
240 443
241 242
241 243
241 254
241 255
242 243
242 255
244 245
244 246
244 247
244 254
244 675
244 780
245 246
245 247
246 247
248 249
250 251
250 252
250 253
250 254
250 263
250 287
250 575
250 576
250 577
250 578
251 252
251 253
251 255
251 264
251 270
251 575
251 576
251 577
251 578
252 253
252 519
252 713
252 815
254 255
254 256
254 257
254 258
254 263
254 287
254 292
254 575
254 607
254 690
255 256
255 257
255 259
255 264
255 270
255 292
255 576
256 257
258 259
258 260
258 261
258 262
258 263
258 272
258 287
258 321
259 260
259 261
259 262
259 264
259 270
259 273
259 274
259 288
259 289
260 261
260 262
261 262
263 264
263 265
263 266
263 267
263 269
263 272
263 287
263 563
263 709
263 864
264 265
264 266
264 267
264 270
264 273
264 274
264 288
264 289
265 266
265 267
266 267
268 269
268 288
268 289
269 934
270 271
270 273
270 278
270 288
270 520
270 585
270 691
270 761
270 762
270 768
271 760
271 762
271 768
272 273
272 274
272 275
272 276
272 282
272 283
272 287
272 292
272 293
272 298
272 299
272 561
272 562
272 853
272 854
272 855
272 856
272 1004
272 1005
273 274
273 275
273 276
273 283
273 288
273 562
273 854
273 855
273 856
273 1005
274 275
274 276
274 283
274 288
274 299
274 348
274 562
274 1005
275 276
277 278
277 279
277 280
277 281
277 321
277 324
277 326
278 279
278 280
278 281
278 288
278 289
278 470
278 486
279 280
279 281
280 281
282 283
282 284
282 285
282 286
283 284
283 285
283 286
284 285
284 286
285 286
287 288
287 289
287 290
287 291
287 296
287 298
287 527
287 561
288 289
288 290
288 291
288 293
288 299
288 304
288 306
288 348
288 562
288 564
288 571
289 290
289 291
289 293
289 299
289 562
289 564
289 571
290 291
290 557
290 779
290 855
292 293
292 294
292 295
292 296
292 297
292 298
292 299
292 391
292 392
292 459
293 294
293 295
293 296
293 297
293 298
293 299
293 311
293 391
293 392
293 441
293 442
293 444
293 448
294 295
294 296
294 297
295 296
295 297
296 297
296 443
297 304
297 306
298 299
298 300
298 301
298 302
298 303
298 318
298 371
299 300
299 301
299 302
299 303
299 304
299 306
299 317
299 319
299 372
300 301
300 302
300 303
300 318
301 302
301 303
302 303
304 305
304 306
304 307
304 309
304 313
304 340
304 486
305 306
305 307
305 339
306 307
306 309
306 313
306 317
306 339
306 340
306 359
308 309
308 310
308 311
308 312
308 318
309 310
309 311
309 313
309 317
309 319
310 311
310 441
311 340
312 313
312 314
312 315
312 316
312 317
312 318
312 324
312 334
312 335
312 339
312 954
312 958
313 314
313 315
313 316
313 317
313 319
313 333
313 336
313 340
313 432
313 524
313 955
313 958
314 315
314 316
315 316
317 318
317 319
317 320
317 324
317 325
317 331
317 333
317 385
317 435
317 561
318 319
318 320
318 321
318 324
318 334
318 436
318 911
318 958
318 965
319 320
319 322
319 325
319 437
319 576
319 578
319 958
319 966
321 322
321 323
321 331
321 347
321 348
321 358
321 441
321 485
321 876
321 911
321 912
321 938
321 960
322 323
322 331
322 336
322 340
322 441
322 893
322 911
324 325
324 326
324 327
324 328
324 329
324 333
324 335
324 336
324 375
324 376
324 377
324 382
324 434
324 435
324 479
324 480
324 481
324 485
325 326
325 327
325 328
325 329
325 331
325 336
325 481
325 526
326 327
326 328
326 329
326 331
326 336
326 371
326 391
326 483
327 328
327 329
327 330
327 331
327 336
327 391
327 392
328 329
330 331
330 332
330 371
330 372
330 1023
330 1024
330 1026
331 332
331 371
331 1024
333 334
333 371
333 372
335 336
335 337
335 338
336 337
336 338
336 339
336 340
336 371
336 372
337 338
339 340
339 341
339 342
339 343
339 344
339 534
340 341
340 342
340 343
340 344
340 372
341 342
341 343
341 344
342 343
342 344
343 344
343 435
345 346
346 398
347 348
347 349
347 350
347 375
348 349
348 350
348 375
348 376
348 377
348 382
348 399
349 350
351 352
351 353
351 372
351 385
351 389
351 480
351 846
352 353
352 761
354 355
354 356
354 357
354 398
354 399
355 356
355 357
355 376
356 357
358 359
358 360
358 361
358 362
358 363
358 398
358 399
358 426
359 360
359 361
359 362
359 363
359 377
359 398
359 479
360 361
360 362
360 363
361 362
361 363
362 363
364 365
364 366
364 367
364 368
364 369
364 370
365 366
365 367
365 368
365 369
365 370
365 846
366 367
366 368
366 369
366 370
367 368
367 369
367 370
368 369
368 370
369 370
371 372
371 373
371 374
371 376
372 373
372 374
372 376
373 374
373 845
375 376
375 377
375 378
375 379
375 380
375 381
375 382
375 383
375 389
375 410
376 377
376 378
376 379
376 380
376 381
376 382
376 383
377 378
377 379
377 380
377 381
377 382
377 383
378 379
378 380
378 381
378 382
378 383
379 380
379 381
379 382
379 383
380 381
380 382
380 383
381 382
381 383
382 383
382 1036
384 385
384 386
384 387
384 388
384 389
384 390
384 845
385 386
385 387
385 388
385 389
385 390
385 846
386 387
386 388
386 389
386 390
387 388
387 389
387 390
388 389
388 390
389 390
391 392
391 393
391 394
391 395
391 396
391 437
391 459
391 514
391 947
392 393
392 394
392 395
392 437
392 514
392 625
392 947
393 394
395 396
395 397
396 397
398 399
398 400
398 441
398 934
399 400
401 402
401 403
401 404
401 405
401 406
401 407
401 408
401 409
402 403
402 404
402 405
402 406
402 407
402 408
402 409
403 404
403 405
403 406
403 407
403 408
403 409
404 405
404 406
404 407
404 408
404 409
405 406
405 407
405 408
405 409
405 1016
405 1023
405 1028
406 407
406 408
406 409
406 1017
406 1024
407 408
407 409
408 409
410 411
410 412
410 413
410 414
410 415
410 416
410 417
410 418
410 419
410 426
411 412
411 413
411 414
411 415
411 416
411 417
411 418
411 419
411 426
411 427
412 413
412 414
412 415
412 416
412 417
412 418
412 419
413 414
413 415
413 416
413 417
413 418
413 419
414 415
414 416
414 417
414 418
414 419
415 416
415 417
415 418
415 419
416 417
416 418
416 419
417 418
417 419
418 419
420 421
420 422
420 423
420 424
420 425
421 422
421 423
421 424
421 425
421 427
422 423
422 424
422 425
423 424
423 425
424 425
426 427
426 428
426 429
426 430
426 434
426 435
426 437
426 447
426 479
426 480
426 481
426 485
427 428
427 429
427 430
427 434
427 435
427 437
427 447
427 479
428 429
428 430
429 430
431 432
431 433
432 433
434 435
434 436
434 437
434 438
434 439
434 440
434 441
434 442
434 443
434 444
434 479
434 480
434 481
435 436
435 437
435 438
435 439
435 440
435 444
435 479
435 480
436 437
436 438
436 439
436 440
437 438
437 439
437 440
438 439
438 440
439 440
441 442
441 443
441 444
441 445
441 446
441 447
441 479
442 443
442 444
442 445
442 446
442 447
442 479
442 972
442 1040
443 444
443 445
443 446
443 447
443 479
443 483
443 577
443 1004
444 445
444 446
444 447
445 446
445 447
446 447
447 959
447 961
448 449
448 450
448 802
449 450
451 452
451 453
451 454
451 455
451 456
451 457
451 458
452 453
452 454
452 455
452 456
452 457
452 458
453 454
453 455
453 456
453 457
453 458
454 455
454 456
454 457
454 458
455 456
455 457
455 458
456 457
456 458
457 458
459 460
459 461
459 462
459 463
459 464
459 469
459 548
459 575
460 461
460 462
460 464
460 469
460 513
460 547
460 548
460 575
461 462
463 464
463 465
463 466
463 467
463 468
463 469
463 512
463 545
463 575
463 628
463 815
464 465
464 466
464 467
464 468
464 469
464 470
464 545
464 558
464 576
465 466
465 467
465 468
466 467
466 468
467 468
468 602
469 470
469 471
469 472
470 471
470 472
470 625
470 629
470 1005
471 472
473 474
473 475
473 476
473 477
473 478
473 605
473 606
473 773
473 774
474 475
474 476
474 477
474 478
474 773
475 476
475 477
475 478
476 477
476 478
477 478
479 480
479 481
479 482
479 483
479 484
479 547
479 563
480 481
480 482
480 483
480 484
480 547
481 482
481 483
481 484
482 483
482 484
483 484
485 486
485 487
485 488
485 489
485 544
485 602
485 886
485 1020
486 487
486 488
486 602
486 897
486 899
486 1020
487 488
487 934
487 991
489 490
489 491
489 492
489 493
489 824
489 830
489 896
489 898
490 491
490 492
490 493
491 492
491 493
492 493
494 495
494 496
494 502
494 503
494 538
494 705
494 713
494 717
494 724
494 762
494 785
495 496
495 503
495 602
495 710
495 713
495 714
495 717
495 897
495 899
495 901
496 520
497 498
497 499
497 500
497 501
497 503
497 705
498 499
498 500
498 501
498 503
498 718
498 720
498 724
498 725
498 899
499 500
499 501
500 501
502 503
502 504
502 505
502 506
502 512
502 538
502 557
502 713
502 714
502 715
502 717
502 758
502 820
502 828
502 892
503 504
503 505
503 506
503 507
503 508
503 513
503 515
503 710
503 714
504 505
504 506
505 506
507 508
507 509
507 510
507 511
508 509
508 510
508 511
508 927
508 934
508 935
509 510
509 511
510 511
512 513
512 514
512 515
512 516
512 517
512 518
512 519
512 538
512 539
512 813
512 815
512 816
512 896
512 897
512 898
512 899
512 900
512 901
513 514
513 515
513 516
513 517
513 518
513 524
513 535
513 539
513 744
513 813
513 815
513 816
513 896
513 897
513 899
513 901
514 515
514 516
514 517
514 518
514 535
514 539
514 778
514 813
514 815
514 816
514 896
515 516
515 517
515 518
515 519
515 520
515 524
515 534
515 535
515 539
515 813
515 896
516 517
516 518
517 518
519 520
519 521
519 522
519 523
519 524
519 528
519 532
519 534
519 603
519 620
519 688
519 714
519 746
519 911
519 1010
519 1023
519 1024
519 1026
520 521
520 522
520 523
520 524
520 528
520 911
520 1010
520 1024
520 1026
521 522
521 523
521 524
522 523
522 524
523 524
525 526
525 527
525 528
525 529
525 530
525 531
525 532
525 533
525 758
525 824
525 825
525 830
525 833
525 834
526 527
526 528
526 529
526 530
526 531
526 532
526 533
526 691
527 528
527 529
527 530
527 531
527 532
527 533
527 534
527 824
527 831
528 529
528 530
528 531
528 532
528 533
529 530
529 531
529 532
529 533
530 531
530 532
530 533
531 532
531 533
531 934
532 533
534 535
534 536
534 537
534 538
534 539
535 536
535 537
535 538
535 539
535 594
536 537
538 539
538 540
538 541
538 542
538 543
538 563
538 709
538 717
538 971
539 540
539 541
539 542
539 543
539 709
539 717
540 541
540 542
540 543
541 542
541 543
542 543
544 1021
545 599
545 746
546 547
546 548
546 549
546 550
547 548
547 549
547 550
547 557
547 558
547 853
547 980
548 549
548 550
548 558
548 980
549 550
551 552
551 553
551 554
551 555
551 556
551 557
551 558
551 824
552 553
552 554
552 555
552 556
552 557
553 554
553 555
553 556
554 555
554 556
555 556
557 558
557 559
557 560
557 677
558 559
558 560
559 560
559 779
561 562
561 563
561 564
561 565
561 566
561 567
561 568
561 569
561 570
561 571
561 572
561 573
561 574
562 563
562 564
562 565
562 566
562 567
562 568
562 569
562 570
562 571
562 572
562 573
562 574
563 564
563 565
563 566
563 567
563 568
563 569
563 570
563 571
563 572
563 573
563 574
563 665
563 690
563 705
563 713
563 1023
564 565
564 566
564 567
564 568
564 569
564 570
564 571
564 572
564 573
564 574
565 566
565 567
565 568
565 569
565 570
565 571
565 572
565 573
565 574
566 567
566 568
566 569
566 570
566 571
566 572
566 573
566 574
567 568
567 569
567 570
567 571
567 572
567 573
567 574
568 569
568 570
568 571
568 572
568 573
568 574
569 570
569 571
569 572
569 573
569 574
570 571
570 572
570 573
570 574
570 577
571 572
571 573
571 574
572 573
572 574
573 574
575 576
575 577
575 578
575 579
575 580
575 799
576 577
576 578
576 579
576 580
576 622
577 578
577 579
577 580
577 898
578 579
578 580
578 622
579 580
581 582
581 583
581 584
581 585
581 586
581 663
581 719
581 724
581 794
581 896
581 898
582 583
582 584
582 585
582 586
583 584
583 585
583 586
584 585
584 586
585 586
585 664
587 588
587 589
587 590
587 591
587 592
587 628
588 589
588 590
588 591
588 592
588 606
588 643
589 590
589 591
589 592
589 642
589 663
590 591
590 592
591 592
591 762
593 594
593 595
593 596
593 597
593 717
593 718
593 719
593 720
593 724
593 725
594 595
594 596
594 597
594 720
595 596
595 597
595 896
595 900
596 597
598 599
598 600
598 601
599 600
599 601
600 601
602 603
602 604
602 1005
602 1020
603 604
605 606
605 608
605 665
605 666
605 683
605 709
605 713
605 1004
606 608
606 665
606 666
607 608
607 609
607 610
608 609
608 610
608 897
609 610
611 612
611 613
611 614
611 663
611 664
611 665
611 666
612 613
612 614
613 614
615 616
615 617
615 663
615 664
615 665
615 666
615 695
616 617
618 619
618 620
619 620
621 622
621 623
621 624
621 642
622 623
622 624
623 624
623 697
625 626
625 627
625 664
626 627
628 629
628 630
628 631
628 632
628 633
628 634
628 635
628 642
629 630
629 631
629 632
629 633
629 634
629 635
629 643
630 631
630 632
630 633
630 634
630 635
630 642
631 632
631 633
631 634
631 635
632 633
632 634
632 635
633 634
633 635
634 635
636 637
636 638
636 639
636 640
636 641
636 642
636 643
637 638
637 639
637 640
637 641
638 639
638 640
638 641
639 640
639 641
640 641
642 643
642 644
642 645
642 646
642 647
643 644
643 645
643 646
643 647
644 645
644 646
644 647
645 646
645 647
646 647
648 649
648 650
648 656
649 651
649 656
649 657
650 651
650 652
650 653
650 654
650 655
650 669
650 670
650 675
651 652
651 653
651 654
651 655
651 676
652 653
652 654
652 655
652 669
653 654
653 655
653 901
654 655
655 670
655 675
655 676
656 657
656 658
656 659
656 660
656 661
656 662
656 669
656 675
656 676
656 896
657 658
657 659
657 660
657 661
657 662
658 659
658 660
658 661
658 662
659 660
659 661
659 662
660 661
660 662
661 662
663 664
663 665
663 666
663 667
663 668
664 665
664 666
664 667
664 668
665 666
665 667
665 668
666 666
666 667
666 668
667 668
669 670
669 671
669 672
669 673
669 674
669 675
669 676
669 730
669 832
670 671
670 672
670 673
670 674
670 675
670 676
671 672
671 673
671 674
671 675
671 676
672 673
672 674
672 675
672 676
673 674
673 675
673 676
674 675
674 676
675 676
677 678
677 679
677 680
677 681
677 682
677 773
677 776
677 880
677 979
677 980
678 679
678 680
678 681
678 682
678 761
678 763
678 768
678 980
678 983
679 680
679 681
679 682
679 768
680 681
680 682
681 682
683 684
683 685
683 686
683 690
683 691
683 717
683 1016
684 685
684 686
684 691
684 705
685 686
687 688
687 689
687 695
687 696
687 697
688 689
690 691
690 692
690 693
690 694
690 695
690 724
690 733
690 760
691 692
691 693
691 694
691 734
691 760
692 693
692 694
693 694
694 735
695 696
695 697
695 698
695 699
695 700
695 733
695 758
695 769
695 772
696 697
696 698
696 699
696 700
696 770
696 772
696 786
697 698
697 699
697 700
697 769
697 770
698 699
698 700
699 700
701 702
701 703
701 704
702 703
702 704
703 704
705 706
705 707
705 708
705 713
705 1004
706 707
706 708
707 708
707 713
709 710
709 711
709 712
709 713
709 714
709 717
709 720
709 773
710 711
710 712
710 713
710 714
710 717
710 720
710 1043
711 712
713 714
713 715
713 716
713 717
713 719
713 720
713 724
713 762
714 715
714 716
714 718
714 720
714 724
714 725
714 762
714 1043
715 716
717 718
717 719
717 720
717 721
717 722
717 723
717 724
717 725
717 726
717 727
717 733
718 719
718 720
718 721
718 722
718 723
718 724
718 725
718 726
718 727
719 720
719 721
719 722
719 723
719 724
719 725
719 726
719 727
719 733
719 734
720 721
720 722
720 723
720 724
720 725
720 726
720 727
720 733
720 734
720 735
720 762
720 907
721 722
721 723
721 724
721 725
721 726
721 727
722 723
722 724
722 725
722 726
722 727
723 724
723 725
723 726
723 727
724 725
724 726
724 727
724 733
725 726
725 727
725 735
725 744
726 727
728 729
728 730
728 731
728 732
729 730
729 731
729 732
730 731
730 732
731 732
733 734
733 735
733 736
733 737
733 760
733 779
733 794
733 876
734 735
734 736
734 737
734 747
734 760
734 779
734 799
734 800
735 736
735 737
735 799
735 800
735 833
736 737
738 739
738 740
738 741
738 742
738 743
738 744
738 745
738 794
738 795
739 740
739 741
739 742
739 743
739 744
739 745
740 741
740 742
740 743
740 744
740 745
741 742
741 743
741 744
741 745
742 743
742 744
742 745
743 744
743 745
744 745
746 747
746 748
746 749
746 816
747 748
747 749
747 816
748 749
750 751
750 752
750 753
750 754
750 755
750 756
750 757
750 758
750 759
751 752
751 753
751 754
751 755
751 756
751 757
751 758
751 759
751 761
751 833
752 753
752 754
752 755
752 756
752 757
752 758
752 759
753 754
753 755
753 756
753 757
753 758
753 759
754 755
754 756
754 757
754 758
754 759
755 756
755 757
755 758
755 759
756 757
756 758
756 759
757 758
757 759
757 880
758 759
758 820
758 821
758 824
758 825
758 830
758 831
758 833
758 834
758 836
759 761
760 761
760 762
760 763
760 764
760 765
760 766
760 767
760 768
761 762
761 763
761 764
761 765
761 766
761 767
761 768
761 769
761 770
762 763
762 764
762 765
762 766
762 767
762 768
762 839
763 764
763 765
763 766
763 767
763 768
763 770
763 816
764 765
764 766
764 767
764 768
765 766
765 767
765 768
766 767
766 768
767 768
768 770
769 770
769 771
769 772
770 771
770 772
771 772
773 774
773 775
773 776
773 777
773 778
773 779
773 780
773 781
773 782
773 783
773 784
773 785
773 876
774 775
774 776
774 777
774 778
774 779
774 780
774 781
774 782
774 783
774 784
774 785
774 786
774 788
774 790
774 850
774 980
775 776
775 777
775 778
775 779
775 780
775 781
775 782
775 783
775 784
776 777
776 778
776 779
776 780
776 781
776 782
776 783
776 784
776 785
776 786
776 788
776 850
777 778
777 779
777 780
777 781
777 782
777 783
777 784
778 779
778 780
778 781
778 782
778 783
778 784
779 780
779 781
779 782
779 783
779 784
779 786
779 849
779 850
780 781
780 782
780 783
780 784
780 788
781 782
781 783
781 784
781 854
781 855
781 856
782 783
782 784
782 788
783 784
785 786
785 787
785 788
785 789
785 790
785 791
785 792
785 793
785 849
785 850
785 853
785 855
786 787
786 788
786 789
786 790
786 791
786 792
786 793
786 853
786 856
786 859
787 788
787 789
787 790
787 791
787 792
787 793
788 789
788 790
788 791
788 792
788 793
788 850
788 856
788 859
788 983
789 790
789 791
789 792
789 793
790 791
790 792
790 793
790 856
790 859
791 792
791 793
792 793
793 854
794 795
794 796
794 797
794 798
794 799
794 800
794 845
794 896
794 897
795 796
795 797
795 798
795 799
795 800
795 845
795 846
796 797
796 798
796 799
796 800
797 798
797 799
797 800
798 799
798 800
799 800
799 845
799 846
800 846
801 802
801 803
801 804
801 805
801 806
801 807
801 808
801 809
801 810
801 811
801 812
801 979
802 803
802 804
802 805
802 806
802 807
802 808
802 809
802 810
802 811
802 812
803 804
803 805
803 806
803 807
803 808
803 809
803 810
803 811
803 812
804 805
804 806
804 807
804 808
804 809
804 810
804 811
804 812
804 899
805 806
805 807
805 808
805 809
805 810
805 811
805 812
806 807
806 808
806 809
806 810
806 811
806 812
807 808
807 809
807 810
807 811
807 812
808 809
808 810
808 811
808 812
809 810
809 811
809 812
810 811
810 812
811 812
813 814
813 816
813 896
813 897
813 899
813 900
813 901
814 896
814 898
814 900
815 816
815 817
815 818
815 819
815 820
815 821
815 824
815 825
815 830
815 896
815 897
815 899
815 901
815 919
815 926
815 971
815 972
816 817
816 818
816 819
816 824
816 825
816 830
816 831
816 834
816 836
816 896
816 899
816 997
817 818
817 819
818 819
820 821
820 822
820 823
820 824
820 825
820 830
820 833
820 846
821 822
821 823
821 825
821 831
821 833
821 836
821 846
822 823
824 825
824 826
824 827
824 828
824 829
824 830
824 831
824 835
824 836
824 886
825 826
825 827
825 828
825 829
825 830
825 831
825 833
825 834
825 836
826 827
826 828
826 829
827 828
827 829
828 829
828 833
828 834
829 833
830 831
830 832
830 833
830 834
830 835
830 836
830 896
831 832
831 833
831 834
831 835
831 836
832 833
833 834
833 894
834 835
834 836
834 837
834 838
834 839
835 836
835 837
835 838
835 839
835 1020
835 1021
836 837
836 838
836 839
837 838
837 839
838 839
840 841
840 842
840 843
840 844
840 845
841 842
841 843
841 844
841 845
841 846
842 843
842 844
843 844
845 846
845 847
845 848
845 960
845 979
845 980
846 847
846 848
846 960
846 961
847 848
849 850
849 851
849 852
849 853
850 851
850 852
850 853
850 854
850 855
850 856
851 852
853 854
853 855
853 856
853 857
853 858
853 859
854 855
854 856
854 857
854 858
854 859
855 856
855 857
855 858
856 857
856 858
856 859
856 983
857 858
859 860
859 861
860 861
862 863
862 864
862 865
862 866
862 867
862 868
862 869
862 870
862 871
862 872
862 873
862 874
862 875
863 864
863 865
863 866
863 867
863 868
863 869
863 870
863 871
863 872
863 873
863 874
863 875
864 865
864 866
864 867
864 868
864 869
864 870
864 871
864 872
864 873
864 874
864 875
865 866
865 867
865 868
865 869
865 870
865 871
865 872
865 873
865 874
865 875
866 867
866 868
866 869
866 870
866 871
866 872
866 873
866 874
866 875
867 868
867 869
867 870
867 871
867 872
867 873
867 874
867 875
868 869
868 870
868 871
868 872
868 873
868 874
868 875
869 870
869 871
869 872
869 873
869 874
869 875
870 871
870 872
870 873
870 874
870 875
871 872
871 873
871 874
871 875
872 873
872 874
872 875
873 874
873 875
874 875
876 877
876 878
876 879
876 880
876 881
876 882
876 883
876 886
876 892
877 878
877 879
877 880
877 881
877 882
877 883
877 886
877 887
877 892
877 893
878 879
880 881
880 882
880 892
880 893
881 882
881 883
881 886
881 887
881 892
881 893
882 883
882 884
882 885
882 886
882 887
882 892
882 893
883 884
883 885
883 886
883 887
883 892
883 893
884 885
886 887
886 888
886 889
886 892
886 911
886 991
887 888
887 889
887 892
887 893
888 889
890 891
892 893
892 894
892 895
892 909
892 919
892 1020
893 894
893 895
894 895
896 897
896 898
896 899
896 900
896 901
896 902
896 903
896 904
896 909
897 898
897 899
897 900
897 901
897 902
897 903
897 904
898 899
898 900
898 901
898 902
898 903
898 904
899 900
899 901
899 902
899 903
899 904
900 901
900 902
900 903
900 904
900 926
901 902
901 903
901 904
902 903
902 904
903 904
905 906
905 907
905 908
905 909
906 907
906 908
906 912
907 908
908 991
909 910
909 911
909 912
909 913
909 914
909 915
909 916
909 919
909 926
910 911
910 912
910 913
910 914
910 915
910 917
910 919
910 920
910 923
910 926
910 927
911 912
911 913
911 914
911 915
911 916
911 917
911 923
911 934
911 942
912 913
912 914
912 915
912 916
912 917
912 923
912 935
912 939
913 914
913 915
914 915
916 917
916 918
916 919
916 920
916 921
916 922
917 917
917 918
917 919
917 920
917 921
917 922
917 923
917 971
917 972
918 919
918 920
918 921
918 922
919 920
919 921
919 922
919 923
919 926
919 971
920 921
920 922
920 923
920 927
920 972
921 922
922 926
922 927
922 932
923 924
923 925
924 925
926 927
926 928
926 929
926 930
926 931
926 932
926 933
926 934
926 1020
927 928
927 929
927 930
927 931
927 932
927 933
927 935
928 929
928 930
928 931
928 932
928 933
928 935
929 930
929 931
929 932
929 933
930 931
930 932
930 933
931 932
931 933
932 933
932 934
932 935
932 961
932 1017
934 935
934 936
934 937
934 942
934 947
934 954
934 965
934 966
934 979
934 980
934 985
934 991
934 1020
934 1029
935 936
935 937
935 939
935 942
935 943
935 955
935 959
935 961
935 965
935 966
935 979
935 980
935 992
935 1017
936 937
938 939
938 940
938 941
938 942
939 940
939 941
939 942
939 943
939 959
939 961
940 941
942 943
942 944
942 945
942 946
942 960
942 971
943 944
943 945
943 946
943 961
943 971
943 972
944 945
944 946
945 946
947 948
947 949
947 950
947 951
947 952
947 953
948 949
948 950
948 951
948 952
948 953
949 950
949 951
949 952
949 953
950 951
950 952
950 953
951 952
951 953
952 953
954 955
954 956
954 957
954 958
955 956
955 957
955 958
956 957
956 958
957 958
959 960
959 961
959 962
959 963
959 964
959 966
960 961
960 962
960 963
960 964
960 1023
961 962
961 963
961 964
961 966
962 963
962 964
963 964
965 966
965 967
965 968
965 969
965 970
966 967
966 968
966 969
966 970
967 968
967 969
967 970
968 969
968 970
969 970
971 972
971 973
971 974
971 991
971 996
971 997
971 1031
972 973
972 974
972 997
972 1021
972 1032
973 974
975 976
975 977
975 978
976 977
976 978
976 1021
977 978
979 980
979 981
979 982
979 983
979 984
979 986
980 981
980 982
980 983
980 984
980 986
980 1021
981 982
981 983
981 984
982 983
982 984
983 984
983 985
983 986
983 1021
985 986
985 987
985 988
985 989
985 990
985 1020
986 987
986 988
986 989
986 990
986 1021
987 988
987 989
987 990
988 989
988 990
989 990
991 992
991 993
991 994
991 995
991 996
991 997
991 1000
991 1016
991 1017
991 1028
991 1029
991 1032
992 993
992 994
992 995
992 997
992 1017
992 1028
993 994
993 995
994 995
996 997
996 998
996 999
997 998
997 999
997 1001
997 1017
998 999
1000 1001
1000 1002
1000 1003
1001 1002
1001 1003
1002 1003
1004 1005
1004 1006
1004 1007
1004 1008
1005 1006
1005 1007
1005 1008
1006 1007
1006 1008
1007 1008
1009 1010
1009 1011
1009 1012
1009 1013
1009 1014
1009 1015
1010 1011
1010 1012
1010 1013
1010 1014
1010 1015
1010 1026
1011 1012
1011 1013
1011 1014
1011 1015
1012 1013
1012 1014
1012 1015
1013 1014
1013 1015
1014 1015
1016 1016
1016 1017
1016 1018
1016 1019
1017 1018
1017 1019
1017 1028
1017 1032
1018 1019
1020 1021
1020 1022
1021 1022
1021 1032
1023 1024
1023 1025
1023 1026
1023 1027
1023 1028
1023 1030
1023 1031
1023 1032
1024 1025
1024 1026
1024 1027
1024 1028
1024 1032
1025 1026
1025 1027
1026 1027
1026 1028
1026 1032
1028 1029
1028 1030
1028 1031
1028 1032
1029 1030
1031 1032
1031 1033
1031 1034
1032 1033
1032 1034
1033 1034
1035 1036
1035 1037
1035 1038
1036 1037
1036 1038
1037 1038
1039 1040
1039 1041
1040 1041
1042 1043
