0 1
0 2
0 3
0 1107
0 1171
0 1172
0 1174
0 1236
1 2
1 3
1 1107
1 1172
1 1647
1 1648
2 3
4 5
4 6
4 7
5 6
5 7
5 1604
5 1605
5 1608
5 1609
6 7
6 10
6 11
8 9
8 10
8 11
8 17
8 18
9 11
9 18
9 1576
9 1577
9 1578
10 11
10 12
10 13
10 17
10 18
10 20
10 507
10 1576
11 12
11 13
11 17
11 18
11 507
11 508
12 13
14 15
14 16
14 1258
15 16
15 62
17 18
17 19
17 20
18 19
18 21
20 21
20 22
20 23
20 24
20 25
21 22
21 23
21 24
21 25
22 23
22 24
22 25
22 123
22 915
23 24
23 25
24 25
26 27
26 28
26 29
26 30
26 31
26 37
26 45
26 48
26 51
26 1350
26 1353
27 28
27 29
27 30
27 31
27 32
27 38
27 46
27 47
28 29
28 30
28 31
28 37
28 45
28 48
29 30
29 31
29 32
29 46
29 53
31 32
31 33
31 34
31 35
31 36
31 45
31 48
32 33
32 34
32 35
32 36
32 46
32 47
33 34
33 35
33 36
34 35
34 36
35 36
35 1230
37 38
37 39
37 40
37 41
37 42
37 43
37 44
37 45
37 48
38 39
38 40
38 41
38 42
38 43
38 44
38 46
38 47
39 40
39 41
39 42
39 43
39 44
40 41
40 42
40 43
40 44
41 42
41 43
41 44
42 43
42 44
43 44
44 885
44 937
45 46
45 47
45 48
45 49
45 50
45 786
46 47
46 48
46 49
46 50
46 786
47 48
47 49
47 50
47 786
47 787
48 49
48 50
48 786
49 50
49 527
51 52
51 53
51 54
51 55
51 56
51 57
51 1664
52 53
52 54
52 55
52 56
52 57
52 58
52 61
52 62
52 232
52 557
52 1664
53 54
53 55
53 56
53 58
53 62
53 1664
53 1665
54 55
54 56
55 56
56 57
56 58
57 58
57 59
57 60
57 61
57 1449
58 59
58 60
58 62
58 664
58 665
59 60
61 62
61 63
61 64
61 65
61 545
61 546
61 1021
61 1068
61 1519
61 1520
62 63
62 64
62 143
62 1504
62 1505
62 1519
62 1520
63 64
63 441
65 66
65 67
65 68
65 69
65 75
65 76
65 77
65 78
65 536
65 730
66 67
66 68
66 69
66 76
66 78
66 599
66 730
66 775
67 68
67 69
68 69
70 71
70 72
70 73
70 74
70 78
70 599
71 72
71 73
71 74
72 73
72 74
73 74
75 76
75 77
75 78
75 79
75 80
75 81
75 82
75 83
75 84
75 85
75 95
75 591
75 598
75 599
75 650
75 1034
75 1571
76 77
76 78
76 79
76 80
76 81
76 82
76 83
76 84
76 86
76 599
76 650
76 1035
77 78
77 79
77 80
77 81
77 82
77 83
77 84
77 85
77 95
77 244
77 593
77 598
77 599
77 650
78 79
78 80
78 81
78 82
78 83
78 84
78 96
78 244
78 599
78 650
79 80
79 81
79 82
79 83
79 84
80 81
80 82
80 83
80 84
81 82
81 83
81 84
82 83
82 84
82 646
83 84
83 604
83 730
83 745
83 746
84 730
85 86
85 87
85 88
85 89
85 95
85 96
85 104
85 1171
85 1571
85 1572
86 87
86 88
86 89
86 96
86 104
86 1486
86 1487
86 1571
86 1572
87 88
87 89
88 89
90 91
90 92
90 93
90 94
90 95
90 96
90 104
90 1398
90 1567
90 1568
91 92
91 93
91 94
91 96
91 104
91 1568
92 93
92 94
92 392
92 523
92 990
92 1230
92 1280
93 94
93 992
95 96
95 97
95 98
95 99
95 100
95 101
95 102
95 103
95 104
95 339
95 513
95 518
95 523
95 966
95 1143
95 1545
96 97
96 98
96 99
96 100
96 101
96 102
96 103
96 104
96 117
96 518
96 532
96 1144
96 1459
97 98
97 99
97 100
97 101
97 102
97 103
97 104
98 99
98 100
98 101
98 102
98 103
98 104
99 100
99 101
99 102
99 103
99 104
100 101
100 102
100 103
100 104
101 102
101 103
101 104
101 536
101 537
102 103
102 104
103 104
104 113
104 1386
105 106
105 107
105 108
105 109
105 112
105 116
105 611
105 673
105 679
105 1154
106 107
106 108
106 110
106 113
106 117
106 611
106 612
106 673
106 679
106 704
107 108
109 110
109 111
110 111
110 112
110 113
110 117
110 122
110 1028
110 1520
112 113
112 114
112 115
112 116
112 117
112 121
112 122
112 167
112 225
112 408
112 419
112 502
112 1329
113 114
113 115
113 116
113 117
113 121
113 122
113 502
113 503
114 115
114 977
116 117
116 118
116 119
116 120
116 122
116 154
116 177
116 513
116 674
116 1628
116 1639
116 1640
117 118
117 119
117 120
117 122
117 123
117 142
117 143
117 155
117 260
117 514
117 1019
117 1130
117 1628
117 1639
117 1640
118 119
118 120
119 120
121 122
121 123
121 124
121 125
121 126
121 127
121 140
121 149
121 1019
121 1020
121 1021
121 1023
121 1027
121 1028
121 1115
121 1116
121 1156
121 1433
121 1550
121 1551
121 1655
122 123
122 124
122 125
122 126
122 127
122 140
122 1020
122 1023
122 1024
122 1027
122 1028
122 1157
122 1551
122 1656
123 124
123 125
123 127
123 588
123 882
123 1020
123 1021
123 1023
123 1024
124 125
126 127
126 128
126 129
126 138
126 1190
126 1250
126 1470
126 1523
126 1572
126 1655
127 128
127 129
127 138
127 442
127 456
127 1190
127 1191
127 1250
127 1523
127 1655
128 129
130 131
130 132
130 133
131 132
131 133
131 796
132 133
134 135
134 136
134 137
134 138
134 139
134 142
134 1652
135 136
135 137
135 138
135 139
135 142
136 137
136 138
136 139
137 138
137 139
137 142
138 139
138 143
138 149
138 150
138 307
138 503
138 628
139 628
140 141
140 143
140 1019
140 1021
142 143
142 144
142 145
142 146
142 147
142 148
142 149
142 457
142 506
142 1057
142 1058
142 1433
143 144
143 145
143 146
143 147
143 148
143 149
143 150
143 503
143 537
143 586
143 1058
143 1139
143 1172
143 1433
144 145
144 146
144 147
144 148
145 146
145 147
145 148
146 147
146 148
147 148
148 149
148 1057
148 1058
148 1433
148 1434
149 150
149 151
149 152
149 153
149 172
149 182
149 211
149 213
149 263
149 1136
149 1137
149 1138
149 1139
149 1350
150 151
150 152
150 153
150 155
150 182
150 211
150 212
150 263
150 264
150 991
151 152
151 153
152 153
154 155
154 156
154 157
154 158
154 159
154 160
154 161
154 162
154 167
154 172
154 364
154 1039
154 1208
154 1522
155 156
155 157
155 158
155 159
155 160
155 161
155 162
155 168
155 173
155 364
155 365
155 1208
155 1522
155 1523
156 157
156 158
156 159
156 160
156 161
156 162
157 158
157 159
157 160
157 161
157 162
158 159
158 160
158 161
158 162
159 160
159 161
159 162
159 167
159 168
159 172
159 364
159 1208
159 1522
160 161
160 162
160 164
160 168
160 173
160 307
160 365
160 1208
160 1522
161 162
162 168
163 164
163 165
163 166
163 167
164 165
164 166
164 168
165 166
167 168
167 169
167 170
167 171
167 172
167 182
167 183
167 963
167 1065
168 169
168 170
168 171
168 173
168 205
168 1065
168 1216
169 170
169 171
170 171
172 173
172 174
172 175
172 176
172 219
172 367
172 1065
172 1116
173 174
173 175
173 176
173 220
173 1116
174 175
174 176
175 176
177 178
177 179
177 180
177 181
177 604
177 982
178 179
178 180
178 181
178 986
179 180
179 181
179 1598
179 1600
180 181
180 523
180 527
180 531
182 183
182 184
182 185
182 186
182 187
182 188
182 189
183 184
183 185
183 186
183 187
183 188
183 189
184 185
184 186
184 187
184 188
184 189
184 524
185 186
185 187
185 188
185 189
186 187
186 188
186 189
187 188
187 189
187 532
188 189
190 191
190 192
190 193
190 194
190 806
190 807
191 192
191 193
191 194
191 518
192 193
192 194
193 194
195 196
195 197
195 198
195 199
195 200
196 197
196 198
196 199
196 200
196 1434
196 1608
197 198
197 199
197 200
198 199
198 200
199 200
199 527
199 990
199 991
199 992
201 202
201 203
201 204
201 205
201 206
201 207
201 208
201 209
201 210
201 422
201 450
201 536
201 1126
202 203
202 204
202 205
202 206
202 207
202 208
202 209
202 210
202 422
202 423
202 537
203 204
203 205
203 206
203 207
203 208
203 209
203 210
203 441
203 446
203 450
203 963
203 1057
204 205
204 206
204 207
204 208
204 209
204 210
204 447
204 449
205 206
205 207
205 208
205 209
205 210
205 446
205 455
205 456
206 207
206 208
206 209
206 210
206 771
207 208
207 209
207 210
208 209
208 210
209 210
210 646
210 650
211 212
211 213
211 214
211 215
211 216
211 217
211 218
211 219
211 220
211 221
211 1115
211 1126
211 1398
212 213
212 214
212 215
212 216
212 217
212 218
212 220
212 221
212 1115
213 214
213 215
213 216
213 217
213 218
214 215
214 216
214 217
214 218
215 216
215 217
215 218
216 217
216 218
216 419
216 1546
216 1576
216 1577
216 1578
217 218
217 221
217 477
217 1546
219 220
219 221
219 222
219 223
219 224
219 225
219 226
219 339
219 340
219 475
219 1115
219 1360
220 221
220 222
220 223
220 224
220 225
220 226
220 228
220 229
220 475
220 476
220 477
221 222
221 223
221 224
221 225
221 226
221 319
221 475
221 588
222 223
222 224
222 225
222 226
223 224
223 225
223 226
224 225
224 226
225 226
225 230
225 422
225 1048
227 228
227 229
227 230
227 231
227 232
227 233
227 234
227 384
227 441
227 1133
227 1134
228 229
228 230
228 231
228 232
228 233
228 385
228 514
229 230
229 231
229 232
229 233
229 234
229 384
229 385
229 449
229 514
230 231
230 232
230 233
230 272
230 273
230 384
230 441
230 455
231 232
231 233
231 234
231 244
231 273
231 384
231 385
231 442
231 514
232 851
232 977
233 234
233 235
233 236
233 237
233 238
233 239
233 493
234 235
234 236
234 237
234 238
234 239
234 244
235 236
235 237
235 238
235 239
236 237
236 238
236 239
237 238
237 239
238 239
239 425
240 241
240 242
240 243
240 1425
241 242
241 243
241 519
241 528
242 243
242 408
242 419
244 245
244 248
244 1655
246 247
246 248
246 249
246 250
246 251
246 252
246 253
246 276
247 248
247 249
247 250
247 251
247 253
248 249
248 250
248 251
249 250
249 251
250 251
252 253
252 254
252 255
252 256
252 276
252 277
253 254
253 255
253 256
253 260
253 276
253 277
254 255
254 256
255 256
257 258
257 259
258 259
259 408
259 1444
260 261
260 262
260 272
260 273
260 323
260 324
260 442
260 455
260 456
260 1061
260 1376
260 1377
260 1383
260 1536
260 1572
260 1635
260 1636
260 1656
261 262
263 264
263 265
263 266
263 1154
263 1486
263 1487
264 265
264 266
264 277
264 1154
265 266
267 268
267 269
267 270
267 271
267 272
267 273
267 276
267 277
267 298
268 269
268 270
268 271
268 272
268 273
268 277
268 1361
269 270
269 271
270 271
272 273
272 274
272 275
272 281
272 282
273 274
273 275
273 1700
273 1701
274 275
276 277
276 278
276 279
276 280
276 281
276 282
276 487
276 488
276 1681
276 1685
277 278
277 279
277 280
277 282
277 487
277 488
277 1376
278 279
278 280
279 280
281 282
281 283
281 306
281 971
281 1695
281 1696
282 283
282 296
282 297
282 299
282 307
282 309
282 487
282 488
282 1685
282 1695
284 285
284 286
284 287
284 288
284 289
284 457
284 476
285 286
285 287
285 288
285 289
286 287
286 288
286 289
286 475
286 523
287 288
287 289
287 409
287 475
288 289
290 291
290 292
290 293
290 294
290 295
290 297
290 1166
290 1185
290 1311
290 1312
290 1313
290 1348
290 1350
290 1353
290 1355
290 1356
290 1357
291 292
291 293
291 294
291 295
291 297
291 1183
291 1185
291 1311
291 1312
291 1352
291 1357
292 293
292 294
292 295
293 294
293 295
293 297
293 1185
293 1186
293 1312
294 295
296 297
296 298
296 299
296 300
296 301
296 306
296 307
296 1126
296 1129
296 1130
296 1133
296 1134
297 298
297 299
297 300
297 301
297 306
297 307
297 497
297 1126
297 1127
297 1130
297 1133
297 1134
298 299
298 300
298 301
298 306
298 307
298 310
298 1034
298 1126
298 1129
298 1130
299 300
299 301
299 307
299 309
299 310
299 1130
300 301
302 303
302 304
302 305
302 457
302 580
302 1115
303 304
303 305
304 305
306 307
306 308
306 309
306 310
306 311
306 316
306 477
306 536
307 308
307 309
307 310
307 311
307 313
307 316
307 317
307 475
307 477
308 309
308 310
308 311
309 310
309 311
309 317
309 392
309 393
309 396
310 311
310 321
310 322
310 392
312 313
312 314
312 315
312 316
312 317
312 319
312 321
312 417
313 314
313 315
313 316
313 317
313 319
313 321
313 420
314 315
316 317
316 318
316 319
316 320
316 321
316 322
316 328
316 329
316 417
316 418
316 419
316 420
316 457
316 913
317 318
317 319
317 320
317 321
317 322
317 328
317 329
317 417
317 418
317 419
317 420
317 457
317 458
317 1541
318 319
318 320
318 321
318 322
319 320
319 321
319 322
319 328
319 329
319 419
319 420
319 457
319 458
319 500
320 321
320 322
321 322
321 328
321 329
321 417
321 419
321 420
321 457
321 1540
321 1655
321 1690
323 324
323 325
323 326
323 327
323 328
323 329
323 330
323 331
323 417
323 419
323 442
323 450
324 325
324 326
324 327
324 328
324 329
324 330
324 331
324 417
324 419
324 441
324 442
324 446
324 447
324 449
325 326
325 327
325 328
325 329
325 330
325 331
326 327
326 328
326 329
326 330
326 331
327 328
327 329
327 330
327 331
328 329
328 330
328 331
329 330
329 331
330 331
332 333
332 334
332 335
332 336
332 337
332 338
333 334
333 335
333 336
333 337
333 338
334 335
334 336
334 337
334 338
335 336
335 337
335 338
335 1139
336 337
336 338
337 338
337 1252
337 1253
339 340
339 341
339 342
339 343
339 493
339 1081
339 1082
340 341
340 342
340 343
341 342
341 343
341 1139
342 343
344 345
344 346
344 347
344 348
344 349
344 350
345 346
345 347
345 348
345 349
345 350
346 347
346 348
346 349
346 350
347 348
347 349
347 350
348 349
348 350
348 646
349 350
351 352
351 353
351 354
351 355
351 356
351 357
351 358
351 359
351 360
351 364
352 353
352 354
352 355
352 356
352 357
352 358
352 359
352 360
352 364
353 354
353 355
353 356
353 357
353 358
353 359
353 360
354 355
354 356
354 357
354 358
354 359
354 360
354 408
355 356
355 357
355 358
355 359
355 360
356 357
356 358
356 359
356 360
357 358
357 359
357 360
358 359
358 360
359 360
360 680
361 362
361 363
362 363
363 1134
364 365
364 366
364 1030
365 366
365 417
365 418
365 1031
365 1062
367 368
367 369
367 455
368 369
370 371
370 372
370 373
370 1326
370 1360
370 1470
370 1471
370 1472
370 1473
371 372
371 373
371 1326
371 1351
371 1352
371 1354
372 373
374 375
374 376
374 1081
374 1082
375 376
375 1083
377 378
377 379
377 380
377 381
377 382
377 383
377 384
377 385
377 1095
377 1104
377 1105
377 1197
377 1269
377 1270
377 1562
378 379
378 380
378 381
378 382
378 383
378 391
378 1095
378 1096
378 1104
378 1105
378 1198
378 1269
379 380
379 381
379 382
379 383
380 381
380 382
380 383
381 382
381 383
381 1095
381 1096
381 1104
381 1105
381 1269
382 383
384 385
384 386
384 387
384 388
384 389
384 390
384 391
384 502
384 1230
385 386
385 387
385 388
385 389
385 390
385 391
385 1230
386 387
386 388
386 389
386 390
386 391
387 388
387 389
387 390
387 391
388 389
388 390
388 391
388 455
389 390
389 391
390 391
390 1082
392 393
392 394
392 395
392 396
392 397
392 398
392 408
392 409
392 417
392 1068
392 1086
392 1087
392 1136
392 1137
392 1138
392 1171
392 1172
392 1651
393 394
393 395
393 396
393 397
393 398
393 409
393 1086
393 1087
393 1136
393 1137
393 1138
394 395
394 396
394 397
394 398
395 396
395 397
395 398
396 397
396 398
396 587
396 882
396 1087
396 1260
397 398
397 408
398 409
399 400
399 401
399 402
399 403
399 404
399 405
399 406
399 407
399 926
399 944
399 1020
399 1027
399 1028
399 1433
400 401
400 402
400 403
400 404
400 405
400 406
400 407
400 1020
400 1027
400 1028
401 402
401 403
401 404
401 405
401 406
401 407
402 403
402 404
402 405
402 406
402 407
403 404
403 405
403 406
403 407
404 405
404 406
404 407
404 408
404 409
405 406
405 407
406 407
408 409
408 410
408 411
408 562
408 604
408 1027
408 1050
408 1156
408 1190
409 410
409 411
409 562
409 1027
409 1028
410 411
412 413
412 414
412 415
412 416
413 414
413 415
413 416
414 415
414 416
415 416
415 420
415 475
415 477
417 418
417 419
417 420
417 421
417 442
417 457
417 1126
418 419
418 420
418 421
418 441
418 446
418 449
418 450
418 457
418 1126
418 1127
419 420
419 421
419 457
419 465
419 658
420 421
420 457
420 588
422 423
422 424
422 425
422 432
422 493
422 494
422 531
422 1086
422 1302
423 424
423 425
423 451
423 494
423 986
423 1062
424 425
424 1138
425 451
425 494
425 1062
426 427
426 428
426 429
426 430
427 428
427 429
427 430
428 429
428 430
429 430
429 1136
429 1137
429 1138
429 1139
429 1509
430 1137
430 1138
431 432
431 433
431 434
432 433
432 434
432 1057
432 1058
433 434
433 446
433 1272
435 436
435 437
435 438
435 439
435 440
435 1174
435 1463
436 437
436 438
436 439
436 440
436 1172
437 438
437 439
437 440
438 439
438 440
439 440
441 442
441 443
441 444
441 445
441 446
441 447
441 448
441 449
441 450
441 451
441 452
441 453
441 454
441 455
441 456
441 457
441 555
441 635
441 1306
441 1307
441 1308
442 443
442 444
442 445
442 446
442 447
442 448
442 449
442 450
442 451
442 452
442 453
442 454
442 455
442 456
442 457
442 555
442 636
442 1049
442 1061
442 1384
442 1523
443 444
443 445
443 446
443 447
443 448
443 449
443 450
443 451
443 452
443 453
443 454
443 455
443 456
444 445
444 446
444 447
444 448
444 449
444 450
444 451
444 452
444 453
444 454
444 455
444 456
445 446
445 447
445 448
445 449
445 450
445 451
445 452
445 453
445 454
445 455
445 456
446 447
446 448
446 449
446 450
446 451
446 452
446 453
446 454
446 455
446 456
446 457
446 635
446 1176
446 1522
447 448
447 449
447 450
447 451
447 452
447 453
447 454
447 455
447 456
447 458
447 825
447 1410
448 449
448 450
448 451
448 452
448 453
448 454
448 455
448 456
448 523
448 1082
449 450
449 451
449 452
449 453
449 454
449 455
449 456
449 458
449 986
450 451
450 452
450 453
450 454
450 455
450 456
450 457
450 1590
451 452
451 453
451 454
451 455
451 456
452 453
452 454
452 455
452 456
453 454
453 455
453 456
453 985
453 1136
453 1137
453 1138
453 1139
454 455
454 456
454 1136
454 1137
455 456
455 457
455 469
455 1272
455 1384
455 1521
456 498
456 508
456 537
456 549
456 1061
456 1062
456 1273
457 458
457 459
457 460
457 461
457 462
457 463
457 464
457 465
457 466
457 467
457 468
457 469
457 470
457 471
457 472
457 473
457 474
457 475
457 513
457 679
457 774
457 844
457 870
457 921
457 1057
457 1068
457 1069
457 1081
457 1122
457 1123
457 1235
457 1329
457 1385
457 1409
457 1413
457 1604
457 1605
457 1608
457 1655
458 459
458 460
458 461
458 462
458 463
458 464
458 465
458 466
458 467
458 468
458 469
458 470
458 471
458 472
458 473
458 474
458 1069
458 1604
458 1605
458 1608
458 1609
459 460
459 461
459 462
459 463
459 464
459 465
459 466
459 467
459 468
459 469
459 470
459 471
459 472
459 473
459 474
460 461
460 462
460 463
460 464
460 465
460 466
460 467
460 468
460 469
460 470
460 471
460 472
460 473
460 474
461 462
461 463
461 464
461 465
461 466
461 467
461 468
461 469
461 470
461 471
461 472
461 473
461 474
461 1068
462 463
462 464
462 465
462 466
462 467
462 468
462 469
462 470
462 471
462 472
462 473
462 474
463 464
463 465
463 466
463 467
463 468
463 469
463 470
463 471
463 472
463 473
463 474
464 465
464 466
464 467
464 468
464 469
464 470
464 471
464 472
464 473
464 474
465 466
465 467
465 468
465 469
465 470
465 471
465 472
465 473
465 474
466 467
466 468
466 469
466 470
466 471
466 472
466 473
466 474
467 468
467 469
467 470
467 471
467 472
467 473
467 474
468 469
468 470
468 471
468 472
468 473
468 474
469 470
469 471
469 472
469 473
469 474
469 513
469 1302
469 1303
469 1590
469 1591
470 471
470 472
470 473
470 474
470 1590
470 1591
471 472
471 473
471 474
472 473
472 474
473 474
473 475
473 476
473 1520
473 1605
473 1608
473 1609
474 475
474 476
474 477
474 1605
475 476
475 477
475 478
475 479
475 1705
476 477
476 478
476 479
476 938
476 1020
476 1514
476 1704
476 1705
477 478
477 479
477 1705
478 479
478 1360
480 481
480 482
480 483
480 484
480 485
480 486
480 513
480 518
480 1048
480 1444
481 482
481 483
481 484
481 485
481 486
481 524
481 621
481 1049
482 483
482 484
482 485
482 486
483 484
483 485
483 486
484 485
484 486
485 486
487 488
487 489
487 490
487 491
487 492
487 493
488 489
488 490
488 491
488 492
488 493
488 494
489 490
489 491
489 492
490 491
490 492
490 588
491 492
493 494
493 495
493 496
493 1659
493 1660
493 1681
493 1695
493 1715
494 495
494 496
494 665
494 1340
494 1681
494 1682
494 1715
494 1716
495 496
497 498
497 499
497 500
497 501
497 1126
497 1127
497 1133
497 1134
497 1172
498 499
498 500
498 501
499 500
499 501
500 501
502 503
502 504
502 505
502 506
502 1027
502 1115
502 1116
502 1433
502 1476
503 504
503 505
503 506
503 1019
503 1028
503 1115
503 1116
503 1719
504 505
504 506
505 506
505 1027
505 1028
505 1115
505 1116
505 1477
506 977
507 508
507 509
507 510
507 511
507 512
507 1068
507 1069
508 509
508 510
508 511
508 512
508 519
508 528
508 532
508 975
508 1068
508 1069
509 510
509 511
509 512
510 511
510 512
511 512
512 532
513 514
513 515
513 516
513 517
513 518
513 519
513 520
513 521
513 522
513 523
513 524
513 525
513 526
513 527
513 528
513 529
513 530
513 531
513 532
513 533
513 534
513 535
513 971
513 974
513 1106
513 1655
514 515
514 516
514 517
514 518
514 519
514 520
514 521
514 522
514 523
514 524
514 525
514 526
514 527
514 528
514 529
514 530
514 531
514 532
514 533
514 534
514 535
514 537
514 974
514 975
514 985
514 986
514 1107
514 1258
514 1678
515 516
515 517
515 518
515 519
515 520
515 521
515 522
515 523
515 524
515 525
515 526
515 527
515 528
515 529
515 530
515 531
515 532
515 533
515 534
515 535
515 537
515 657
515 975
515 985
515 986
515 1678
516 517
516 518
516 519
516 520
516 521
516 522
516 523
516 524
516 525
516 526
516 527
516 528
516 529
516 530
516 531
516 532
516 533
516 534
516 535
517 518
517 519
517 520
517 521
517 522
517 523
517 524
517 525
517 526
517 527
517 528
517 529
517 530
517 531
517 532
517 533
517 534
517 535
518 519
518 520
518 521
518 522
518 523
518 524
518 525
518 526
518 527
518 528
518 529
518 530
518 531
518 532
518 533
518 534
518 535
518 536
518 862
518 974
518 985
518 1143
518 1512
518 1513
518 1545
519 520
519 521
519 522
519 523
519 524
519 525
519 526
519 527
519 528
519 529
519 530
519 531
519 532
519 533
519 534
519 535
519 537
519 975
519 979
519 982
519 986
519 1107
519 1678
520 521
520 522
520 523
520 524
520 525
520 526
520 527
520 528
520 529
520 530
520 531
520 532
520 533
520 534
520 535
521 522
521 523
521 524
521 525
521 526
521 527
521 528
521 529
521 530
521 531
521 532
521 533
521 534
521 535
522 523
522 524
522 525
522 526
522 527
522 528
522 529
522 530
522 531
522 532
522 533
522 534
522 535
523 524
523 525
523 526
523 527
523 528
523 529
523 530
523 531
523 532
523 533
523 534
523 535
523 966
523 974
523 980
523 985
524 525
524 526
524 527
524 528
524 529
524 530
524 531
524 532
524 533
524 534
524 535
524 537
524 577
524 578
524 974
524 986
524 1678
525 526
525 527
525 528
525 529
525 530
525 531
525 532
525 533
525 534
525 535
526 527
526 528
526 529
526 530
526 531
526 532
526 533
526 534
526 535
527 528
527 529
527 530
527 531
527 532
527 533
527 534
527 535
527 577
527 974
527 979
527 1162
527 1677
528 529
528 530
528 531
528 532
528 533
528 534
528 535
528 537
528 974
528 975
528 979
528 986
528 1188
529 530
529 531
529 532
529 533
529 534
529 535
530 531
530 532
530 533
530 534
530 535
531 532
531 533
531 534
531 535
531 974
531 980
531 1061
531 1106
532 533
532 534
532 535
532 537
532 975
532 1107
533 534
533 535
534 535
536 537
536 538
536 539
536 1171
536 1600
536 1677
537 538
537 539
537 1172
538 539
540 541
540 542
540 543
540 544
540 585
540 598
540 604
540 627
540 669
540 683
540 688
540 703
540 741
540 743
540 763
540 926
540 1417
541 542
541 543
541 544
541 585
541 586
541 605
541 606
541 627
541 628
541 683
541 684
541 710
541 763
541 764
541 921
542 543
542 544
543 544
545 546
545 547
545 548
545 549
545 990
545 991
545 992
545 1581
545 1582
546 547
546 548
546 549
546 1581
546 1582
547 548
547 549
548 549
549 1576
549 1577
549 1578
550 551
550 552
550 553
550 554
550 1417
551 552
551 553
551 554
552 553
552 554
553 554
553 1509
555 556
555 557
555 558
555 591
555 913
555 914
555 915
555 918
555 919
555 1068
556 557
556 558
556 905
556 914
556 915
556 919
556 975
556 1069
557 558
559 560
559 561
559 562
559 563
559 564
559 565
559 566
559 567
559 580
559 581
559 604
559 605
559 650
560 561
560 562
560 563
560 564
560 565
560 566
560 567
561 562
561 563
561 564
561 565
561 566
561 567
562 563
562 564
562 565
562 566
562 567
563 564
563 565
563 566
563 567
564 565
564 566
564 567
565 566
565 567
566 567
568 569
568 580
568 581
568 604
568 605
568 606
568 904
568 905
569 905
570 571
570 572
570 573
570 574
570 575
570 576
570 904
571 572
571 573
571 574
571 575
571 576
571 628
571 871
572 573
572 574
572 575
572 576
573 574
573 575
573 576
574 575
574 576
574 926
574 927
575 576
575 927
577 578
577 579
578 579
578 581
578 704
579 837
579 838
580 581
580 582
580 583
580 584
580 585
580 591
580 593
580 604
580 828
580 1172
580 1197
581 582
581 583
581 584
581 592
581 594
581 604
581 624
581 742
581 750
581 833
581 850
581 863
581 931
582 583
582 584
583 584
585 586
585 587
585 588
585 589
585 590
585 592
585 593
585 598
585 623
585 673
585 716
585 720
585 737
585 745
585 1006
586 587
586 588
586 589
586 590
586 606
586 621
586 693
586 720
586 721
586 737
586 738
586 746
586 815
586 825
586 848
586 922
586 1166
587 588
587 589
587 590
587 593
587 594
587 716
587 720
587 737
587 915
587 1006
587 1279
588 589
588 590
588 593
588 599
588 716
588 720
588 737
588 1006
589 590
589 658
591 592
591 593
591 594
591 595
591 596
591 597
591 598
591 599
591 600
591 601
591 602
591 603
591 604
591 679
591 716
591 771
591 824
591 825
591 913
591 921
591 1449
592 593
592 594
592 595
592 596
592 597
592 598
592 599
592 600
592 601
592 602
592 603
592 605
592 763
592 772
592 780
592 825
592 871
592 914
592 921
592 922
592 1149
593 594
593 595
593 596
593 597
593 598
593 599
593 600
593 601
593 602
593 603
593 620
593 621
593 703
593 716
593 723
593 771
593 806
593 824
593 904
594 595
594 596
594 597
594 598
594 599
594 600
594 601
594 602
594 603
594 711
594 716
594 750
594 824
594 825
594 922
595 596
595 597
595 598
595 599
595 600
595 601
595 602
595 603
596 597
596 598
596 599
596 600
596 601
596 602
596 603
597 598
597 599
597 600
597 601
597 602
597 603
598 599
598 600
598 601
598 602
598 603
598 716
598 723
598 824
599 600
599 601
599 602
599 603
599 636
599 644
599 645
599 717
599 724
599 922
599 923
599 1601
600 601
600 602
600 603
601 602
601 603
602 603
602 671
604 605
604 606
604 607
604 608
604 609
604 610
604 623
604 771
604 827
604 1171
604 1502
604 1569
604 1655
605 606
605 607
605 608
605 609
605 610
605 611
605 612
605 621
605 624
605 650
605 772
605 827
606 607
606 608
606 609
606 610
606 624
606 684
606 737
606 863
606 1115
606 1116
607 608
607 609
607 610
608 609
608 610
609 610
611 612
611 613
611 614
611 615
611 616
611 617
611 618
611 619
611 673
611 674
611 679
611 703
611 704
611 918
611 919
612 613
612 614
612 615
612 616
612 617
612 618
612 619
612 621
612 650
612 674
612 704
612 905
612 919
613 614
613 615
613 616
613 617
613 618
613 619
613 680
614 615
614 616
614 617
614 618
614 619
615 616
615 617
615 618
615 619
616 617
616 618
616 619
617 618
617 619
618 619
620 621
620 622
620 664
620 669
620 679
620 683
620 695
620 1576
620 1578
621 622
621 624
621 628
621 631
621 640
621 649
621 799
621 863
623 624
623 625
623 626
623 627
623 763
623 921
624 625
624 626
624 628
624 689
624 763
624 764
625 626
625 627
627 628
627 629
627 630
627 631
627 632
627 644
627 650
627 662
627 664
627 673
627 683
627 811
627 857
627 1346
628 629
628 630
628 631
628 632
628 633
628 644
628 645
628 648
628 729
628 741
629 630
629 631
629 632
630 631
630 632
631 632
631 646
631 648
631 729
633 634
633 648
633 664
633 695
635 636
635 637
635 638
635 639
635 640
635 641
635 642
635 643
635 671
635 723
635 729
635 918
636 637
636 638
636 639
636 640
636 641
636 642
636 643
636 671
636 672
636 723
636 724
637 638
637 639
637 640
637 641
637 642
637 643
638 639
638 640
638 641
638 642
638 643
639 640
639 641
639 642
639 643
640 641
640 642
640 643
641 642
641 643
642 643
644 645
644 646
644 648
644 669
644 843
644 913
645 665
645 669
645 746
645 843
646 647
646 648
646 649
646 650
646 658
646 662
646 664
646 683
646 699
646 723
646 729
646 741
646 844
647 648
647 649
647 650
648 649
648 650
648 659
648 665
648 684
648 689
648 704
648 729
648 741
648 844
648 1395
649 650
650 657
650 658
650 680
650 707
650 724
650 844
650 876
651 652
651 653
651 654
651 655
651 656
651 658
652 653
652 654
652 655
652 656
653 654
653 655
653 656
654 655
654 656
655 656
656 657
657 658
657 659
657 660
657 661
657 662
657 663
657 664
657 665
657 683
657 684
657 694
657 697
657 698
657 709
657 930
658 659
658 660
658 661
658 662
658 663
658 664
658 679
658 683
658 688
658 697
658 872
658 1395
659 660
659 661
659 662
659 663
660 661
660 662
660 663
661 662
661 663
662 663
662 671
663 688
664 665
664 666
664 667
664 668
664 669
664 670
664 673
664 679
664 745
664 842
664 844
664 847
664 1171
665 666
665 667
665 668
665 669
665 670
665 696
665 721
665 760
665 844
665 847
665 1395
665 1673
666 667
666 668
667 668
669 670
669 671
669 672
669 674
669 680
669 720
669 763
669 837
669 876
669 922
669 1006
669 1557
670 671
670 672
670 674
670 720
670 721
670 763
670 837
670 876
670 921
670 922
670 1006
670 1007
670 1673
671 672
671 681
671 759
671 760
671 876
671 1006
671 1355
672 760
672 764
672 876
672 1006
672 1673
673 674
673 675
673 676
673 677
673 678
673 679
673 680
673 683
673 688
673 703
673 704
673 763
673 771
673 982
673 1235
673 1486
674 675
674 676
674 677
674 678
674 679
674 680
674 684
674 703
674 704
674 798
674 807
674 825
675 676
675 677
675 678
676 677
676 678
677 678
679 680
679 681
679 682
679 683
679 688
679 695
679 703
679 704
679 721
679 913
680 681
680 682
680 684
680 689
680 696
680 704
680 707
680 709
681 682
682 688
683 684
683 685
683 686
683 687
683 688
683 689
683 694
683 695
683 697
683 703
683 723
683 743
683 884
683 904
683 926
683 930
684 685
684 686
684 687
684 688
684 689
684 694
684 697
684 698
684 704
684 1558
685 686
685 687
686 687
688 689
688 690
688 691
688 692
688 693
688 694
688 697
688 703
688 743
688 1672
689 690
689 691
689 692
689 693
689 694
689 697
689 700
689 746
689 772
690 691
690 692
690 693
690 694
691 692
691 693
691 694
692 693
692 694
693 694
693 1464
695 696
695 1672
696 746
696 760
696 803
696 871
697 698
697 699
697 700
697 701
697 702
697 990
697 991
697 992
698 699
698 700
698 701
698 702
699 700
699 701
699 702
700 701
700 702
700 704
701 702
703 704
703 705
703 706
703 707
703 772
703 806
703 926
704 705
704 706
704 707
704 772
705 706
705 707
706 707
708 709
708 806
708 807
710 711
710 712
710 713
710 714
710 715
710 825
711 712
711 713
711 714
711 715
711 771
711 838
711 871
711 922
712 713
712 714
712 715
713 714
713 715
714 715
716 717
716 718
716 719
716 771
716 825
717 718
717 719
717 825
718 719
720 721
720 722
720 723
720 729
720 737
720 738
720 771
720 772
720 812
720 909
720 1006
721 722
721 724
721 730
721 737
721 738
721 771
721 772
721 796
721 812
721 825
721 909
721 922
721 1006
723 724
723 725
723 726
723 727
723 728
723 729
723 904
723 926
724 725
724 726
724 727
724 728
724 775
724 905
725 726
725 727
725 728
726 727
726 728
727 728
728 1299
728 1300
728 1307
729 730
729 731
729 732
729 733
729 734
729 735
729 736
729 741
729 757
729 771
729 824
729 843
729 851
729 877
729 1346
730 731
730 732
730 733
730 734
730 735
730 736
730 742
730 781
730 812
730 843
730 1068
730 1069
731 732
731 733
731 734
731 735
731 736
732 733
732 734
732 735
732 736
733 734
733 735
733 736
734 735
734 736
735 736
737 738
737 739
737 740
737 806
738 739
738 740
738 1473
739 740
741 742
741 743
741 744
741 771
741 774
742 743
742 744
742 772
742 775
742 796
743 744
745 746
745 747
745 748
745 757
745 758
745 774
745 792
745 793
745 848
745 921
746 747
746 748
746 757
746 758
746 772
746 775
746 792
746 793
746 796
746 927
747 748
749 750
749 751
749 752
749 753
749 754
749 755
749 756
749 757
749 758
749 774
749 775
750 751
750 752
750 753
750 754
750 755
750 756
750 757
750 758
750 771
750 772
750 775
751 752
751 753
751 754
751 755
751 756
751 757
751 758
752 753
752 754
752 755
752 756
752 757
752 758
753 754
753 755
753 756
753 757
753 758
754 755
754 756
754 757
754 758
755 756
755 757
755 758
755 1410
755 1414
756 757
756 758
757 758
757 921
759 760
759 761
759 762
759 802
759 803
760 761
760 762
760 772
761 762
763 764
763 765
763 766
763 771
763 772
763 774
763 775
763 806
763 921
763 922
763 923
764 765
764 766
764 771
764 772
765 766
767 768
767 769
767 770
767 802
767 806
767 884
767 963
767 964
767 1444
768 769
768 770
769 770
771 772
771 773
771 806
771 824
771 837
771 915
771 921
771 922
771 923
771 1106
771 1252
771 1253
772 773
772 775
772 806
772 837
772 838
772 849
772 921
772 922
772 1252
772 1253
773 1463
774 775
774 776
774 777
774 778
774 779
774 802
774 870
774 1050
775 776
775 777
775 778
775 779
775 803
775 844
776 777
776 778
776 779
777 778
777 779
778 779
780 781
780 782
780 783
780 784
780 785
780 921
780 922
780 923
781 782
781 783
781 784
781 785
781 922
782 783
782 784
782 785
783 784
783 785
784 785
786 787
786 788
786 789
786 790
786 791
786 792
786 793
786 932
787 788
787 789
787 790
787 791
787 792
787 793
787 796
787 803
787 964
788 789
788 790
788 791
788 792
788 793
789 790
789 791
789 792
789 793
790 791
790 792
790 793
791 792
791 793
792 793
794 795
794 796
794 797
795 796
795 797
795 837
795 838
795 863
795 885
795 890
795 891
795 893
795 986
796 797
796 803
796 843
796 863
796 890
796 893
796 922
798 799
798 800
798 801
798 863
799 800
799 801
799 837
799 862
799 863
800 801
802 803
802 804
802 805
802 851
802 974
803 804
803 805
803 825
803 850
803 964
803 1722
803 1723
804 805
806 807
806 808
806 809
806 810
806 851
806 893
806 921
806 922
806 923
807 808
807 809
807 810
807 825
807 850
807 1389
808 809
808 810
809 810
811 812
811 813
811 814
811 815
812 813
812 814
812 815
812 949
813 814
813 815
814 815
816 817
816 818
816 819
817 818
817 819
817 842
818 819
820 821
820 822
820 823
820 884
820 885
821 822
821 823
821 885
822 823
824 825
824 826
825 826
825 862
825 863
825 963
825 964
825 1352
825 1357
825 1358
825 1360
825 1361
825 1371
827 828
827 829
827 830
827 831
827 918
828 829
828 830
828 831
828 850
829 830
829 831
830 831
832 833
832 834
832 835
832 836
832 837
832 838
832 870
832 871
832 921
832 932
833 834
833 835
833 836
833 871
833 932
834 835
834 836
834 842
835 836
837 838
837 839
837 840
837 841
837 851
837 870
837 871
837 874
837 877
837 878
837 921
837 932
837 948
838 839
838 840
838 841
838 844
838 870
838 871
838 874
838 878
838 945
839 840
839 841
840 841
842 843
842 844
842 845
842 846
842 847
842 851
842 855
842 862
842 884
842 898
842 934
842 946
842 1447
843 844
843 845
843 846
843 847
843 849
843 850
843 866
843 919
844 845
844 846
844 847
844 850
844 891
844 905
844 1563
845 846
845 847
846 847
847 848
847 849
848 849
848 850
848 851
848 852
848 853
848 854
848 855
848 862
848 1111
848 1562
848 1664
849 850
849 851
849 852
849 853
849 854
849 855
849 856
849 1111
849 1563
850 851
850 852
850 853
850 854
850 861
850 871
850 885
850 905
850 919
850 975
850 1111
851 852
851 853
851 854
851 858
851 870
851 884
851 904
851 921
851 946
851 963
851 985
851 1111
852 853
852 854
853 854
855 856
855 857
855 858
855 859
855 860
855 861
855 1508
856 857
856 858
856 859
856 860
856 861
857 858
857 859
857 860
857 861
858 859
858 860
858 861
859 860
859 861
860 861
862 863
862 864
862 885
862 890
862 1562
862 1563
863 864
863 866
863 885
863 919
863 923
863 941
863 964
865 866
865 867
865 868
865 869
865 1512
866 867
866 868
866 869
867 868
867 869
868 869
870 871
870 872
870 873
870 874
870 877
870 904
870 932
870 1486
870 1531
871 872
871 873
871 874
871 885
871 905
871 919
871 937
872 873
874 875
874 876
874 932
875 876
876 1202
876 1655
877 878
877 879
877 880
877 881
877 882
877 883
877 937
878 879
878 880
878 881
878 882
878 883
878 885
878 932
878 937
879 880
879 881
879 882
879 883
880 881
880 882
880 883
881 882
881 883
882 883
884 885
884 886
884 887
884 888
884 889
884 899
884 926
885 886
885 887
885 888
885 889
885 926
885 927
886 887
886 888
886 889
887 888
887 889
888 889
890 891
890 892
890 1172
891 892
893 894
893 895
893 896
893 897
893 898
893 963
894 895
894 896
894 897
894 898
894 964
895 896
895 897
895 898
896 897
896 898
897 898
899 900
899 901
899 902
899 903
899 963
899 964
900 901
900 902
900 903
900 964
901 902
901 903
902 903
904 905
904 906
904 907
904 926
904 932
905 906
905 907
906 907
908 909
908 910
908 911
908 912
908 921
908 922
908 923
908 927
909 910
909 911
909 912
910 911
910 912
911 912
913 914
913 915
913 916
913 917
913 918
914 915
914 916
914 917
914 918
914 919
915 916
915 917
915 918
915 919
915 923
916 917
917 923
918 919
918 920
919 920
919 922
921 922
921 923
921 924
921 925
922 923
922 924
922 925
922 932
922 937
923 924
923 925
923 936
923 1082
924 925
924 977
926 927
926 928
926 929
926 930
926 940
927 928
927 929
927 931
927 941
927 1572
928 929
930 931
932 933
932 934
932 935
932 936
932 937
932 1486
933 934
933 935
933 936
933 937
933 1296
934 935
934 936
934 937
935 936
935 937
936 937
938 939
938 944
938 1269
939 945
939 1154
940 941
940 942
940 943
940 944
941 942
941 943
941 945
941 1154
942 943
944 945
944 948
944 1027
945 1172
946 947
946 948
946 949
946 966
946 1092
947 948
947 949
947 964
947 966
947 967
947 1091
947 1157
948 949
948 966
948 1092
949 966
949 967
949 1091
949 1092
949 1157
950 951
950 952
950 953
950 954
950 990
950 991
950 992
950 1136
950 1137
950 1138
950 1156
950 1202
950 1407
950 1408
950 1409
950 1410
950 1413
950 1414
950 1417
950 1651
951 952
951 953
951 954
951 990
951 991
951 1137
951 1157
952 953
952 954
952 990
952 991
952 992
952 1350
952 1353
952 1409
953 954
953 990
953 991
953 992
955 956
955 957
955 958
956 957
956 958
956 991
956 992
957 958
959 960
959 961
959 962
960 961
960 962
961 962
961 1081
963 964
963 965
963 1413
964 965
966 967
966 968
966 969
966 970
967 968
967 969
967 970
968 969
968 970
969 970
971 972
971 973
971 1397
972 973
974 975
974 976
974 977
974 982
974 985
974 1329
974 1469
974 1531
974 1719
975 976
975 977
975 982
975 983
975 985
975 986
975 1719
976 977
977 982
977 1106
977 1719
978 979
978 980
978 981
978 985
979 980
979 981
980 981
982 983
982 984
982 985
982 986
982 1725
983 984
983 985
983 986
983 1719
983 1725
985 986
985 987
985 988
985 989
985 1725
986 987
986 988
986 989
986 1719
986 1725
987 988
987 989
987 1082
988 989
990 991
990 992
990 993
990 994
990 995
990 996
990 997
990 998
990 1002
990 1011
990 1013
990 1014
990 1027
990 1130
990 1280
990 1383
990 1425
990 1426
990 1581
991 992
991 993
991 994
991 995
991 996
991 997
991 998
991 1000
991 1011
991 1013
991 1014
991 1386
991 1581
992 993
992 994
992 995
992 996
992 997
992 1014
992 1021
992 1064
992 1134
992 1319
992 1581
992 1591
993 994
993 995
993 996
993 997
994 995
994 996
994 997
995 996
995 997
995 1291
995 1292
995 1296
995 1297
996 997
996 1297
998 999
998 1000
998 1001
999 1000
999 1001
1000 1001
1002 1003
1002 1004
1002 1005
1002 1006
1002 1007
1002 1008
1002 1009
1002 1010
1002 1136
1003 1004
1003 1005
1003 1006
1003 1007
1003 1008
1003 1009
1003 1010
1004 1005
1004 1006
1004 1007
1004 1008
1004 1009
1004 1010
1005 1006
1005 1007
1005 1008
1005 1009
1005 1010
1006 1007
1006 1008
1006 1009
1006 1010
1007 1008
1007 1009
1007 1010
1008 1009
1008 1010
1008 1021
1009 1010
1011 1012
1011 1013
1011 1014
1011 1015
1011 1016
1011 1017
1011 1018
1012 1013
1012 1014
1012 1015
1012 1016
1012 1017
1012 1018
1013 1014
1013 1015
1013 1016
1013 1017
1013 1018
1014 1015
1014 1016
1014 1017
1014 1018
1015 1016
1015 1017
1015 1018
1016 1017
1016 1018
1017 1018
1019 1020
1019 1021
1019 1022
1019 1023
1019 1027
1019 1028
1019 1049
1019 1069
1019 1115
1019 1116
1019 1127
1019 1133
1019 1202
1020 1021
1020 1022
1020 1023
1020 1027
1020 1115
1020 1133
1020 1156
1020 1327
1020 1433
1021 1022
1021 1023
1021 1027
1021 1028
1021 1115
1021 1157
1021 1433
1021 1434
1023 1024
1023 1025
1023 1026
1023 1027
1023 1115
1023 1116
1023 1126
1023 1127
1023 1133
1023 1134
1024 1025
1024 1026
1024 1028
1024 1133
1024 1134
1025 1026
1027 1028
1027 1029
1027 1048
1027 1049
1027 1051
1027 1057
1027 1115
1027 1122
1027 1235
1027 1385
1027 1433
1028 1029
1028 1048
1028 1051
1028 1115
1028 1134
1028 1354
1028 1433
1030 1031
1030 1032
1030 1033
1030 1034
1030 1035
1030 1036
1030 1037
1030 1038
1030 1039
1030 1040
1030 1041
1030 1042
1030 1043
1030 1044
1030 1045
1030 1046
1030 1047
1031 1032
1031 1033
1031 1034
1031 1035
1031 1036
1031 1037
1031 1038
1031 1039
1031 1040
1031 1041
1031 1042
1031 1043
1031 1044
1031 1045
1031 1046
1031 1047
1032 1033
1032 1034
1032 1035
1032 1036
1032 1037
1032 1038
1032 1039
1032 1040
1032 1041
1032 1042
1032 1043
1032 1044
1032 1045
1032 1046
1032 1047
1033 1034
1033 1035
1033 1036
1033 1037
1033 1038
1033 1039
1033 1040
1033 1041
1033 1042
1033 1043
1033 1044
1033 1045
1033 1046
1033 1047
1034 1035
1034 1036
1034 1037
1034 1038
1034 1039
1034 1040
1034 1041
1034 1042
1034 1043
1034 1044
1034 1045
1034 1046
1034 1047
1035 1036
1035 1037
1035 1038
1035 1039
1035 1040
1035 1041
1035 1042
1035 1043
1035 1044
1035 1045
1035 1046
1035 1047
1036 1037
1036 1038
1036 1039
1036 1040
1036 1041
1036 1042
1036 1043
1036 1044
1036 1045
1036 1046
1036 1047
1037 1038
1037 1039
1037 1040
1037 1041
1037 1042
1037 1043
1037 1044
1037 1045
1037 1046
1037 1047
1038 1039
1038 1040
1038 1041
1038 1042
1038 1043
1038 1044
1038 1045
1038 1046
1038 1047
1038 1512
1038 1513
1038 1514
1039 1040
1039 1041
1039 1042
1039 1043
1039 1044
1039 1045
1039 1046
1039 1047
1040 1041
1040 1042
1040 1043
1040 1044
1040 1045
1040 1046
1040 1047
1041 1042
1041 1043
1041 1044
1041 1045
1041 1046
1041 1047
1042 1043
1042 1044
1042 1045
1042 1046
1042 1047
1043 1044
1043 1045
1043 1046
1043 1047
1043 1272
1044 1045
1044 1046
1044 1047
1045 1046
1045 1047
1046 1047
1047 1068
1047 1069
1047 1562
1048 1049
1048 1050
1048 1051
1048 1052
1048 1115
1048 1202
1048 1433
1049 1050
1049 1051
1049 1052
1049 1062
1049 1068
1049 1069
1049 1115
1049 1116
1049 1133
1050 1051
1050 1052
1051 1052
1051 1115
1051 1116
1051 1134
1051 1174
1051 1200
1053 1054
1053 1055
1053 1056
1053 1057
1053 1058
1054 1055
1054 1056
1054 1433
1055 1056
1057 1058
1057 1059
1057 1060
1057 1115
1057 1116
1057 1156
1057 1433
1057 1434
1057 1452
1058 1059
1058 1060
1058 1061
1058 1062
1058 1433
1058 1452
1059 1060
1059 1433
1059 1434
1061 1062
1061 1063
1061 1064
1061 1115
1062 1063
1062 1064
1063 1064
1065 1066
1065 1067
1066 1067
1068 1069
1068 1070
1068 1081
1068 1082
1068 1126
1068 1127
1068 1133
1068 1655
1069 1070
1069 1127
1069 1133
1069 1562
1069 1611
1069 1612
1069 1655
1069 1656
1071 1072
1071 1073
1071 1074
1071 1075
1071 1076
1072 1073
1072 1074
1072 1075
1072 1076
1072 1083
1073 1074
1073 1075
1073 1076
1074 1075
1074 1076
1075 1076
1077 1078
1077 1079
1077 1080
1077 1197
1078 1079
1078 1080
1078 1083
1079 1080
1081 1082
1081 1083
1081 1084
1081 1085
1081 1086
1081 1115
1081 1126
1081 1136
1081 1156
1081 1166
1081 1167
1081 1171
1081 1441
1082 1083
1082 1084
1082 1085
1082 1086
1082 1088
1082 1166
1082 1190
1083 1084
1083 1085
1083 1087
1084 1085
1086 1087
1086 1088
1086 1089
1086 1090
1086 1091
1086 1092
1086 1093
1086 1094
1086 1136
1087 1088
1087 1089
1087 1090
1087 1091
1087 1092
1087 1093
1087 1094
1087 1137
1088 1089
1088 1090
1088 1091
1088 1092
1088 1093
1088 1094
1088 1161
1089 1090
1089 1091
1089 1092
1089 1093
1089 1094
1090 1091
1090 1092
1090 1093
1090 1094
1091 1092
1091 1093
1091 1094
1091 1258
1092 1093
1092 1094
1092 1257
1093 1094
1095 1096
1095 1097
1096 1097
1096 1197
1096 1198
1098 1099
1098 1100
1098 1101
1098 1102
1098 1103
1098 1104
1098 1105
1099 1100
1099 1101
1099 1102
1099 1103
1099 1104
1099 1105
1100 1101
1100 1102
1100 1103
1100 1104
1100 1105
1101 1102
1101 1103
1101 1104
1101 1105
1102 1103
1102 1104
1102 1105
1103 1104
1103 1105
1104 1105
1104 1197
1104 1202
1104 1203
1104 1270
1105 1198
1106 1107
1106 1108
1106 1109
1106 1166
1106 1167
1106 1196
1106 1197
1106 1198
1106 1269
1106 1311
1106 1453
1106 1463
1106 1464
1106 1467
1107 1108
1107 1109
1107 1166
1107 1167
1107 1196
1107 1198
1107 1206
1107 1231
1107 1269
1107 1311
1107 1454
1107 1467
1108 1109
1110 1111
1110 1126
1110 1127
1112 1113
1112 1114
1112 1115
1113 1114
1113 1115
1113 1116
1115 1116
1115 1117
1115 1122
1115 1123
1115 1137
1115 1143
1115 1235
1115 1371
1115 1604
1115 1605
1115 1608
1115 1609
1116 1117
1116 1123
1116 1144
1116 1235
1116 1308
1116 1371
1118 1119
1118 1120
1118 1121
1119 1120
1119 1121
1119 1139
1120 1121
1122 1123
1122 1124
1122 1125
1122 1216
1122 1306
1122 1307
1122 1308
1122 1508
1123 1124
1123 1125
1123 1216
1123 1306
1123 1307
1123 1308
1124 1125
1126 1127
1126 1128
1126 1129
1126 1133
1126 1134
1126 1156
1127 1128
1127 1129
1127 1133
1127 1134
1127 1272
1127 1273
1129 1130
1129 1131
1129 1132
1129 1133
1129 1134
1130 1131
1130 1132
1131 1132
1133 1134
1133 1135
1134 1135
1134 1319
1136 1137
1136 1138
1136 1139
1136 1140
1136 1141
1136 1142
1136 1191
1136 1257
1137 1138
1137 1139
1137 1140
1137 1141
1137 1142
1138 1139
1138 1140
1138 1141
1138 1142
1138 1258
1138 1262
1138 1521
1139 1140
1139 1141
1139 1142
1139 1144
1139 1414
1140 1141
1140 1142
1141 1142
1143 1144
1143 1145
1143 1146
1143 1147
1143 1148
1143 1149
1144 1145
1144 1146
1144 1147
1144 1148
1144 1149
1145 1146
1145 1147
1145 1148
1145 1149
1146 1147
1146 1148
1146 1149
1147 1148
1147 1149
1148 1149
1150 1151
1150 1152
1150 1153
1151 1152
1151 1153
1151 1154
1152 1153
1154 1155
1154 1157
1154 1444
1156 1157
1156 1158
1156 1159
1156 1160
1156 1161
1156 1187
1156 1502
1156 1504
1156 1526
1157 1158
1157 1159
1157 1160
1157 1161
1157 1231
1157 1477
1157 1502
1157 1503
1157 1505
1158 1159
1158 1160
1159 1160
1161 1162
1161 1163
1161 1164
1161 1165
1161 1166
1161 1167
1161 1171
1161 1172
1161 1174
1161 1197
1161 1200
1161 1202
1161 1203
1161 1230
1161 1231
1161 1235
1161 1236
1161 1263
1161 1426
1161 1576
1161 1577
1161 1578
1161 1591
1162 1163
1162 1164
1162 1165
1162 1166
1162 1167
1162 1168
1162 1171
1162 1172
1162 1174
1162 1200
1162 1203
1162 1230
1162 1231
1162 1235
1162 1236
1162 1240
1162 1244
1162 1264
1162 1576
1162 1577
1162 1578
1162 1591
1163 1164
1163 1165
1164 1165
1165 1171
1165 1172
1165 1174
1165 1235
1165 1236
1165 1577
1166 1167
1166 1168
1166 1169
1166 1170
1166 1171
1166 1172
1166 1174
1166 1235
1166 1236
1166 1408
1167 1168
1167 1169
1167 1170
1167 1174
1167 1408
1168 1169
1168 1170
1169 1170
1171 1172
1171 1173
1171 1174
1171 1175
1171 1176
1171 1177
1171 1197
1171 1235
1171 1236
1171 1280
1171 1285
1171 1325
1171 1329
1171 1330
1171 1356
1171 1386
1171 1397
1171 1425
1171 1426
1171 1431
1171 1550
1171 1551
1171 1576
1171 1577
1171 1578
1171 1595
1171 1651
1172 1173
1172 1174
1172 1175
1172 1176
1172 1177
1172 1230
1172 1235
1172 1236
1172 1240
1172 1264
1172 1384
1172 1386
1172 1398
1172 1576
1172 1577
1172 1578
1172 1594
1172 1595
1172 1597
1173 1174
1173 1175
1173 1176
1173 1177
1173 1280
1173 1360
1173 1427
1173 1577
1173 1578
1174 1175
1174 1176
1174 1177
1174 1200
1174 1231
1174 1235
1174 1236
1174 1264
1174 1384
1174 1386
1174 1424
1174 1576
1175 1176
1175 1177
1176 1177
1176 1272
1178 1179
1178 1180
1178 1181
1178 1202
1179 1180
1179 1181
1179 1202
1179 1203
1179 1259
1179 1445
1180 1181
1182 1183
1182 1184
1183 1184
1183 1197
1183 1198
1183 1200
1183 1202
1183 1203
1185 1186
1185 1190
1185 1444
1185 1550
1185 1551
1186 1191
1186 1257
1186 1258
1186 1259
1186 1269
1186 1270
1187 1188
1187 1189
1188 1189
1190 1191
1190 1192
1190 1193
1190 1196
1190 1197
1190 1198
1190 1202
1190 1210
1190 1211
1190 1240
1190 1397
1190 1651
1190 1652
1190 1655
1190 1656
1191 1192
1191 1193
1191 1196
1191 1197
1191 1198
1191 1200
1191 1202
1191 1203
1191 1211
1191 1240
1191 1398
1191 1651
1191 1655
1191 1656
1192 1193
1194 1195
1194 1196
1194 1651
1195 1196
1196 1197
1196 1198
1196 1200
1196 1202
1196 1203
1196 1652
1196 1655
1196 1656
1197 1198
1197 1199
1197 1200
1197 1201
1197 1202
1197 1203
1197 1204
1197 1205
1197 1206
1197 1207
1197 1210
1197 1235
1197 1240
1197 1285
1197 1286
1197 1409
1197 1433
1197 1472
1198 1199
1198 1200
1198 1201
1198 1202
1198 1203
1198 1204
1198 1205
1198 1206
1198 1207
1198 1270
1198 1286
1199 1200
1199 1201
1199 1202
1199 1203
1199 1204
1199 1205
1199 1206
1199 1207
1200 1201
1200 1202
1200 1203
1200 1204
1200 1205
1200 1206
1200 1207
1200 1235
1200 1236
1200 1240
1200 1288
1200 1578
1201 1202
1201 1203
1201 1204
1201 1205
1201 1206
1201 1207
1202 1203
1202 1204
1202 1205
1202 1206
1202 1207
1202 1235
1202 1240
1202 1285
1202 1385
1202 1581
1202 1611
1203 1204
1203 1205
1203 1206
1203 1207
1203 1235
1203 1612
1204 1205
1204 1206
1204 1207
1205 1206
1205 1207
1206 1207
1206 1280
1206 1444
1206 1557
1208 1209
1209 1270
1209 1273
1210 1211
1210 1212
1210 1213
1210 1214
1210 1257
1210 1280
1210 1281
1210 1469
1210 1545
1210 1567
1210 1568
1211 1212
1211 1213
1211 1214
1211 1257
1211 1258
1211 1568
1212 1213
1212 1214
1213 1214
1215 1216
1215 1217
1215 1218
1215 1219
1215 1306
1215 1307
1215 1308
1216 1217
1216 1218
1216 1219
1216 1259
1216 1306
1216 1308
1217 1218
1217 1219
1218 1219
1220 1221
1220 1222
1220 1223
1220 1224
1220 1225
1220 1252
1220 1356
1220 1408
1220 1598
1220 1599
1220 1600
1220 1601
1221 1222
1221 1223
1221 1224
1221 1225
1221 1252
1221 1253
1221 1259
1221 1408
1221 1598
1221 1599
1221 1600
1221 1601
1222 1223
1222 1224
1222 1225
1223 1224
1223 1225
1224 1225
1226 1227
1226 1228
1226 1229
1226 1253
1226 1257
1226 1397
1227 1228
1227 1229
1227 1253
1227 1257
1227 1258
1227 1259
1228 1229
1230 1231
1230 1232
1230 1233
1230 1234
1230 1235
1230 1236
1230 1251
1230 1302
1230 1469
1231 1232
1231 1233
1231 1234
1231 1235
1231 1236
1231 1240
1231 1251
1232 1233
1232 1234
1233 1234
1235 1236
1235 1237
1235 1238
1235 1239
1235 1576
1235 1577
1235 1578
1235 1604
1235 1605
1235 1608
1235 1609
1236 1237
1236 1238
1236 1239
1236 1576
1236 1609
1237 1238
1237 1239
1238 1239
1239 1576
1239 1577
1239 1578
1240 1241
1240 1242
1240 1651
1240 1652
1240 1655
1240 1656
1241 1242
1241 1652
1243 1244
1243 1245
1243 1246
1243 1428
1244 1245
1244 1246
1245 1246
1247 1248
1247 1249
1247 1250
1247 1251
1248 1249
1248 1250
1248 1251
1249 1250
1249 1251
1250 1251
1250 1598
1250 1599
1250 1600
1250 1601
1250 1655
1252 1253
1252 1254
1252 1255
1252 1256
1252 1348
1252 1397
1252 1407
1252 1408
1252 1409
1252 1410
1252 1413
1252 1414
1252 1421
1252 1486
1252 1545
1252 1554
1252 1598
1252 1599
1252 1600
1252 1601
1253 1254
1253 1255
1253 1256
1253 1259
1253 1409
1253 1413
1253 1598
1253 1599
1253 1600
1253 1601
1254 1255
1254 1256
1255 1256
1256 1350
1256 1353
1256 1356
1256 1409
1256 1413
1256 1417
1257 1258
1257 1259
1257 1260
1257 1261
1257 1262
1257 1329
1257 1343
1257 1531
1257 1569
1257 1618
1258 1259
1258 1260
1258 1261
1258 1262
1258 1385
1258 1386
1258 1402
1258 1617
1258 1618
1258 1624
1259 1260
1259 1261
1259 1262
1259 1384
1259 1386
1259 1391
1259 1486
1259 1554
1259 1617
1259 1618
1259 1624
1260 1261
1260 1262
1261 1262
1263 1264
1263 1265
1263 1266
1263 1267
1263 1268
1263 1427
1264 1265
1264 1266
1264 1267
1264 1268
1264 1281
1265 1266
1265 1267
1265 1268
1266 1267
1266 1268
1267 1268
1267 1292
1267 1296
1268 1291
1269 1270
1269 1271
1269 1277
1269 1417
1270 1271
1270 1273
1270 1277
1270 1281
1272 1273
1272 1274
1272 1275
1272 1277
1272 1407
1273 1274
1273 1275
1273 1277
1273 1281
1273 1523
1274 1275
1276 1277
1276 1278
1276 1279
1277 1278
1277 1279
1277 1280
1277 1281
1277 1358
1277 1597
1278 1279
1280 1281
1280 1282
1280 1283
1280 1284
1280 1383
1280 1476
1280 1655
1281 1282
1281 1283
1281 1284
1281 1384
1281 1476
1282 1283
1282 1284
1283 1284
1285 1286
1285 1287
1285 1288
1285 1289
1285 1290
1285 1291
1285 1296
1285 1299
1285 1360
1285 1361
1285 1581
1285 1582
1286 1287
1286 1288
1286 1289
1286 1290
1286 1292
1286 1296
1286 1297
1286 1361
1286 1581
1286 1582
1287 1288
1287 1289
1287 1290
1288 1289
1288 1290
1288 1582
1288 1597
1289 1290
1291 1292
1291 1293
1291 1294
1291 1295
1291 1296
1291 1297
1291 1298
1291 1581
1291 1582
1292 1293
1292 1294
1292 1295
1292 1296
1292 1297
1292 1298
1292 1577
1293 1294
1293 1295
1293 1296
1293 1297
1293 1298
1294 1295
1294 1296
1294 1297
1294 1298
1295 1296
1295 1297
1295 1298
1296 1297
1296 1298
1296 1313
1296 1423
1296 1554
1296 1577
1296 1581
1297 1298
1299 1300
1299 1301
1299 1302
1299 1303
1299 1311
1299 1346
1299 1365
1299 1366
1299 1390
1299 1401
1299 1545
1299 1546
1299 1547
1300 1301
1300 1302
1300 1303
1300 1366
1302 1303
1302 1304
1302 1305
1302 1368
1302 1369
1302 1397
1302 1535
1302 1540
1302 1545
1302 1546
1302 1547
1302 1554
1302 1590
1302 1715
1303 1304
1303 1305
1303 1314
1303 1330
1303 1335
1303 1366
1303 1369
1303 1590
1304 1305
1306 1307
1306 1308
1306 1309
1306 1310
1306 1376
1306 1377
1306 1535
1307 1308
1307 1309
1307 1310
1307 1377
1308 1309
1308 1310
1308 1377
1309 1310
1311 1312
1311 1313
1311 1314
1311 1315
1311 1316
1311 1325
1311 1348
1311 1350
1311 1356
1311 1358
1311 1463
1311 1464
1312 1313
1312 1314
1312 1315
1312 1316
1312 1326
1312 1329
1312 1330
1312 1351
1312 1352
1312 1356
1312 1357
1312 1358
1313 1314
1313 1315
1313 1316
1313 1350
1313 1353
1313 1356
1313 1360
1314 1315
1314 1316
1314 1326
1314 1350
1314 1351
1314 1354
1314 1361
1315 1316
1317 1318
1317 1319
1317 1320
1317 1321
1317 1322
1317 1323
1317 1324
1317 1325
1317 1329
1317 1350
1317 1357
1318 1319
1318 1320
1318 1321
1318 1322
1318 1323
1318 1324
1318 1326
1318 1350
1318 1352
1318 1356
1318 1357
1319 1320
1319 1321
1319 1322
1319 1323
1319 1324
1320 1321
1320 1322
1320 1323
1320 1324
1321 1322
1321 1323
1321 1324
1322 1323
1322 1324
1323 1324
1325 1326
1325 1327
1325 1328
1325 1348
1325 1350
1325 1352
1325 1353
1325 1354
1325 1356
1325 1357
1325 1358
1325 1366
1325 1554
1326 1327
1326 1328
1326 1330
1326 1348
1326 1350
1326 1351
1326 1352
1326 1354
1326 1357
1326 1358
1326 1366
1327 1328
1329 1330
1329 1331
1329 1332
1329 1333
1329 1346
1329 1350
1329 1353
1329 1357
1329 1368
1329 1370
1329 1371
1329 1377
1329 1591
1330 1331
1330 1332
1330 1333
1330 1346
1330 1352
1330 1354
1330 1357
1330 1368
1330 1369
1330 1370
1330 1371
1330 1377
1330 1591
1331 1332
1331 1333
1332 1333
1333 1351
1333 1358
1334 1335
1334 1336
1334 1337
1334 1338
1334 1339
1334 1340
1334 1341
1334 1342
1334 1343
1334 1344
1334 1345
1334 1346
1334 1347
1334 1369
1335 1336
1335 1337
1335 1338
1335 1339
1335 1340
1335 1341
1335 1342
1335 1343
1335 1344
1335 1345
1335 1346
1335 1347
1335 1434
1336 1337
1336 1338
1336 1339
1336 1340
1336 1341
1336 1342
1336 1343
1336 1344
1336 1345
1336 1346
1336 1347
1337 1338
1337 1339
1337 1340
1337 1341
1337 1342
1337 1343
1337 1344
1337 1345
1337 1346
1337 1347
1338 1339
1338 1340
1338 1341
1338 1342
1338 1343
1338 1344
1338 1345
1338 1346
1338 1347
1338 1597
1339 1340
1339 1341
1339 1342
1339 1343
1339 1344
1339 1345
1339 1346
1339 1347
1339 1360
1340 1341
1340 1342
1340 1343
1340 1344
1340 1345
1340 1346
1340 1347
1340 1361
1341 1342
1341 1343
1341 1344
1341 1345
1341 1346
1341 1347
1342 1343
1342 1344
1342 1345
1342 1346
1342 1347
1343 1344
1343 1345
1343 1346
1343 1347
1344 1345
1344 1346
1344 1347
1344 1369
1345 1346
1345 1347
1346 1347
1346 1368
1346 1371
1347 1368
1348 1349
1348 1350
1348 1351
1348 1352
1348 1353
1348 1354
1348 1355
1348 1356
1348 1357
1348 1358
1348 1359
1349 1350
1349 1351
1349 1352
1349 1353
1349 1354
1349 1355
1349 1356
1349 1357
1349 1358
1349 1359
1350 1351
1350 1352
1350 1353
1350 1354
1350 1355
1350 1356
1350 1357
1350 1358
1350 1359
1350 1541
1351 1352
1351 1353
1351 1354
1351 1355
1351 1356
1351 1357
1351 1358
1351 1359
1351 1541
1352 1353
1352 1354
1352 1355
1352 1356
1352 1357
1352 1358
1352 1359
1353 1354
1353 1355
1353 1356
1353 1357
1353 1358
1353 1359
1354 1355
1354 1356
1354 1357
1354 1358
1354 1359
1355 1356
1355 1357
1355 1358
1355 1359
1356 1357
1356 1358
1356 1359
1357 1358
1357 1359
1358 1359
1360 1361
1360 1362
1360 1363
1360 1364
1360 1365
1360 1366
1360 1367
1360 1371
1361 1362
1361 1363
1361 1364
1361 1365
1361 1366
1361 1367
1361 1371
1361 1398
1362 1363
1362 1364
1362 1365
1362 1366
1362 1367
1363 1364
1363 1365
1363 1366
1363 1367
1364 1365
1364 1366
1364 1367
1365 1366
1365 1367
1366 1367
1368 1369
1368 1370
1368 1371
1369 1370
1369 1371
1369 1643
1370 1371
1371 1643
1372 1373
1372 1374
1372 1375
1372 1376
1372 1377
1372 1378
1372 1379
1372 1380
1372 1381
1373 1374
1373 1375
1373 1376
1373 1377
1373 1378
1373 1379
1373 1380
1373 1381
1374 1375
1374 1376
1374 1377
1374 1378
1374 1379
1374 1380
1374 1381
1375 1376
1375 1377
1375 1378
1375 1379
1375 1380
1375 1381
1376 1377
1376 1378
1376 1379
1376 1380
1376 1381
1377 1378
1377 1379
1377 1380
1377 1381
1378 1379
1378 1380
1378 1381
1379 1380
1379 1381
1380 1381
1382 1383
1382 1384
1383 1384
1383 1385
1384 1386
1385 1386
1385 1387
1385 1388
1385 1389
1385 1432
1385 1433
1386 1387
1386 1388
1386 1389
1386 1422
1386 1432
1387 1388
1387 1389
1388 1389
1390 1391
1390 1425
1390 1426
1390 1513
1390 1557
1391 1513
1392 1393
1392 1394
1392 1395
1392 1396
1392 1397
1393 1394
1393 1395
1393 1396
1393 1398
1393 1410
1393 1414
1394 1395
1394 1396
1394 1540
1395 1396
1395 1397
1395 1398
1395 1407
1395 1408
1395 1409
1395 1410
1395 1413
1395 1414
1397 1398
1397 1399
1397 1400
1397 1401
1397 1402
1397 1409
1397 1413
1397 1651
1397 1655
1398 1399
1398 1400
1398 1401
1398 1402
1398 1404
1398 1407
1398 1410
1398 1413
1398 1414
1398 1417
1399 1400
1399 1401
1399 1402
1400 1401
1400 1402
1401 1402
1401 1407
1401 1408
1401 1409
1401 1410
1401 1413
1401 1414
1401 1417
1401 1651
1402 1408
1402 1409
1402 1413
1402 1417
1402 1651
1402 1652
1403 1404
1403 1405
1403 1406
1403 1407
1403 1408
1403 1409
1403 1413
1403 1417
1403 1425
1404 1405
1404 1406
1404 1408
1404 1409
1404 1410
1404 1414
1404 1426
1404 1434
1405 1406
1407 1408
1407 1409
1407 1410
1407 1411
1407 1412
1407 1413
1407 1414
1407 1415
1407 1416
1407 1417
1407 1418
1407 1419
1407 1420
1407 1421
1408 1409
1408 1410
1408 1411
1408 1412
1408 1413
1408 1414
1408 1415
1408 1416
1408 1417
1408 1418
1408 1419
1408 1420
1408 1471
1409 1410
1409 1411
1409 1412
1409 1413
1409 1414
1409 1415
1409 1416
1409 1417
1409 1418
1409 1419
1409 1420
1409 1655
1410 1411
1410 1412
1410 1413
1410 1414
1410 1415
1410 1416
1410 1417
1410 1418
1410 1419
1410 1420
1411 1412
1411 1413
1411 1414
1411 1415
1411 1416
1411 1417
1411 1418
1411 1419
1411 1420
1412 1413
1412 1414
1412 1415
1412 1416
1412 1417
1412 1418
1412 1419
1412 1420
1413 1414
1413 1415
1413 1416
1413 1417
1413 1418
1413 1419
1413 1420
1414 1415
1414 1416
1414 1417
1414 1418
1414 1419
1414 1420
1415 1416
1415 1417
1415 1418
1415 1419
1415 1420
1416 1417
1416 1418
1416 1419
1416 1420
1417 1418
1417 1419
1417 1420
1417 1554
1418 1419
1418 1420
1419 1420
1421 1422
1421 1423
1421 1424
1421 1425
1421 1426
1421 1427
1421 1428
1421 1578
1422 1423
1422 1424
1422 1426
1422 1428
1422 1445
1423 1424
1423 1600
1425 1426
1425 1427
1425 1428
1425 1429
1425 1430
1425 1431
1425 1432
1426 1427
1426 1428
1426 1429
1426 1430
1426 1431
1426 1432
1426 1541
1427 1428
1427 1429
1427 1430
1427 1431
1427 1554
1428 1429
1428 1430
1428 1431
1428 1432
1429 1430
1431 1432
1432 1433
1433 1434
1433 1435
1433 1436
1433 1437
1433 1438
1433 1455
1434 1435
1434 1436
1434 1437
1434 1438
1435 1436
1435 1437
1435 1438
1436 1437
1436 1438
1437 1438
1439 1440
1440 1444
1440 1445
1441 1442
1441 1443
1442 1443
1444 1445
1444 1446
1444 1447
1444 1448
1444 1580
1445 1446
1445 1447
1445 1448
1445 1580
1446 1447
1446 1448
1447 1448
1449 1450
1449 1451
1449 1452
1450 1451
1450 1452
1451 1452
1453 1454
1453 1455
1453 1456
1453 1457
1453 1590
1453 1591
1454 1455
1454 1456
1454 1457
1455 1456
1455 1457
1455 1463
1455 1469
1455 1470
1455 1472
1455 1473
1455 1581
1456 1457
1456 1464
1456 1470
1456 1473
1458 1459
1458 1460
1458 1461
1458 1462
1459 1460
1459 1461
1459 1462
1459 1651
1459 1652
1460 1461
1460 1462
1461 1462
1463 1464
1463 1465
1463 1466
1463 1467
1463 1468
1463 1469
1463 1470
1463 1471
1463 1472
1463 1473
1463 1475
1463 1497
1463 1502
1463 1504
1463 1531
1463 1554
1464 1465
1464 1466
1464 1467
1464 1468
1464 1470
1464 1471
1464 1473
1464 1475
1464 1498
1464 1505
1464 1555
1464 1578
1465 1466
1465 1467
1465 1468
1466 1467
1466 1468
1467 1468
1467 1590
1467 1591
1469 1470
1469 1471
1469 1472
1469 1473
1469 1474
1469 1475
1469 1476
1469 1480
1469 1481
1469 1493
1469 1504
1469 1531
1470 1471
1470 1472
1470 1473
1470 1474
1470 1475
1470 1476
1470 1477
1470 1481
1470 1713
1471 1472
1471 1473
1471 1474
1471 1475
1471 1476
1471 1477
1471 1481
1471 1487
1471 1558
1471 1630
1472 1473
1472 1474
1472 1475
1472 1476
1472 1480
1472 1486
1473 1474
1473 1475
1473 1476
1473 1477
1473 1481
1473 1484
1474 1475
1475 1557
1476 1477
1476 1478
1476 1479
1477 1478
1477 1479
1478 1479
1480 1481
1480 1482
1480 1483
1480 1484
1480 1485
1480 1486
1481 1482
1481 1483
1481 1484
1481 1485
1481 1486
1481 1487
1482 1483
1482 1484
1482 1485
1483 1484
1483 1485
1484 1485
1486 1487
1486 1488
1486 1489
1486 1490
1486 1491
1486 1492
1486 1493
1486 1494
1486 1501
1486 1502
1486 1508
1486 1509
1486 1531
1486 1554
1486 1557
1486 1558
1487 1488
1487 1489
1487 1490
1487 1491
1487 1492
1487 1493
1487 1494
1487 1508
1487 1509
1487 1531
1487 1554
1487 1557
1487 1558
1488 1489
1488 1490
1488 1491
1488 1492
1489 1490
1489 1491
1489 1492
1490 1491
1490 1492
1491 1492
1493 1494
1493 1495
1493 1496
1493 1497
1493 1498
1493 1502
1494 1495
1494 1496
1494 1498
1494 1526
1494 1527
1495 1496
1497 1498
1497 1499
1497 1571
1498 1499
1498 1572
1500 1501
1502 1503
1502 1504
1502 1505
1502 1506
1502 1507
1502 1509
1502 1512
1502 1520
1502 1562
1502 1576
1503 1504
1503 1505
1503 1506
1503 1507
1503 1509
1503 1562
1503 1563
1504 1505
1504 1506
1504 1507
1504 1567
1504 1568
1504 1594
1504 1595
1504 1597
1505 1506
1505 1507
1505 1594
1505 1595
1505 1597
1506 1507
1508 1509
1508 1510
1508 1511
1508 1514
1508 1523
1508 1545
1508 1562
1508 1563
1509 1510
1509 1511
1509 1512
1509 1513
1509 1523
1509 1558
1509 1562
1509 1563
1510 1511
1512 1513
1512 1514
1512 1515
1512 1516
1512 1517
1512 1518
1512 1519
1512 1520
1512 1523
1513 1514
1513 1515
1513 1516
1513 1517
1513 1518
1513 1520
1513 1523
1513 1558
1514 1515
1514 1516
1514 1517
1514 1518
1514 1519
1514 1520
1514 1522
1514 1523
1515 1516
1515 1517
1515 1518
1516 1517
1516 1518
1517 1518
1519 1520
1519 1521
1519 1523
1519 1550
1519 1551
1519 1557
1519 1558
1519 1581
1519 1604
1519 1608
1520 1521
1520 1523
1520 1557
1520 1558
1522 1523
1522 1524
1522 1525
1523 1524
1523 1525
1523 1557
1523 1558
1524 1525
1526 1527
1526 1528
1526 1529
1526 1530
1527 1528
1527 1529
1527 1530
1528 1529
1528 1530
1529 1530
1531 1532
1531 1533
1531 1534
1531 1545
1531 1567
1531 1568
1532 1533
1532 1534
1533 1534
1535 1536
1535 1537
1535 1538
1535 1539
1535 1540
1535 1541
1535 1557
1535 1571
1535 1611
1536 1537
1536 1538
1536 1539
1537 1538
1537 1539
1538 1539
1540 1541
1540 1542
1540 1543
1540 1544
1540 1546
1540 1562
1540 1563
1541 1542
1541 1543
1541 1544
1541 1545
1541 1546
1541 1547
1541 1562
1541 1563
1542 1543
1542 1544
1543 1544
1545 1546
1545 1547
1545 1548
1545 1549
1545 1550
1545 1551
1545 1554
1545 1555
1545 1590
1545 1591
1546 1547
1546 1548
1546 1549
1546 1550
1546 1551
1546 1590
1546 1591
1547 1548
1547 1549
1547 1551
1547 1554
1547 1555
1547 1558
1547 1590
1547 1591
1548 1549
1550 1551
1550 1552
1550 1553
1550 1554
1550 1555
1551 1552
1551 1553
1551 1554
1551 1555
1552 1553
1554 1555
1554 1556
1554 1567
1554 1568
1555 1556
1555 1568
1557 1558
1557 1559
1557 1560
1557 1561
1557 1562
1557 1563
1558 1559
1558 1560
1558 1561
1558 1562
1558 1563
1559 1560
1559 1561
1560 1561
1562 1563
1562 1564
1562 1565
1562 1566
1562 1588
1563 1564
1563 1565
1563 1566
1564 1565
1564 1566
1565 1566
1567 1568
1567 1569
1567 1570
1567 1571
1567 1572
1568 1569
1568 1571
1568 1572
1569 1570
1569 1571
1569 1572
1570 1571
1570 1572
1571 1572
1571 1573
1571 1574
1571 1575
1571 1600
1572 1573
1572 1574
1572 1575
1573 1574
1573 1575
1574 1575
1576 1577
1576 1578
1576 1579
1576 1580
1576 1581
1576 1582
1577 1578
1577 1579
1577 1580
1577 1581
1577 1582
1578 1579
1578 1580
1578 1582
1579 1580
1581 1582
1581 1583
1581 1591
1582 1583
1582 1590
1582 1591
1582 1605
1584 1585
1584 1586
1584 1587
1584 1588
1584 1589
1585 1586
1585 1587
1585 1588
1585 1589
1586 1587
1586 1588
1586 1589
1587 1588
1587 1589
1588 1589
1589 1590
1589 1591
1590 1591
1590 1592
1590 1593
1590 1655
1591 1592
1591 1593
1592 1593
1594 1595
1594 1596
1594 1597
1594 1598
1594 1618
1595 1596
1595 1597
1595 1598
1595 1618
1595 1619
1596 1597
1597 1598
1597 1618
1597 1619
1598 1599
1598 1600
1598 1601
1598 1602
1598 1603
1599 1600
1599 1601
1599 1602
1599 1603
1599 1605
1600 1601
1600 1602
1600 1603
1601 1602
1601 1603
1601 1605
1602 1603
1604 1605
1604 1606
1604 1607
1604 1608
1604 1609
1604 1610
1605 1606
1605 1607
1605 1608
1605 1609
1605 1610
1606 1607
1606 1608
1606 1609
1606 1610
1607 1608
1607 1609
1607 1610
1608 1609
1608 1610
1609 1610
1611 1612
1611 1613
1611 1614
1611 1615
1611 1616
1611 1618
1611 1619
1611 1624
1611 1629
1611 1632
1611 1633
1611 1635
1611 1647
1611 1648
1612 1613
1612 1614
1612 1615
1612 1616
1612 1618
1612 1619
1612 1625
1612 1629
1612 1632
1612 1633
1612 1635
1612 1636
1612 1637
1612 1648
1613 1614
1613 1615
1613 1616
1614 1615
1614 1616
1615 1616
1617 1647
1617 1648
1618 1619
1618 1620
1618 1621
1618 1622
1618 1623
1618 1629
1618 1635
1618 1636
1618 1637
1618 1647
1618 1648
1619 1620
1619 1621
1619 1622
1619 1623
1619 1635
1619 1636
1619 1637
1619 1647
1619 1655
1619 1656
1620 1621
1620 1622
1620 1623
1620 1637
1621 1622
1621 1623
1622 1623
1624 1625
1624 1626
1624 1627
1624 1629
1624 1635
1624 1636
1624 1637
1624 1647
1624 1648
1625 1626
1625 1627
1625 1635
1625 1636
1625 1637
1625 1647
1625 1655
1625 1656
1626 1627
1629 1631
1629 1632
1629 1633
1629 1635
1629 1636
1629 1637
1632 1633
1632 1634
1632 1635
1632 1647
1632 1648
1633 1634
1633 1636
1633 1637
1633 1648
1635 1636
1635 1637
1635 1638
1636 1637
1636 1638
1636 1644
1637 1638
1637 1642
1639 1640
1639 1641
1639 1642
1640 1641
1640 1642
1641 1642
1643 1644
1643 1645
1643 1646
1644 1645
1644 1646
1645 1646
1647 1648
1647 1649
1647 1650
1648 1649
1648 1650
1649 1650
1651 1652
1651 1653
1651 1654
1651 1655
1651 1656
1652 1653
1652 1654
1652 1655
1652 1656
1653 1654
1655 1656
1655 1657
1655 1658
1656 1657
1656 1658
1657 1658
1659 1660
1659 1661
1659 1662
1659 1663
1660 1661
1660 1662
1660 1663
1661 1662
1661 1663
1662 1663
1664 1665
1664 1666
1664 1667
1664 1668
1664 1669
1664 1670
1664 1671
1665 1666
1665 1667
1665 1668
1665 1669
1665 1670
1665 1671
1666 1667
1666 1668
1666 1669
1666 1670
1666 1671
1667 1668
1667 1669
1667 1670
1667 1671
1668 1669
1668 1670
1668 1671
1669 1670
1669 1671
1670 1671
1672 1673
1672 1674
1672 1675
1672 1676
1673 1674
1673 1675
1673 1676
1674 1675
1674 1676
1675 1676
1677 1678
1677 1679
1677 1680
1678 1679
1678 1680
1679 1680
1681 1682
1681 1683
1681 1684
1682 1683
1682 1684
1683 1684
1685 1686
1685 1687
1685 1688
1685 1689
1686 1687
1686 1688
1686 1689
1687 1688
1687 1689
1688 1689
1690 1691
1690 1692
1690 1693
1690 1694
1691 1692
1691 1693
1691 1694
1692 1693
1692 1694
1693 1694
1695 1696
1695 1697
1695 1698
1695 1699
1696 1697
1696 1698
1696 1699
1697 1698
1697 1699
1698 1699
1700 1701
1700 1702
1700 1703
1701 1702
1701 1703
1702 1703
1704 1705
1704 1706
1705 1706
1707 1708
1707 1709
1707 1710
1707 1711
1707 1712
1707 1713
1707 1714
1708 1709
1708 1710
1708 1711
1708 1712
1708 1713
1708 1714
1709 1710
1709 1711
1709 1712
1709 1713
1709 1714
1710 1711
1710 1712
1710 1713
1710 1714
1711 1712
1711 1713
1711 1714
1712 1713
1712 1714
1713 1714
1715 1716
1715 1717
1715 1718
1716 1717
1716 1718
1717 1718
1719 1720
1719 1721
1720 1721
1722 1723
1722 1724
1723 1724
1725 1726
1725 1727
1725 1728
1726 1727
1726 1728
1727 1728
