0 1
0 2
0 3
0 4
0 25
0 35
0 279
0 426
0 450
0 511
0 524
0 542
0 544
0 546
0 560
0 565
0 586
0 588
0 693
0 714
0 726
0 767
0 787
0 795
1 2
1 3
1 4
1 105
1 262
1 403
1 451
1 495
1 524
1 542
1 543
1 561
1 563
1 566
1 598
1 669
1 698
1 726
1 727
1 730
1 743
1 796
2 3
2 4
3 4
5 6
5 7
5 8
5 9
5 10
5 11
5 12
5 86
5 94
5 795
6 7
6 8
6 9
6 10
6 551
7 8
7 9
7 10
7 11
7 12
8 9
8 10
9 10
9 11
9 12
11 12
11 13
11 14
11 15
11 16
11 17
11 19
11 65
11 189
11 277
11 386
11 472
11 722
11 736
11 791
12 13
12 14
12 15
12 16
12 17
12 19
12 29
12 189
12 792
12 796
13 14
13 15
13 16
13 17
14 15
14 16
14 17
15 16
15 17
16 17
18 19
18 20
18 511
18 513
18 796
19 20
19 491
19 776
19 796
21 22
21 23
21 24
21 26
21 31
21 32
21 437
22 23
22 24
22 32
22 438
23 24
25 26
25 27
25 28
25 29
25 30
25 31
25 32
25 52
25 67
25 333
25 437
26 27
26 28
26 29
26 30
26 31
26 56
26 173
26 174
26 532
26 658
26 694
26 719
26 733
26 737
27 28
27 29
28 29
28 64
30 31
30 32
30 33
30 34
30 47
30 52
30 62
30 67
30 171
30 173
30 181
30 277
30 309
30 333
30 339
30 381
30 437
30 438
30 450
30 477
30 528
30 532
30 546
30 575
30 612
30 637
30 662
30 689
30 726
30 763
30 775
30 782
30 799
31 32
31 33
31 34
31 56
31 173
31 273
31 327
31 365
31 446
31 447
31 546
31 566
31 654
31 726
31 743
31 763
32 33
32 34
32 173
32 420
32 446
32 533
32 536
32 546
32 726
32 730
32 763
33 34
35 36
35 37
35 38
35 252
35 500
35 501
35 625
35 679
35 791
36 37
36 38
36 512
36 788
36 792
36 796
37 38
39 40
39 41
39 42
40 41
40 42
41 42
42 514
43 44
43 45
43 46
43 53
43 56
43 57
43 68
43 428
43 560
43 621
43 787
44 45
44 46
44 48
44 56
44 622
44 711
45 46
47 48
47 49
47 50
47 51
47 52
47 67
47 210
47 450
47 489
47 500
47 524
47 532
47 551
47 612
47 646
47 657
47 672
47 679
47 689
47 691
47 705
47 707
47 710
47 726
47 732
47 751
47 756
47 787
48 49
48 50
48 51
48 53
48 532
48 533
48 551
48 673
48 686
48 692
48 705
48 706
48 752
48 756
48 771
48 788
49 50
49 51
50 51
51 61
52 53
52 54
52 55
52 57
52 173
52 193
52 261
52 270
52 621
52 622
52 714
52 720
53 54
53 55
53 56
53 57
53 58
53 68
53 282
53 334
53 340
53 597
53 607
53 621
53 622
53 634
53 645
53 673
53 683
53 721
54 55
54 58
54 70
54 621
54 622
54 629
54 634
56 58
56 333
56 546
56 597
56 599
56 607
56 721
57 58
57 59
57 60
57 62
57 106
57 110
57 114
57 123
57 250
57 418
57 576
57 608
58 59
58 60
58 62
58 64
58 68
58 74
58 76
58 87
58 107
58 112
58 114
58 124
58 250
58 613
58 675
59 60
61 62
61 63
61 64
61 65
61 66
61 67
61 70
61 85
61 110
61 119
61 127
61 181
61 182
61 242
61 248
61 249
61 251
61 273
61 599
61 600
61 612
61 719
61 742
62 63
62 64
62 65
62 66
62 67
62 261
62 304
62 391
62 775
63 64
63 65
63 66
63 67
63 70
63 99
63 103
63 137
63 242
63 248
63 251
63 272
63 360
63 420
63 504
63 599
63 730
64 65
64 66
64 67
64 70
64 113
64 137
64 140
64 242
64 248
64 251
64 253
64 273
64 278
64 378
64 418
64 504
64 634
64 706
65 66
67 68
67 69
67 70
67 159
67 181
67 242
67 248
67 252
67 339
67 377
67 450
67 457
67 458
67 511
67 726
68 69
68 70
68 77
68 80
68 148
68 181
68 248
68 253
68 458
68 504
69 70
69 261
69 341
69 377
69 381
70 76
70 243
70 248
70 249
70 253
71 72
71 73
71 74
72 73
72 74
73 74
75 76
75 77
75 78
75 84
75 86
75 241
75 277
76 77
76 78
76 87
76 277
76 278
77 78
77 85
77 143
77 365
79 80
79 81
79 82
79 83
79 85
79 94
79 177
79 210
80 81
80 82
80 83
80 85
80 87
80 95
80 97
80 103
80 365
81 82
81 83
81 86
81 90
81 95
81 102
81 103
82 83
82 87
82 91
82 95
82 97
82 103
84 85
84 86
84 87
84 88
84 89
84 90
84 91
84 92
84 93
84 94
84 99
84 102
84 104
84 128
84 147
84 173
84 177
84 216
84 250
85 86
85 87
85 88
85 89
85 90
85 91
85 92
85 93
85 95
85 104
85 105
85 170
85 572
86 87
86 88
86 89
86 90
86 91
86 92
86 93
86 94
86 102
86 103
86 104
86 106
86 139
86 142
86 177
86 185
86 189
86 225
86 277
87 88
87 89
87 90
87 91
87 92
87 93
87 95
87 97
87 102
87 103
87 147
87 152
87 178
87 186
87 278
87 708
88 89
88 90
88 91
88 92
88 93
89 90
89 91
89 92
89 93
90 91
90 92
90 93
90 95
90 99
90 102
90 151
90 212
90 346
90 588
90 625
90 707
91 92
91 93
91 95
91 103
91 104
91 112
91 147
91 178
91 194
91 213
91 251
91 253
91 278
92 93
94 95
94 96
94 97
94 98
94 99
94 100
94 101
94 142
94 147
94 171
94 223
94 225
94 236
94 366
94 630
95 96
95 97
95 98
95 99
95 100
95 101
95 103
95 104
95 105
95 148
95 171
95 213
95 224
95 366
95 367
96 97
96 98
96 99
96 100
96 101
97 98
97 99
97 100
97 101
97 103
97 148
97 162
97 178
97 196
97 366
97 367
97 368
97 766
98 99
98 100
98 101
99 100
99 101
99 134
99 210
100 101
102 103
102 104
102 105
102 147
102 155
102 173
102 177
102 189
102 193
102 277
102 524
103 104
103 105
103 107
103 135
103 137
103 156
103 174
103 178
103 190
103 278
104 105
104 147
104 148
104 177
104 210
104 490
104 511
104 550
104 726
104 751
105 727
105 730
106 107
106 108
106 109
106 110
106 118
106 123
106 130
106 139
106 147
106 155
106 171
107 108
107 109
107 115
107 118
107 123
107 129
107 135
107 140
107 156
107 334
108 109
110 111
110 112
110 113
110 114
110 115
110 116
110 117
110 252
111 112
111 113
111 114
111 115
111 116
111 117
112 113
112 114
112 115
112 116
112 117
113 114
113 115
113 116
113 117
114 115
114 116
114 117
114 142
114 252
114 264
115 116
115 117
116 117
118 119
118 120
118 121
118 122
119 120
119 121
119 122
120 121
120 122
121 122
123 124
123 125
123 126
123 127
124 125
124 126
124 127
125 126
125 127
126 127
128 129
128 130
128 131
128 132
128 133
128 134
128 142
128 143
128 148
128 197
128 210
128 339
128 662
129 130
129 131
129 132
129 133
129 135
129 143
129 148
129 342
129 365
130 131
130 132
130 133
131 132
131 133
131 143
132 133
134 135
134 136
134 137
134 138
134 139
134 142
134 147
134 193
134 194
134 196
134 197
134 198
134 221
134 350
134 630
135 136
135 137
135 138
135 139
135 140
135 143
135 147
135 148
135 156
135 161
135 193
135 194
136 137
136 138
136 155
137 138
137 139
137 140
137 143
137 156
137 161
137 193
137 196
139 140
139 141
139 142
139 147
139 193
139 194
139 196
139 197
139 198
139 490
139 625
140 141
140 143
140 148
140 156
141 196
142 143
142 144
142 145
142 146
142 147
142 277
142 278
142 366
143 144
143 145
143 146
143 185
143 237
143 278
143 365
144 145
144 146
145 146
147 148
147 149
147 150
147 151
147 152
147 155
147 177
147 178
147 223
147 225
147 366
147 791
148 149
148 150
148 152
148 156
148 177
148 210
148 792
149 150
151 152
151 153
151 154
152 153
152 154
153 154
155 156
155 157
155 158
155 159
155 160
155 177
155 189
155 197
155 223
155 333
155 431
155 581
155 630
156 157
156 158
156 159
156 160
156 174
156 189
156 190
156 194
156 196
156 198
156 210
156 511
157 158
157 159
158 159
160 161
160 162
160 163
160 164
160 165
160 304
161 162
161 163
161 164
161 165
162 163
162 164
162 165
163 164
163 165
164 165
166 167
166 168
166 169
166 170
166 171
166 172
166 289
166 621
167 168
167 169
167 170
167 171
167 172
167 255
167 418
167 622
168 169
168 170
168 171
168 172
169 170
169 171
169 172
170 171
170 172
170 242
171 172
172 689
173 174
173 175
173 176
173 177
173 181
173 185
173 193
173 197
173 218
173 524
173 630
173 732
174 175
174 176
174 178
174 181
174 194
174 196
174 198
174 201
175 176
177 178
177 179
177 180
177 185
177 197
177 223
177 261
177 335
177 346
177 414
177 722
178 179
178 180
178 182
178 201
178 273
179 180
181 182
181 183
181 184
181 200
181 201
181 261
181 277
181 304
181 377
181 381
181 577
182 183
182 184
182 194
182 196
182 198
182 201
182 278
183 184
185 186
185 187
185 188
185 210
186 187
186 188
187 188
189 190
189 191
189 192
189 193
189 197
189 200
189 364
189 565
189 756
190 191
190 192
190 194
190 196
190 201
190 491
191 192
193 194
193 195
193 196
193 197
193 198
193 199
193 200
193 216
193 289
193 511
193 524
194 195
194 196
194 197
194 198
194 199
194 201
194 566
195 196
195 197
195 198
195 199
195 341
196 197
196 198
196 199
196 203
197 198
197 199
197 200
197 216
197 317
197 511
197 524
198 199
198 201
200 201
200 202
200 203
200 204
200 205
200 302
200 333
200 334
200 336
200 366
201 202
201 203
201 204
201 209
201 318
201 499
202 203
202 204
203 204
205 206
205 207
205 208
205 209
206 207
206 208
206 209
207 208
207 209
208 209
209 333
209 334
209 336
209 339
209 340
209 342
210 211
210 212
210 213
210 214
210 215
210 216
210 217
210 218
210 219
210 220
210 221
210 222
210 223
210 224
210 225
210 226
210 227
210 228
210 229
210 230
210 231
210 232
210 233
210 234
210 235
210 236
210 237
210 238
210 239
210 240
210 261
210 277
210 304
210 339
210 364
210 413
210 415
210 463
210 490
210 494
210 505
210 511
210 514
210 519
210 520
210 560
210 616
210 637
210 679
210 720
210 726
211 212
211 213
211 214
211 215
211 216
211 217
211 218
211 219
211 220
211 221
211 222
211 223
211 224
211 225
211 226
211 227
211 228
211 229
211 230
211 231
211 232
211 233
211 234
211 235
211 236
211 237
211 238
211 239
211 240
211 364
211 365
211 520
212 213
212 214
212 215
212 216
212 217
212 218
212 219
212 220
212 221
212 222
212 223
212 224
212 225
212 226
212 227
212 228
212 229
212 230
212 231
212 232
212 233
212 234
212 235
212 236
212 237
212 238
212 239
212 240
212 625
212 679
213 214
213 215
213 216
213 217
213 218
213 219
213 220
213 221
213 222
213 223
213 224
213 225
213 226
213 227
213 228
213 229
213 230
213 231
213 232
213 233
213 234
213 235
213 236
213 237
213 238
213 239
213 240
214 215
214 216
214 217
214 218
214 219
214 220
214 221
214 222
214 223
214 224
214 225
214 226
214 227
214 228
214 229
214 230
214 231
214 232
214 233
214 234
214 235
214 236
214 237
214 238
214 239
214 240
215 216
215 217
215 218
215 219
215 220
215 221
215 222
215 223
215 224
215 225
215 226
215 227
215 228
215 229
215 230
215 231
215 232
215 233
215 234
215 235
215 236
215 237
215 238
215 239
215 240
216 217
216 218
216 219
216 220
216 221
216 222
216 223
216 224
216 225
216 226
216 227
216 228
216 229
216 230
216 231
216 232
216 233
216 234
216 235
216 236
216 237
216 238
216 239
216 240
217 218
217 219
217 220
217 221
217 222
217 223
217 224
217 225
217 226
217 227
217 228
217 229
217 230
217 231
217 232
217 233
217 234
217 235
217 236
217 237
217 238
217 239
217 240
218 219
218 220
218 221
218 222
218 223
218 224
218 225
218 226
218 227
218 228
218 229
218 230
218 231
218 232
218 233
218 234
218 235
218 236
218 237
218 238
218 239
218 240
219 220
219 221
219 222
219 223
219 224
219 225
219 226
219 227
219 228
219 229
219 230
219 231
219 232
219 233
219 234
219 235
219 236
219 237
219 238
219 239
219 240
219 658
219 766
220 221
220 222
220 223
220 224
220 225
220 226
220 227
220 228
220 229
220 230
220 231
220 232
220 233
220 234
220 235
220 236
220 237
220 238
220 239
220 240
221 222
221 223
221 224
221 225
221 226
221 227
221 228
221 229
221 230
221 231
221 232
221 233
221 234
221 235
221 236
221 237
221 238
221 239
221 240
221 356
221 364
221 397
221 412
222 223
222 224
222 225
222 226
222 227
222 228
222 229
222 230
222 231
222 232
222 233
222 234
222 235
222 236
222 237
222 238
222 239
222 240
223 224
223 225
223 226
223 227
223 228
223 229
223 230
223 231
223 232
223 233
223 234
223 235
223 236
223 237
223 238
223 239
223 240
224 225
224 226
224 227
224 228
224 229
224 230
224 231
224 232
224 233
224 234
224 235
224 236
224 237
224 238
224 239
224 240
225 226
225 227
225 228
225 229
225 230
225 231
225 232
225 233
225 234
225 235
225 236
225 237
225 238
225 239
225 240
225 293
226 227
226 228
226 229
226 230
226 231
226 232
226 233
226 234
226 235
226 236
226 237
226 238
226 239
226 240
227 228
227 229
227 230
227 231
227 232
227 233
227 234
227 235
227 236
227 237
227 238
227 239
227 240
228 229
228 230
228 231
228 232
228 233
228 234
228 235
228 236
228 237
228 238
228 239
228 240
229 230
229 231
229 232
229 233
229 234
229 235
229 236
229 237
229 238
229 239
229 240
230 231
230 232
230 233
230 234
230 235
230 236
230 237
230 238
230 239
230 240
231 232
231 233
231 234
231 235
231 236
231 237
231 238
231 239
231 240
232 233
232 234
232 235
232 236
232 237
232 238
232 239
232 240
233 234
233 235
233 236
233 237
233 238
233 239
233 240
233 625
234 235
234 236
234 237
234 238
234 239
234 240
235 236
235 237
235 238
235 239
235 240
236 237
236 238
236 239
236 240
236 380
236 396
236 511
236 621
236 641
236 751
237 238
237 239
237 240
237 752
238 239
238 240
238 519
239 240
240 242
241 242
241 243
241 244
241 245
241 246
241 247
241 248
241 249
241 250
241 252
241 350
241 469
241 511
241 614
242 243
242 244
242 245
242 246
242 247
242 248
242 249
242 251
242 253
243 244
243 245
243 246
243 247
243 248
243 249
244 245
244 246
244 247
244 248
244 249
245 246
245 247
245 248
245 249
246 247
246 248
246 249
247 248
247 249
248 249
248 252
249 252
249 277
249 289
249 290
250 251
250 418
252 253
252 254
252 414
252 524
253 254
253 617
255 256
255 257
255 258
255 259
255 260
255 261
255 262
255 263
255 264
255 278
255 290
255 294
255 297
255 303
256 257
256 258
256 259
256 260
256 261
256 262
256 263
256 270
256 281
256 289
256 293
256 302
256 366
257 258
257 259
257 260
257 261
257 262
257 263
257 264
257 265
257 290
257 294
257 299
257 334
257 342
258 259
258 260
258 261
258 262
258 263
259 260
259 261
259 262
259 263
260 261
260 262
260 263
261 262
261 263
261 264
261 277
261 289
261 293
261 294
261 304
261 346
261 726
262 263
262 265
262 266
262 290
262 294
264 265
264 266
264 267
264 268
264 277
264 289
264 293
264 359
264 366
264 381
264 505
265 266
265 267
265 268
265 278
265 290
265 294
265 299
265 353
265 356
265 360
266 267
266 268
266 283
266 290
266 307
266 360
267 268
269 270
269 271
270 271
271 303
271 356
272 273
272 274
272 275
272 276
272 277
272 278
272 304
272 775
273 274
273 275
273 276
273 305
274 275
274 276
275 276
277 278
277 279
277 280
277 304
277 339
277 352
277 359
277 360
277 402
277 524
277 775
278 279
278 280
278 304
278 360
279 280
281 282
281 283
281 284
281 285
281 286
281 287
281 288
281 290
281 791
282 283
282 284
282 285
282 286
282 287
282 288
282 290
282 327
282 792
283 284
283 285
283 286
283 287
283 288
283 307
284 285
284 286
284 287
284 288
284 595
285 286
285 287
285 288
286 287
286 288
287 288
289 290
289 291
289 292
289 293
289 309
289 327
289 352
290 291
290 292
290 294
290 299
290 336
290 352
290 353
291 292
293 294
293 295
293 296
293 297
293 317
293 327
293 333
293 412
293 463
294 295
294 296
294 297
294 299
294 303
294 308
294 327
294 334
294 336
294 342
294 353
294 418
295 296
295 297
296 297
298 299
298 300
298 301
299 300
299 301
299 305
299 308
299 333
299 334
300 301
301 336
302 303
302 304
302 305
302 306
302 307
302 308
302 350
302 380
302 395
302 412
302 551
302 668
302 732
303 304
303 305
303 306
303 307
303 308
303 310
303 336
303 351
303 356
303 382
303 395
303 413
303 733
304 305
304 306
304 307
304 308
304 346
304 395
304 414
304 511
305 306
305 307
305 308
305 334
305 347
305 382
305 392
305 395
305 600
306 307
306 308
307 308
307 326
307 350
307 351
307 361
307 382
307 383
307 398
307 409
308 311
308 318
308 347
308 356
308 374
308 382
308 395
309 310
309 311
309 312
309 313
309 314
309 315
309 316
310 311
310 312
310 313
310 314
310 315
310 316
311 312
311 313
311 314
311 315
311 316
312 313
312 314
312 315
312 316
313 314
313 315
313 316
314 315
314 316
315 316
317 318
317 319
317 320
317 321
318 319
318 320
318 321
319 320
319 321
320 321
322 323
322 324
322 325
322 326
322 333
322 396
323 324
323 325
323 326
323 327
323 334
323 397
324 325
324 326
324 335
324 402
324 577
325 326
326 398
327 328
327 329
327 330
327 331
327 332
327 333
327 334
327 336
327 340
327 342
327 388
328 329
328 330
328 331
328 332
329 330
329 331
329 332
330 331
330 332
331 332
333 334
333 335
333 336
333 337
333 338
333 339
333 350
333 351
333 352
333 359
333 360
333 364
333 377
333 378
333 791
334 335
334 336
334 337
334 338
334 340
334 342
334 351
334 353
334 364
334 365
334 378
334 792
335 336
335 337
335 338
335 341
335 352
335 359
335 365
335 379
335 386
335 599
335 614
335 714
336 337
336 338
336 342
336 353
336 360
336 365
336 372
336 617
337 338
339 340
339 341
339 342
339 343
339 344
339 345
339 366
339 381
339 387
339 621
340 341
340 342
340 343
340 344
340 345
340 351
340 382
340 388
340 398
340 401
340 622
341 342
341 343
341 344
341 345
341 377
342 343
342 344
342 345
342 360
342 378
342 382
342 413
343 344
343 345
344 345
346 347
346 348
346 349
346 350
346 351
346 382
346 391
346 392
347 348
347 349
347 350
347 351
347 392
348 349
348 350
348 351
349 350
349 351
350 351
350 373
351 356
351 365
351 380
351 381
351 382
351 413
351 415
352 353
352 354
352 355
353 354
353 355
353 392
354 355
356 357
356 358
356 380
356 413
357 358
359 360
359 361
359 362
359 363
359 373
359 377
359 378
360 361
360 362
360 363
360 374
360 378
361 362
361 363
362 363
364 365
364 373
364 381
364 412
365 374
366 367
366 368
366 369
366 370
366 726
367 368
367 369
367 370
367 727
367 730
368 369
368 370
369 370
371 372
373 374
373 375
373 376
373 377
373 381
373 387
373 412
373 413
373 415
373 418
374 375
374 376
374 382
374 412
374 413
374 418
374 524
374 719
374 737
375 376
377 378
377 379
377 381
378 379
378 382
378 388
378 613
380 381
380 382
380 383
380 384
380 385
380 386
380 395
380 412
381 382
381 383
381 384
381 385
381 386
381 391
381 395
381 412
381 414
382 383
382 384
382 385
382 386
382 391
382 392
382 395
382 396
382 397
382 401
382 413
382 415
383 384
383 385
383 386
384 385
384 386
385 386
387 388
387 389
387 390
387 396
387 397
387 400
387 412
388 389
388 390
388 397
388 401
388 402
388 403
388 415
389 390
389 398
390 402
391 392
391 393
391 394
391 395
391 396
391 400
392 393
392 394
392 395
392 397
392 401
392 402
392 413
392 415
392 737
393 394
393 395
394 395
396 396
396 397
396 398
396 399
396 400
396 411
396 726
397 398
397 399
397 411
397 413
397 415
398 399
398 409
398 411
400 401
400 402
400 403
400 404
400 405
400 411
400 437
401 402
401 403
401 404
401 405
401 411
402 403
402 404
402 405
402 411
402 614
403 404
403 405
403 411
404 405
406 407
406 408
406 409
406 410
406 411
407 408
407 409
407 410
407 411
407 415
407 451
408 409
408 410
408 411
409 410
409 411
410 411
412 413
412 414
412 415
412 416
412 417
413 414
413 415
413 416
413 417
413 658
414 415
414 416
414 417
415 416
415 417
416 417
418 419
418 420
418 421
418 422
418 431
418 613
418 719
419 420
419 421
419 422
420 421
420 422
421 422
423 424
423 425
423 428
423 431
423 434
423 736
424 425
424 427
424 432
424 433
424 458
424 595
424 737
424 747
425 437
426 427
426 428
426 429
426 430
426 431
426 434
426 450
426 457
426 511
426 524
426 546
426 575
426 720
427 428
427 429
427 430
427 432
427 433
427 434
427 458
427 532
428 429
428 430
428 431
428 432
428 434
428 457
428 458
428 464
428 588
429 430
429 458
431 432
431 433
431 434
431 435
431 436
431 450
431 451
431 453
431 457
431 458
431 462
431 468
431 524
431 532
431 575
431 732
432 433
432 434
432 435
432 436
432 438
432 450
432 451
432 453
432 458
432 462
432 468
432 525
433 434
433 435
433 436
433 450
433 457
433 458
433 462
433 468
434 435
434 436
434 450
434 457
434 458
434 462
434 468
434 722
435 436
437 438
437 439
437 440
437 441
437 442
437 457
437 477
437 478
437 481
437 486
437 494
437 505
437 506
437 511
437 512
437 528
437 532
437 546
437 807
438 439
438 440
438 441
438 442
438 443
438 451
438 453
438 458
438 462
438 463
438 477
438 478
438 481
438 482
438 486
438 488
438 506
438 717
438 757
438 807
439 440
439 441
439 442
439 443
439 458
439 477
439 478
439 481
439 482
439 486
439 491
439 501
439 533
439 807
440 441
442 443
442 444
442 445
442 457
442 490
443 444
443 445
443 458
444 445
446 447
446 448
446 449
447 448
447 449
447 566
448 449
450 451
450 452
450 453
450 454
450 455
450 456
450 457
450 477
450 490
450 494
450 511
450 577
450 581
451 452
451 453
451 454
451 455
451 456
451 458
451 462
451 463
451 478
451 482
451 486
451 581
451 595
452 453
452 454
452 455
452 456
452 577
452 775
453 454
453 455
453 456
453 458
453 484
453 491
453 494
453 511
453 595
454 455
454 456
455 456
457 458
457 459
457 460
457 461
457 462
457 463
457 468
457 477
457 490
457 494
457 511
457 560
457 575
457 577
457 791
457 811
458 459
458 460
458 461
458 462
458 463
458 468
458 491
458 495
458 512
458 737
459 460
459 461
459 462
460 461
460 462
461 462
463 495
463 501
463 506
463 511
463 512
463 620
464 465
464 466
465 466
467 468
467 469
467 470
467 471
467 472
468 469
468 470
468 471
468 472
469 470
469 471
469 472
470 471
470 472
470 621
471 472
473 474
473 475
473 476
473 477
473 763
473 766
474 475
474 476
474 478
474 506
474 764
475 476
477 478
477 479
477 480
477 481
477 486
477 490
477 494
477 495
477 500
477 505
477 506
477 511
477 519
477 528
477 560
477 565
477 591
477 763
477 782
477 807
478 479
478 480
478 481
478 486
478 491
478 495
478 501
478 506
478 512
478 513
478 561
478 807
479 480
479 577
481 482
481 483
481 484
481 485
481 486
481 500
481 505
481 506
481 763
482 483
482 484
482 485
482 486
482 501
482 506
482 520
483 484
483 485
483 486
484 485
484 486
484 501
485 486
487 488
487 489
487 494
487 763
487 766
488 489
488 764
490 491
490 492
490 493
490 494
490 519
490 524
490 550
490 560
490 565
490 707
490 710
490 716
490 732
490 736
490 746
490 756
490 759
491 492
491 493
491 495
491 506
491 512
491 707
491 711
491 732
491 733
491 734
491 747
491 776
492 493
494 495
494 496
494 497
494 498
494 499
494 500
494 505
494 511
494 519
494 541
494 550
494 560
494 565
494 726
494 746
494 759
494 763
494 795
495 496
495 497
495 498
495 499
495 500
495 501
495 506
495 512
495 513
495 551
495 561
495 566
495 576
495 792
495 793
495 794
496 497
496 498
496 499
497 498
497 499
498 499
498 501
498 566
500 501
500 502
500 503
500 504
500 505
500 511
500 519
500 565
500 763
500 793
500 811
501 502
501 503
501 504
501 506
501 510
501 512
501 514
501 520
501 523
501 525
501 551
501 566
501 752
501 764
501 792
501 793
501 811
502 503
502 504
503 504
505 506
505 507
505 508
505 509
505 510
505 511
505 524
505 535
505 560
505 722
505 807
506 507
506 508
506 509
506 510
506 512
506 520
506 566
506 721
507 508
507 509
507 510
508 509
508 510
509 510
511 512
511 513
511 514
511 515
511 516
511 517
511 518
511 519
511 520
511 521
511 522
511 523
511 524
511 560
511 565
511 566
511 697
511 714
511 720
511 726
511 763
511 791
512 513
512 514
512 515
512 516
512 517
512 518
512 519
512 520
512 521
512 522
512 523
512 524
512 525
512 551
512 561
512 720
512 721
512 727
512 730
512 768
512 792
513 514
513 515
513 516
513 517
513 518
513 519
513 520
513 521
513 522
513 523
513 525
513 561
513 562
513 600
513 652
513 663
513 697
513 698
513 702
513 715
513 732
513 768
513 787
513 788
513 792
514 515
514 516
514 517
514 518
514 519
514 520
514 521
514 522
514 523
514 524
514 545
514 706
514 720
514 773
514 774
514 786
515 516
515 517
515 518
515 519
515 520
515 521
515 522
515 523
516 517
516 518
516 519
516 520
516 521
516 522
516 523
517 518
517 519
517 520
517 521
517 522
517 523
518 519
518 520
518 521
518 522
518 523
519 520
519 521
519 522
519 523
519 524
519 560
519 565
519 679
519 720
519 791
520 521
520 522
520 523
520 524
520 525
520 561
520 566
520 599
520 720
520 721
521 522
521 523
522 523
524 525
524 526
524 527
524 565
524 595
524 621
524 726
525 526
525 527
525 717
526 527
528 529
528 530
528 531
528 532
528 533
528 534
528 535
528 536
528 537
528 538
528 539
528 540
528 541
528 550
528 576
528 579
529 530
529 531
529 532
529 533
529 534
529 535
529 536
529 537
529 538
529 539
529 540
529 541
530 531
530 532
530 533
530 534
530 535
530 536
530 537
530 538
530 539
530 540
530 541
531 532
531 533
531 534
531 535
531 536
531 537
531 538
531 539
531 540
531 541
532 533
532 534
532 535
532 536
532 537
532 538
532 539
532 540
532 541
532 593
532 595
533 534
533 535
533 536
533 537
533 538
533 539
533 540
533 541
534 535
534 536
534 537
534 538
534 539
534 540
534 541
535 536
535 537
535 538
535 539
535 540
535 541
536 537
536 538
536 539
536 540
536 541
536 595
537 538
537 539
537 540
537 541
538 539
538 540
538 541
538 747
539 540
539 541
540 541
540 578
540 595
540 747
542 543
542 544
542 545
542 546
542 547
542 550
542 710
543 544
543 545
543 546
543 547
543 551
543 566
544 545
544 546
544 547
544 710
544 775
544 795
545 546
545 547
545 551
545 561
545 566
545 766
546 547
546 726
546 763
547 727
547 730
548 549
548 551
548 752
549 551
549 700
550 551
550 552
550 553
550 560
550 565
550 707
550 710
550 726
550 732
550 751
550 756
551 552
551 553
551 566
551 710
551 711
551 733
551 734
551 756
552 553
554 555
554 556
554 557
554 558
554 559
555 556
555 557
555 558
555 559
555 561
555 566
556 557
556 558
556 559
557 558
557 559
558 559
560 561
560 562
560 564
560 565
560 566
560 726
560 751
560 763
560 766
561 562
561 563
561 565
561 566
561 727
561 733
561 764
562 595
563 564
563 565
563 727
563 730
564 565
565 566
565 567
565 568
565 726
565 756
565 759
566 567
566 568
566 708
566 730
566 757
567 568
569 570
569 571
569 572
569 573
569 574
569 575
570 571
570 572
570 573
570 574
571 572
571 573
571 574
572 573
572 574
573 574
575 576
575 577
575 578
575 579
575 580
575 581
575 582
575 586
576 577
576 578
576 579
576 580
576 581
576 582
576 587
576 590
576 593
577 578
577 579
577 580
577 581
577 582
577 588
577 593
577 595
577 625
577 647
578 579
578 580
578 581
578 582
578 583
578 586
578 590
578 593
578 595
579 580
579 581
579 582
579 587
579 590
579 593
579 595
579 604
579 605
580 581
581 590
581 593
581 595
582 583
582 584
582 585
583 584
583 585
583 593
583 595
584 585
586 587
586 588
586 589
586 590
586 591
586 592
587 588
587 589
587 590
587 591
587 592
588 589
588 590
588 591
588 592
588 726
589 590
589 591
589 592
590 591
590 592
590 593
590 595
591 592
593 594
593 595
593 596
593 720
594 595
594 596
595 596
595 721
597 598
597 599
597 600
597 601
597 602
597 603
597 621
598 599
598 600
598 601
598 602
598 603
598 669
599 600
599 601
599 602
599 603
599 689
600 601
600 602
600 603
601 602
601 603
602 603
604 605
604 606
604 607
605 606
605 607
606 607
606 612
606 616
606 617
606 625
606 637
607 617
607 645
608 609
608 610
608 611
608 616
608 637
608 641
608 689
609 610
609 611
609 617
609 642
609 645
610 611
612 613
612 614
612 615
612 616
612 617
612 621
612 633
612 737
613 614
613 615
613 616
613 622
613 634
614 615
616 617
616 618
616 619
616 620
616 621
616 625
616 633
616 635
616 707
617 618
617 619
617 620
617 622
617 634
618 619
618 620
619 620
621 622
621 623
621 624
621 625
621 628
621 633
621 647
622 623
622 624
622 629
622 634
622 669
623 624
625 626
625 627
625 628
625 629
625 630
625 631
625 632
625 633
625 637
625 641
625 679
625 791
626 627
626 628
626 629
626 630
626 631
626 632
626 642
626 645
627 628
627 629
627 630
627 631
627 632
628 629
628 630
628 631
628 632
628 679
629 630
629 631
629 632
630 631
630 632
631 632
633 634
633 635
633 636
633 637
633 679
633 710
634 635
634 636
635 636
637 638
637 639
637 640
637 641
637 642
637 643
637 644
637 645
637 646
637 647
637 662
637 674
637 726
637 787
638 639
638 640
638 641
638 642
638 643
638 644
638 645
639 640
639 641
639 642
639 643
639 644
639 645
640 641
640 642
640 643
640 644
640 645
641 642
641 643
641 644
641 645
641 647
641 679
641 726
642 643
642 644
642 645
642 647
643 644
643 645
644 645
645 646
645 647
645 648
645 669
646 647
646 648
646 649
646 650
646 651
646 669
646 686
646 791
647 648
647 649
647 650
647 651
648 649
648 650
648 651
648 669
648 706
649 650
649 651
650 651
652 653
652 654
652 655
652 656
652 657
652 796
653 654
653 655
653 656
653 788
654 655
654 656
654 662
654 766
655 656
657 658
657 659
657 660
657 661
657 662
657 663
657 672
657 674
657 679
657 680
657 685
657 691
658 659
658 660
658 661
658 662
658 663
658 680
658 685
658 686
658 690
658 692
659 660
659 661
660 661
662 663
662 664
662 665
662 666
662 667
662 672
662 679
662 685
662 686
662 689
662 690
662 691
662 726
662 787
662 801
663 664
663 665
663 666
663 667
663 669
663 675
663 679
663 680
663 686
663 690
663 692
664 665
664 666
664 667
665 666
665 667
666 667
668 669
668 670
668 671
669 670
669 671
669 672
669 793
670 671
672 673
672 679
672 680
672 689
672 690
673 680
673 686
673 690
673 692
674 675
674 676
674 677
674 678
674 679
674 680
674 689
674 691
675 676
675 677
675 678
675 680
675 692
675 706
676 677
676 678
677 678
679 680
679 681
679 682
679 689
679 691
680 681
680 682
680 684
680 686
680 690
680 692
681 682
683 684
683 685
683 686
683 687
683 688
683 689
683 690
683 691
683 692
684 685
684 686
684 687
684 688
684 689
684 690
684 691
684 692
685 686
685 687
685 688
685 689
685 690
685 691
685 692
686 687
686 688
686 689
686 690
686 691
686 692
687 688
687 689
687 690
687 691
687 692
688 689
688 690
688 691
688 692
689 690
689 691
689 692
689 726
690 691
690 692
691 692
691 699
691 772
693 694
693 695
693 696
693 697
693 698
693 699
693 787
694 695
694 696
694 697
694 698
694 699
695 696
695 697
695 698
695 699
696 697
696 698
696 699
697 698
697 699
697 763
697 787
698 699
698 764
700 702
700 708
700 711
700 717
700 757
700 776
700 779
701 702
701 703
701 704
701 710
701 775
702 703
702 704
702 711
702 764
702 776
703 704
703 710
705 706
705 708
705 711
705 717
705 721
705 727
705 752
705 757
705 764
705 771
705 776
705 779
706 708
706 733
706 752
706 757
706 764
706 766
706 771
706 773
706 776
706 779
707 708
707 709
707 710
707 716
707 763
707 775
708 709
708 711
708 717
708 764
708 776
710 711
710 712
710 713
710 716
710 722
710 726
710 732
710 751
710 756
710 759
710 767
710 770
710 772
710 775
710 778
710 784
711 712
711 713
711 717
711 730
711 733
711 734
711 760
711 771
711 776
711 779
712 713
714 715
716 717
716 718
716 720
716 726
716 770
716 775
716 778
716 782
717 718
717 727
717 764
717 783
720 721
720 722
720 723
720 724
720 725
720 726
720 763
721 722
721 723
721 724
721 725
721 727
721 730
721 733
722 723
722 724
722 725
723 724
723 725
724 725
726 727
726 728
726 729
726 730
726 731
726 732
726 736
726 742
726 746
726 751
726 763
726 793
726 795
727 728
727 729
727 730
727 731
727 733
727 734
727 747
727 752
727 757
727 760
727 764
727 794
728 729
728 730
728 731
729 730
729 731
730 731
730 733
730 760
730 764
730 794
732 733
732 734
732 735
732 736
732 740
732 742
732 751
732 756
732 763
733 734
733 735
733 737
733 741
733 743
733 747
733 752
733 757
733 764
734 735
734 737
734 743
734 747
734 752
734 757
734 760
734 764
736 737
736 738
736 739
736 740
736 742
736 746
737 738
737 739
737 741
737 743
737 747
738 739
740 741
742 743
742 744
742 745
743 744
743 745
743 747
743 757
744 745
746 747
746 748
746 749
746 750
746 751
747 748
747 749
747 750
747 757
748 749
748 750
749 750
751 752
751 753
751 754
751 755
751 756
751 759
751 763
752 753
752 754
752 755
752 757
752 760
752 764
753 754
753 755
753 766
754 755
756 757
756 758
756 759
756 763
756 770
756 778
757 758
757 760
757 764
757 779
759 760
759 761
759 762
759 763
759 766
759 795
760 761
760 762
760 764
760 766
760 776
761 762
763 764
763 765
763 766
763 767
763 791
763 795
763 796
763 811
764 765
764 766
764 768
764 776
764 792
764 812
765 766
766 767
766 773
766 774
767 768
767 769
768 769
768 776
770 771
770 772
770 773
770 774
770 775
770 796
771 772
771 773
771 774
771 776
772 773
772 774
773 774
775 776
775 777
776 777
778 779
778 780
778 781
779 780
779 781
780 781
782 783
782 784
782 785
782 786
782 787
783 784
783 785
783 786
783 788
783 792
784 785
784 786
785 786
787 788
787 789
787 790
787 791
787 795
787 799
788 789
788 790
788 792
788 796
789 790
791 792
791 793
791 794
791 795
792 793
792 794
792 796
793 794
795 796
795 797
795 798
795 799
795 800
796 797
796 798
796 799
796 800
796 812
797 798
797 799
797 800
798 799
798 800
799 800
801 802
801 803
801 804
801 805
801 806
802 803
802 804
802 805
802 806
803 804
803 805
803 806
804 805
804 806
805 806
807 808
807 809
807 810
808 809
808 810
809 810
811 812
811 813
811 814
812 813
812 814
813 814
