0 1
0 2
0 3
0 4
0 5
0 6
0 7
0 23
0 106
0 237
0 246
0 256
0 308
0 369
0 370
0 374
0 377
0 382
0 410
0 414
0 420
0 557
0 567
0 600
0 653
0 654
0 713
0 714
0 715
0 718
0 719
0 746
0 757
0 771
0 789
0 790
0 809
0 810
1 2
1 3
1 4
1 5
1 6
1 7
1 15
1 364
1 375
1 789
1 790
2 3
2 4
2 5
2 6
2 7
3 4
3 5
3 6
3 7
4 5
4 6
4 7
4 237
4 238
4 246
4 599
4 746
4 760
4 789
4 790
5 6
5 7
5 15
5 237
5 369
5 371
5 374
5 376
5 790
5 800
6 7
8 9
8 10
8 11
8 12
8 13
8 14
8 21
8 22
8 64
8 126
8 246
8 299
8 300
8 339
8 382
8 746
9 10
9 11
9 12
9 13
9 14
9 22
9 64
9 65
9 74
9 177
9 246
9 263
9 299
9 383
9 433
9 756
10 11
10 12
10 13
11 12
11 13
12 13
13 14
13 15
13 18
13 19
13 22
13 43
13 299
14 15
14 16
14 17
14 18
14 23
14 48
15 16
15 17
15 22
15 815
16 17
18 19
18 20
18 21
18 129
18 237
18 245
19 20
19 238
19 245
19 256
19 257
19 327
19 789
21 22
21 23
21 24
21 25
21 26
21 27
21 28
21 29
21 30
21 31
21 32
21 33
21 34
21 35
21 64
21 199
21 219
21 281
21 568
21 573
21 599
21 633
21 638
21 641
22 23
22 24
22 25
22 26
22 27
22 28
22 29
22 30
22 31
22 32
22 33
22 34
22 35
22 47
22 65
22 70
22 564
22 567
22 568
22 599
22 633
22 634
22 638
22 720
22 729
23 24
23 25
23 26
23 27
23 28
23 29
23 30
23 31
23 32
23 33
23 34
23 35
23 64
23 65
23 77
23 132
23 141
23 246
23 275
23 500
23 563
23 567
23 638
23 746
23 789
24 25
24 26
24 27
24 28
24 29
24 30
24 31
24 32
24 33
24 34
24 35
24 642
25 26
25 27
25 28
25 29
25 30
25 31
25 32
25 33
25 34
25 35
26 27
26 28
26 29
26 30
26 31
26 32
26 33
26 34
26 35
27 28
27 29
27 30
27 31
27 32
27 33
27 34
27 35
28 29
28 30
28 31
28 32
28 33
28 34
28 35
29 30
29 31
29 32
29 33
29 34
29 35
30 31
30 32
30 33
30 34
30 35
31 32
31 33
31 34
31 35
32 33
32 34
32 35
33 34
33 35
34 35
36 37
36 38
36 39
36 40
36 41
36 45
36 46
36 48
36 77
36 112
36 113
36 114
36 115
36 814
37 38
37 39
37 40
37 41
37 43
37 47
37 814
37 815
38 39
38 40
38 41
39 40
39 41
40 41
42 43
42 44
42 45
42 46
43 44
43 45
43 151
43 214
43 453
43 454
43 489
43 789
43 790
45 46
45 47
45 48
45 49
45 50
45 51
45 52
45 58
45 73
45 112
45 114
45 118
45 144
45 351
46 47
46 48
46 49
46 50
46 51
46 52
46 112
46 246
46 263
46 789
47 48
47 49
47 50
47 51
47 52
47 59
47 73
47 74
47 112
47 114
47 145
48 49
48 50
48 51
48 52
48 60
48 63
48 73
48 118
48 730
49 50
49 51
49 52
50 51
50 52
51 52
53 54
53 55
53 56
53 57
53 544
53 618
54 55
54 56
54 57
54 163
54 164
54 165
55 56
55 57
55 164
55 165
56 57
58 59
58 60
58 61
58 62
58 63
59 60
59 61
59 62
59 63
59 238
59 264
59 351
60 61
60 62
60 63
60 187
61 62
61 63
61 186
61 188
62 63
64 65
64 66
64 67
64 68
64 275
64 588
64 756
64 757
64 759
65 66
65 67
65 68
66 67
66 68
66 590
67 68
68 694
69 70
69 71
69 72
69 73
69 74
70 71
70 72
71 72
73 74
73 75
73 76
73 89
73 96
73 118
73 199
73 200
73 382
73 739
73 780
73 789
74 75
74 76
74 89
74 93
74 97
74 119
74 740
74 743
75 76
77 78
77 79
77 80
77 81
77 125
77 126
77 268
77 377
77 555
77 556
77 557
77 558
77 739
77 741
77 742
77 789
77 799
78 79
78 80
78 82
78 125
78 146
78 276
78 559
78 739
78 743
78 783
78 786
78 799
78 800
79 80
81 82
81 83
81 84
81 89
81 125
81 151
81 382
81 501
81 739
81 741
81 742
81 786
81 789
82 83
82 84
82 89
82 118
82 125
82 126
82 526
82 740
82 786
82 790
83 84
85 86
85 87
85 88
85 521
86 87
86 88
87 88
88 221
88 292
88 294
89 90
89 91
89 96
89 97
89 783
89 789
89 790
90 91
92 93
92 94
92 95
92 96
92 97
92 432
93 94
93 95
94 95
96 97
96 98
96 99
96 232
96 514
96 789
97 98
97 99
97 132
97 139
97 783
97 786
97 790
97 815
98 99
100 101
100 102
100 103
100 104
100 105
100 106
100 163
100 164
100 165
100 208
100 699
101 102
101 103
101 104
101 105
101 207
102 103
102 104
102 105
102 293
102 427
102 623
103 104
103 105
104 105
106 107
106 108
106 109
106 110
106 111
106 114
106 115
106 146
106 210
106 263
106 427
106 771
106 789
106 814
107 108
107 109
107 110
107 111
107 113
107 115
107 210
107 596
107 789
107 790
108 109
108 110
108 111
108 114
108 141
108 210
108 212
108 224
108 227
108 256
108 263
108 266
108 312
108 595
108 783
108 789
108 790
109 110
109 111
110 111
112 113
112 114
112 115
112 116
112 117
112 118
112 119
112 121
112 122
112 405
113 114
113 115
113 116
113 117
113 119
113 122
113 519
114 115
114 116
114 117
114 118
114 618
115 116
115 117
115 118
115 119
116 117
118 119
118 120
118 608
119 120
121 122
121 123
121 124
121 125
122 123
122 124
123 124
124 742
125 126
125 127
125 128
125 425
125 484
125 555
125 556
126 127
126 128
126 426
126 682
127 128
129 130
129 131
129 132
129 133
129 134
129 135
129 136
129 137
129 689
129 789
130 131
130 132
130 133
130 134
130 135
130 136
130 137
131 132
131 133
131 134
131 135
131 136
131 137
132 133
132 134
132 135
132 136
132 137
132 291
132 297
132 615
132 772
133 134
133 135
133 136
133 137
133 292
133 294
133 615
133 772
134 135
134 136
134 137
134 654
135 136
135 137
136 137
138 139
138 140
138 263
138 438
138 474
138 485
138 740
139 140
139 474
139 499
141 142
141 143
141 214
141 263
141 264
141 265
141 269
141 282
141 283
141 284
141 285
141 291
141 292
142 143
142 145
142 147
142 215
142 269
142 283
142 284
142 474
143 208
143 285
144 145
144 146
144 147
144 148
144 149
144 150
144 156
144 206
144 238
144 425
144 557
144 558
144 681
144 682
144 687
144 739
144 740
144 742
144 743
145 146
145 147
145 148
145 149
145 150
145 152
145 157
145 425
145 682
145 739
146 147
146 148
146 149
146 150
146 156
146 206
146 425
146 557
146 739
146 742
146 783
147 148
147 149
147 150
147 152
147 157
147 739
147 743
148 149
148 150
149 150
151 152
151 153
151 154
151 155
151 188
151 192
151 193
151 197
151 206
151 256
152 153
152 154
152 155
152 193
153 154
153 155
154 155
156 157
156 158
156 159
156 172
156 188
156 192
156 197
156 201
156 206
157 158
157 159
157 173
157 174
157 175
157 192
157 193
157 197
157 202
158 159
160 161
160 162
160 192
160 197
160 700
161 162
161 193
163 164
163 165
163 166
163 167
163 168
163 206
163 208
164 165
164 166
164 167
164 168
164 169
164 206
165 166
165 167
165 168
165 169
165 206
165 208
165 285
165 290
166 167
168 169
168 170
168 171
168 294
168 477
169 170
169 171
169 700
170 171
172 173
172 174
172 175
172 176
172 181
172 183
173 174
173 175
173 176
173 183
174 175
174 176
174 183
175 176
175 183
175 237
175 238
175 604
175 808
177 178
177 179
177 180
177 187
178 179
178 180
178 186
178 188
178 238
179 180
181 182
181 183
181 184
181 186
181 187
181 192
182 183
182 184
183 184
183 186
183 192
183 193
184 772
185 186
185 187
185 188
185 189
185 190
185 191
185 194
185 256
185 448
186 187
186 188
186 189
186 190
186 191
187 188
187 189
187 190
187 191
188 189
188 190
188 191
188 714
189 190
189 191
190 191
192 193
192 199
192 200
192 432
193 199
193 200
194 195
194 196
195 196
197 198
197 199
197 293
197 294
197 297
199 200
199 237
199 291
199 306
199 599
200 215
201 202
201 203
201 204
201 205
201 206
201 275
201 291
201 306
201 432
201 525
201 526
202 203
202 204
202 205
202 207
202 526
203 204
203 205
204 205
206 207
206 208
206 209
206 305
206 699
207 208
207 209
207 765
208 209
208 222
208 630
210 211
210 212
210 213
210 214
210 215
210 282
210 286
210 789
210 814
211 212
211 213
211 287
212 213
212 214
212 282
212 327
212 484
212 742
212 789
212 790
212 814
213 284
214 215
214 216
214 217
214 263
214 270
214 278
214 282
214 285
214 293
214 432
214 500
214 515
214 764
214 789
214 815
215 216
215 217
215 225
215 238
215 263
215 271
215 501
215 515
215 691
215 700
215 742
215 765
215 789
216 217
216 284
216 285
218 691
218 695
219 220
219 221
219 222
219 223
219 771
219 772
220 221
220 222
220 223
221 222
221 223
221 233
221 273
221 297
221 308
221 691
221 759
222 223
222 227
222 233
222 273
222 312
222 691
222 759
224 225
224 226
224 227
224 228
224 518
224 519
225 226
225 227
225 228
225 519
225 691
226 227
226 228
227 228
227 473
229 230
229 231
229 691
229 721
230 231
231 691
232 233
232 234
232 235
232 236
232 263
232 518
233 234
233 235
233 236
233 238
233 264
233 269
233 322
233 515
234 235
234 236
235 236
237 238
237 239
237 240
237 241
237 242
237 243
237 244
237 245
237 246
237 247
237 256
237 257
237 263
237 264
237 286
237 291
237 292
237 316
237 323
237 327
237 563
237 746
238 239
238 240
238 241
238 242
238 243
238 244
238 245
238 246
238 247
238 256
238 257
238 264
238 265
238 266
238 269
238 287
238 328
238 535
238 783
239 240
239 241
239 242
239 243
239 244
239 245
239 257
240 241
240 242
240 243
240 244
240 245
241 242
241 243
241 244
241 245
242 243
242 244
242 245
242 276
242 406
243 244
243 245
244 245
246 247
246 248
246 249
246 250
246 251
246 252
246 253
246 254
246 255
246 256
246 257
246 305
246 756
247 248
247 249
247 250
247 251
247 252
247 253
247 254
247 255
247 256
247 257
247 264
247 499
248 249
248 250
248 251
248 252
248 253
248 254
248 255
248 293
249 250
249 251
249 252
249 253
249 254
249 255
250 251
250 252
250 253
250 254
250 255
251 252
251 253
251 254
251 255
252 253
252 254
252 255
253 254
253 255
254 255
256 257
256 258
256 259
256 260
256 261
256 262
256 263
256 264
256 265
256 270
256 746
257 258
257 259
257 260
257 261
257 262
257 263
257 264
257 265
257 270
257 271
257 564
258 259
258 260
258 261
258 262
259 260
259 261
259 262
260 261
260 262
260 263
260 291
260 305
260 720
261 262
263 264
263 265
263 266
263 267
263 268
263 269
263 270
263 282
263 283
263 284
263 285
263 286
263 291
263 292
263 305
263 306
263 362
263 477
263 764
263 799
264 265
264 266
264 267
264 268
264 269
264 271
264 282
264 283
264 284
264 285
264 287
264 764
265 266
265 267
265 268
265 269
265 271
265 273
265 282
265 283
265 284
265 290
265 291
265 764
266 267
266 282
266 283
266 570
266 573
267 284
268 269
268 282
268 283
268 284
268 285
269 271
269 273
269 282
269 283
269 284
269 285
269 764
269 765
270 271
270 272
270 273
270 274
270 282
270 285
270 286
270 290
270 291
270 305
270 473
270 691
271 272
271 273
271 274
271 283
271 284
271 285
271 287
272 273
272 274
273 274
273 284
273 290
275 276
275 277
275 278
275 282
275 291
275 293
275 294
275 297
275 299
275 306
275 327
275 618
275 635
275 756
275 794
276 277
276 278
276 279
276 283
276 292
276 293
276 294
276 297
276 299
276 300
276 327
276 328
276 574
276 619
276 757
276 795
278 279
278 280
278 281
278 291
278 293
278 294
278 297
278 327
278 599
278 615
278 756
279 280
279 281
279 292
279 294
279 297
279 328
279 600
279 619
279 756
279 759
280 281
282 283
282 284
282 285
282 286
282 291
282 312
282 615
282 665
282 699
282 764
283 284
283 285
283 287
283 294
283 315
283 327
283 615
283 660
283 759
283 764
283 765
284 285
284 378
284 604
284 735
284 764
285 286
285 290
285 715
285 764
286 287
286 288
286 289
286 290
286 291
286 334
286 463
286 746
286 764
287 288
287 289
287 290
287 292
287 336
287 340
287 463
287 523
288 289
288 290
289 290
290 299
290 304
290 324
290 339
290 340
290 352
290 647
291 292
291 293
291 294
291 295
291 296
291 297
291 298
291 377
291 577
291 599
291 653
292 293
292 294
292 295
292 296
292 297
292 298
292 580
292 653
293 294
293 295
293 296
293 297
293 298
293 299
293 327
293 405
293 577
294 295
294 296
294 297
294 298
294 328
294 577
294 580
295 296
295 297
295 298
296 297
296 298
297 298
297 305
297 315
297 327
297 346
299 300
299 301
299 302
299 303
299 304
300 301
300 302
300 303
300 304
301 302
301 303
301 304
302 303
302 304
303 304
304 376
305 306
305 307
305 315
305 318
305 321
305 323
305 525
305 530
305 532
305 719
305 720
305 756
305 780
306 307
306 308
306 315
306 316
306 320
306 321
306 322
306 323
306 324
306 327
306 328
306 584
306 608
306 695
306 722
308 309
308 310
308 311
308 312
308 313
308 314
309 310
309 311
309 312
309 313
309 314
310 311
310 312
310 313
310 314
311 312
311 313
311 314
312 313
312 314
313 314
313 681
313 682
315 316
315 317
315 318
315 319
315 320
315 321
315 719
316 317
316 318
316 319
316 320
316 322
317 318
317 319
317 320
318 319
318 320
319 320
321 322
321 327
321 328
321 369
321 374
321 375
321 719
321 746
322 328
322 370
322 375
322 720
323 324
323 325
323 326
323 327
323 719
324 325
324 326
324 328
324 720
325 326
327 328
327 329
327 330
327 369
327 374
327 377
327 523
327 563
327 719
327 720
328 329
328 330
328 370
328 378
328 523
328 720
329 330
331 332
331 333
331 427
331 624
331 719
332 333
332 616
332 618
332 619
332 624
332 719
332 720
333 624
334 335
334 336
334 337
334 338
334 339
334 340
334 341
334 342
334 343
335 336
335 337
335 338
335 339
335 340
335 341
335 342
335 343
335 567
335 623
336 337
336 338
336 339
336 340
336 341
336 342
336 343
337 338
337 339
337 340
337 341
337 342
337 343
338 339
338 340
338 341
338 342
338 343
339 340
339 341
339 342
339 343
340 341
340 342
340 343
340 515
341 342
341 343
342 343
343 544
343 545
344 345
344 346
344 347
344 348
344 349
344 405
344 419
344 420
344 422
344 474
344 809
345 346
345 347
345 348
345 349
345 409
345 419
345 420
345 427
345 454
345 474
345 477
345 507
345 810
346 347
346 348
346 349
347 348
347 349
348 349
350 351
350 352
350 353
350 354
350 355
350 356
350 357
350 364
350 405
350 410
350 413
350 432
350 438
350 506
350 507
350 760
350 761
351 352
351 353
351 354
351 355
351 356
351 357
351 364
351 365
351 414
351 441
351 460
351 474
351 507
351 508
351 568
352 353
352 354
352 355
352 356
352 357
352 691
353 354
353 355
353 356
353 357
354 355
354 356
354 357
355 356
355 357
356 357
356 411
356 563
356 615
356 623
356 809
357 501
357 508
357 757
358 359
358 360
358 361
358 414
358 419
358 477
358 498
358 506
359 360
359 361
359 414
359 420
359 427
359 441
359 477
359 498
359 510
359 810
360 361
362 363
362 364
362 365
362 366
362 367
362 368
363 364
363 365
363 366
363 367
363 368
364 365
364 366
364 367
364 368
364 432
364 438
364 439
365 366
365 367
365 368
366 367
366 368
367 368
369 370
369 371
369 372
369 373
369 374
369 375
369 377
369 378
369 563
369 567
369 574
370 371
370 372
370 373
370 374
370 375
370 376
370 378
371 372
371 373
372 373
373 605
373 609
374 375
374 376
374 377
374 438
374 794
375 376
375 378
376 612
376 662
376 795
377 378
377 379
377 380
377 381
377 382
377 604
377 605
377 809
378 379
378 380
378 381
378 382
378 383
378 589
378 604
378 605
378 608
378 609
379 380
379 381
380 381
382 383
382 384
382 385
382 386
382 405
383 384
383 385
383 386
384 385
384 386
385 386
387 388
387 389
387 390
387 391
387 392
387 393
387 394
387 395
387 396
387 397
387 398
388 389
388 390
388 391
388 392
388 393
388 394
388 395
388 396
388 397
388 398
389 390
389 391
389 392
389 393
389 394
389 395
389 396
389 397
389 398
389 719
390 391
390 392
390 393
390 394
390 395
390 396
390 397
390 398
391 392
391 393
391 394
391 395
391 396
391 397
391 398
392 393
392 394
392 395
392 396
392 397
392 398
393 394
393 395
393 396
393 397
393 398
394 395
394 396
394 397
394 398
395 396
395 397
395 398
396 397
396 398
397 398
399 400
399 427
401 402
401 403
401 404
402 403
402 404
403 404
403 427
403 507
404 600
405 406
405 407
405 408
405 409
405 410
405 413
405 432
405 444
405 448
405 458
405 460
405 461
405 473
405 474
405 477
405 484
405 498
405 506
405 510
405 544
406 407
406 408
406 409
406 410
406 411
406 413
406 420
406 444
406 445
406 458
406 459
406 473
406 474
406 506
406 510
406 544
406 558
406 600
406 605
406 769
407 408
407 409
407 756
408 409
408 427
409 441
409 444
409 445
409 458
409 459
409 474
409 485
409 508
409 558
410 411
410 412
410 413
410 414
410 419
410 420
410 432
410 433
410 438
410 439
410 441
410 506
410 507
411 412
411 413
411 414
411 419
411 420
411 422
411 433
411 438
412 427
413 414
413 415
413 416
413 417
413 418
413 419
414 415
414 416
414 417
414 418
414 420
414 421
414 422
414 695
415 416
415 417
415 418
416 417
416 418
417 418
419 420
419 421
419 422
419 423
419 424
419 425
419 427
419 444
419 458
419 460
419 474
419 481
419 484
419 809
419 810
420 421
420 422
420 423
420 424
420 453
420 454
420 460
420 480
420 484
420 578
420 608
420 810
421 422
421 423
421 424
422 423
422 424
422 426
422 445
422 480
422 481
423 424
425 426
425 427
425 428
425 429
425 430
425 431
425 432
425 480
425 500
425 504
425 505
425 514
425 518
425 519
425 521
425 739
425 743
426 427
426 428
426 429
426 430
426 431
426 432
426 433
426 439
426 480
426 504
426 505
426 506
427 428
427 429
427 430
427 431
427 432
427 438
427 444
427 490
427 507
427 508
427 633
427 733
428 429
428 430
428 431
428 507
428 508
429 430
429 431
430 431
431 507
432 433
432 434
432 435
432 436
432 437
432 438
432 439
432 440
432 441
432 442
432 443
432 498
432 499
432 500
432 501
432 504
432 506
432 507
432 509
432 510
432 706
432 746
433 434
433 435
433 436
433 437
433 438
433 439
433 440
433 441
433 442
433 443
433 490
433 498
433 499
433 504
433 506
433 510
433 541
434 435
434 436
434 437
434 438
434 439
434 440
434 441
434 442
434 443
435 436
435 437
435 438
435 439
435 440
435 441
435 442
435 443
436 437
436 438
436 439
436 440
436 441
436 442
436 443
437 438
437 439
437 440
437 441
437 442
437 443
438 439
438 440
438 441
438 442
438 443
438 498
438 499
439 440
439 441
439 442
439 443
439 481
439 499
439 506
439 558
440 441
440 442
440 443
441 442
441 443
442 443
444 445
444 446
444 447
444 458
444 460
444 473
444 477
444 478
444 568
445 446
445 447
445 460
445 473
445 568
446 447
448 449
448 450
448 451
448 452
448 453
448 477
449 450
449 451
449 452
449 453
449 454
449 474
450 451
450 452
451 452
453 454
453 455
453 456
453 457
453 458
453 460
453 473
453 474
453 477
453 478
453 489
453 494
453 557
454 455
454 456
454 457
454 459
454 460
454 474
454 485
454 489
454 494
454 498
454 558
454 670
454 805
455 456
455 457
456 457
458 459
458 460
458 473
458 474
458 477
458 615
458 694
459 460
459 473
460 468
461 462
461 463
461 464
461 465
461 466
461 467
461 468
461 469
461 470
461 471
461 472
462 463
462 464
462 465
462 466
462 467
462 468
462 469
462 470
462 471
462 472
462 695
463 464
463 465
463 466
463 467
463 468
463 469
463 470
463 471
463 472
464 465
464 466
464 467
464 468
464 469
464 470
464 471
464 472
465 466
465 467
465 468
465 469
465 470
465 471
465 472
466 467
466 468
466 469
466 470
466 471
466 472
466 605
466 609
467 468
467 469
467 470
467 471
467 472
468 469
468 470
468 471
468 472
469 470
469 471
469 472
470 471
470 472
471 472
473 474
473 475
473 476
473 477
473 478
473 479
473 563
473 588
473 604
474 475
474 476
474 477
474 478
474 479
474 485
474 534
474 555
474 556
474 557
474 558
474 563
474 564
474 574
474 689
475 476
475 477
475 478
475 479
476 477
476 478
476 479
477 478
477 479
477 564
478 479
478 485
478 489
478 687
480 481
480 482
480 483
481 482
481 483
482 483
482 484
483 484
484 485
484 486
484 487
484 488
484 527
485 486
485 487
485 488
485 489
485 804
486 487
486 488
487 488
489 490
489 491
489 492
489 493
489 498
489 499
490 491
490 492
490 493
490 499
491 492
491 493
492 493
494 495
494 496
494 497
494 498
494 499
494 500
494 501
494 504
495 496
495 497
496 497
497 499
498 499
498 500
498 501
498 502
498 503
498 504
498 506
498 509
498 510
499 500
499 501
499 502
499 503
499 504
499 506
499 510
499 641
499 769
500 501
500 502
500 503
500 504
500 505
501 502
501 503
501 504
501 505
501 506
501 687
501 688
501 759
502 503
502 504
503 504
504 506
504 515
504 688
505 506
505 507
505 508
505 509
505 510
505 511
505 512
505 513
506 507
506 508
506 509
506 510
506 511
506 512
506 513
506 605
507 508
507 509
507 510
507 511
507 512
507 513
508 509
508 510
508 511
508 512
508 513
508 593
508 720
509 510
509 511
509 512
509 513
509 756
510 511
510 512
510 513
510 688
511 512
511 513
512 513
514 515
514 516
514 517
514 525
514 535
514 699
515 516
515 517
515 533
515 605
515 642
516 517
518 519
518 520
518 521
518 522
518 535
518 563
518 567
518 573
518 633
518 638
519 520
519 521
519 522
519 536
519 540
519 567
519 570
519 633
519 638
520 521
520 522
521 522
521 525
521 535
523 524
525 526
525 527
525 528
525 529
525 530
525 531
525 544
526 527
526 528
526 529
526 530
526 531
526 544
526 545
527 528
527 529
527 530
527 531
527 544
527 545
527 742
527 789
528 529
528 530
528 531
529 530
529 531
530 531
532 533
532 534
532 681
533 534
533 682
534 689
535 536
535 537
535 538
535 539
535 544
535 563
535 567
535 570
535 573
535 574
535 577
535 642
535 681
535 682
535 687
535 760
536 537
536 538
536 539
536 567
536 568
536 570
536 573
536 574
536 682
536 689
536 761
537 538
537 539
538 539
540 541
540 542
540 543
540 544
540 545
540 687
541 542
541 543
541 563
541 616
542 543
544 545
544 546
544 547
544 548
544 549
544 577
544 667
544 670
544 675
544 681
544 687
545 546
545 547
545 548
545 549
545 551
545 577
545 578
545 667
545 670
545 682
546 547
546 548
546 549
547 548
547 549
548 549
550 551
550 552
550 553
550 554
550 567
551 552
551 553
551 554
552 553
552 554
553 554
555 556
555 557
555 558
555 564
555 567
555 568
555 574
555 581
555 604
555 605
556 557
556 558
556 564
556 568
556 605
556 746
556 768
556 769
557 558
557 559
557 560
557 561
557 562
557 563
557 567
557 570
557 577
557 580
557 809
558 559
558 560
558 561
558 562
558 563
558 564
558 581
558 600
559 560
559 561
559 562
560 561
560 562
561 562
562 714
563 564
563 565
563 566
563 567
563 568
563 571
563 573
563 574
563 577
563 600
563 604
563 618
563 619
563 633
564 565
564 566
564 567
564 568
564 570
564 571
564 573
564 574
564 600
564 619
564 624
564 757
564 759
565 566
567 568
567 569
567 570
567 571
567 572
567 573
567 574
567 575
567 576
567 577
567 580
567 604
567 633
567 746
567 756
567 799
568 569
568 570
568 571
568 572
568 573
568 574
568 575
568 576
568 577
568 600
568 601
568 605
568 638
568 639
568 733
568 768
569 570
569 571
569 572
569 573
569 574
569 575
569 576
570 571
570 572
570 573
570 574
570 575
570 576
570 578
570 604
570 605
570 609
570 638
570 639
570 757
571 572
571 573
571 574
571 575
571 576
572 573
572 574
572 575
572 576
573 574
573 575
573 576
573 577
573 578
573 588
573 590
573 604
573 633
573 638
573 654
573 706
573 716
574 575
574 576
574 590
574 600
574 601
574 605
574 638
574 639
574 757
574 768
575 576
577 578
577 579
577 580
577 581
577 582
577 588
577 599
577 604
577 615
577 618
577 653
577 654
577 655
577 667
578 579
578 580
578 581
578 582
578 604
578 654
578 667
578 678
578 747
578 769
579 580
579 581
579 582
580 581
580 582
580 653
581 582
581 653
581 655
583 584
583 585
583 586
583 587
584 585
584 586
584 587
584 618
584 654
585 586
585 587
585 653
585 654
585 655
586 587
588 589
588 590
588 591
588 604
588 605
588 609
588 615
588 618
588 626
588 627
588 635
588 636
588 653
588 655
588 756
588 798
589 590
589 591
589 604
589 605
589 608
589 609
589 626
589 627
589 636
589 653
589 720
589 756
589 757
589 759
589 798
590 591
590 593
590 604
590 605
590 609
590 615
590 627
590 635
590 636
590 653
590 798
592 593
592 594
592 599
592 600
592 604
592 616
592 623
593 594
593 604
593 605
593 616
593 623
595 596
595 597
595 598
595 599
595 600
595 654
596 597
596 598
596 599
596 600
596 618
596 790
597 598
599 600
599 601
599 602
599 603
599 604
599 605
599 615
599 616
599 618
599 681
599 746
599 756
599 804
600 601
600 602
600 603
600 605
600 612
600 616
600 618
600 619
600 629
600 757
601 602
601 603
602 603
604 605
604 606
604 607
604 608
604 609
604 615
604 616
604 618
604 626
604 639
604 713
604 718
604 719
604 756
604 757
604 799
605 606
605 607
605 608
605 609
605 616
605 618
605 619
605 624
605 713
605 714
605 715
605 720
605 740
605 743
605 756
605 757
605 759
605 799
606 607
606 608
606 609
607 608
607 609
608 609
608 616
608 619
608 627
608 756
608 757
609 616
609 619
609 627
609 715
609 757
609 759
609 799
610 611
610 612
610 613
610 614
611 612
611 613
611 614
611 615
611 616
611 618
611 619
611 715
612 613
612 614
612 615
612 616
612 618
612 619
612 624
612 713
612 714
612 715
612 772
613 614
615 616
615 617
615 618
615 619
615 620
615 621
615 622
615 623
615 624
615 625
615 626
615 627
615 628
615 699
615 713
615 756
615 764
615 799
615 800
616 617
616 618
616 619
616 620
616 621
616 622
616 623
616 624
616 625
616 626
616 627
616 628
616 629
616 634
616 746
616 756
616 757
616 815
617 618
617 619
617 620
617 621
617 622
617 623
617 624
617 625
618 619
618 620
618 621
618 622
618 623
618 624
618 625
618 626
618 628
618 629
618 713
618 746
618 756
618 771
618 780
619 620
619 621
619 622
619 623
619 624
619 625
619 626
619 627
619 629
619 757
620 621
620 622
620 623
620 624
620 625
621 622
621 623
621 624
621 625
622 623
622 624
622 625
623 624
623 625
623 626
623 756
623 757
624 625
624 627
624 629
624 650
624 746
624 757
626 627
626 628
626 629
626 630
626 631
626 632
626 642
626 654
626 756
626 771
626 772
627 628
627 629
627 630
627 631
627 632
627 642
627 757
627 759
628 629
628 630
628 631
628 632
629 630
629 631
629 632
629 715
629 772
630 631
630 632
631 632
631 771
631 772
633 634
633 635
633 636
633 637
633 642
633 689
633 719
633 742
633 757
634 635
634 636
634 637
634 740
634 757
635 636
635 637
635 720
635 721
636 637
636 720
636 721
638 639
638 640
639 640
641 642
641 643
641 644
641 645
641 646
641 647
641 648
641 649
641 650
641 651
641 652
641 653
641 699
642 643
642 644
642 645
642 646
642 647
642 648
642 649
642 650
642 651
642 652
642 653
642 654
642 659
642 794
642 795
643 644
643 645
643 646
643 647
643 648
643 649
643 650
643 651
643 652
644 645
644 646
644 647
644 648
644 649
644 650
644 651
644 652
645 646
645 647
645 648
645 649
645 650
645 651
645 652
645 789
645 794
645 795
646 647
646 648
646 649
646 650
646 651
646 652
646 653
646 655
646 795
647 648
647 649
647 650
647 651
647 652
647 715
648 649
648 650
648 651
648 652
649 650
649 651
649 652
649 794
650 651
650 652
650 714
650 715
650 717
650 757
650 795
651 652
653 654
653 655
653 656
653 657
653 658
653 682
653 746
654 655
654 656
654 657
654 658
654 661
654 778
654 793
655 656
655 657
655 658
655 670
655 725
656 657
656 658
657 658
659 660
659 661
659 662
659 663
659 664
659 665
660 661
660 662
660 663
660 664
660 665
660 689
661 662
661 663
661 664
661 665
661 694
661 771
661 772
662 663
662 664
662 665
663 664
663 665
664 665
666 667
666 668
666 669
667 668
667 669
668 669
670 671
670 672
670 673
670 674
670 694
671 672
671 673
671 674
672 673
672 674
673 674
675 676
675 677
675 678
675 679
675 680
675 694
676 677
676 678
676 679
676 680
677 678
677 679
677 680
677 694
678 679
678 680
678 695
679 680
681 682
681 683
681 684
681 685
681 686
681 687
681 688
681 689
681 728
681 733
682 683
682 684
682 685
682 686
682 687
682 688
682 689
682 739
683 684
683 685
683 686
683 687
683 688
683 689
684 685
684 686
684 687
684 688
684 689
685 686
685 687
685 688
685 689
686 687
686 688
686 689
686 739
686 742
687 688
687 689
687 739
688 689
690 691
690 692
690 693
690 742
691 692
691 693
692 693
694 695
694 696
694 697
694 698
694 771
695 696
695 697
695 698
695 783
696 697
696 698
697 698
699 700
699 701
699 702
699 703
699 704
699 719
699 720
699 728
699 748
699 760
699 771
700 701
700 702
700 703
700 705
700 749
700 761
700 772
701 702
701 703
702 703
704 705
704 706
704 707
704 708
704 709
704 710
704 711
704 712
704 713
704 714
704 715
704 760
704 771
705 706
705 707
705 708
705 709
705 710
705 711
705 712
705 760
705 761
706 707
706 708
706 709
706 710
706 711
706 712
707 708
707 709
707 710
707 711
707 712
708 709
708 710
708 711
708 712
709 710
709 711
709 712
710 711
710 712
711 712
713 714
713 715
713 716
713 717
713 718
713 719
713 720
713 721
713 746
713 748
713 756
713 757
713 759
714 715
714 716
714 717
714 718
714 746
714 749
714 756
714 757
714 759
714 795
715 716
715 717
715 718
715 721
715 746
715 757
715 759
715 795
716 717
716 718
717 718
718 756
718 771
719 720
719 721
719 722
719 723
719 748
719 749
719 794
719 795
720 721
720 722
720 723
720 748
720 749
721 722
721 723
721 731
721 749
721 759
722 723
724 725
724 726
724 727
725 726
725 727
726 727
728 729
728 730
728 731
728 732
729 730
729 731
729 732
730 731
730 732
731 732
733 734
733 735
733 736
733 737
733 738
733 739
734 735
734 736
734 737
734 738
734 739
734 759
735 736
735 737
735 738
736 737
736 738
737 738
739 740
739 741
739 742
739 743
739 744
739 745
739 789
740 741
740 742
740 743
740 744
740 745
740 749
740 781
741 742
741 743
741 744
741 745
742 743
742 744
742 745
742 789
743 744
743 745
744 745
746 747
746 756
746 760
746 761
747 757
747 760
747 761
748 749
748 750
748 751
748 752
748 753
748 754
748 755
748 756
749 750
749 751
749 752
749 753
749 754
749 755
750 751
750 752
750 753
750 754
750 755
751 752
751 753
751 754
751 755
752 753
752 754
752 755
753 754
753 755
754 755
756 757
756 758
756 759
756 771
756 776
756 777
756 780
757 758
757 759
757 772
757 776
757 777
757 780
758 759
759 776
759 777
759 779
759 781
760 761
760 762
760 763
761 762
761 763
762 763
764 765
764 766
764 767
764 768
764 769
764 770
764 771
765 766
765 767
765 768
765 769
765 770
765 771
766 767
766 768
766 769
766 770
767 768
767 769
767 770
768 769
768 770
769 770
771 772
771 773
771 774
771 775
772 773
772 774
772 775
773 774
773 775
774 775
776 777
776 778
776 779
777 778
777 779
777 815
778 779
778 814
780 781
780 782
781 782
783 784
783 785
783 786
783 789
783 790
783 793
784 785
786 787
786 788
787 788
789 790
789 791
789 792
789 793
789 814
790 791
790 792
790 793
791 792
791 793
792 793
794 795
794 796
794 797
794 798
795 796
795 797
795 798
796 797
796 798
797 798
799 800
799 801
799 802
799 803
799 814
800 801
800 802
800 803
801 802
801 803
802 803
804 805
804 806
804 807
804 808
805 806
805 807
805 808
805 810
806 807
806 808
807 808
809 810
809 811
809 812
809 813
810 811
810 812
810 813
811 812
811 813
812 813
814 815
814 816
814 817
814 818
814 819
815 816
815 817
815 818
815 819
816 817
816 818
816 819
817 818
817 819
818 819
