0 1
0 2
0 3
0 4
0 5
0 6
0 7
0 29
0 33
0 39
0 135
0 258
0 379
0 380
0 519
1 2
1 3
1 4
1 5
1 6
1 8
1 18
1 253
1 259
1 264
1 664
2 3
2 4
2 5
2 6
2 9
2 258
2 399
2 432
3 4
3 5
3 6
3 7
3 8
3 13
3 255
3 258
3 259
3 536
3 537
4 5
4 6
4 322
5 6
7 8
7 9
7 10
7 11
8 9
8 10
8 11
9 10
9 11
10 11
12 13
12 14
12 15
12 16
12 18
12 20
12 23
12 27
12 29
12 30
12 32
12 121
12 132
12 135
12 136
12 137
12 138
12 139
12 248
12 393
12 463
12 464
13 14
13 15
13 16
13 18
13 20
13 23
13 24
13 29
13 32
13 135
13 136
13 137
13 139
13 248
13 253
13 466
14 15
14 16
14 24
15 16
17 18
17 19
17 20
17 21
17 22
17 23
17 24
17 25
17 26
17 27
17 28
17 29
17 48
17 165
17 248
17 323
17 413
17 416
17 501
18 19
18 20
18 21
18 22
18 23
18 24
18 25
18 26
18 27
18 28
18 29
18 100
18 135
18 253
18 255
18 437
18 501
18 506
19 20
19 21
19 22
19 23
19 24
19 25
19 26
19 27
19 28
19 29
19 90
19 91
19 136
19 337
19 452
20 21
20 22
20 23
20 24
20 25
20 26
20 27
20 28
20 29
20 30
20 105
20 135
20 139
20 148
20 220
20 291
20 453
21 22
21 23
21 24
21 25
21 26
21 27
21 28
22 23
22 24
22 25
22 26
22 27
22 28
23 24
23 25
23 26
23 27
23 28
23 29
23 30
23 31
23 135
23 148
23 337
23 339
23 418
23 420
23 453
23 501
23 503
23 506
23 508
23 511
23 512
23 515
24 25
24 26
24 27
24 28
24 139
24 142
24 148
24 255
24 491
24 501
24 506
24 512
24 575
25 26
25 27
25 28
26 27
26 28
27 28
27 40
27 49
27 255
27 398
29 30
29 31
29 32
29 39
29 49
29 135
29 136
29 137
29 138
29 139
29 144
29 146
29 152
29 314
29 416
29 432
29 452
29 459
29 464
29 519
30 31
30 32
30 39
30 40
30 45
30 50
30 135
30 136
30 137
30 144
30 152
30 460
31 32
31 128
31 452
31 515
31 616
32 135
32 142
32 152
32 153
33 34
33 35
33 36
33 37
33 38
33 107
33 626
33 628
34 35
34 36
34 37
34 38
34 385
35 36
35 37
35 38
35 77
36 37
36 38
37 38
39 40
39 41
39 42
39 43
39 44
39 158
39 159
39 160
39 314
39 315
39 318
39 319
39 352
39 626
39 627
39 629
39 630
40 41
40 42
40 43
40 45
40 160
40 315
40 629
41 42
41 43
41 630
42 43
44 45
44 46
44 47
44 49
44 68
44 107
44 121
44 143
44 240
45 46
45 47
45 49
45 65
45 108
45 109
45 144
45 156
45 241
45 439
46 47
48 49
48 50
48 51
48 52
48 53
48 54
48 58
48 64
48 65
48 323
48 416
48 506
49 50
49 51
49 52
49 53
49 64
49 136
49 148
49 244
49 562
50 51
50 52
50 53
50 54
50 55
50 56
50 59
50 166
50 562
51 52
51 53
52 53
54 55
54 56
54 57
54 165
54 166
54 170
55 56
55 57
56 57
58 59
58 60
58 61
58 427
59 60
59 61
59 170
60 61
62 63
62 136
62 137
62 138
62 139
62 307
62 659
63 64
63 135
63 137
63 139
64 65
64 66
64 67
64 68
64 152
64 205
64 296
64 616
65 66
65 67
65 109
65 144
65 156
65 295
66 67
68 69
68 70
68 71
68 72
68 301
68 302
68 557
68 618
68 619
68 659
69 70
69 71
69 72
69 619
70 71
70 72
71 72
72 129
73 74
73 75
73 76
73 107
73 109
73 115
74 75
74 76
74 107
75 76
77 78
77 115
77 116
77 119
77 183
77 205
77 314
77 315
77 319
78 80
78 116
78 119
78 184
78 206
79 80
79 81
79 82
79 83
79 85
79 108
79 109
79 116
79 126
79 127
80 81
80 82
80 83
80 107
80 108
80 109
80 116
80 126
80 127
81 82
81 83
82 83
84 85
84 86
84 87
84 88
84 89
84 97
84 98
84 379
85 86
85 87
85 88
85 89
85 98
86 87
86 88
86 89
87 88
87 89
88 89
90 91
90 92
90 93
90 94
90 95
90 96
90 97
90 107
90 108
90 121
90 132
90 242
90 243
90 244
90 301
90 302
90 350
90 351
90 352
90 353
90 357
90 542
90 557
91 92
91 93
91 94
91 95
91 96
91 98
91 108
91 109
91 242
91 308
91 558
92 93
92 94
92 95
92 96
92 243
92 307
92 308
93 94
93 95
93 96
94 95
94 96
95 96
97 98
97 99
97 100
97 101
97 102
97 103
97 164
97 183
97 314
97 319
97 347
97 416
97 432
97 519
97 521
98 99
98 100
98 101
98 102
98 103
98 127
98 137
98 155
98 170
98 174
98 214
98 315
98 319
98 640
99 100
99 101
99 102
100 101
100 102
101 102
103 104
103 105
103 106
103 132
103 164
103 169
103 170
103 173
103 174
104 105
104 106
104 133
104 164
104 165
104 166
104 169
104 170
104 174
105 106
107 108
107 109
107 110
107 111
107 112
107 113
107 114
107 115
107 121
107 126
107 227
107 240
107 301
107 416
107 519
107 628
108 109
108 110
108 111
108 112
108 113
108 114
108 115
108 126
108 189
108 416
108 519
109 110
109 111
109 112
109 113
109 114
109 126
109 127
109 188
109 189
109 191
109 193
109 227
109 241
110 111
110 112
110 113
110 114
111 112
111 113
111 114
112 113
112 114
113 114
115 116
115 117
115 118
115 119
115 120
115 121
115 126
115 129
115 132
115 183
115 205
115 249
115 314
115 315
115 319
115 329
116 117
116 118
116 119
116 120
116 121
116 122
116 129
116 133
116 184
116 209
116 314
116 315
116 322
116 324
116 329
116 330
117 118
117 119
117 120
118 119
118 120
118 129
119 120
121 122
121 123
121 124
121 125
121 126
121 128
121 129
121 132
121 133
121 138
121 240
121 306
121 314
121 676
122 123
122 124
122 125
122 128
122 129
122 132
122 133
123 124
123 125
124 125
126 127
126 129
126 132
126 133
126 248
127 253
128 129
128 130
128 131
128 132
128 133
128 352
129 130
129 131
129 132
129 133
129 353
130 131
132 132
132 133
132 134
132 135
132 240
132 418
133 134
133 240
135 136
135 137
135 138
135 139
135 140
135 141
135 142
135 143
135 248
135 463
135 464
136 137
136 138
136 139
136 140
136 141
136 142
136 148
136 152
137 138
137 139
137 140
137 141
137 142
137 144
138 139
138 140
138 141
138 142
138 148
138 149
138 158
138 159
138 160
138 173
139 140
139 141
139 142
139 148
139 152
139 160
139 578
139 648
140 141
140 142
141 142
143 144
143 145
143 146
143 147
143 148
144 145
144 146
144 147
144 148
144 152
145 146
145 147
145 248
146 147
148 149
148 150
148 152
148 244
148 253
149 150
151 558
152 152
152 153
152 154
152 244
152 279
153 154
155 156
155 157
155 242
155 243
156 157
156 165
156 212
156 213
156 243
156 244
158 159
158 160
158 161
158 162
158 163
158 183
158 244
159 160
159 161
159 162
159 163
159 183
160 161
160 162
160 163
160 184
161 162
161 163
162 163
164 165
164 166
164 167
164 168
164 169
164 170
164 173
164 174
164 254
164 329
164 330
164 384
164 385
164 515
164 519
165 166
165 167
165 168
165 170
165 254
165 385
166 167
166 168
166 169
166 170
166 254
166 519
166 595
167 168
169 170
169 171
169 172
169 173
169 174
169 183
169 212
169 242
170 171
170 172
170 173
170 174
171 172
172 214
173 174
173 175
173 242
173 416
174 175
174 180
174 183
174 184
174 188
174 223
174 243
174 445
176 177
176 178
176 179
176 180
176 181
176 182
176 350
176 357
176 393
176 463
176 464
177 178
177 179
177 180
177 181
177 182
177 184
177 347
177 350
177 357
177 586
178 179
178 180
178 181
178 182
179 180
179 181
179 182
180 181
180 182
180 183
180 184
181 182
183 184
183 185
183 186
183 187
183 197
183 243
183 315
183 319
183 323
183 432
184 185
184 186
184 187
184 243
184 314
184 405
185 186
185 187
186 187
188 189
190 191
190 192
190 193
190 194
190 195
190 196
191 192
191 193
191 194
191 195
191 196
192 193
192 194
192 195
192 196
193 194
193 195
193 196
194 195
194 196
195 196
197 198
197 199
197 200
197 212
198 199
198 200
198 213
199 200
201 202
201 203
201 204
201 212
201 213
202 203
202 204
202 213
203 204
205 206
205 207
205 208
205 212
205 557
206 207
206 208
206 212
206 213
206 214
207 208
209 210
209 211
209 213
209 322
209 323
209 324
209 330
210 211
212 213
212 214
212 215
212 405
212 439
212 501
213 214
213 215
213 228
214 215
214 228
216 217
216 218
216 244
217 218
217 640
219 220
219 221
219 222
219 244
220 221
220 222
221 222
223 224
223 225
223 226
223 244
223 430
224 225
224 226
225 226
227 228
227 229
227 230
227 231
228 229
228 230
228 231
229 230
229 231
230 231
232 233
232 234
232 235
232 236
232 237
232 238
232 239
232 263
232 264
232 295
232 296
232 652
233 234
233 235
233 236
233 237
233 238
233 239
233 295
234 235
234 236
234 237
234 238
234 239
234 308
235 236
235 237
235 238
235 239
236 237
236 238
236 239
237 238
237 239
238 239
239 263
239 264
239 283
239 284
240 241
240 318
240 350
240 379
240 416
240 618
240 619
240 621
240 626
240 627
240 628
241 384
241 558
241 619
241 627
242 243
242 244
242 245
242 246
242 247
242 253
242 416
243 244
243 245
243 246
243 247
243 248
243 253
244 245
244 246
244 247
244 248
244 253
244 295
244 296
244 416
245 246
245 247
245 585
246 247
248 249
248 250
248 251
248 252
248 253
248 254
248 425
248 620
249 250
249 251
249 252
249 253
250 251
250 252
250 253
251 252
251 253
252 253
254 255
254 256
254 257
255 256
255 257
256 257
258 259
258 260
258 261
258 262
259 260
259 261
259 262
260 261
260 262
261 262
263 264
263 265
263 266
263 267
263 268
263 282
263 283
263 284
263 290
263 295
263 296
263 302
263 304
263 306
263 314
263 379
263 416
264 264
264 265
264 266
264 267
264 268
264 283
264 284
264 290
264 295
264 296
264 304
264 306
264 314
264 416
265 266
265 267
265 268
266 267
266 268
267 268
269 270
269 271
269 272
270 271
270 272
271 272
271 385
273 274
273 275
274 275
274 322
274 323
276 277
276 278
276 279
276 280
276 281
277 278
277 279
277 280
277 281
277 284
278 279
278 280
278 281
278 283
278 284
278 295
278 296
278 302
278 303
278 573
279 280
279 281
279 295
279 296
279 575
280 281
282 283
282 284
282 285
282 286
282 295
282 296
282 301
282 302
282 303
282 306
282 307
282 311
283 283
283 284
283 285
283 286
283 288
283 290
283 291
283 296
283 301
283 302
283 304
283 307
283 311
283 375
284 285
284 286
284 290
284 291
284 301
284 302
284 303
284 304
284 307
284 308
284 311
284 368
284 374
284 375
284 617
285 286
287 288
289 290
289 291
289 292
289 293
289 294
290 291
290 292
290 293
290 294
290 295
290 296
290 302
290 303
291 292
291 293
291 294
291 639
291 640
291 647
291 648
291 652
291 655
291 659
291 660
292 293
292 294
293 294
295 296
295 297
295 298
295 299
295 300
295 301
295 302
295 303
295 306
295 307
295 308
295 345
295 346
295 347
295 379
295 416
295 418
295 501
295 519
295 573
296 297
296 298
296 299
296 300
296 301
296 302
296 303
296 306
296 314
296 380
296 418
296 573
297 298
297 299
297 300
298 299
298 300
299 300
301 302
301 303
301 304
301 305
301 306
301 307
301 308
301 542
301 627
302 302
302 303
302 304
302 305
302 306
302 307
302 308
302 347
302 416
302 542
302 544
302 627
303 304
303 305
303 306
303 416
303 542
304 305
304 308
304 585
304 653
306 307
306 308
306 309
306 310
306 416
306 427
306 542
307 308
307 309
307 310
307 314
307 324
307 430
308 309
308 310
309 310
311 312
311 313
311 357
312 313
312 314
312 315
312 319
312 345
312 346
312 347
314 315
314 316
314 317
314 318
314 319
314 320
314 321
314 322
314 323
314 324
314 325
314 326
314 327
314 328
314 329
314 330
314 350
314 379
314 384
314 407
314 448
314 529
314 530
314 557
314 567
314 568
314 573
314 647
315 316
315 317
315 318
315 319
315 320
315 321
315 322
315 323
315 324
315 325
315 326
315 327
315 328
315 407
315 530
315 672
315 673
316 317
316 318
316 319
316 320
316 321
316 322
316 323
316 324
316 325
316 326
316 327
316 328
317 318
317 319
317 320
317 321
317 322
317 323
317 324
317 325
317 326
317 327
317 328
318 319
318 320
318 321
318 322
318 323
318 324
318 325
318 326
318 327
318 328
318 407
318 516
319 320
319 321
319 322
319 323
319 324
319 325
319 326
319 327
319 328
319 407
319 672
319 673
320 321
320 322
320 323
320 324
320 325
320 326
320 327
320 328
321 322
321 323
321 324
321 325
321 326
321 327
321 328
322 323
322 324
322 325
322 326
322 327
322 328
322 379
322 436
322 502
322 519
322 673
323 324
323 325
323 326
323 327
323 328
323 379
323 397
323 399
323 436
323 519
323 647
324 325
324 326
324 327
324 328
324 379
324 380
324 399
324 400
324 437
324 520
324 530
325 326
325 327
325 328
326 327
326 328
327 328
329 330
329 331
329 332
329 333
329 379
329 393
329 430
329 672
329 673
330 331
330 332
330 333
330 393
330 530
331 332
331 333
332 333
334 335
334 336
334 337
334 343
334 345
334 379
335 336
335 337
335 338
335 343
335 380
337 338
337 339
337 340
337 341
337 342
337 343
337 344
337 557
337 619
338 339
338 340
338 341
338 342
338 343
338 344
339 340
339 341
339 342
339 343
339 344
339 345
339 347
339 357
340 341
340 342
340 343
340 344
340 380
341 342
341 343
341 344
341 648
342 343
342 344
343 344
345 346
345 347
345 348
345 349
345 350
345 351
345 352
345 353
345 374
345 375
345 379
345 673
345 679
346 347
346 348
346 349
346 350
346 351
346 352
346 353
346 357
346 375
346 380
347 348
347 349
347 350
347 351
347 375
347 673
348 349
348 659
350 351
350 352
350 353
350 354
350 355
350 356
350 357
350 358
350 359
350 360
350 361
350 379
350 393
350 394
350 416
350 463
350 464
350 506
350 521
351 352
351 353
351 354
351 355
351 356
351 357
351 358
351 359
351 360
351 361
351 379
351 380
351 393
351 394
351 416
351 501
351 502
351 519
352 353
352 354
352 355
352 356
352 357
352 358
352 359
352 360
352 361
352 379
352 393
352 394
352 519
353 354
353 355
353 356
353 357
353 358
353 359
353 360
353 361
353 379
353 380
353 393
353 394
353 501
353 502
354 355
354 356
354 357
354 358
354 359
354 360
354 361
354 452
355 356
355 357
355 358
355 359
355 360
355 361
356 357
356 358
356 359
356 360
356 361
357 358
357 359
357 360
357 361
357 393
357 394
357 600
358 359
358 360
358 361
359 360
359 361
360 361
362 363
362 364
362 365
362 366
363 364
363 365
363 366
363 380
363 394
363 502
364 365
364 366
365 366
367 368
367 369
367 370
367 371
367 386
367 389
367 390
367 393
367 394
368 369
368 370
368 371
368 390
368 394
368 502
369 370
369 371
369 387
369 507
370 371
372 373
372 374
372 375
372 376
372 377
372 378
373 374
373 375
373 376
373 377
373 378
373 380
374 375
374 376
374 377
374 378
375 376
375 377
375 378
375 380
376 377
376 378
377 378
379 380
379 381
379 382
379 383
379 385
379 393
379 501
379 561
379 574
379 616
379 618
379 679
380 381
380 382
380 383
380 394
380 491
380 496
381 382
381 383
382 383
383 618
383 619
383 620
384 384
384 385
384 386
384 387
384 388
384 390
384 393
384 394
384 491
384 542
384 545
384 546
384 583
385 386
385 387
385 388
385 390
385 393
385 394
385 501
385 542
385 543
385 545
385 583
385 585
386 387
386 388
386 389
386 390
386 393
386 545
386 560
386 582
386 583
386 606
387 388
387 389
387 390
387 394
387 582
389 390
389 391
389 392
389 393
389 416
389 542
389 545
389 567
389 577
390 391
390 392
390 394
391 392
393 394
393 395
393 396
393 399
393 418
393 459
393 511
393 512
393 515
393 618
393 673
394 395
394 396
394 400
394 502
394 507
394 511
394 512
394 515
394 516
394 673
395 396
397 398
397 399
397 400
397 401
397 402
397 479
397 481
397 482
397 618
397 620
398 399
398 400
398 401
398 402
399 400
399 401
399 402
399 511
399 529
399 532
400 401
400 402
401 402
403 404
403 405
403 406
403 407
403 416
403 529
404 405
404 406
404 407
404 532
405 406
405 407
405 431
406 407
407 431
408 409
408 410
408 411
408 412
408 413
408 414
408 415
408 481
408 512
408 647
409 410
409 411
409 412
409 413
409 414
409 415
409 532
410 411
410 412
410 413
410 414
410 415
411 412
411 413
411 414
411 415
412 413
412 414
412 415
413 414
413 415
413 427
413 428
413 448
413 450
413 479
413 502
413 507
413 516
413 529
413 532
413 585
413 659
414 415
416 417
416 418
416 419
416 420
416 421
416 422
416 424
416 427
416 428
416 430
416 431
416 432
416 448
416 450
416 451
416 479
416 480
416 481
416 501
416 502
416 507
416 512
416 515
416 516
416 529
416 530
416 531
416 532
416 542
416 551
416 557
416 567
416 568
416 573
416 577
416 578
416 582
416 583
416 585
416 586
416 621
416 639
416 647
416 659
416 660
417 418
417 419
417 420
417 421
417 512
417 515
417 530
417 531
417 532
418 419
418 420
418 421
418 431
418 452
418 511
418 512
418 648
419 420
419 421
420 421
422 423
422 424
422 425
422 426
422 427
422 428
422 430
422 452
422 550
422 639
422 640
422 641
422 647
423 424
423 425
423 426
423 639
423 648
424 425
424 426
424 647
425 426
425 452
425 647
427 428
427 429
427 430
427 431
427 452
427 511
427 515
427 633
427 639
427 641
427 647
428 429
428 633
428 639
428 640
428 648
429 641
430 431
430 452
430 606
430 633
430 639
430 640
431 436
431 633
431 662
431 678
432 433
432 434
432 435
432 582
433 434
433 435
434 435
436 437
436 438
436 439
436 440
436 441
436 442
436 501
436 507
436 516
436 587
436 607
437 438
437 439
437 440
437 441
437 442
437 463
437 480
437 491
437 507
437 607
438 439
438 440
438 441
438 442
438 452
439 440
439 441
439 442
439 463
440 441
440 442
441 442
443 444
443 445
443 446
443 447
443 448
444 445
444 446
444 447
444 641
445 446
445 447
446 447
447 557
448 448
448 449
448 450
448 451
448 452
448 453
448 454
448 455
448 456
448 529
448 567
449 450
449 451
449 452
449 453
449 454
449 455
450 451
450 452
450 453
450 454
450 455
450 501
450 507
451 452
451 453
451 454
451 455
451 456
451 463
451 507
452 453
452 454
452 455
452 456
452 475
452 633
453 454
453 455
454 455
456 457
456 458
456 479
456 480
456 502
457 458
457 480
459 460
459 461
459 462
459 463
459 464
459 465
459 466
459 480
459 481
459 647
460 461
460 462
460 465
460 466
460 482
461 462
463 464
463 465
463 466
463 467
463 468
463 469
463 470
463 479
463 485
463 486
463 634
464 465
464 466
464 467
464 470
464 475
464 481
464 482
464 485
464 486
464 501
464 545
464 567
464 573
464 577
464 633
465 466
465 467
465 468
465 482
465 633
466 467
466 469
466 476
466 488
466 634
468 469
468 470
468 471
468 472
468 473
468 474
468 479
468 480
468 481
468 567
469 470
469 471
469 472
469 473
469 474
469 567
469 568
470 471
470 472
470 473
470 474
471 472
471 473
471 474
472 473
472 474
473 474
475 476
475 477
475 478
475 480
475 481
476 477
476 478
477 478
479 480
479 481
479 482
479 483
479 484
479 485
479 501
479 506
479 519
479 666
480 481
480 482
480 483
480 484
480 485
480 501
480 591
481 482
481 483
481 484
481 485
481 487
481 501
482 483
482 484
482 485
482 486
483 484
485 486
485 487
485 488
485 489
485 490
485 529
485 616
485 618
485 619
485 620
485 621
485 626
485 627
486 487
486 488
486 489
486 490
486 532
487 488
487 489
487 490
487 616
488 489
488 490
489 490
491 501
491 502
491 507
491 516
491 565
491 566
492 493
492 494
492 495
492 496
492 497
492 498
492 499
492 500
492 501
492 502
492 506
492 511
492 512
492 515
493 494
493 495
493 496
493 497
493 498
493 499
493 500
493 502
493 516
494 495
494 496
494 497
494 498
494 499
494 500
494 502
494 511
494 512
494 515
494 516
495 496
495 497
495 498
495 499
495 500
495 502
496 497
496 498
496 499
496 500
496 512
497 498
497 499
497 500
498 499
498 500
499 500
501 502
501 503
501 504
501 505
501 506
501 507
501 508
501 509
501 510
501 511
501 512
501 513
501 514
501 515
501 516
501 517
501 518
501 519
501 529
501 532
501 565
501 582
501 633
501 639
501 640
501 677
502 503
502 504
502 505
502 506
502 507
502 508
502 509
502 510
502 511
502 512
502 513
502 514
502 515
502 516
502 517
502 518
502 530
502 532
502 582
502 640
502 641
503 504
503 505
503 506
503 507
503 508
503 509
503 510
503 511
503 512
503 513
503 514
503 515
503 516
503 517
503 518
504 505
504 506
504 507
504 508
504 509
504 510
504 511
504 512
504 513
504 514
504 515
504 516
504 517
504 518
505 506
505 507
505 508
505 509
505 510
505 511
505 512
505 513
505 514
505 515
505 516
505 517
505 518
506 507
506 508
506 509
506 510
506 511
506 512
506 513
506 514
506 515
506 516
506 517
506 518
506 519
506 529
506 633
506 639
507 508
507 509
507 510
507 511
507 512
507 513
507 514
507 515
507 516
507 517
507 518
507 519
508 509
508 510
508 511
508 512
508 513
508 514
508 515
508 516
508 517
508 518
509 510
509 511
509 512
509 513
509 514
509 515
509 516
509 517
509 518
510 511
510 512
510 513
510 514
510 515
510 516
510 517
510 518
511 512
511 513
511 514
511 515
511 516
511 517
511 518
511 581
511 582
512 513
512 514
512 515
512 516
512 517
512 518
512 522
512 531
512 641
512 674
512 675
513 514
513 515
513 516
513 517
513 518
514 515
514 516
514 517
514 518
515 516
515 517
515 518
515 581
516 517
516 518
516 519
516 529
517 518
519 520
519 521
519 522
519 523
519 524
519 525
519 526
519 527
519 528
519 529
519 530
519 531
519 532
519 567
519 568
519 574
519 585
520 521
520 522
520 523
520 524
520 525
520 526
520 527
520 528
520 531
520 532
521 522
521 523
521 524
521 525
521 526
521 527
521 528
521 529
522 523
522 524
522 525
522 526
522 527
522 528
523 524
523 525
523 526
523 527
523 528
524 525
524 526
524 527
524 528
525 526
525 527
525 528
526 527
526 528
527 528
528 557
529 530
529 531
529 532
529 533
529 534
529 535
530 531
530 532
530 533
530 534
530 535
531 532
531 533
531 534
531 535
532 533
532 534
532 535
533 534
533 535
534 535
536 537
536 538
536 539
536 540
536 541
536 550
536 567
536 568
536 581
536 586
537 538
537 539
537 540
537 541
537 568
537 586
538 539
538 540
538 541
539 540
539 541
540 541
541 568
541 574
542 543
542 544
542 545
542 546
542 557
542 558
542 561
542 581
542 582
542 583
542 585
542 586
543 544
543 545
543 546
543 551
543 562
543 568
543 574
543 575
543 578
543 582
544 586
545 546
545 547
545 548
545 549
545 550
545 573
545 581
545 582
545 585
545 586
546 547
546 548
546 549
546 587
547 548
547 549
548 549
550 551
550 552
550 553
550 557
550 558
550 577
550 592
550 606
550 666
550 667
550 676
551 552
551 553
551 557
551 558
551 574
551 578
551 592
551 593
551 598
551 607
552 553
554 555
554 556
554 606
555 556
555 607
557 558
557 559
557 560
557 573
557 574
557 577
557 578
557 592
557 606
557 666
558 559
558 560
558 574
558 578
558 592
559 560
561 562
561 563
561 564
561 565
561 566
561 586
562 563
562 564
562 565
562 566
562 586
563 564
563 565
563 566
564 565
564 566
565 566
565 567
567 568
567 569
567 570
567 571
567 572
567 573
567 574
567 575
567 577
567 581
567 583
567 585
567 586
567 587
567 618
567 619
567 620
567 621
567 628
567 630
567 647
567 652
567 653
567 655
567 662
567 665
567 666
568 569
568 570
568 571
568 572
568 573
568 577
568 578
568 587
568 607
568 613
568 621
568 630
568 666
569 570
569 571
569 572
569 587
569 630
570 571
570 572
570 585
571 572
571 573
571 575
572 574
572 575
573 574
573 575
573 576
573 577
573 620
573 622
573 628
573 630
573 647
573 665
573 666
573 667
574 575
574 576
574 577
574 578
574 586
574 592
574 594
574 607
574 619
574 621
574 627
574 629
574 633
574 640
574 648
574 668
575 576
575 578
575 579
575 607
575 613
575 628
575 629
575 668
577 578
577 579
577 580
577 581
577 583
577 606
577 652
578 579
578 580
578 607
579 580
581 582
581 583
581 584
581 585
581 586
581 587
581 606
582 583
582 584
582 585
582 586
582 587
582 607
582 641
583 584
583 585
583 586
583 587
583 588
583 591
583 599
583 606
583 640
583 677
584 585
584 586
585 586
585 591
585 620
585 630
585 665
586 587
586 607
587 588
587 589
587 590
587 591
587 598
587 606
587 607
587 631
587 632
587 652
587 655
587 659
587 683
587 684
587 685
587 690
587 692
588 589
588 590
588 591
588 607
589 590
589 591
590 591
592 593
592 594
592 595
592 596
592 597
592 598
592 619
593 594
593 595
593 596
593 597
593 598
593 619
593 641
594 595
594 596
594 597
594 598
594 607
595 596
595 597
595 598
596 597
596 598
597 598
599 600
599 601
599 602
599 603
599 604
599 605
600 601
600 602
600 603
600 604
600 605
600 665
601 602
601 603
601 604
601 605
601 648
601 659
601 660
601 662
602 603
602 604
602 605
603 604
603 605
604 605
606 607
606 608
606 609
606 610
606 613
606 662
606 665
607 608
607 609
607 610
607 618
607 619
607 629
607 630
608 609
608 610
609 610
611 612
611 613
611 614
611 615
612 613
612 614
612 615
613 614
613 615
614 615
616 617
616 618
616 620
616 622
616 626
618 619
618 620
618 621
618 629
618 630
618 665
618 666
619 620
619 621
619 629
619 630
619 665
620 621
621 668
622 623
622 624
622 625
623 624
623 625
624 625
626 627
626 628
626 629
626 630
627 628
627 629
627 630
627 655
628 629
628 630
629 630
629 635
631 632
632 640
632 648
632 652
632 655
632 660
633 634
633 635
633 636
633 637
633 638
633 639
633 640
633 641
633 647
633 652
633 655
634 635
634 636
634 637
634 638
634 648
634 652
635 636
635 637
635 638
636 637
636 638
637 638
639 640
639 641
639 642
639 643
639 644
639 647
639 652
639 653
639 659
639 660
639 665
640 641
640 642
640 643
640 644
640 648
640 652
640 653
640 655
640 659
640 660
640 662
640 665
641 642
641 644
641 647
641 648
641 652
641 653
641 655
641 660
641 662
642 659
643 644
643 645
643 646
643 647
643 648
643 652
643 653
643 659
643 660
643 665
644 645
644 646
644 648
644 652
644 653
644 655
644 659
644 660
644 662
645 646
647 648
647 649
647 650
647 653
647 665
648 649
648 650
648 653
648 655
648 659
648 660
648 662
649 650
651 653
652 653
652 654
652 655
652 656
652 657
652 658
652 659
652 660
652 661
653 654
653 655
653 656
653 657
653 658
653 660
653 662
654 655
654 656
654 657
654 658
655 656
655 657
655 658
655 660
656 657
656 658
657 658
659 660
659 661
659 662
659 663
659 664
659 665
660 661
660 662
660 663
662 663
662 664
662 665
663 664
663 665
664 665
666 667
666 668
666 669
666 670
666 671
667 668
667 669
667 670
667 671
668 669
668 670
668 671
669 670
669 671
670 671
672 673
674 675
678 679
678 680
678 681
678 682
679 680
679 681
679 682
680 681
680 682
681 682
683 684
683 685
683 686
683 687
683 688
683 689
684 685
684 686
684 687
684 688
684 689
685 686
685 687
685 688
685 689
686 687
686 688
686 689
687 688
687 689
688 689
690 691
690 692
691 692
