0 1
0 2
0 3
0 4
0 5
0 6
0 74
0 81
0 453
0 484
0 485
0 496
0 560
0 584
0 843
1 2
1 3
1 4
1 485
1 505
1 509
1 557
1 568
1 578
1 844
2 3
2 4
3 4
4 5
4 6
5 6
5 7
5 8
5 9
5 16
5 32
5 74
5 100
5 327
5 791
6 7
6 8
6 10
6 33
6 62
6 65
6 66
6 75
6 82
6 106
6 708
6 748
7 8
9 10
9 11
9 32
9 74
10 11
10 33
12 13
12 14
12 15
12 16
12 27
12 32
12 33
12 65
12 78
12 81
12 175
12 371
12 632
12 823
12 827
13 14
13 15
13 32
13 33
13 86
13 173
13 712
13 781
13 823
13 824
13 827
14 15
16 17
16 18
16 19
16 61
16 74
16 78
16 81
16 707
16 708
16 711
16 712
16 716
16 780
17 18
17 19
17 26
17 47
17 51
17 199
17 237
17 631
17 673
17 680
17 711
17 753
17 780
18 19
20 21
20 22
20 23
20 24
20 25
20 26
20 27
20 40
20 44
20 46
20 50
20 51
21 22
21 23
21 24
21 25
21 26
21 28
21 33
21 37
21 58
21 125
21 199
21 699
22 23
22 24
22 25
22 26
23 24
23 25
23 26
24 25
24 26
25 26
25 50
27 28
27 29
27 30
27 31
28 29
28 30
28 31
28 128
29 30
29 31
30 31
32 33
32 34
32 35
32 36
32 78
32 96
32 216
32 217
32 218
32 219
33 34
33 35
33 37
33 58
33 97
33 217
33 313
34 35
36 37
36 38
36 39
36 51
36 57
36 61
36 237
36 684
36 804
37 38
37 39
37 51
37 237
38 39
39 426
40 41
40 42
40 43
40 51
40 600
40 604
40 618
40 619
41 42
41 43
41 51
41 601
41 605
41 615
42 43
44 45
44 50
44 51
44 57
44 124
44 125
45 51
45 58
45 125
46 47
46 48
46 49
46 50
46 51
46 65
47 48
47 49
47 435
48 49
50 51
50 52
50 53
50 54
50 55
50 56
50 78
51 52
51 53
51 54
51 55
51 56
51 78
52 53
52 54
52 55
52 56
53 54
53 55
53 56
54 55
54 56
55 56
57 58
57 59
57 60
57 122
57 698
58 59
58 60
58 122
59 60
61 62
61 63
61 64
61 65
61 74
61 75
61 78
61 183
61 184
61 185
61 186
61 245
61 265
61 266
61 268
61 742
62 63
62 64
62 66
62 75
62 79
62 183
62 265
62 266
63 64
65 66
65 67
65 68
65 75
65 78
65 81
65 175
65 176
65 217
65 293
65 312
65 625
66 67
66 68
66 75
66 79
66 82
66 175
66 216
66 217
66 218
66 219
66 293
66 294
66 313
67 68
67 614
69 70
69 71
69 72
69 73
69 81
69 843
70 71
70 72
70 73
70 79
71 72
71 73
71 201
71 207
72 73
74 75
74 76
74 77
74 78
74 81
74 105
74 270
74 321
74 839
75 76
75 77
75 78
75 79
75 81
75 82
75 270
75 839
76 77
78 79
78 80
78 81
78 82
78 148
78 152
78 216
78 217
78 218
78 219
78 302
78 489
78 498
78 679
78 698
78 707
78 831
79 80
79 81
79 82
79 148
79 152
79 216
79 490
79 748
79 853
81 82
81 83
81 84
81 85
81 90
81 105
81 148
81 152
81 216
81 218
81 219
81 606
81 684
81 716
81 742
81 747
81 831
82 83
82 84
82 85
82 94
82 148
82 149
82 152
82 216
82 217
82 587
82 685
82 717
82 853
83 84
83 85
84 85
85 216
86 87
86 88
86 89
86 96
86 567
87 88
87 89
88 89
90 91
90 92
90 93
90 94
90 95
90 96
90 428
90 636
90 716
90 747
90 787
91 92
91 93
91 94
91 95
92 93
92 94
92 95
92 96
92 97
93 94
93 95
94 95
94 97
94 104
94 551
94 637
94 754
96 97
96 98
96 99
96 105
96 106
96 107
96 110
96 111
96 218
96 348
96 590
96 654
96 709
96 742
96 747
96 794
96 820
97 98
97 99
97 104
97 106
97 108
97 111
97 129
97 216
97 217
97 219
97 637
97 748
97 754
97 794
97 819
97 821
98 99
100 101
100 102
100 103
100 104
100 185
101 102
101 103
101 104
102 103
102 104
103 104
104 216
105 106
105 107
105 108
105 109
105 110
105 148
105 348
105 448
105 455
105 822
106 107
106 108
106 109
106 110
106 148
106 149
106 822
107 108
107 109
107 110
107 115
107 148
107 167
107 168
107 449
107 450
107 453
107 455
107 810
107 822
108 109
108 110
108 111
108 116
108 149
108 168
108 704
110 111
110 112
110 113
110 114
110 115
110 116
110 167
110 178
110 235
110 312
111 112
111 113
111 114
111 116
111 122
111 125
111 167
111 168
111 178
111 212
111 235
111 236
111 312
111 313
112 113
112 114
113 114
115 116
115 117
115 118
115 119
115 122
115 160
115 161
115 179
115 198
115 201
115 205
115 207
115 208
115 210
115 348
116 117
116 118
116 119
116 125
116 132
116 160
116 161
116 202
116 206
116 208
116 210
116 212
116 270
117 118
117 119
118 119
119 149
119 199
120 121
120 124
120 198
120 201
120 205
121 205
121 208
121 210
122 123
122 199
122 206
122 208
124 125
124 126
124 127
124 128
124 132
124 138
124 198
124 201
124 202
124 205
124 207
124 210
124 542
124 654
124 831
125 126
125 127
125 129
125 133
125 184
125 186
125 197
125 198
125 199
125 201
125 202
125 206
125 207
125 208
125 210
125 212
125 542
126 127
126 810
128 129
128 130
128 131
128 138
128 148
128 162
128 198
128 201
128 205
128 207
128 216
128 600
129 130
129 131
129 138
129 139
129 143
129 147
129 148
129 149
129 162
129 163
129 206
129 208
130 131
132 133
132 134
132 135
132 136
132 137
132 143
132 160
132 161
132 329
132 348
132 349
133 134
133 135
133 136
133 137
133 139
133 143
133 161
133 349
134 135
134 136
134 137
135 136
135 137
136 137
138 139
138 140
138 141
138 142
138 143
138 146
138 148
138 155
138 156
138 218
138 260
138 625
139 140
139 141
139 142
139 143
139 148
139 149
139 218
139 219
140 141
142 143
142 144
142 145
142 160
143 144
143 145
143 147
143 161
143 181
144 145
146 147
146 148
146 149
147 785
147 786
148 149
148 150
148 151
148 160
148 299
148 302
148 509
148 544
148 545
149 150
149 151
149 161
149 217
149 545
150 151
152 153
152 160
153 161
153 427
154 167
154 168
155 156
155 157
155 158
155 159
155 160
155 161
156 157
156 158
156 159
156 160
156 161
157 158
157 159
158 159
160 161
160 329
160 348
160 349
160 598
160 600
160 601
161 349
161 601
162 163
162 164
162 165
162 166
163 164
163 165
163 166
163 208
164 165
164 166
165 166
167 168
167 169
167 170
167 171
167 175
167 176
167 224
167 235
167 275
167 449
167 453
167 455
168 169
168 170
168 171
168 176
168 184
168 224
168 225
168 275
169 170
169 171
170 171
172 173
172 174
172 175
172 625
173 174
173 176
175 176
175 177
175 183
175 185
175 259
175 270
175 471
175 489
175 650
175 804
176 177
176 178
176 183
176 184
176 185
176 186
176 271
176 490
176 651
177 178
177 179
177 183
178 179
178 184
178 186
178 326
178 330
179 348
180 181
180 182
180 183
180 185
181 182
181 183
181 184
181 186
181 208
181 262
183 184
183 185
183 186
183 187
183 188
183 189
183 190
183 216
183 217
183 245
183 265
183 266
183 268
183 312
183 600
184 185
184 186
184 187
184 188
184 189
184 199
184 216
184 217
184 218
184 219
184 245
184 246
184 265
185 186
185 187
185 188
185 189
185 190
185 207
185 216
185 245
185 664
186 187
186 188
186 189
186 191
186 216
186 217
186 245
186 246
186 268
186 665
187 188
187 189
188 189
190 191
190 192
190 193
190 194
190 195
191 192
191 193
191 194
191 195
192 193
192 194
192 195
193 194
193 195
194 195
196 197
196 201
196 202
196 205
196 207
196 208
197 199
197 202
197 206
197 207
197 208
198 199
198 200
198 201
198 202
198 203
198 204
198 205
198 206
198 207
198 208
198 209
198 210
198 212
199 200
199 201
199 202
199 203
199 204
199 205
199 206
199 207
199 208
199 209
199 210
199 212
200 201
200 202
200 203
200 204
200 205
200 206
200 207
200 208
200 209
201 202
201 203
201 204
201 205
201 206
201 207
201 208
201 209
201 210
201 220
202 203
202 204
202 205
202 206
202 207
202 208
202 209
202 210
202 249
202 250
202 471
202 545
203 204
203 205
203 206
203 207
203 208
203 209
204 205
204 206
204 207
204 208
204 209
205 206
205 207
205 208
205 209
205 210
206 207
206 208
206 209
206 210
207 208
207 209
207 210
207 249
208 209
208 210
210 211
210 212
210 213
210 214
210 215
210 313
210 314
211 212
211 213
211 214
212 213
212 214
212 312
212 313
213 214
216 217
216 218
216 219
216 221
216 581
216 582
216 636
216 637
216 753
217 218
217 219
217 221
217 234
217 581
217 637
218 219
218 581
218 637
219 221
219 581
219 582
219 636
220 221
220 222
220 223
220 296
220 508
220 509
220 852
221 222
221 223
221 262
221 265
221 266
221 268
221 296
221 297
221 509
222 223
224 225
224 226
224 227
224 228
224 229
224 230
224 231
224 232
224 233
225 226
225 227
225 228
225 229
225 230
225 231
225 232
225 233
225 237
226 227
226 228
226 229
226 230
226 231
226 232
226 233
227 228
227 229
227 230
227 231
227 232
227 233
228 229
228 230
228 231
228 232
228 233
229 230
229 231
229 232
229 233
230 231
230 232
230 233
231 232
231 233
231 234
232 233
234 235
234 236
234 237
234 276
234 287
234 296
234 297
234 312
234 313
234 314
234 315
234 427
235 236
235 276
235 312
235 398
235 618
236 276
236 313
236 398
237 238
237 246
237 600
237 684
237 781
237 857
239 240
239 241
239 242
239 243
239 244
240 241
240 242
240 243
240 244
241 242
241 243
241 244
242 243
242 244
243 244
244 794
245 246
245 247
245 248
245 249
245 250
245 251
245 252
245 253
245 254
245 255
245 256
245 257
245 258
246 247
246 248
246 249
246 250
246 251
246 252
246 253
246 254
246 255
246 256
246 257
246 258
247 248
247 249
247 250
247 251
247 252
247 253
247 254
247 255
247 256
247 257
247 258
247 314
247 315
248 249
248 250
248 251
248 252
248 253
248 254
248 255
248 256
248 257
248 258
248 260
248 577
249 250
249 251
249 252
249 253
249 254
249 255
249 256
249 257
249 258
250 251
250 252
250 253
250 254
250 255
250 256
250 257
250 258
251 252
251 253
251 254
251 255
251 256
251 257
251 258
252 253
252 254
252 255
252 256
252 257
252 258
253 254
253 255
253 256
253 257
253 258
254 255
254 256
254 257
254 258
255 256
255 257
255 258
255 664
256 257
256 258
257 258
259 260
259 261
259 262
259 265
259 266
259 268
259 276
259 286
259 294
259 858
260 261
260 262
260 265
260 266
260 271
260 276
260 286
260 290
260 327
260 522
260 654
260 843
262 263
262 264
262 265
262 266
262 268
262 276
262 322
262 329
263 264
265 266
265 267
265 268
265 269
265 471
265 472
265 600
266 267
266 268
266 269
266 600
266 857
267 268
267 269
268 269
268 271
270 271
270 272
270 273
270 274
270 275
270 278
270 294
270 312
270 348
270 349
270 662
270 663
271 272
271 273
271 274
271 275
271 276
271 278
271 294
271 312
271 348
271 600
271 663
272 273
272 274
272 275
273 274
273 275
274 275
274 276
274 278
274 294
274 312
274 348
274 349
274 547
274 662
274 663
276 277
276 278
276 279
276 296
276 297
276 313
276 314
276 326
277 278
277 279
278 279
280 281
280 282
280 283
280 284
280 285
280 467
280 468
280 804
281 282
281 283
281 284
281 285
282 283
282 284
282 285
283 284
283 285
283 314
284 285
286 287
286 288
286 289
287 288
287 289
287 296
288 289
288 618
288 664
290 291
290 292
291 292
291 748
293 294
293 295
294 295
296 297
296 298
296 299
296 300
296 344
296 600
297 298
297 299
297 300
297 344
299 300
299 301
299 632
299 658
300 301
300 633
300 659
302 303
302 304
302 305
302 306
302 794
303 304
303 305
303 306
303 763
304 305
304 306
305 306
307 308
307 309
307 310
307 311
307 467
307 468
307 794
308 309
308 310
308 311
309 310
309 311
310 311
312 313
312 314
312 315
312 316
312 348
312 357
312 362
312 434
312 435
312 453
312 598
312 600
312 679
312 684
312 822
312 843
313 314
313 315
313 316
313 348
313 349
313 385
313 435
313 441
313 448
313 449
313 450
313 453
313 455
313 480
314 315
314 316
314 335
315 316
315 547
315 681
315 822
315 844
317 318
317 319
317 320
317 410
318 319
318 320
318 354
319 320
321 322
321 323
321 324
321 325
321 658
321 659
322 323
322 324
322 325
322 330
322 441
323 324
323 325
324 325
326 327
326 328
326 329
326 330
326 333
326 349
326 536
326 560
327 328
328 747
329 330
329 331
329 332
329 349
329 378
329 504
329 505
329 536
329 560
329 600
329 818
330 331
330 332
330 333
330 349
330 490
330 504
330 505
330 536
331 332
333 334
333 335
333 336
333 337
333 504
333 505
334 335
334 336
334 337
334 505
335 336
335 337
336 337
338 339
338 340
338 341
338 342
338 378
338 379
338 711
339 340
339 341
339 342
340 341
340 342
341 342
343 344
343 345
343 346
343 347
343 498
344 345
344 346
344 347
344 382
345 346
345 347
346 347
348 349
348 350
348 351
348 352
348 353
348 362
348 371
348 395
348 600
349 350
349 351
349 352
349 353
349 354
349 363
349 372
349 441
350 351
350 352
351 352
353 354
353 355
353 356
353 362
353 363
353 367
353 371
353 378
353 417
353 430
354 355
354 356
354 358
354 363
354 367
354 371
354 372
354 417
354 431
354 441
354 467
354 468
354 519
354 520
355 356
357 358
357 359
357 360
357 361
357 362
357 363
357 364
357 365
357 366
357 367
357 368
357 369
357 370
357 378
357 382
357 385
357 386
357 394
357 413
357 416
358 359
358 360
358 361
358 362
358 363
358 364
358 365
358 366
358 367
358 368
358 369
358 370
358 371
358 378
358 382
358 385
358 386
358 387
358 394
358 567
359 360
359 361
359 362
359 363
359 364
359 365
359 366
359 367
359 368
359 369
359 370
360 361
360 362
360 363
360 364
360 365
360 366
360 367
360 368
360 369
360 370
361 362
361 363
361 364
361 365
361 366
361 367
361 368
361 369
361 370
362 363
362 364
362 365
362 366
362 367
362 368
362 369
362 370
362 371
362 386
362 425
362 453
362 540
362 553
362 556
362 577
362 623
363 364
363 365
363 366
363 367
363 368
363 369
363 370
363 371
363 378
363 380
363 382
363 385
363 386
363 387
363 394
363 427
363 624
364 365
364 366
364 367
364 368
364 369
364 370
365 366
365 367
365 368
365 369
365 370
366 367
366 368
366 369
366 370
367 368
367 369
367 370
367 426
367 427
368 369
368 370
369 370
371 372
371 373
371 374
371 375
371 380
371 426
371 427
371 434
372 373
372 374
372 375
372 376
372 380
373 374
375 376
375 377
375 378
375 379
375 380
375 410
375 431
376 377
376 378
376 380
376 414
378 379
378 380
378 386
378 394
378 441
378 479
378 600
379 380
379 394
379 411
379 441
379 457
379 532
380 394
380 411
380 419
380 424
380 523
380 533
380 600
381 382
381 383
381 384
382 383
382 384
382 385
382 386
382 394
382 434
382 467
382 468
383 384
386 387
386 388
386 389
387 388
387 389
388 389
390 391
390 392
390 393
390 394
391 392
391 393
391 394
392 393
392 394
393 394
394 411
394 426
394 427
395 396
395 397
395 398
396 397
396 398
397 398
399 400
399 401
399 402
399 403
399 404
399 405
399 406
399 407
399 408
399 409
400 401
400 402
400 403
400 404
400 405
400 406
400 407
400 408
400 409
401 402
401 403
401 404
401 405
401 406
401 407
401 408
401 409
402 403
402 404
402 405
402 406
402 407
402 408
402 409
403 404
403 405
403 406
403 407
403 408
403 409
404 405
404 406
404 407
404 408
404 409
405 406
405 407
405 408
405 409
406 407
406 408
406 409
407 408
407 409
407 604
408 409
409 615
410 411
410 412
410 425
410 430
410 435
410 453
410 467
410 524
411 412
411 417
411 419
411 424
411 434
413 414
413 415
413 416
413 417
414 415
414 416
414 417
415 416
415 417
416 417
417 441
417 448
418 419
418 420
418 421
418 422
418 423
418 424
418 425
418 431
418 434
418 441
418 623
418 632
418 662
419 420
419 421
419 422
419 423
419 424
419 425
419 431
419 435
419 441
420 421
420 422
420 423
420 424
420 425
420 453
421 422
421 423
421 424
421 425
422 423
422 424
422 425
423 424
423 425
424 425
424 431
424 434
424 441
425 430
425 431
425 658
425 737
425 753
426 427
426 428
426 429
426 479
426 664
427 428
427 429
427 431
427 435
427 479
427 664
427 704
428 429
430 431
430 432
430 433
430 553
431 432
431 433
431 434
431 435
431 441
431 450
431 557
432 433
434 435
434 436
434 437
434 438
434 439
434 440
434 441
434 449
434 520
434 600
435 436
435 437
435 438
435 439
435 440
435 441
435 449
435 520
436 437
436 438
436 439
436 440
437 438
437 439
437 440
438 439
438 440
439 440
441 442
441 443
441 520
442 443
444 445
444 446
444 604
445 446
447 448
447 449
447 450
447 451
447 452
447 453
447 454
447 455
448 449
448 450
448 451
448 452
448 453
448 454
448 455
448 518
449 450
449 451
449 452
449 453
449 454
449 455
449 476
449 698
450 451
450 452
450 453
450 454
450 455
450 518
450 587
450 663
451 452
451 453
451 454
451 455
452 453
452 454
452 455
453 454
453 455
453 484
453 485
453 495
453 550
453 556
453 560
453 584
454 455
454 496
454 499
454 501
454 505
454 549
454 554
454 557
454 568
454 585
456 457
456 458
456 459
456 460
457 458
457 459
457 460
458 459
458 460
459 460
461 462
461 463
461 464
461 465
461 466
461 467
461 468
462 463
462 464
462 465
462 466
463 464
463 465
463 466
464 465
464 466
465 466
467 468
467 469
467 470
467 476
467 600
468 469
468 470
468 601
469 470
471 472
471 473
471 474
471 475
471 604
472 473
472 474
472 475
472 832
473 474
473 475
474 475
476 477
476 478
476 508
476 600
476 618
477 478
479 480
479 481
479 482
479 483
479 484
479 485
479 489
479 495
479 498
479 504
479 508
479 524
479 577
479 584
480 481
480 483
480 485
480 490
480 494
480 499
480 505
480 509
480 524
480 525
480 541
480 561
482 483
482 484
482 485
482 486
482 487
482 488
482 489
482 493
482 494
482 524
483 484
483 485
483 486
483 487
483 488
483 489
483 490
483 493
483 494
483 524
483 525
483 577
484 485
484 486
484 487
484 488
484 489
484 495
484 498
484 504
484 524
484 540
484 560
484 584
484 843
485 486
485 487
485 488
485 490
485 499
485 501
485 505
485 509
485 525
485 541
485 549
485 578
485 585
485 604
485 626
485 844
486 487
486 488
487 488
489 490
489 491
489 492
489 493
489 494
489 495
489 498
489 504
489 524
489 540
489 544
489 584
489 625
490 491
490 492
490 493
490 494
490 495
490 498
490 499
490 501
490 504
490 505
490 509
490 524
490 525
490 541
490 578
490 605
491 492
491 549
491 553
491 556
491 557
491 560
491 561
492 549
492 557
492 561
493 494
493 498
493 553
493 556
493 560
494 498
494 541
494 549
494 832
495 496
495 497
495 498
495 499
495 504
495 550
495 569
495 584
495 587
495 600
495 604
495 607
495 785
495 843
496 497
496 501
496 505
496 550
496 570
496 585
496 587
496 599
496 600
496 601
496 607
496 608
496 844
498 499
498 500
498 501
498 502
498 503
498 505
498 540
498 551
498 567
498 568
498 569
498 625
499 500
499 501
499 502
499 503
499 505
499 567
499 568
499 570
499 604
500 501
500 502
500 503
501 502
501 503
501 505
501 554
501 557
501 561
501 567
501 568
501 569
501 570
501 585
501 601
501 605
502 503
503 553
503 556
504 505
504 506
504 507
504 531
504 536
504 540
504 553
504 584
504 600
504 604
504 658
505 506
505 507
505 509
505 532
505 536
505 537
505 541
505 568
505 601
505 844
506 507
508 509
508 510
508 511
508 512
508 519
508 524
508 577
508 600
508 632
508 667
508 668
509 510
509 511
509 513
509 520
509 524
509 525
509 578
509 585
509 601
509 632
509 633
510 511
512 513
512 514
512 515
512 516
512 517
512 518
513 514
513 515
513 516
513 517
513 518
514 515
514 516
514 517
514 518
515 516
515 517
515 518
516 517
516 518
517 518
519 520
519 521
519 522
519 523
519 623
520 521
520 522
520 523
521 522
521 523
522 523
524 525
524 526
524 527
524 531
524 532
524 581
524 623
524 630
524 631
525 526
525 527
525 528
525 531
525 532
525 541
525 578
525 581
525 631
527 528
527 529
527 530
527 599
527 600
527 623
527 625
528 529
528 530
529 530
531 532
531 533
531 534
531 535
531 599
532 533
532 534
532 535
533 534
533 535
534 535
536 537
536 538
536 539
536 623
536 625
537 538
537 539
537 624
538 539
540 541
540 551
540 553
540 567
540 569
540 577
540 600
540 614
541 551
541 552
541 569
541 570
541 578
541 601
541 615
542 543
542 553
542 554
542 557
542 560
543 618
543 716
544 545
544 546
544 547
544 548
544 553
544 556
544 560
544 561
544 614
544 618
544 625
545 546
545 547
545 548
545 554
545 599
545 615
545 618
545 619
545 852
546 547
546 548
547 548
549 550
549 554
549 557
549 561
549 587
549 595
549 601
549 619
549 626
549 663
550 556
550 560
550 584
551 552
551 553
551 556
551 604
552 557
552 561
552 601
552 605
553 554
553 555
553 556
553 557
553 558
553 559
553 560
553 561
553 562
553 563
553 564
553 565
553 566
553 567
553 574
553 577
553 578
553 584
553 600
553 604
554 555
554 556
554 557
554 558
554 559
554 560
554 561
554 562
554 563
554 564
554 565
554 566
554 567
554 568
554 577
554 578
554 585
554 601
554 689
555 556
555 557
555 558
555 559
555 560
555 561
555 562
555 563
555 564
555 565
555 566
556 557
556 558
556 559
556 560
556 561
556 562
556 563
556 564
556 565
556 566
556 584
556 600
556 625
557 558
557 559
557 560
557 561
557 562
557 563
557 564
557 565
557 566
557 585
557 590
557 591
557 601
558 559
558 560
558 561
558 562
558 563
558 564
558 565
558 566
559 560
559 561
559 562
559 563
559 564
559 565
559 566
560 561
560 562
560 563
560 564
560 565
560 566
560 584
560 600
560 604
560 625
561 562
561 563
561 564
561 565
561 566
561 570
561 578
561 585
561 601
561 605
562 563
562 564
562 565
562 566
563 564
563 565
563 566
564 565
564 566
565 566
567 568
567 569
567 577
567 584
567 600
567 604
568 569
568 570
568 577
568 578
568 585
568 601
569 570
569 571
569 572
569 573
569 584
570 571
570 572
570 573
570 585
571 572
571 573
572 573
574 575
574 576
575 576
577 578
577 579
577 580
577 584
577 585
577 601
577 625
577 747
577 748
578 579
578 580
578 585
578 601
578 605
579 580
581 582
581 583
581 584
581 585
582 583
582 585
584 585
584 586
584 600
585 586
585 601
585 605
587 588
587 598
587 600
587 601
587 604
587 605
589 590
589 591
589 592
589 593
590 591
590 592
590 593
590 716
591 592
591 593
592 593
594 595
594 596
594 597
595 596
595 597
596 597
598 599
598 600
598 601
598 602
598 603
598 604
598 605
598 606
598 607
598 620
598 623
598 624
598 625
598 672
599 600
599 601
599 602
599 603
599 604
599 605
599 606
599 620
599 623
599 624
600 601
600 602
600 603
600 604
600 605
600 606
600 614
600 618
600 623
600 625
600 632
601 602
601 603
601 604
601 605
601 606
601 619
601 624
602 603
602 604
602 605
602 606
603 604
603 605
603 606
604 605
604 606
604 618
604 623
605 606
605 619
605 623
605 624
605 844
606 791
606 810
607 608
607 609
607 610
607 611
607 612
607 613
608 609
608 610
608 611
608 612
608 613
609 610
609 611
609 612
609 613
609 618
610 611
610 612
610 613
610 619
611 612
611 613
612 613
614 615
614 616
614 617
614 618
614 619
614 650
614 679
615 616
615 617
615 618
615 619
616 617
618 619
618 620
618 621
618 622
618 679
618 692
619 620
619 621
619 622
619 651
620 621
620 622
620 624
621 622
623 624
623 625
623 626
623 627
623 628
623 629
624 625
624 626
624 627
624 628
624 629
624 651
625 626
625 627
625 628
625 629
626 627
626 628
626 629
627 628
627 629
628 629
630 631
630 632
630 747
631 633
632 633
632 634
632 635
632 645
632 684
633 634
633 635
633 645
633 685
634 635
636 637
636 638
636 639
636 640
636 654
636 655
636 662
636 742
636 743
636 747
636 852
637 638
637 639
637 640
637 748
638 639
638 640
639 640
641 642
641 643
641 644
641 645
641 780
641 781
641 782
641 783
642 643
642 644
642 645
642 743
642 782
642 783
643 644
643 645
644 645
646 647
646 648
646 649
646 654
646 662
647 648
647 649
648 649
648 712
650 651
650 652
650 653
650 654
650 655
650 662
650 663
650 664
650 665
650 667
650 692
650 716
651 652
651 653
651 663
651 693
651 712
652 653
654 655
654 656
654 657
654 658
654 662
654 698
654 707
654 709
654 711
654 716
654 720
654 743
654 753
654 758
654 786
654 791
655 656
655 657
655 659
655 663
655 708
655 710
655 712
655 721
655 754
655 786
655 792
655 794
656 657
658 659
658 660
658 661
658 662
658 698
658 707
658 711
658 720
658 742
658 743
659 660
659 661
659 662
659 698
659 699
659 708
659 710
659 720
659 721
659 742
659 743
660 661
662 663
662 664
662 665
662 666
662 692
662 698
662 707
663 664
663 665
663 666
663 680
663 693
663 698
663 699
663 703
663 707
663 712
664 665
664 666
664 692
664 698
664 707
664 709
664 711
664 720
664 800
664 810
665 666
665 693
665 698
665 699
665 708
665 710
665 712
665 721
667 668
667 669
667 670
667 671
667 672
667 679
667 684
667 692
667 769
667 777
667 791
668 669
668 670
668 671
668 673
668 680
668 685
668 693
668 769
668 777
668 791
669 670
669 671
669 673
669 680
669 681
669 685
669 693
669 777
669 791
670 671
672 673
672 674
672 675
672 676
672 677
672 678
672 679
672 680
672 681
672 684
672 685
672 743
672 747
672 748
672 785
672 786
673 674
673 675
673 676
673 677
673 678
673 685
673 712
673 748
673 786
674 675
674 676
674 677
674 678
675 676
675 677
675 678
676 677
676 678
677 678
679 680
679 681
679 682
679 683
679 684
679 685
679 692
679 791
680 681
680 682
680 683
680 685
680 692
680 693
680 712
680 792
681 682
681 683
681 685
681 693
682 683
684 685
684 686
684 687
684 692
684 693
684 791
684 857
685 686
685 687
685 693
685 857
686 687
688 689
688 690
688 691
689 690
689 691
690 691
692 693
692 694
692 695
692 696
692 697
692 709
692 800
693 694
693 695
693 696
693 697
694 695
694 696
694 697
695 696
695 697
696 697
698 699
698 700
698 701
698 702
698 779
699 700
699 701
699 703
699 704
699 711
699 779
700 701
700 716
702 703
702 704
702 705
702 706
702 711
702 779
702 780
702 791
702 796
702 800
702 804
702 823
703 704
703 705
703 706
703 779
703 781
703 792
703 799
703 804
703 805
704 705
704 706
704 712
704 729
704 731
704 781
704 782
704 792
704 796
704 797
705 706
707 708
707 709
707 710
707 711
707 720
707 753
707 780
708 709
708 710
708 711
708 720
708 721
708 753
708 754
709 710
709 720
709 753
709 754
709 785
710 721
710 754
711 712
711 713
711 714
711 715
711 716
711 717
711 718
711 719
711 777
711 780
711 800
711 807
712 713
712 714
712 715
712 716
712 717
712 718
712 719
712 721
712 727
712 738
712 748
712 780
713 714
713 715
713 716
713 717
713 718
713 719
714 715
714 716
714 717
714 718
714 719
715 716
715 717
715 718
715 719
716 717
716 718
716 719
716 720
716 747
716 780
716 831
716 852
717 718
717 719
717 852
718 719
719 810
720 721
720 722
720 723
720 724
720 725
720 794
720 807
720 808
720 811
721 722
721 723
721 724
721 725
721 794
721 808
721 811
722 723
722 724
722 725
723 724
723 725
724 725
726 727
726 728
726 810
727 728
727 808
729 730
729 731
729 732
729 733
729 734
729 735
729 736
729 748
729 780
729 781
729 808
730 731
730 732
730 733
730 734
730 735
730 736
730 808
730 811
731 732
731 733
731 734
731 735
731 736
731 783
732 733
732 734
732 735
732 736
733 734
733 735
733 736
734 735
734 736
735 736
737 738
737 739
737 740
737 741
737 742
738 739
738 740
738 741
738 743
739 740
739 741
740 741
742 743
742 744
742 745
742 746
742 747
743 744
743 745
743 746
743 748
744 745
744 746
745 746
747 748
747 749
747 750
747 751
747 752
748 749
748 750
748 751
748 752
749 750
749 751
749 752
750 751
750 752
751 752
751 785
751 786
753 754
753 755
753 756
753 757
753 785
754 755
754 756
754 757
754 786
755 756
755 757
756 757
758 759
758 760
758 761
758 762
758 763
758 810
758 852
759 760
759 761
759 762
759 832
760 761
760 762
761 762
763 764
763 765
763 832
765 766
765 767
765 768
765 780
765 807
765 811
766 767
766 768
766 811
767 768
768 811
769 770
769 771
769 772
769 808
769 811
770 771
770 772
770 811
771 772
772 811
773 774
773 775
773 776
773 807
773 852
774 775
774 776
774 811
775 776
775 810
775 811
777 778
777 791
777 792
777 794
777 852
778 781
778 783
779 780
779 781
779 794
779 804
779 805
779 831
780 781
780 782
780 783
780 784
780 785
780 791
780 807
780 818
781 782
781 783
781 784
781 786
781 792
781 805
781 808
782 783
782 784
782 785
782 786
782 804
782 810
783 784
783 786
783 805
783 811
785 786
785 787
785 788
785 789
785 790
785 800
785 843
786 787
786 788
786 789
786 790
786 844
787 788
787 789
787 790
788 789
788 790
789 790
791 792
791 793
791 794
791 804
791 814
791 823
792 793
792 804
792 805
792 814
792 853
794 795
796 797
796 798
796 799
797 798
797 799
798 799
800 801
800 802
800 803
800 810
801 802
801 803
801 805
802 803
802 807
802 808
802 810
803 808
804 805
804 806
805 806
807 808
807 809
807 810
807 811
807 812
807 813
807 818
808 809
808 810
808 811
808 812
808 813
809 810
809 811
809 812
809 813
810 811
810 812
810 813
811 812
811 813
812 813
814 815
814 816
814 817
815 816
815 817
816 817
818 819
818 820
818 821
818 822
819 820
819 821
819 822
820 821
820 822
821 822
823 824
823 825
823 826
824 825
824 826
825 826
827 828
827 829
827 830
828 829
828 830
829 830
831 832
831 833
831 834
831 835
831 836
832 833
832 834
832 835
832 836
832 837
833 834
833 835
834 835
836 837
836 838
837 838
839 840
839 841
839 842
839 843
839 844
840 841
840 842
840 844
841 842
843 844
843 845
843 846
843 847
843 848
843 849
844 845
844 846
844 847
844 848
844 849
845 846
845 847
846 847
848 849
848 850
848 851
849 850
849 851
850 851
852 853
852 854
852 855
852 856
853 854
853 855
853 856
854 855
854 856
855 856
857 858
857 859
857 860
858 859
858 860
859 860
