0 1
0 2
0 3
0 4
0 5
0 485
0 779
0 840
0 846
0 852
0 857
1 2
1 3
1 4
1 6
1 153
1 810
1 840
1 843
1 849
1 853
1 858
2 3
2 4
2 564
2 857
3 4
3 363
4 6
4 53
4 210
4 715
4 772
4 846
4 866
5 6
5 7
5 8
5 113
6 7
6 8
7 8
9 10
9 11
9 12
9 13
9 97
9 338
9 377
9 384
9 398
9 514
9 699
9 733
9 779
9 821
10 11
10 12
10 13
10 98
10 116
10 339
10 378
10 385
10 399
10 477
10 514
10 515
10 699
10 733
10 780
11 12
11 13
12 13
14 15
14 16
14 17
14 519
14 534
14 738
15 16
15 17
15 25
15 635
15 636
15 734
16 17
18 19
18 20
18 21
18 22
18 23
18 35
18 79
18 338
18 546
18 642
18 643
18 703
18 706
18 718
18 733
18 738
18 779
19 20
19 21
19 22
19 23
19 356
19 628
19 642
19 643
19 680
20 21
20 22
20 23
20 24
20 40
20 703
20 733
20 857
20 862
21 22
21 23
21 41
21 413
21 642
21 680
21 733
22 23
22 687
24 25
24 26
24 27
24 28
24 339
24 356
24 614
24 618
24 628
24 733
25 26
25 27
25 28
25 152
25 153
25 614
25 618
25 636
25 733
25 734
26 27
26 28
27 28
29 30
29 31
29 32
29 33
29 34
29 564
29 565
29 566
30 31
30 32
30 33
30 34
30 563
30 566
30 567
30 700
31 32
31 33
31 34
32 33
32 34
33 34
35 36
35 37
35 38
35 39
35 48
35 58
35 538
35 543
36 37
36 38
36 39
36 48
36 57
37 38
37 39
38 39
40 41
40 42
40 43
40 58
40 356
40 357
40 677
40 840
40 862
41 42
41 677
41 678
41 862
43 44
43 45
43 46
43 47
43 48
43 69
44 45
44 46
44 47
44 70
44 369
45 46
45 47
46 47
48 49
48 50
48 449
48 450
48 451
48 535
48 556
48 628
49 50
51 52
51 53
51 54
51 58
51 60
51 514
52 53
52 55
52 59
52 258
52 259
52 313
52 314
54 55
54 56
54 60
54 76
54 210
54 242
54 356
54 412
54 417
54 628
55 56
55 70
55 78
55 113
55 255
55 376
55 384
55 803
57 58
57 59
57 60
57 61
57 62
57 63
57 64
57 69
57 70
57 76
57 143
57 338
57 356
57 384
57 482
57 546
57 628
57 828
58 59
58 60
58 61
58 62
58 63
58 64
58 69
58 70
58 76
58 181
58 338
58 356
58 481
58 492
58 628
58 642
58 699
59 60
59 61
59 62
59 63
59 64
59 70
59 82
59 116
59 338
59 482
59 719
60 61
60 62
60 63
60 64
60 65
60 69
60 76
60 338
60 340
60 347
60 369
60 488
60 492
60 493
60 822
61 62
61 63
61 64
61 338
61 357
61 489
61 493
61 497
61 527
61 680
62 63
62 64
62 812
63 64
65 66
65 67
65 68
65 650
66 67
66 68
66 70
67 68
69 70
69 71
69 72
69 73
69 76
69 89
69 244
69 288
69 340
69 356
69 488
69 642
69 684
70 71
70 72
70 73
70 75
70 80
71 72
71 73
72 73
74 75
74 76
74 338
74 339
74 857
74 858
75 76
75 114
75 339
75 858
77 78
78 811
79 80
79 81
79 82
79 83
79 338
79 430
79 562
80 81
80 82
80 84
80 108
80 114
80 153
80 431
81 82
81 159
81 258
81 347
81 564
81 566
83 84
83 85
83 86
83 87
83 88
83 107
83 133
83 137
83 181
83 384
83 436
83 650
83 677
83 679
83 699
83 831
84 85
84 86
84 87
84 88
84 90
84 98
84 133
84 134
84 143
84 166
84 383
84 385
84 436
84 597
84 650
84 677
84 831
85 86
85 87
85 88
86 87
86 88
87 88
88 431
89 90
89 91
89 92
89 118
89 200
89 384
89 386
89 703
89 779
90 91
90 93
90 98
90 118
90 386
90 703
90 779
92 93
92 94
92 95
92 96
92 118
92 163
92 331
92 348
93 94
93 95
93 96
93 98
93 102
93 103
93 108
93 356
93 385
93 547
93 642
93 825
94 95
94 96
95 96
97 98
97 99
97 100
97 101
97 163
97 165
97 232
97 331
97 347
97 348
98 99
98 100
98 101
98 108
99 100
99 101
100 101
102 103
102 104
102 105
102 106
102 150
102 151
102 347
102 761
103 104
103 105
103 106
103 108
103 150
104 105
104 106
104 348
105 106
105 811
107 108
107 109
107 110
107 111
107 112
107 113
107 114
107 115
107 116
107 118
107 134
107 150
107 151
107 153
107 157
107 159
107 165
107 244
107 280
107 295
107 296
107 297
107 331
107 384
107 389
107 430
107 642
107 699
107 812
107 862
108 109
108 110
108 111
108 112
108 113
108 134
108 150
108 151
108 153
108 295
108 384
108 636
109 110
109 111
109 112
109 113
109 133
109 134
109 137
109 157
109 295
109 363
109 866
110 111
110 112
110 159
111 112
111 116
113 114
113 115
113 116
113 117
113 118
113 119
113 295
113 296
113 384
113 386
113 718
114 115
114 116
114 117
114 119
114 143
114 218
114 295
114 341
114 348
114 384
115 116
115 117
115 119
115 120
115 157
115 201
115 295
115 339
116 117
116 119
116 124
116 147
116 233
116 383
116 386
116 391
116 747
117 233
118 119
118 120
118 121
118 122
118 150
118 200
118 201
118 338
118 384
118 705
119 120
119 121
119 122
119 130
119 151
119 201
119 296
119 383
119 719
119 783
119 784
120 121
120 122
121 122
123 124
123 125
123 345
124 125
126 127
126 128
126 129
126 200
127 128
127 129
128 129
130 131
130 132
131 132
133 134
133 135
133 136
133 146
133 147
133 159
133 384
133 720
133 721
133 802
134 135
134 136
134 137
134 146
134 147
134 157
134 159
134 245
134 720
134 721
134 802
135 136
137 138
137 150
137 151
137 152
137 156
137 157
137 159
137 160
137 212
137 281
137 305
139 140
139 141
139 142
139 143
139 144
139 145
139 146
139 147
140 141
140 142
140 143
140 144
140 145
141 142
141 143
141 144
141 145
142 143
142 144
142 145
142 232
142 280
142 494
142 497
142 528
142 785
143 144
143 145
143 528
143 560
144 145
146 147
146 148
146 149
146 290
146 291
146 546
146 591
146 592
146 718
147 148
147 149
147 157
147 232
147 233
147 245
147 384
147 431
148 149
150 151
150 152
150 153
150 154
150 155
150 156
150 157
150 158
150 159
150 160
150 161
150 162
150 201
150 295
150 331
150 384
150 718
150 802
151 152
151 153
151 154
151 155
151 156
151 157
151 158
151 159
151 160
151 161
151 162
151 201
151 384
151 543
151 718
152 153
152 154
152 155
152 156
152 157
152 158
152 159
152 160
152 161
152 162
152 761
153 154
153 155
153 156
153 157
153 158
153 159
153 160
153 161
153 162
153 171
153 172
153 233
153 331
153 805
154 155
154 156
154 157
154 158
154 159
154 160
154 161
154 162
155 156
155 157
155 158
155 159
155 160
155 161
155 162
156 157
156 158
156 159
156 160
156 161
156 162
157 158
157 159
157 160
157 161
157 162
157 718
157 719
158 159
158 160
158 161
158 162
159 160
159 161
159 162
159 295
159 331
159 382
159 417
159 554
159 573
159 718
159 719
160 161
160 162
160 495
160 601
160 731
160 743
160 744
161 162
163 164
163 165
163 166
163 232
163 254
163 258
163 259
163 266
163 284
163 300
163 369
163 384
163 412
163 555
163 556
164 165
164 166
164 218
164 224
164 232
164 233
164 254
164 592
164 718
165 166
165 167
165 168
165 169
165 232
165 258
165 259
165 275
165 412
165 555
165 556
166 167
166 168
166 169
166 232
166 233
166 389
167 168
167 169
168 169
170 649
170 651
170 656
171 172
171 173
171 174
171 175
171 176
171 596
172 173
172 174
172 175
172 176
173 174
173 175
173 176
174 175
174 176
175 176
177 178
177 179
177 180
177 181
177 182
177 338
177 364
177 705
178 179
178 180
178 182
178 364
179 180
179 488
181 182
181 183
181 184
181 187
181 304
181 322
181 335
181 336
181 356
181 571
181 628
181 699
181 730
181 809
181 821
181 828
181 829
182 183
182 184
182 305
182 322
182 323
182 336
182 563
182 628
182 662
182 669
182 734
182 828
182 829
183 184
185 186
185 187
185 188
185 189
185 190
185 191
185 192
186 187
186 188
186 189
186 190
186 191
186 192
186 538
187 188
187 189
187 190
187 191
187 192
188 189
188 190
188 191
188 192
189 190
189 191
189 192
190 191
190 192
191 192
193 194
193 195
193 307
194 195
196 197
196 198
196 199
196 296
196 297
197 198
197 199
197 579
198 199
200 201
200 202
200 203
200 204
200 205
200 232
200 335
200 436
200 450
200 539
200 560
200 578
201 202
201 203
201 204
201 205
201 213
201 233
201 295
201 319
201 543
202 203
202 204
202 205
203 204
203 205
203 275
203 280
203 281
203 436
204 205
205 295
206 207
206 208
206 209
207 208
207 209
207 495
208 209
210 211
210 212
210 213
210 214
210 215
210 216
210 295
211 212
211 213
211 214
211 215
211 216
212 213
212 214
212 215
212 216
212 442
212 494
213 214
213 215
213 216
213 494
213 495
214 215
214 216
215 216
217 218
217 219
217 220
217 221
217 222
217 331
218 219
218 220
218 221
218 222
219 220
219 221
219 222
220 221
220 222
221 222
221 495
223 224
223 840
223 842
224 563
224 842
225 226
225 227
225 228
225 229
225 230
225 231
225 254
225 258
225 396
225 398
225 857
226 227
226 228
226 229
226 230
226 231
226 259
227 228
227 229
227 230
227 231
228 229
228 230
228 231
229 230
229 231
230 231
232 233
232 234
232 235
232 258
232 278
232 279
232 286
232 431
233 234
233 235
233 725
234 235
236 237
236 238
236 239
236 240
236 241
236 242
236 243
237 238
237 239
237 240
237 241
237 242
237 243
238 239
238 240
238 241
238 242
238 243
239 240
239 241
239 242
239 243
240 241
240 242
240 243
241 242
241 243
242 243
242 843
244 245
244 246
244 247
244 248
244 249
244 250
244 251
244 252
244 253
244 273
244 274
244 280
244 281
244 313
244 314
244 382
244 384
244 386
244 567
244 733
245 246
245 247
245 248
245 249
245 250
245 251
245 252
245 253
245 273
245 319
245 383
245 384
245 385
245 386
245 387
246 247
246 248
246 249
246 250
246 251
246 252
246 253
247 248
247 249
247 250
247 251
247 252
247 253
248 249
248 250
248 251
248 252
248 253
249 250
249 251
249 252
249 253
249 312
249 494
249 497
250 251
250 252
250 253
251 252
251 253
252 253
254 255
254 256
254 257
254 259
254 278
254 300
254 356
254 369
254 373
254 377
254 412
254 413
254 555
254 872
255 256
255 257
255 259
255 300
255 374
256 257
258 259
258 260
258 261
258 278
258 382
258 449
258 450
258 555
258 562
258 685
258 703
258 901
259 260
259 261
259 263
259 300
259 378
259 449
259 509
259 555
259 771
260 261
262 263
262 264
262 265
262 266
262 267
263 264
263 265
263 266
263 267
263 281
263 284
263 285
263 624
264 265
264 266
264 267
265 266
265 267
266 267
266 369
266 555
268 269
268 270
268 271
268 272
268 280
268 811
268 812
269 270
269 271
269 272
269 280
269 281
269 442
269 805
269 811
269 863
269 873
270 271
270 272
271 272
273 274
273 275
273 276
273 277
273 278
273 279
273 280
273 296
273 308
273 313
273 672
274 275
274 276
274 277
274 278
274 279
274 280
274 296
274 312
275 276
275 277
275 278
275 279
275 280
275 281
275 338
275 840
276 277
276 278
276 279
276 280
276 281
277 278
277 279
278 279
280 281
280 282
280 283
280 313
280 314
280 489
280 672
280 759
280 764
280 766
280 822
281 282
281 283
281 314
281 547
281 672
281 759
281 764
281 832
282 283
284 285
284 286
284 290
284 291
284 449
285 286
285 360
285 369
286 450
287 288
287 289
288 289
288 291
290 291
290 292
290 293
290 294
290 296
290 356
290 357
290 407
291 292
291 293
291 294
291 295
291 296
291 297
291 356
291 357
291 358
291 360
292 293
292 294
293 294
295 296
295 297
295 298
295 299
295 305
295 322
295 475
295 546
296 297
296 298
296 299
296 543
297 298
297 299
297 322
298 299
300 301
300 302
300 303
300 313
300 314
301 302
301 303
302 303
304 305
304 306
304 307
304 308
304 335
304 336
304 407
304 417
305 306
305 319
305 335
305 822
307 308
307 309
307 310
307 311
307 312
307 383
308 309
308 310
308 311
308 312
308 313
308 314
308 319
308 356
308 357
308 358
308 360
308 384
309 310
309 311
310 311
312 313
312 314
312 315
312 316
312 317
312 318
312 319
312 364
312 465
312 488
312 494
312 551
313 314
313 315
313 316
313 317
313 319
313 408
313 502
313 552
313 672
314 315
314 316
314 317
314 319
314 408
314 502
314 552
314 672
315 316
315 317
316 317
318 319
318 320
318 321
318 396
318 522
319 320
319 321
319 357
319 359
319 459
319 491
319 495
319 519
319 552
320 321
320 492
320 884
322 323
322 324
322 325
322 326
322 327
322 328
322 546
322 804
323 324
323 325
323 326
323 327
323 328
323 348
323 546
323 554
323 803
324 325
324 326
324 327
324 328
324 336
325 326
325 327
325 328
326 327
326 328
327 328
329 330
329 331
329 332
329 333
329 334
330 331
330 332
330 333
330 334
331 332
331 333
331 334
332 333
332 334
333 334
335 336
335 337
335 338
335 448
335 564
335 668
335 669
335 679
335 828
336 337
336 338
336 339
336 448
336 488
336 519
336 662
336 668
336 669
336 828
338 339
338 398
338 447
339 447
339 669
339 706
340 341
340 342
340 343
340 344
340 699
340 774
340 842
340 872
341 342
341 343
341 344
341 345
341 347
341 348
341 842
342 343
342 344
343 344
345 346
345 347
345 348
345 349
345 356
345 357
345 546
345 630
345 669
345 846
345 864
346 347
346 348
346 349
346 364
347 348
347 349
347 356
347 357
347 398
347 522
347 633
347 669
347 699
347 865
348 349
350 351
350 352
350 353
350 354
350 355
350 430
350 648
350 649
350 650
350 651
350 656
351 352
351 353
351 354
351 355
351 648
351 649
351 650
351 651
351 656
352 353
352 354
352 355
352 650
353 354
353 355
354 355
356 357
356 358
356 359
356 360
356 361
356 362
356 363
356 364
356 365
356 366
356 367
356 368
356 447
356 448
356 449
356 450
356 489
356 491
356 546
356 547
356 571
356 572
356 628
356 629
356 679
356 685
356 713
356 733
356 734
356 862
357 358
357 359
357 360
357 361
357 362
357 363
357 364
357 365
357 366
357 367
357 368
357 862
358 359
358 360
358 361
358 362
358 363
358 364
358 365
358 366
358 367
358 368
358 369
358 448
359 360
359 361
359 362
359 363
359 364
359 365
359 366
359 367
359 368
359 575
359 635
359 648
359 649
359 650
359 699
359 862
359 864
360 361
360 362
360 363
360 364
360 365
360 366
360 367
360 368
360 546
361 362
361 363
361 364
361 365
361 366
361 367
361 368
362 363
362 364
362 365
362 366
362 367
362 368
363 364
363 365
363 366
363 367
363 368
363 416
363 450
363 548
363 633
364 365
364 366
364 367
364 368
364 498
365 366
365 367
365 368
365 494
366 367
366 368
367 368
369 370
369 371
369 372
369 408
369 412
370 371
370 372
371 372
373 374
373 396
373 515
375 376
375 407
375 713
377 378
377 379
377 380
377 381
377 396
377 407
377 514
378 379
378 380
378 381
379 380
379 381
380 381
382 383
382 384
382 385
382 386
382 387
382 388
382 389
382 390
382 391
382 392
382 393
382 394
382 395
382 591
382 592
382 784
383 384
383 385
383 386
383 387
383 388
383 389
383 390
383 391
383 392
383 393
383 394
383 395
383 591
383 592
383 784
384 385
384 386
384 387
384 388
384 389
384 390
384 391
384 392
384 393
384 394
384 395
384 591
384 592
384 720
384 779
384 784
385 386
385 387
385 388
385 389
385 390
385 391
385 392
385 393
385 394
385 395
385 592
385 780
385 784
386 387
386 388
386 389
386 390
386 391
386 392
386 393
386 394
386 395
386 591
386 592
386 779
386 784
387 388
387 389
387 390
387 391
387 392
387 393
387 394
387 395
387 450
387 592
387 780
387 784
388 389
388 390
388 391
388 392
388 393
388 394
388 395
389 390
389 391
389 392
389 393
389 394
389 395
390 391
390 392
390 393
390 394
390 395
391 392
391 393
391 394
391 395
392 393
392 394
392 395
393 394
393 395
394 395
396 397
396 398
396 399
396 400
396 401
396 407
396 408
396 514
396 571
396 572
396 713
396 757
397 398
397 399
397 400
397 401
397 407
397 841
398 399
398 400
398 401
398 407
398 423
398 426
398 487
398 514
398 515
398 522
398 532
398 699
398 909
399 400
399 401
399 408
399 436
399 477
399 515
399 522
399 523
399 734
399 909
400 401
402 403
402 404
402 405
402 406
402 407
403 404
403 405
403 406
404 405
404 406
404 533
405 406
407 408
407 409
407 410
407 411
407 417
407 785
408 409
408 410
408 411
408 451
409 410
409 411
409 514
410 411
412 413
412 414
412 415
412 416
412 449
412 450
412 555
413 414
413 415
413 416
413 449
413 451
414 415
414 416
415 416
416 578
417 418
417 419
417 420
417 421
417 422
417 440
417 546
417 554
417 578
417 579
417 699
417 785
417 821
417 857
418 419
418 420
418 421
418 422
418 440
418 447
418 786
418 908
419 420
419 421
419 422
420 421
420 422
421 422
423 424
423 425
423 442
423 443
423 554
423 564
423 648
423 650
423 699
423 703
423 734
423 880
424 425
424 442
424 680
424 734
426 427
426 428
426 429
426 430
427 428
427 429
427 450
428 429
430 431
430 432
430 433
430 434
430 435
430 454
430 488
430 527
430 528
430 586
430 587
431 432
431 433
431 434
431 435
431 680
431 875
432 433
432 434
432 435
433 434
433 435
434 435
436 437
436 438
436 439
436 440
436 441
436 522
436 523
436 750
436 812
437 438
437 439
437 440
437 441
437 522
438 439
438 440
438 441
439 440
439 441
440 441
440 578
440 843
440 844
442 443
442 444
442 445
442 446
442 649
442 672
442 803
443 444
443 445
443 446
443 649
443 680
443 803
444 445
444 446
444 884
445 446
447 448
447 578
447 699
447 700
448 451
448 579
448 699
448 700
449 450
449 451
449 452
449 453
450 451
450 452
450 453
450 555
451 452
451 453
451 477
451 497
451 629
452 453
454 455
454 456
454 457
454 458
454 494
455 456
455 457
455 458
456 457
456 458
457 458
459 460
459 461
459 462
459 463
459 464
459 494
459 738
460 461
460 462
460 463
460 464
460 494
461 462
461 463
461 464
461 495
462 463
462 464
463 464
463 495
465 466
465 467
465 468
466 467
466 468
467 468
469 470
469 471
469 472
469 473
469 474
469 475
469 476
469 477
469 478
469 479
469 480
470 471
470 472
470 473
470 474
470 475
470 476
470 477
470 478
470 479
470 480
471 472
471 473
471 474
471 475
471 476
471 477
471 478
471 479
471 480
472 473
472 474
472 475
472 476
472 477
472 478
472 479
472 480
473 474
473 475
473 476
473 477
473 478
473 479
473 480
474 475
474 476
474 477
474 478
474 479
474 480
475 476
475 477
475 478
475 479
475 480
475 486
475 492
475 495
475 513
475 543
475 614
476 477
476 478
476 479
476 480
477 478
477 479
477 480
477 502
477 509
477 592
477 596
477 642
478 479
478 480
479 480
481 482
481 483
481 484
482 483
482 484
483 484
485 486
485 487
485 635
486 487
486 489
486 491
486 497
486 498
487 494
488 489
488 490
488 491
488 492
488 493
488 494
488 497
488 527
488 571
488 575
488 639
489 490
489 491
489 492
489 493
489 495
489 498
489 502
489 520
490 491
490 492
490 493
491 492
491 493
491 498
491 502
491 520
491 527
491 628
492 493
492 522
492 551
493 493
493 495
493 552
493 815
494 495
494 496
494 499
494 527
494 586
494 642
494 733
494 766
494 774
494 815
494 850
495 496
495 498
495 523
495 638
497 498
497 499
497 500
497 501
497 519
497 527
497 560
497 639
498 499
498 500
498 501
498 520
498 523
499 500
499 501
500 501
502 503
502 504
502 571
502 572
502 822
503 504
503 506
503 509
503 528
503 535
503 571
503 572
503 586
503 592
503 597
503 619
503 638
503 658
504 555
504 603
504 679
505 506
505 507
506 507
508 509
508 510
508 511
508 614
509 510
509 511
509 563
510 511
512 513
513 515
514 515
514 516
514 517
514 518
514 520
514 642
515 516
515 517
515 518
515 520
515 523
515 556
515 560
515 779
516 517
516 518
517 518
519 520
519 521
519 522
519 523
519 524
519 525
519 526
519 527
519 534
519 560
519 668
519 757
519 774
519 785
519 831
520 521
520 522
520 523
520 524
520 525
520 526
520 528
520 534
520 535
520 556
520 560
521 522
521 523
521 524
521 525
521 526
522 523
522 524
522 525
522 526
522 727
522 814
523 524
523 525
523 526
523 727
523 758
523 831
523 909
524 525
524 526
525 526
527 528
527 529
527 530
527 531
527 556
528 529
528 530
528 531
528 535
528 556
528 560
529 530
529 531
530 531
532 533
532 534
532 535
532 546
532 554
532 733
532 738
533 543
533 546
533 547
533 554
533 625
533 824
534 535
534 536
534 537
534 555
534 560
534 705
534 733
534 738
534 872
535 536
535 537
535 556
535 733
535 738
535 872
536 537
538 539
538 540
538 541
538 542
538 543
538 544
538 545
539 540
539 541
539 542
539 543
539 544
539 545
540 541
540 542
540 543
540 544
540 545
541 542
541 543
541 544
541 545
542 543
542 544
542 545
543 544
543 545
543 554
544 545
546 547
546 548
546 549
546 550
546 554
546 578
546 579
546 720
546 733
547 548
547 549
547 550
547 552
547 554
547 578
547 821
547 822
547 832
548 549
548 550
549 550
551 552
551 553
552 553
555 556
555 557
555 558
555 559
556 557
556 558
556 559
556 583
557 558
557 559
558 559
560 561
560 579
562 563
562 564
562 565
562 566
562 567
562 568
562 569
562 596
562 607
562 628
562 658
562 733
563 564
563 565
563 566
563 567
563 568
563 569
563 624
563 633
564 565
564 566
564 567
564 568
564 623
564 624
565 566
565 567
565 568
565 569
565 597
565 623
565 624
566 567
566 568
566 569
566 575
566 623
566 624
567 569
567 608
567 619
567 624
568 569
568 570
569 570
571 572
571 573
571 574
571 586
571 591
571 592
571 596
571 597
571 614
571 615
571 618
571 619
572 573
572 574
572 583
572 586
572 587
572 592
572 596
572 597
572 614
572 615
572 618
572 619
573 574
574 596
575 576
575 577
576 577
578 579
578 580
578 581
578 582
578 785
578 791
579 580
579 581
579 582
579 680
580 581
580 582
581 582
583 584
583 585
584 585
586 587
586 588
586 589
586 590
586 591
586 592
586 593
586 594
586 595
586 596
586 597
586 614
586 615
586 619
586 872
587 587
587 588
587 589
587 590
587 591
587 592
587 593
587 594
587 595
587 597
587 615
587 619
588 589
588 590
588 591
588 592
588 593
588 594
588 595
589 590
589 591
589 592
589 593
589 594
589 595
590 591
590 592
590 593
590 594
590 595
591 592
591 593
591 594
591 595
591 812
592 593
592 594
592 595
592 597
592 615
592 619
593 594
593 595
594 595
596 597
596 598
596 599
596 600
596 601
596 605
596 618
596 658
596 659
597 598
597 599
597 600
597 601
597 615
597 619
598 599
598 600
598 601
599 600
599 601
600 601
602 603
602 604
602 606
602 607
602 608
603 604
603 605
603 606
603 608
603 620
605 606
605 607
605 679
605 761
605 872
606 607
608 609
608 610
609 610
611 612
611 613
612 613
612 889
614 615
614 616
614 617
614 619
614 623
614 635
614 738
615 616
615 617
615 619
616 617
618 619
618 620
618 621
618 622
618 862
619 620
619 621
619 622
620 621
620 622
621 622
623 624
623 625
623 626
623 627
624 625
624 626
624 627
624 843
624 844
625 626
625 627
626 627
628 629
628 630
628 631
628 632
628 633
628 634
628 635
628 636
628 679
629 630
629 631
629 632
629 633
629 634
629 636
630 631
630 632
630 633
630 634
631 632
631 633
631 634
632 633
632 634
633 634
635 636
635 637
635 638
635 691
635 733
635 786
635 809
636 637
636 638
636 686
636 714
636 718
636 719
636 721
636 734
636 786
637 638
639 640
639 641
639 733
640 641
642 643
642 644
642 645
642 646
642 647
642 679
642 680
642 714
642 720
642 733
642 734
643 644
643 645
643 646
643 647
643 680
643 714
644 645
644 646
644 647
645 646
645 647
646 647
648 649
648 650
648 651
648 652
648 653
648 654
648 655
648 656
648 657
648 705
649 650
649 651
649 652
649 653
649 654
649 655
649 656
649 657
649 706
650 651
650 652
650 653
650 654
650 655
650 656
650 657
650 864
651 652
651 653
651 654
651 655
651 656
651 657
652 653
652 654
652 655
652 656
652 657
653 654
653 655
653 656
653 657
654 655
654 656
654 657
655 656
655 657
656 657
658 659
658 660
659 660
660 679
661 662
661 663
661 664
661 665
661 666
661 667
662 663
662 664
662 665
662 666
662 667
663 664
663 665
663 666
663 667
664 665
664 666
664 667
665 666
665 667
666 667
668 669
668 670
668 671
668 774
669 670
669 671
669 700
669 774
670 671
672 673
672 674
672 675
672 676
672 822
673 674
673 675
673 676
674 675
674 676
675 676
677 678
677 733
678 786
679 680
679 681
679 682
679 683
679 684
679 685
679 686
679 687
679 691
679 692
679 694
679 733
679 785
679 862
680 681
680 682
680 683
680 684
680 685
680 686
680 687
680 692
680 694
680 700
680 704
680 733
680 821
680 822
680 841
680 862
681 682
681 683
681 684
682 683
682 684
683 684
684 694
685 686
685 687
685 688
685 689
685 690
685 691
685 692
685 693
685 694
685 695
685 696
685 697
685 698
685 703
685 704
685 785
686 687
686 688
686 689
686 690
686 691
686 692
686 693
686 694
686 695
686 696
686 697
686 698
686 704
687 688
687 689
687 690
687 691
687 692
687 693
687 694
687 695
687 696
687 697
687 698
687 737
688 689
688 690
688 691
688 692
688 693
688 694
688 695
688 696
688 697
688 698
689 690
689 691
689 692
689 693
689 694
689 695
689 696
689 697
689 698
690 691
690 692
690 693
690 694
690 695
690 696
690 697
690 698
691 692
691 693
691 694
691 695
691 696
691 697
691 698
691 733
691 734
691 735
692 693
692 694
692 695
692 696
692 697
692 698
692 700
692 703
693 694
693 695
693 696
693 697
693 698
694 695
694 696
694 697
694 698
694 704
695 696
695 697
695 698
696 697
696 698
697 698
699 700
699 701
699 702
699 703
699 704
699 785
699 812
700 701
700 702
700 704
700 734
700 829
701 702
703 704
703 705
703 706
703 761
704 705
705 706
705 707
705 708
705 726
705 727
706 707
706 708
706 726
706 727
706 749
707 708
709 710
709 711
709 712
709 713
709 714
709 761
710 711
710 712
710 714
710 721
711 712
713 714
713 715
713 716
713 717
713 718
713 719
713 720
713 721
713 779
713 809
714 715
714 716
714 717
714 720
714 721
715 716
715 717
716 717
718 719
718 720
718 721
718 822
719 720
719 721
720 721
720 722
720 723
720 724
720 725
720 733
720 802
721 722
721 723
721 724
721 725
721 802
721 858
722 723
722 724
722 725
723 724
723 725
724 725
726 727
726 728
726 729
726 804
726 821
726 901
726 902
727 728
727 729
727 803
727 805
727 902
728 729
730 731
730 732
731 732
733 734
733 735
733 736
733 737
733 738
733 739
733 804
733 809
733 810
733 857
733 861
733 865
734 735
734 736
734 737
734 738
734 739
734 744
734 757
734 758
734 810
734 858
734 861
735 736
735 737
736 737
738 739
738 740
738 741
738 742
738 743
738 744
738 750
739 740
739 741
739 742
739 744
739 750
739 751
739 758
739 861
740 741
740 742
741 742
741 872
743 744
743 745
743 746
743 747
743 748
743 750
744 745
744 746
744 747
744 748
744 750
744 764
745 746
745 747
745 748
745 884
746 747
746 748
747 748
750 751
750 752
751 752
751 760
753 754
753 755
753 756
753 757
753 758
754 755
754 756
754 757
754 758
755 756
755 757
755 758
756 757
756 758
757 758
757 840
757 890
758 891
759 760
759 761
759 762
759 763
759 764
759 766
759 779
760 761
760 762
760 763
760 764
760 766
760 918
761 762
761 763
761 764
761 766
761 779
761 780
761 836
761 850
761 857
761 858
761 915
762 763
764 765
764 766
764 767
764 768
764 769
764 770
764 771
764 772
764 857
764 913
764 918
765 766
765 767
765 768
765 769
765 770
766 767
766 768
766 769
766 770
766 918
767 768
767 769
767 770
768 769
768 770
769 770
771 772
771 773
772 773
774 775
774 776
774 777
774 778
774 779
774 780
774 852
774 857
775 776
775 777
775 778
776 777
776 778
777 778
779 780
779 840
779 857
779 872
780 841
780 858
781 782
781 840
783 784
785 786
785 787
785 788
785 789
785 790
785 791
785 802
785 804
785 809
785 810
785 812
785 814
785 816
785 862
785 864
785 872
785 885
786 787
786 788
786 789
786 790
786 792
786 803
786 805
786 810
786 811
786 817
786 841
786 853
786 858
786 862
786 863
786 885
786 891
786 902
787 788
787 789
787 790
788 789
788 790
789 790
790 863
791 792
791 793
791 794
791 795
791 796
791 797
791 804
791 809
791 810
791 811
791 812
791 816
791 862
791 885
792 793
792 794
792 795
792 796
792 797
792 803
792 805
792 810
792 811
792 817
792 862
792 863
792 885
792 891
792 902
793 794
793 795
793 796
793 797
794 795
794 796
794 797
795 796
795 797
796 797
798 799
798 800
798 801
798 803
798 804
799 800
799 801
799 803
800 801
802 803
802 804
802 805
802 806
802 807
802 808
802 809
802 811
802 812
802 816
803 804
803 805
803 806
803 807
803 808
803 809
803 810
803 811
803 814
803 815
803 816
803 817
803 821
803 836
803 841
803 891
804 805
804 806
804 807
804 808
804 809
804 814
804 816
804 857
804 890
805 806
805 807
805 808
805 810
805 815
805 817
805 822
806 807
806 808
807 808
809 810
809 811
809 812
809 813
809 814
809 816
809 821
809 890
809 902
810 811
810 812
810 813
810 814
810 815
810 816
810 817
810 821
810 841
810 858
810 902
811 812
811 813
811 814
811 816
811 817
812 813
812 814
812 857
812 862
812 864
812 872
814 815
814 816
814 884
814 902
815 858
815 863
816 817
816 818
816 819
816 820
816 821
816 824
816 836
816 840
816 842
816 857
816 862
816 890
816 901
816 902
817 818
817 819
817 820
817 822
817 825
817 836
817 837
817 840
817 841
817 858
817 863
817 873
818 819
818 820
819 820
821 822
821 823
821 824
821 825
821 902
822 823
822 829
822 841
822 858
822 863
822 873
824 825
824 826
824 827
825 826
825 827
825 841
825 858
826 827
828 829
828 830
829 830
831 832
831 833
832 833
834 835
834 846
835 844
836 837
836 838
836 839
836 840
836 857
836 872
836 890
836 901
836 902
837 838
837 839
837 840
837 841
837 858
837 902
838 839
840 841
840 842
840 857
840 858
840 890
840 901
840 902
840 913
841 842
841 863
841 873
841 891
842 843
842 844
842 845
842 846
842 847
842 852
842 890
842 901
842 902
843 844
843 845
843 846
843 847
843 863
843 869
843 872
843 891
843 902
844 845
844 846
844 847
844 869
845 846
845 847
846 847
846 853
846 867
846 889
846 891
846 902
848 849
848 850
848 851
849 850
849 851
850 851
852 853
852 854
852 855
852 856
852 857
852 858
853 854
853 855
853 856
854 855
854 856
855 856
855 872
857 858
857 859
857 860
857 861
857 872
857 890
857 901
857 902
858 859
858 860
858 861
858 863
858 872
858 873
858 891
858 902
858 909
859 860
859 861
860 861
862 863
862 864
862 865
862 866
862 867
862 890
862 901
862 902
863 864
863 865
863 866
863 867
863 873
863 885
863 886
863 891
864 865
864 866
864 867
865 866
865 867
866 867
867 885
868 869
868 870
868 871
869 870
869 871
869 873
870 871
870 872
872 873
872 874
872 876
873 874
873 876
873 885
873 891
873 902
875 876
875 877
875 878
875 879
875 885
875 886
875 890
876 877
876 878
876 879
876 885
876 886
876 889
876 891
877 878
877 879
878 879
880 881
880 882
880 883
880 886
880 889
880 890
881 882
881 883
881 889
881 891
882 883
884 885
884 886
884 887
884 888
884 889
884 890
884 891
884 901
884 902
885 886
885 887
885 888
885 889
885 890
885 891
885 898
886 887
886 888
886 889
886 890
886 891
886 901
886 913
887 888
887 889
888 889
889 890
889 891
889 913
890 891
890 892
890 893
890 894
890 901
890 902
890 913
891 892
891 893
891 894
891 902
891 914
892 893
892 894
893 894
895 896
895 897
895 898
895 899
895 900
896 897
896 898
896 899
896 900
897 898
897 899
897 900
898 899
898 900
899 900
901 902
901 903
901 904
901 905
901 906
901 907
901 908
902 903
902 904
902 905
902 906
902 907
903 904
903 905
903 906
903 907
904 905
904 906
904 907
905 906
905 907
906 907
908 909
908 910
908 911
908 912
909 910
909 911
909 912
910 911
910 912
911 912
913 914
913 915
913 916
913 917
914 915
914 916
914 917
915 916
915 917
916 917
