0 1
0 2
0 3
0 4
0 7
0 82
0 83
0 84
0 87
0 88
0 271
1 2
1 665
3 4
3 5
3 6
3 70
3 82
3 87
3 113
3 686
3 723
4 5
4 6
4 7
4 69
4 70
4 105
4 110
4 599
4 617
4 719
4 724
5 6
7 70
7 82
7 719
7 728
8 9
8 10
8 11
8 113
8 133
8 141
8 159
8 440
8 564
8 638
8 639
8 714
9 10
9 11
9 709
9 714
10 11
12 13
12 14
12 15
12 16
12 42
12 43
12 83
12 87
12 105
13 14
13 15
13 16
14 15
14 16
14 42
14 84
15 16
17 18
17 19
17 20
18 19
18 20
19 20
19 87
19 88
21 22
21 23
21 24
21 25
21 58
21 413
22 23
22 24
22 25
23 24
23 25
24 25
26 27
26 28
26 29
26 448
27 28
27 29
28 29
30 31
30 32
30 33
30 91
30 112
30 113
30 476
30 505
30 511
30 639
31 32
31 33
31 35
31 80
31 90
31 91
31 93
31 95
31 182
31 218
31 525
31 590
32 33
34 35
34 36
34 37
35 36
35 37
35 133
36 37
36 578
36 580
36 603
38 39
38 40
38 41
38 404
39 40
39 41
39 55
39 77
40 41
42 43
42 50
42 72
42 73
42 76
42 77
42 78
42 102
43 72
43 76
43 77
43 272
43 694
44 45
44 46
44 47
44 48
45 46
45 47
45 48
46 47
46 48
46 50
46 76
47 48
47 78
49 50
49 51
49 52
49 78
49 685
49 686
50 51
50 52
50 73
50 76
50 77
50 236
50 320
50 665
50 685
51 52
53 63
53 117
53 228
53 229
53 231
53 235
53 236
53 332
53 577
53 578
54 55
54 56
54 57
54 58
54 76
54 455
54 551
54 580
55 56
55 57
55 58
55 59
55 552
55 764
56 57
58 59
58 60
58 61
58 448
58 501
58 534
58 551
58 580
59 60
59 61
59 448
59 534
60 61
60 578
61 479
62 63
62 64
62 65
62 66
62 67
62 68
62 685
62 686
63 64
63 65
63 66
63 67
63 68
63 77
63 686
64 65
64 66
64 67
64 68
65 66
65 67
65 68
66 67
66 68
67 68
69 70
69 71
69 72
69 73
69 506
70 71
70 105
70 295
70 377
71 106
71 108
72 73
72 74
72 75
72 76
72 78
72 82
72 90
72 91
72 157
72 465
72 492
72 511
72 598
72 685
72 686
73 74
73 75
73 76
73 82
73 90
73 222
73 395
73 558
74 75
75 452
76 77
76 78
76 79
76 137
76 211
76 584
76 685
76 686
77 78
77 79
77 88
78 79
78 242
78 250
78 253
78 265
78 326
78 330
78 334
78 339
78 345
78 355
78 371
78 382
80 81
82 83
82 84
82 85
82 86
82 87
82 88
82 89
82 91
82 105
82 110
82 123
82 216
82 261
82 465
83 84
83 85
83 86
83 87
83 88
83 89
83 91
83 105
83 112
83 128
83 455
83 580
83 685
84 85
84 86
84 87
84 88
84 89
84 91
84 106
84 108
84 686
84 690
85 86
85 87
85 88
85 89
86 87
86 88
86 89
87 88
87 89
87 113
87 291
87 295
87 377
87 434
87 678
88 89
88 91
88 115
88 677
88 679
90 91
90 92
90 93
90 94
90 95
90 96
90 98
90 123
90 171
90 377
90 603
90 640
90 685
90 697
90 715
91 92
91 93
91 94
91 95
91 96
91 400
91 572
91 640
91 686
91 697
91 715
91 716
91 766
92 93
92 94
92 95
92 96
92 603
93 94
93 95
93 96
93 171
93 404
93 405
93 677
93 716
93 720
93 728
93 760
94 95
94 96
95 96
95 479
95 679
97 98
97 99
97 100
98 99
98 100
99 100
101 102
101 103
101 104
101 105
101 108
101 110
101 122
101 125
101 371
101 424
102 103
102 104
102 105
102 106
102 108
102 117
102 122
102 125
102 424
103 104
105 106
105 107
105 108
105 109
105 216
105 371
105 385
105 492
105 718
105 733
106 107
106 108
106 109
106 125
106 129
107 108
107 109
108 109
108 110
108 665
110 111
110 112
110 113
110 114
110 115
111 112
111 113
111 114
111 115
112 113
112 114
112 115
113 114
113 115
114 115
116 117
116 118
116 119
116 120
116 121
116 122
116 123
116 125
116 128
116 129
116 685
116 686
117 118
117 119
117 120
117 121
117 122
117 414
117 421
118 119
118 120
118 121
118 122
119 120
119 121
119 122
120 121
120 122
121 122
122 413
123 124
123 125
123 126
123 127
123 128
123 129
123 130
123 131
123 132
123 392
123 400
123 424
123 448
123 465
123 501
123 504
123 511
123 619
123 664
123 675
123 718
124 125
124 126
124 127
124 128
124 129
124 130
124 131
124 132
124 133
125 126
125 127
125 128
125 129
125 130
125 131
125 132
125 137
125 198
125 424
125 425
125 440
125 441
125 551
125 617
125 733
125 734
125 747
126 127
126 128
126 129
126 130
126 131
126 132
127 128
127 129
127 130
127 131
127 132
128 129
128 130
128 131
128 132
128 137
128 223
128 424
128 440
128 551
128 733
129 130
129 131
129 132
129 134
129 137
129 138
129 198
129 424
129 440
129 551
129 617
129 733
129 747
130 131
130 132
131 132
133 134
133 135
133 136
133 137
133 143
133 146
133 147
133 257
133 394
133 492
133 532
133 566
133 652
134 135
134 136
134 138
134 143
134 146
134 147
134 198
134 258
134 260
134 261
134 519
134 558
134 617
134 660
134 747
135 136
137 138
137 139
137 140
137 455
137 465
137 482
138 139
138 140
138 468
138 483
138 535
139 140
141 142
143 144
143 145
143 146
143 147
143 213
143 214
143 263
143 593
143 649
143 650
144 145
144 650
145 528
146 147
146 148
146 149
146 202
146 213
146 474
146 616
146 617
146 619
146 656
146 660
147 148
147 149
147 213
147 571
147 616
147 656
147 660
148 149
150 151
150 152
150 153
150 154
150 155
150 156
150 163
150 183
150 188
150 189
150 193
150 194
150 571
151 152
151 153
151 164
151 183
151 189
152 153
152 629
154 155
154 156
154 157
154 163
154 176
154 177
154 182
154 183
154 188
154 189
154 193
154 194
154 664
155 156
155 157
155 163
155 164
155 176
155 182
155 183
155 188
155 664
155 772
156 157
156 163
156 176
156 182
156 188
156 197
156 664
156 772
157 158
157 159
157 160
157 161
157 162
157 183
157 188
157 193
157 194
157 571
157 665
157 685
158 159
158 160
158 161
158 162
158 183
158 571
158 686
159 160
159 161
159 162
159 395
159 610
160 161
160 162
160 395
160 610
161 162
163 164
163 165
163 166
163 167
163 176
163 177
163 182
163 183
163 188
163 189
163 193
163 194
163 197
163 598
163 599
163 701
163 772
164 165
164 166
164 167
164 176
164 182
164 183
164 198
164 214
164 229
164 598
164 701
165 166
165 598
167 168
167 169
167 170
167 426
167 599
168 169
168 170
168 189
169 170
171 172
171 173
171 174
171 175
171 176
171 177
171 182
171 183
171 188
171 189
171 193
171 194
171 198
171 400
171 405
172 173
172 174
172 175
172 183
172 400
172 405
173 174
173 175
173 405
174 175
174 405
176 177
176 178
176 179
176 180
176 181
176 182
176 183
176 188
176 189
176 193
176 194
176 198
176 608
176 624
176 637
176 638
177 178
177 179
177 180
177 181
177 182
177 188
177 193
177 772
178 179
178 180
178 181
179 180
179 181
180 181
182 183
182 184
182 185
182 186
182 187
182 188
182 189
182 193
182 194
182 198
182 394
182 772
183 184
183 185
183 186
183 187
183 188
183 189
183 193
183 405
183 772
183 773
184 185
184 186
184 187
185 186
185 187
186 187
188 189
188 190
188 191
188 192
188 193
188 194
188 197
188 198
188 394
188 525
188 528
188 529
188 772
189 190
189 191
189 192
189 193
189 194
189 524
189 529
189 772
190 191
190 192
191 192
193 194
193 195
193 196
193 197
193 198
193 394
193 529
193 665
193 772
194 195
194 196
194 525
194 528
194 529
194 724
194 772
195 196
197 198
197 199
197 200
197 201
197 426
197 436
197 437
197 440
197 444
197 544
197 616
197 718
198 199
198 200
198 201
198 202
198 426
198 436
198 440
198 441
198 444
199 200
199 201
200 201
202 203
202 204
202 205
202 206
202 571
202 573
202 598
203 204
203 205
203 206
203 572
204 205
204 206
205 206
207 208
207 209
207 210
207 211
207 212
207 338
207 342
207 343
208 209
208 210
208 211
208 212
208 342
209 210
209 211
209 212
210 211
210 212
211 212
211 249
211 465
212 229
212 342
213 214
213 215
213 216
213 228
213 231
213 235
213 243
213 257
213 260
213 263
213 301
213 326
213 551
213 774
214 215
214 216
214 228
214 229
214 231
214 235
214 262
214 272
214 276
214 286
214 301
214 307
214 774
216 217
216 218
216 219
216 220
216 221
216 222
216 223
216 224
216 225
216 226
216 227
216 263
216 291
217 218
217 219
217 220
217 221
217 222
217 223
217 224
217 225
217 226
217 227
217 264
217 292
217 301
218 219
218 220
218 221
218 222
218 223
218 224
218 225
218 226
218 227
218 291
219 220
219 221
219 222
219 223
219 224
219 225
219 226
219 227
220 221
220 222
220 223
220 224
220 225
220 226
220 227
221 222
221 223
221 224
221 225
221 226
221 227
222 223
222 224
222 225
222 226
222 227
222 332
223 224
223 225
223 226
223 227
223 291
223 377
224 225
224 226
224 227
224 295
225 226
225 227
226 227
228 229
228 230
228 231
228 235
228 236
228 240
228 241
228 243
228 244
228 332
228 335
228 345
228 524
229 230
229 231
229 235
229 236
229 240
229 253
229 327
229 332
229 456
231 232
231 233
231 234
231 236
231 240
231 241
231 243
231 244
231 332
231 335
231 371
232 233
232 234
232 250
233 234
235 236
235 237
235 238
235 239
235 240
235 241
235 243
235 244
235 248
235 332
236 237
236 238
236 239
236 240
236 249
236 313
236 326
236 327
236 338
236 346
236 355
236 356
236 367
236 410
237 238
237 239
238 239
240 241
240 242
240 243
240 244
240 327
240 332
240 335
240 372
241 242
241 243
241 252
241 269
241 326
241 332
241 337
241 413
243 244
243 245
243 246
243 247
243 248
243 252
243 326
243 332
243 337
244 245
244 246
244 247
244 252
244 326
244 337
245 246
245 247
246 247
248 249
248 250
248 251
248 252
248 314
248 320
248 325
248 345
248 440
249 250
249 251
249 252
249 253
249 282
249 320
249 338
249 342
249 345
249 346
250 251
250 252
250 253
250 282
250 313
250 318
250 320
250 338
250 343
250 346
250 352
250 377
250 437
251 342
251 479
252 253
252 254
252 255
252 256
252 338
252 342
252 343
253 254
253 255
253 256
253 342
254 255
254 256
255 256
255 342
257 258
257 259
257 260
257 261
257 262
257 285
257 289
257 303
257 326
257 748
258 259
258 260
258 261
258 262
258 286
258 290
258 304
258 788
259 260
259 261
259 262
260 261
260 262
260 263
260 282
260 289
260 304
260 308
260 320
260 401
260 788
261 262
261 289
261 300
261 593
263 264
263 265
263 266
263 267
263 268
263 269
264 265
264 266
264 267
264 268
264 269
264 272
264 301
265 266
265 267
265 268
265 295
266 267
266 268
267 268
269 270
269 271
270 271
271 719
272 273
272 274
272 276
272 281
272 282
273 274
273 282
275 276
275 277
275 278
275 279
275 280
275 281
276 277
276 278
276 279
276 280
276 281
276 292
276 301
276 535
276 599
277 278
277 279
277 280
277 281
277 282
277 284
277 304
277 786
277 789
278 279
278 280
278 282
279 280
281 282
281 286
281 395
282 283
282 286
282 289
282 308
282 774
283 284
283 285
283 286
283 287
283 288
284 285
284 286
284 287
284 288
285 286
285 287
285 288
286 287
286 288
286 292
287 288
289 290
289 301
289 356
289 528
290 292
290 301
291 292
291 293
291 294
291 295
291 301
291 355
291 598
292 293
292 294
292 295
292 301
292 307
292 360
293 294
295 296
295 297
295 298
295 299
295 300
295 774
296 297
296 298
296 299
296 300
297 298
297 299
297 300
298 299
298 300
299 300
301 302
301 303
301 304
301 675
303 304
303 305
303 306
303 307
303 308
303 309
304 305
304 306
304 307
304 308
304 309
305 306
305 307
305 308
305 309
306 307
306 308
306 309
306 356
307 308
307 309
308 309
310 311
310 312
310 313
310 314
310 315
310 327
310 355
310 359
310 367
310 371
310 372
310 378
311 312
311 313
311 314
311 325
311 363
311 372
311 382
311 383
312 313
312 377
313 314
313 321
313 327
313 338
313 346
313 356
313 372
313 378
314 315
314 316
314 317
314 318
314 319
314 371
314 377
314 378
315 316
315 317
315 318
315 319
316 317
316 318
316 319
316 356
316 372
317 318
317 319
318 319
318 356
320 321
320 322
320 323
320 324
320 338
320 371
320 372
321 322
321 323
321 324
321 335
321 342
322 323
322 324
323 324
325 326
325 327
325 328
325 329
325 330
325 331
326 327
326 328
326 329
326 330
326 331
326 338
326 371
326 394
326 471
326 511
326 578
326 603
326 604
327 328
327 329
327 330
327 331
327 356
327 372
327 573
328 329
328 330
328 331
329 330
329 331
330 331
332 333
332 334
332 335
332 336
332 675
333 334
333 335
333 336
334 335
334 336
335 336
335 342
335 364
337 338
337 339
337 340
337 341
337 342
337 343
337 344
337 686
338 339
338 340
338 341
338 342
338 343
338 344
338 345
338 372
339 340
339 341
339 342
339 343
339 344
340 341
340 342
340 343
340 344
341 342
341 343
341 344
342 343
342 344
342 345
342 346
342 372
343 344
343 345
343 352
343 354
343 686
345 346
345 347
345 348
345 349
345 350
345 351
345 352
345 353
345 354
345 355
345 400
345 685
345 686
346 347
346 348
346 349
346 350
346 351
346 352
346 353
346 354
347 348
347 349
347 350
347 351
347 352
347 353
347 354
348 349
348 350
348 351
348 352
348 353
348 354
349 350
349 351
349 352
349 353
349 354
350 351
350 352
350 353
350 354
351 352
351 353
351 354
352 353
352 354
353 354
355 356
355 357
355 358
355 367
355 371
355 377
355 394
355 436
355 570
356 357
356 358
356 372
356 378
356 785
357 358
359 360
359 361
359 616
360 361
362 363
362 364
362 365
362 366
363 364
363 365
363 366
364 365
364 366
365 366
367 368
367 369
367 370
367 477
368 369
368 370
369 370
371 372
371 373
371 374
371 375
371 376
371 377
371 436
371 440
371 533
371 570
371 664
371 665
371 685
371 733
372 373
372 374
372 375
372 376
372 378
372 401
373 374
373 375
373 376
374 375
374 376
375 376
377 378
377 379
377 380
377 381
377 394
377 619
377 638
378 379
378 380
378 381
378 386
378 393
378 395
378 401
378 414
378 421
379 380
379 381
380 381
382 383
383 384
383 386
383 392
383 483
383 593
385 386
385 387
385 388
385 389
386 387
386 388
386 389
386 395
386 400
386 414
386 421
386 427
386 437
386 449
386 630
387 388
387 389
388 389
390 391
390 392
390 393
391 392
391 393
392 393
392 413
392 414
392 421
392 436
394 395
394 396
394 397
394 398
394 399
394 401
394 440
394 608
394 610
394 611
394 733
394 758
395 396
395 397
395 398
395 399
395 400
395 401
395 405
395 441
395 608
395 610
395 611
395 675
396 397
396 398
396 399
397 398
397 399
398 399
400 401
400 402
400 403
400 404
400 405
400 406
400 407
400 408
400 413
400 426
400 427
400 440
400 441
400 562
400 640
400 641
400 715
400 718
400 733
400 754
400 765
401 402
401 403
401 404
401 405
401 406
401 407
401 408
401 409
401 427
401 432
401 630
401 640
401 641
401 642
401 716
401 733
401 755
401 765
401 766
402 403
402 404
402 405
402 406
402 407
403 404
403 405
403 406
403 407
404 405
404 406
404 407
404 408
404 409
404 426
404 539
404 640
404 701
404 702
405 406
405 407
405 409
405 427
405 593
405 640
405 641
405 642
405 644
405 716
405 720
405 733
405 755
405 765
406 407
408 409
408 410
408 411
408 412
408 413
409 410
409 411
409 412
409 413
409 414
410 411
410 412
410 421
411 412
413 414
413 415
413 416
413 417
413 418
413 419
413 424
413 426
413 431
413 440
414 415
414 416
414 417
414 418
414 419
414 421
414 424
414 425
414 437
414 441
414 489
414 563
415 416
415 417
415 418
415 421
416 417
416 418
417 418
420 421
420 422
420 423
420 424
420 425
420 572
421 422
421 423
421 424
421 425
421 437
421 441
421 489
422 423
422 424
422 425
423 424
423 425
423 620
424 425
426 427
426 428
426 429
426 430
426 431
426 436
426 437
426 440
426 447
426 507
426 660
427 428
427 429
427 430
427 431
427 436
427 437
427 440
427 441
428 429
428 430
429 430
431 432
431 433
431 434
431 435
432 433
432 434
432 435
433 434
433 435
434 435
434 436
436 437
436 438
436 439
436 440
436 444
436 494
436 540
436 541
436 558
437 438
437 439
437 440
437 444
437 493
437 494
437 558
437 585
438 439
440 441
440 442
440 443
440 603
440 619
441 442
441 443
441 449
442 443
444 445
444 446
444 447
445 446
445 447
446 447
448 449
448 450
448 451
448 467
448 492
448 501
448 511
448 512
448 534
448 639
449 450
449 451
449 463
449 464
449 476
449 477
449 479
449 511
449 552
450 451
452 453
452 454
452 455
452 456
452 457
452 458
452 459
452 460
452 461
452 465
452 467
452 468
452 478
452 482
452 550
453 454
453 455
453 456
453 457
453 458
453 459
453 460
453 462
453 464
453 465
453 466
453 467
453 468
453 476
453 477
454 455
454 456
454 457
454 458
454 459
454 460
455 456
455 457
455 458
455 459
455 460
455 461
455 465
455 467
455 476
455 482
455 542
455 550
456 457
456 458
456 459
456 460
456 461
456 465
456 466
456 468
456 472
456 477
456 479
456 482
456 483
456 541
456 543
457 458
457 459
457 460
458 459
458 460
459 460
459 476
459 477
460 467
460 476
461 462
461 465
461 534
461 540
461 541
461 603
462 541
463 464
463 476
465 466
465 467
465 468
465 469
465 470
465 471
465 472
465 473
465 474
465 475
465 482
465 483
465 505
465 506
465 534
465 540
465 603
465 622
465 675
465 677
466 467
466 468
466 469
466 470
466 471
466 472
466 473
466 474
466 475
466 477
466 483
466 502
466 512
466 530
466 540
466 543
467 468
467 469
467 470
467 471
467 472
467 473
467 474
467 475
467 476
467 477
467 482
467 483
467 534
467 542
467 580
467 603
467 604
467 639
468 469
468 470
468 471
468 472
468 473
468 474
468 475
468 477
468 482
468 483
468 534
468 535
468 665
469 470
469 471
469 472
469 473
469 474
469 475
470 471
470 472
470 473
470 474
470 475
471 472
471 473
471 474
471 475
471 482
471 483
471 484
471 491
471 542
471 544
472 473
472 474
472 475
472 479
472 482
472 483
472 484
472 502
472 543
473 474
473 475
474 475
474 629
476 477
476 478
476 479
476 480
476 481
476 482
476 492
476 546
476 619
476 626
476 723
477 478
477 479
477 480
477 481
477 483
477 487
477 493
478 479
478 480
478 481
479 480
479 481
479 489
479 560
480 481
482 483
482 484
482 485
482 512
482 530
482 540
482 542
482 543
482 598
482 599
482 603
482 637
482 640
482 675
482 677
482 752
483 484
483 485
483 502
483 530
483 540
483 543
483 598
483 599
484 485
485 493
485 541
486 487
488 489
488 490
488 491
488 534
488 535
488 540
489 490
489 491
489 534
489 535
489 540
489 541
489 543
490 491
490 580
492 493
492 494
492 495
492 496
492 534
492 546
492 610
492 611
492 675
492 715
493 494
493 495
493 496
493 534
493 535
493 540
493 552
493 611
493 665
493 781
493 782
494 495
494 496
495 496
495 603
496 603
497 498
497 499
497 500
497 524
497 616
498 499
498 500
498 525
498 529
498 581
498 641
498 665
499 500
501 502
501 503
501 504
501 571
502 503
502 504
502 525
502 529
502 535
503 504
504 580
504 581
505 506
505 507
505 508
505 509
505 510
505 511
505 512
505 513
505 584
505 586
505 589
505 598
505 622
505 648
505 684
506 507
506 508
506 509
506 510
506 511
506 512
506 552
506 684
507 508
507 509
507 510
508 509
508 510
509 510
511 512
511 531
511 577
511 580
511 581
511 598
511 599
512 525
512 529
512 581
512 593
512 594
512 596
512 599
512 604
513 514
513 515
513 516
513 517
513 518
513 524
513 525
513 528
513 529
513 640
513 641
514 515
514 516
514 517
514 518
514 525
514 528
514 529
514 641
515 516
515 517
515 518
515 525
515 665
516 517
516 518
517 518
519 520
519 521
519 522
519 523
519 524
519 525
519 528
519 529
520 521
520 522
520 523
520 524
520 525
520 528
520 529
520 535
521 522
521 523
522 523
522 525
524 525
524 526
524 527
524 528
524 529
525 526
525 527
525 528
525 529
525 665
526 527
526 528
526 529
527 528
527 529
528 529
529 552
529 665
530 531
530 532
530 533
530 534
530 535
530 540
530 541
531 532
531 533
531 535
531 541
532 533
532 541
534 535
534 536
534 537
534 538
534 539
534 540
534 541
534 604
535 536
535 537
535 538
535 539
535 540
535 541
535 604
535 637
535 779
536 537
536 538
536 539
536 540
536 541
537 538
537 539
537 540
537 541
538 539
538 540
538 541
539 540
539 541
540 541
540 562
540 779
541 548
541 779
542 543
542 544
542 545
542 640
542 675
542 677
543 544
543 545
543 702
544 545
544 616
546 547
546 548
546 549
546 550
547 548
547 549
547 550
548 549
548 550
549 550
551 552
551 553
551 554
551 555
551 556
552 553
552 554
552 555
552 556
553 554
553 555
553 556
554 555
554 556
555 556
557 558
557 559
557 560
557 561
557 562
557 563
558 559
558 560
558 561
558 562
558 563
559 560
559 561
559 562
559 563
560 561
560 562
560 563
560 665
561 562
561 563
562 563
562 580
564 565
564 566
564 567
564 593
564 594
564 596
565 566
565 567
565 665
567 568
567 569
567 572
567 594
567 596
567 650
567 652
567 653
568 569
570 572
570 573
570 613
571 572
571 573
571 574
571 575
571 576
571 664
571 723
571 724
572 573
572 574
572 575
572 576
572 577
572 578
572 599
572 620
572 630
572 634
572 641
572 697
572 724
573 574
573 575
573 576
573 599
573 601
573 620
573 697
573 723
573 724
574 575
574 576
575 576
575 578
577 578
577 579
577 604
577 778
577 780
578 579
578 780
580 581
580 582
580 583
580 584
580 585
580 586
580 598
580 633
580 638
580 639
581 582
581 583
581 584
581 585
581 586
581 587
582 583
582 584
582 585
583 584
583 585
584 585
586 587
586 588
587 588
589 590
589 591
589 592
590 591
590 592
591 592
593 594
593 595
593 596
593 597
593 629
593 630
593 640
593 641
593 649
593 650
593 652
593 653
594 595
594 596
594 597
594 630
594 641
594 652
594 674
595 596
595 597
595 613
596 597
596 630
596 634
596 641
596 652
596 653
596 665
598 599
598 600
598 601
598 602
598 604
598 616
598 617
598 622
598 649
598 650
598 652
598 701
598 724
598 772
599 600
599 601
599 602
599 604
599 616
599 617
599 620
599 623
599 630
599 701
599 724
600 601
600 602
601 602
603 604
603 605
603 606
603 607
603 611
603 648
604 605
604 606
604 607
604 609
604 611
605 606
605 607
606 607
608 609
608 611
609 611
610 611
610 612
610 668
610 672
610 678
610 679
610 740
611 612
611 617
611 675
613 614
613 615
613 619
613 622
613 623
613 629
613 630
613 633
613 637
614 615
614 617
614 620
614 622
614 623
614 624
614 630
614 634
614 637
614 639
614 723
614 724
616 617
616 618
616 622
616 656
616 660
617 618
617 623
617 656
617 657
617 660
617 661
617 760
619 620
619 621
619 624
619 637
619 723
619 724
620 621
620 623
620 630
620 637
620 723
622 623
622 624
622 625
622 626
622 627
622 628
622 629
622 630
623 624
623 625
623 626
623 627
623 628
624 625
624 626
624 627
624 628
624 723
624 724
625 626
625 627
625 628
626 627
626 628
627 628
629 630
629 631
629 632
629 637
629 640
630 631
630 632
630 637
630 640
630 641
630 665
631 632
633 634
633 635
633 636
633 637
633 638
633 639
634 635
634 636
634 637
634 638
634 639
634 665
635 636
635 637
635 638
635 639
636 637
636 638
636 639
637 638
637 639
638 639
640 641
640 642
640 643
640 644
640 715
641 642
641 643
641 644
641 718
641 719
641 721
642 643
642 644
643 644
644 665
645 646
645 647
645 648
645 719
645 720
646 647
646 648
646 718
647 648
649 650
649 651
649 652
649 653
649 654
649 655
649 656
649 664
650 651
650 652
650 653
650 654
650 655
650 657
650 665
651 652
651 653
651 654
651 655
652 653
652 654
652 655
653 654
653 655
654 655
655 665
656 657
656 658
656 659
656 665
657 658
657 659
657 665
658 659
660 661
660 662
660 663
661 662
661 663
662 663
664 665
664 666
664 667
665 666
665 667
665 772
666 667
668 669
668 670
668 671
669 670
669 671
670 671
672 673
672 674
672 675
672 677
672 678
673 674
673 677
673 679
675 676
675 677
675 678
675 679
676 677
676 678
676 679
677 678
677 679
678 679
680 681
680 682
680 683
680 684
680 685
681 682
681 683
681 684
681 686
681 724
682 683
682 684
683 684
685 686
685 687
685 688
686 687
686 688
687 688
689 690
689 691
689 692
689 723
690 691
690 692
691 692
693 694
693 695
693 696
694 695
694 696
695 696
697 698
697 699
697 700
698 699
698 700
699 700
701 702
701 703
701 704
701 705
702 703
702 704
702 705
702 719
703 704
703 705
703 721
704 705
706 707
706 708
706 709
706 710
706 711
706 712
706 713
706 714
706 721
707 708
707 709
707 710
707 711
707 712
707 713
707 714
707 721
708 709
708 710
708 711
708 712
708 713
708 714
709 710
709 711
709 712
709 713
709 714
710 711
710 712
710 713
710 714
711 712
711 713
711 714
712 713
712 714
713 714
715 716
715 717
716 717
716 718
716 719
718 719
718 720
718 721
718 722
719 720
719 721
719 722
720 721
720 722
720 728
721 722
721 723
723 724
723 725
723 726
724 725
724 726
725 726
727 728
727 729
727 730
727 731
727 732
728 729
728 730
728 731
728 732
729 730
729 731
729 732
730 731
730 732
731 732
733 734
733 735
733 736
733 737
733 738
733 739
733 754
733 755
734 735
734 736
734 737
734 738
734 739
735 736
735 737
735 738
735 739
736 737
736 738
736 739
737 738
737 739
737 740
737 741
738 739
740 741
740 742
740 746
740 754
741 742
741 755
742 743
742 744
742 745
742 754
742 755
743 744
743 745
743 755
744 745
746 747
746 748
746 749
746 750
746 751
746 752
746 753
747 748
747 749
747 750
747 751
747 752
747 753
748 749
748 750
748 751
748 752
748 753
749 750
749 751
749 752
749 753
750 751
750 752
750 753
751 752
751 753
752 753
754 755
754 756
755 756
757 758
759 760
759 761
759 762
760 761
760 762
761 762
763 764
765 766
767 768
767 769
767 770
767 771
767 772
767 773
768 769
768 770
768 771
768 772
768 773
769 770
769 771
769 772
769 773
770 771
770 772
770 773
771 772
771 773
772 773
774 775
774 776
775 776
777 778
777 779
777 780
778 779
778 780
779 780
781 782
781 783
781 784
782 783
782 784
783 784
785 786
785 787
785 788
785 789
786 787
786 788
786 789
787 788
787 789
788 789
