0 1
0 2
0 3
0 4
1 2
1 3
1 4
2 3
2 4
3 4
3 5
3 6
3 63
4 6
4 63
4 631
5 6
5 7
5 8
5 9
5 10
5 47
5 63
5 167
5 359
5 624
5 648
6 7
6 8
6 9
6 10
6 63
6 86
6 283
6 625
6 631
6 648
7 8
7 9
7 10
7 100
8 9
8 10
9 10
11 12
11 14
11 641
13 14
13 15
13 16
13 17
13 31
13 63
13 64
13 128
13 488
13 590
13 618
13 624
13 625
14 15
14 32
14 65
14 96
14 457
14 641
16 17
16 18
16 19
16 20
16 25
16 37
16 42
16 43
16 63
16 68
16 81
16 82
16 93
16 144
16 148
16 181
16 234
16 366
16 474
17 18
17 19
17 20
17 25
17 42
17 43
17 53
17 63
17 64
17 81
17 82
17 86
17 145
17 168
17 367
18 19
18 20
19 20
21 22
21 23
21 24
21 25
21 42
21 81
22 23
22 24
22 25
22 96
23 24
23 25
24 25
26 28
26 96
27 28
27 29
27 30
27 68
28 29
28 30
28 31
28 32
28 68
28 69
28 73
28 94
28 376
29 30
31 32
31 33
31 34
31 35
31 42
31 43
31 63
31 68
32 33
32 34
32 35
32 42
32 43
32 63
33 34
33 35
34 35
36 37
38 39
38 40
38 41
38 42
38 43
39 40
39 41
39 43
40 41
42 43
42 44
42 45
42 46
42 47
42 56
42 60
42 68
42 128
42 282
42 326
42 533
42 561
42 575
42 579
42 618
43 44
43 45
43 46
43 47
43 49
43 53
43 57
43 60
43 64
43 65
43 82
43 417
43 576
44 45
44 46
44 47
45 46
45 47
46 47
47 63
48 49
48 50
48 51
48 234
48 436
48 610
49 50
49 51
49 52
49 53
49 235
49 296
49 611
50 51
52 53
52 54
52 55
52 152
52 153
52 320
52 326
52 327
52 336
52 364
52 404
53 54
53 55
53 57
53 64
53 153
53 320
53 321
53 326
53 327
53 337
53 339
53 611
54 55
54 350
56 57
56 58
56 59
56 60
56 61
56 62
56 109
56 318
56 433
56 509
56 575
56 579
57 58
57 59
57 60
57 61
57 62
57 153
57 168
57 213
57 318
57 319
58 59
58 60
58 61
58 62
59 60
59 61
59 62
60 61
60 62
60 68
60 610
61 62
63 64
63 65
63 66
63 67
63 68
63 81
63 82
63 282
63 326
63 332
63 470
64 65
64 66
64 67
64 75
64 81
64 82
64 86
64 619
65 66
65 67
65 86
65 90
65 122
65 315
65 389
65 400
65 468
65 591
66 67
68 69
68 70
68 71
68 72
68 75
68 81
68 138
68 193
68 561
68 600
69 70
69 71
69 72
69 94
69 222
69 227
69 376
69 551
69 601
70 71
70 72
71 72
73 74
73 82
75 76
75 77
75 78
75 79
75 80
76 77
76 78
76 79
76 80
77 78
77 79
77 80
78 79
78 80
79 80
81 82
81 83
81 84
81 114
81 128
81 167
81 179
81 473
81 518
81 553
81 618
82 83
82 84
82 85
82 86
82 115
82 138
82 153
82 179
82 359
83 84
85 86
85 87
85 88
85 93
85 366
86 87
86 88
86 94
86 96
86 117
86 562
87 88
89 90
89 91
89 92
89 93
89 470
90 91
90 92
90 94
90 96
90 558
91 92
93 94
93 95
93 98
93 116
93 117
93 312
93 648
94 95
94 96
94 99
94 376
94 514
96 97
96 98
96 127
96 164
96 374
96 440
98 99
100 101
100 102
100 103
100 104
100 105
100 108
100 114
100 116
100 117
100 123
100 126
100 134
100 282
100 488
100 553
100 554
100 557
100 618
101 102
101 103
101 104
101 105
101 108
101 110
101 114
101 124
101 553
101 554
101 562
101 631
102 103
102 104
102 105
103 104
103 105
104 105
106 107
106 108
107 108
108 117
109 110
109 111
109 112
109 113
109 114
109 115
109 544
110 111
110 112
110 113
110 114
110 115
110 117
110 545
111 112
111 113
111 114
111 115
112 113
112 114
112 115
113 114
113 115
114 115
114 117
114 557
115 562
116 116
116 117
116 118
116 119
116 120
116 121
116 122
116 134
116 291
116 376
116 451
116 553
116 557
116 561
116 568
117 118
117 119
117 120
117 121
117 122
117 194
117 381
117 534
118 119
118 120
118 121
118 122
119 120
119 121
119 122
120 121
120 122
121 122
121 561
122 558
122 562
123 124
123 125
123 138
123 350
124 125
124 411
125 134
125 515
126 127
126 138
126 139
126 268
126 648
126 649
127 591
127 649
128 129
128 130
128 131
128 132
128 133
128 134
128 135
128 136
128 137
128 138
128 143
128 148
128 155
128 167
128 171
128 219
128 260
128 268
128 269
128 270
128 271
128 272
128 336
128 351
128 404
128 470
128 488
128 503
128 610
128 648
128 650
129 130
129 131
129 132
129 133
129 134
129 135
129 136
129 137
129 139
129 182
129 269
129 271
130 131
130 132
130 133
130 134
130 135
130 136
130 137
130 410
131 132
131 133
131 134
131 135
131 136
131 137
131 270
132 133
132 134
132 135
132 136
132 137
132 139
132 155
132 269
132 343
133 134
133 135
133 136
133 137
133 138
133 155
133 226
133 268
133 272
133 342
133 422
133 451
133 650
134 135
134 136
134 137
134 138
134 163
134 167
134 179
134 181
134 185
134 343
134 355
134 568
135 136
135 137
136 137
138 139
138 140
138 141
138 143
138 219
138 278
138 279
138 299
138 522
138 618
138 624
139 140
139 141
139 142
139 269
139 270
139 279
139 283
139 552
139 566
140 141
143 144
143 145
143 146
143 147
143 171
143 172
143 179
143 234
143 247
143 624
144 145
144 146
144 147
144 171
144 179
144 182
144 282
144 618
145 146
145 147
145 172
145 182
145 282
145 523
145 618
146 147
148 149
148 150
148 151
148 179
148 180
148 268
148 515
148 536
149 150
149 151
149 383
149 503
150 151
150 185
150 200
150 537
152 153
152 154
152 291
152 292
153 154
153 200
155 156
155 157
155 158
155 159
156 157
156 158
156 159
156 168
156 182
156 343
157 158
157 159
158 159
158 205
160 161
160 162
160 164
161 162
161 243
161 338
161 505
163 164
163 165
163 166
163 200
163 282
163 324
163 366
163 571
164 165
164 166
164 168
164 172
164 200
164 306
164 307
164 374
164 541
164 571
165 166
166 208
167 168
167 169
167 170
167 171
167 179
167 287
167 291
167 292
167 366
167 430
167 618
167 648
168 169
168 170
168 172
168 287
168 291
168 366
168 367
169 170
169 366
169 610
171 172
171 173
171 174
171 268
171 269
172 173
172 174
172 269
173 174
173 200
174 270
175 176
175 536
175 548
177 178
177 185
177 186
177 189
177 190
177 338
178 186
179 180
179 181
179 182
179 189
179 201
179 219
179 234
179 239
179 503
179 618
180 182
180 201
180 263
180 513
180 514
180 618
181 182
181 183
181 184
181 195
181 221
181 226
181 230
181 234
181 235
181 243
181 262
181 263
181 266
181 618
181 621
182 183
182 184
182 186
182 190
182 227
182 235
182 243
182 262
182 263
182 266
182 269
183 184
185 186
185 187
185 188
185 189
185 190
185 191
185 192
185 193
185 200
185 331
185 581
185 587
186 187
186 188
186 189
186 190
186 191
186 192
186 193
186 205
186 263
186 331
187 188
187 189
187 190
187 191
187 192
188 189
188 190
188 191
188 192
189 190
189 191
189 192
189 193
189 262
189 331
189 426
189 534
189 535
189 575
190 191
190 192
190 193
190 222
190 263
190 269
191 192
193 194
193 195
193 196
193 197
193 198
193 226
193 436
193 534
193 535
194 195
194 196
194 197
194 198
195 196
195 197
195 198
195 456
196 197
196 198
196 646
197 198
199 200
199 226
200 205
200 208
200 219
200 220
200 221
200 222
200 227
200 268
200 510
200 536
200 537
200 541
201 202
201 203
201 220
201 295
201 548
202 203
204 205
204 206
204 207
204 208
204 209
204 295
204 296
204 297
204 306
204 310
204 451
204 488
204 518
205 206
205 207
205 208
205 222
205 244
205 249
205 295
205 296
205 306
205 307
205 474
205 505
205 519
205 540
205 541
206 207
206 208
207 208
208 264
208 296
208 297
208 307
208 521
209 210
209 211
209 212
209 213
209 214
209 215
209 216
209 217
209 218
210 211
210 212
210 213
210 214
210 215
210 216
210 217
210 218
211 212
211 213
211 214
211 215
211 216
211 217
211 218
212 213
212 214
212 215
212 216
212 217
212 218
213 214
213 215
213 216
213 217
213 218
214 215
214 216
214 217
214 218
215 216
215 217
215 218
216 217
216 218
216 221
216 296
216 299
216 300
216 513
217 218
219 220
219 221
219 222
219 223
219 224
219 225
219 230
219 268
219 269
219 270
219 271
219 488
220 221
220 222
220 223
220 224
220 225
220 227
220 230
220 268
220 269
220 271
220 299
220 300
220 517
220 545
221 222
221 223
221 224
221 225
221 226
221 230
221 234
221 243
221 268
221 305
222 223
222 224
222 225
222 227
222 269
222 351
222 365
222 489
222 492
222 506
222 529
223 224
223 225
224 225
226 227
226 228
226 229
226 243
226 250
226 252
226 262
226 278
226 342
227 228
227 229
227 230
227 243
227 244
227 261
227 267
227 278
227 279
227 283
227 618
228 229
230 231
230 295
232 233
232 234
234 235
234 236
234 237
234 238
234 239
234 243
234 244
234 247
234 278
234 282
234 553
234 618
234 621
235 236
235 237
235 238
235 239
235 243
235 244
235 247
235 540
236 237
236 238
237 238
239 240
239 241
239 242
239 243
239 244
239 621
240 241
240 242
240 244
241 242
243 244
243 245
243 246
243 282
243 618
243 621
244 245
244 246
244 540
244 616
244 621
245 246
247 248
247 249
247 297
248 249
248 297
248 365
248 548
249 545
250 251
250 252
250 253
251 252
251 253
252 253
252 270
254 255
254 256
254 257
254 258
254 259
254 260
254 261
255 256
255 257
255 258
255 259
255 260
255 261
256 257
256 258
256 259
256 260
256 261
257 258
257 259
257 260
257 261
258 259
258 260
258 261
259 260
259 261
260 261
262 263
262 264
262 265
262 503
262 504
262 505
262 509
262 510
262 512
263 264
263 265
263 512
264 265
264 297
264 315
266 267
266 299
266 300
268 269
268 270
268 271
268 312
268 409
268 618
269 270
269 271
269 279
270 271
270 282
271 278
271 279
271 282
271 283
272 273
272 274
272 275
272 276
272 277
272 533
273 274
273 275
273 276
273 277
273 343
274 275
274 276
274 277
275 276
275 277
276 277
278 279
278 280
278 281
278 282
278 585
278 618
278 621
279 280
279 281
279 282
279 283
279 618
279 619
279 622
280 281
282 283
282 284
282 285
282 286
282 312
282 326
282 338
282 470
282 557
282 575
282 621
282 648
283 284
283 285
283 286
283 622
283 649
284 285
284 286
285 286
287 288
287 289
287 290
287 291
287 292
287 456
287 457
287 470
287 610
287 645
288 289
288 290
288 292
289 290
291 292
291 293
291 294
291 376
291 436
291 536
291 540
291 571
291 575
292 293
292 294
292 571
292 575
292 576
292 580
293 294
295 296
295 297
295 298
295 306
295 310
295 320
295 436
295 474
295 488
295 503
295 513
295 515
295 518
295 522
296 297
296 298
296 300
296 306
296 321
296 327
296 423
296 474
296 475
296 488
296 489
296 492
296 503
296 504
296 513
296 514
296 518
296 519
296 522
296 523
296 529
297 298
297 306
297 315
297 491
297 518
297 522
299 300
299 301
299 302
299 305
299 474
299 491
299 518
300 301
300 302
300 305
300 506
300 514
300 518
300 519
300 535
301 302
303 304
303 305
303 505
303 509
304 305
306 307
306 308
306 309
306 310
306 311
306 509
306 528
307 308
307 309
307 310
307 311
307 506
308 309
308 310
308 311
309 310
309 311
310 311
310 528
312 313
312 314
312 315
312 316
312 317
312 332
312 336
312 366
312 371
312 373
312 474
312 488
312 513
312 514
312 515
312 518
312 526
312 618
313 314
313 315
313 316
313 317
313 332
313 333
313 367
313 373
313 374
313 513
313 516
313 518
313 526
314 315
314 316
314 317
315 316
315 317
315 323
315 329
315 332
315 335
315 367
315 373
315 374
315 513
315 518
315 526
316 317
318 319
318 610
320 321
320 322
320 323
320 324
320 325
320 326
320 327
320 336
320 451
320 506
320 610
320 611
320 648
321 322
321 323
321 324
321 325
321 327
321 337
321 339
321 611
322 323
322 324
322 325
323 324
323 325
324 325
326 327
326 328
326 329
326 330
326 331
326 332
326 336
326 338
326 342
326 375
326 393
326 397
326 400
326 401
326 402
326 579
326 585
326 606
326 650
327 328
327 329
327 330
327 331
327 332
327 333
327 336
327 337
327 339
327 397
327 400
327 402
327 405
328 329
328 330
328 331
329 330
329 331
329 401
330 331
331 548
332 333
332 334
332 335
332 336
332 338
332 400
332 401
332 402
332 606
333 334
333 335
333 351
333 405
334 335
336 337
336 338
336 339
336 340
336 341
336 366
336 367
336 398
336 402
336 488
336 602
336 606
337 338
337 339
337 340
337 341
337 349
337 365
337 367
337 388
337 585
337 606
338 339
338 340
338 341
338 354
338 366
338 397
338 398
338 630
339 340
339 341
339 367
340 341
341 472
342 343
342 344
342 345
342 346
342 348
342 350
342 351
342 355
342 365
342 398
342 451
342 463
343 344
343 345
343 348
343 350
343 351
343 356
343 365
343 367
343 463
343 649
344 345
346 347
346 348
346 349
346 350
346 365
347 348
347 349
347 365
348 349
349 365
350 351
350 352
350 353
350 354
350 355
350 356
350 361
350 364
350 365
350 470
350 474
350 488
351 352
351 353
351 354
351 356
351 361
351 365
351 367
351 475
351 488
351 489
352 353
352 354
352 387
353 354
355 356
355 357
355 358
355 422
356 357
356 358
356 365
357 358
359 360
359 470
360 423
361 362
361 363
362 363
366 367
366 368
366 369
366 370
366 371
366 372
366 375
366 382
366 410
366 417
366 420
366 422
366 427
366 456
366 457
366 470
366 606
366 610
367 368
367 369
367 370
367 371
367 372
367 374
367 375
367 411
367 417
367 422
367 428
367 470
368 369
368 370
368 371
368 372
369 370
369 371
369 372
370 371
370 372
371 372
371 382
373 374
376 377
376 378
376 379
376 380
376 381
376 382
376 383
376 393
376 404
376 411
376 422
376 423
376 427
376 428
376 436
376 437
376 591
376 648
377 378
377 379
377 380
377 381
377 382
377 383
377 402
377 404
377 423
377 436
377 437
378 379
378 380
378 381
379 380
379 381
380 381
381 428
381 437
382 383
382 384
382 385
382 386
382 392
382 410
382 422
382 427
382 428
382 430
382 433
382 435
382 624
382 640
382 641
382 648
383 384
383 385
383 386
383 388
383 389
383 390
383 392
383 394
383 402
383 411
383 423
383 427
383 430
383 431
383 640
383 641
384 385
384 386
384 423
385 386
387 388
387 389
387 394
387 463
387 471
387 551
387 566
387 579
387 585
387 602
387 606
388 389
388 390
388 394
388 402
388 504
388 552
388 567
388 580
388 585
388 602
388 617
389 410
389 580
389 603
389 617
389 641
390 391
390 392
390 410
391 392
391 393
391 402
391 411
391 423
392 393
392 400
392 401
392 402
392 411
393 394
393 395
393 396
393 397
393 398
393 400
393 402
393 410
393 430
393 433
393 550
393 604
393 605
393 606
393 624
393 630
394 395
394 396
394 397
394 400
394 401
394 402
394 411
394 412
394 423
394 471
394 550
394 551
394 607
395 396
395 411
395 472
395 552
397 398
397 399
397 400
397 401
397 402
397 423
398 399
398 410
398 470
398 472
398 579
398 611
400 401
400 402
400 403
401 402
401 403
401 412
402 403
402 441
404 405
404 406
404 407
404 408
404 409
405 406
405 407
405 408
405 409
405 464
406 407
406 408
406 409
407 408
407 409
408 409
410 411
410 412
410 413
410 414
410 417
410 422
410 430
410 433
410 471
410 583
410 604
410 606
411 412
411 413
411 414
411 417
411 423
411 457
411 461
411 464
411 471
411 607
412 413
412 414
412 423
413 414
415 416
415 417
415 418
415 419
415 420
415 421
415 579
416 417
416 418
416 419
416 420
416 421
417 418
417 419
417 420
417 421
417 579
418 419
418 420
418 421
419 420
419 421
420 421
420 451
420 576
420 580
422 423
422 424
422 425
422 426
422 430
422 433
422 436
422 505
422 640
423 424
423 425
423 426
423 430
423 431
423 433
423 435
423 437
423 461
423 607
423 611
423 634
424 425
424 426
425 426
426 471
427 428
427 429
427 435
427 483
427 488
427 624
427 640
427 641
428 429
428 463
428 464
428 484
428 640
430 431
430 432
430 433
430 434
430 435
430 436
431 432
431 433
431 434
431 435
431 436
431 437
432 433
432 434
432 435
433 434
433 435
434 435
435 436
436 437
436 438
436 439
436 444
436 557
437 438
437 439
437 519
437 558
438 439
440 441
440 442
440 443
440 470
440 471
441 442
441 443
441 471
441 472
441 473
442 443
444 445
444 446
444 452
445 446
445 456
445 457
447 448
447 449
447 450
447 451
447 452
447 607
447 610
447 611
447 630
447 645
448 449
448 450
448 646
449 450
451 452
451 453
451 454
451 455
451 456
451 457
451 460
452 453
452 454
452 455
452 456
452 460
452 461
452 464
452 471
453 454
453 455
453 472
454 455
456 457
456 458
456 459
456 464
456 470
456 522
456 553
456 606
457 458
457 459
457 461
457 464
457 607
457 641
458 459
460 461
460 462
460 610
460 630
461 462
461 471
463 464
463 465
463 466
463 467
463 468
463 469
463 470
463 472
463 473
463 579
463 630
463 645
464 465
464 466
464 467
464 468
464 469
464 472
464 473
464 607
464 646
465 466
465 467
465 468
465 469
466 467
466 468
466 469
466 473
467 468
467 469
468 469
470 471
470 472
470 473
470 618
470 624
470 630
470 645
470 648
470 649
471 472
471 473
471 624
472 473
472 568
472 648
473 648
474 475
474 476
474 477
474 478
474 479
474 480
474 481
474 482
474 503
474 505
474 506
474 509
474 513
474 515
474 528
475 476
475 477
475 478
475 479
475 480
475 481
475 482
475 506
475 509
475 510
476 477
476 478
476 479
476 480
476 481
476 482
477 478
477 479
477 480
477 481
477 482
478 479
478 480
478 481
478 482
479 480
479 481
479 482
480 481
480 482
480 514
481 482
483 484
483 485
483 486
483 487
484 485
484 486
484 487
484 510
485 486
485 487
486 487
487 529
488 489
488 490
488 491
488 492
488 493
488 494
488 495
488 496
488 497
488 498
488 499
488 500
488 501
488 502
488 503
488 504
488 505
488 512
488 528
488 529
488 548
489 490
489 491
489 492
489 493
489 494
489 495
489 496
489 497
489 498
489 499
489 500
489 501
489 502
489 503
489 504
489 506
489 510
489 512
489 529
490 491
490 492
490 493
490 494
490 495
490 496
490 497
490 498
490 499
490 500
490 501
490 502
491 492
491 493
491 494
491 495
491 496
491 497
491 498
491 499
491 500
491 501
491 502
491 505
492 493
492 494
492 495
492 496
492 497
492 498
492 499
492 500
492 501
492 502
492 509
492 510
492 512
492 545
493 494
493 495
493 496
493 497
493 498
493 499
493 500
493 501
493 502
493 515
494 495
494 496
494 497
494 498
494 499
494 500
494 501
494 502
495 496
495 497
495 498
495 499
495 500
495 501
495 502
496 497
496 498
496 499
496 500
496 501
496 502
497 498
497 499
497 500
497 501
497 502
497 503
497 504
497 505
497 509
497 510
497 528
497 529
498 499
498 500
498 501
498 502
499 500
499 501
499 502
499 528
500 501
500 502
501 502
503 504
503 505
503 506
503 507
503 508
503 509
503 510
503 511
503 512
503 513
503 514
503 528
503 529
503 532
504 505
504 506
504 507
504 508
504 509
504 510
504 511
504 512
504 519
504 532
505 506
505 507
505 508
505 509
505 510
505 511
505 512
505 515
505 528
506 507
506 508
506 509
506 510
506 511
506 512
506 514
506 516
506 519
506 529
507 508
507 509
507 510
507 511
507 512
508 509
508 510
508 511
508 512
509 510
509 511
509 512
509 513
509 515
510 511
510 512
510 516
510 551
511 512
512 516
512 532
513 514
513 515
513 516
513 517
513 518
513 526
513 528
514 515
514 516
514 517
514 518
514 523
514 526
515 516
515 517
515 518
515 522
515 526
515 544
515 568
516 517
516 518
516 519
516 523
518 519
518 520
518 521
519 520
519 521
520 521
522 523
522 524
522 525
522 526
522 527
522 529
523 524
523 525
523 526
523 527
524 525
524 526
524 527
525 526
525 527
526 527
528 529
528 530
528 531
528 532
529 530
529 531
529 532
530 531
530 532
531 532
532 537
533 534
533 535
533 536
533 537
533 544
533 545
533 561
533 610
534 535
534 536
534 537
534 544
534 545
534 548
534 551
534 552
535 537
535 545
535 551
535 552
536 537
536 538
536 539
536 540
536 544
536 550
536 553
536 557
536 561
537 538
537 539
537 540
537 545
537 551
537 552
538 539
540 541
540 542
540 543
541 542
541 543
541 551
542 543
544 545
544 546
544 547
544 548
544 549
544 551
544 575
545 546
545 547
545 548
545 549
545 552
546 547
546 548
546 549
547 548
547 549
548 549
548 551
550 551
550 552
551 552
553 554
553 555
553 556
553 557
553 558
553 561
554 555
554 556
554 558
554 562
555 556
557 558
557 559
557 560
557 561
557 571
557 640
558 559
558 560
558 561
558 562
558 571
559 560
561 562
561 563
561 564
561 565
561 568
561 575
561 579
561 630
561 645
562 563
562 564
562 565
563 564
563 565
564 565
566 567
566 568
566 569
566 570
567 568
567 569
567 570
568 569
568 570
568 645
569 570
571 572
571 573
571 574
571 645
572 573
572 574
573 574
575 576
575 577
575 578
575 579
575 580
575 583
575 624
576 577
576 578
576 579
576 580
576 583
576 591
577 578
579 580
579 581
579 582
579 602
579 618
580 581
580 582
580 583
580 591
581 582
583 584
583 607
585 586
585 587
585 588
585 589
586 587
586 588
586 589
587 588
587 589
588 589
590 591
590 592
590 593
590 594
591 592
591 593
591 594
591 596
591 601
592 593
592 594
593 594
595 596
595 597
595 598
596 597
596 598
597 598
599 600
599 601
600 601
602 603
602 604
602 605
603 604
603 605
604 605
606 607
606 608
606 609
607 608
607 609
608 609
610 611
610 612
610 613
610 614
610 615
610 616
610 621
611 612
611 613
611 614
611 615
611 619
612 613
612 614
612 615
613 614
613 615
614 615
616 617
616 630
618 619
618 620
619 620
619 622
621 622
621 623
621 626
622 623
622 627
624 625
624 626
624 627
624 628
624 629
624 645
624 648
624 649
625 626
625 627
625 628
625 629
625 631
625 646
626 627
626 628
626 629
626 630
626 631
627 628
627 629
627 631
627 646
628 629
630 631
630 632
630 633
630 645
630 648
631 632
631 633
631 634
631 635
631 646
631 648
632 633
634 635
634 636
634 637
634 638
634 639
634 645
634 648
635 636
635 637
635 638
635 639
635 641
635 646
635 649
636 637
636 638
636 639
637 638
637 639
638 639
640 641
640 642
640 643
640 644
640 645
640 648
641 642
641 643
641 644
641 646
641 649
642 643
642 644
643 644
645 646
645 647
645 648
645 649
646 647
646 648
646 649
647 648
647 649
648 649
650 651
650 652
650 653
650 654
651 652
651 653
651 654
652 653
652 654
653 654
