0 1
0 2
0 3
0 4
0 5
0 276
0 304
0 333
0 346
0 354
0 418
0 491
0 492
0 502
0 534
0 569
1 2
1 3
1 4
1 5
1 276
1 304
1 333
1 334
1 336
1 354
1 355
1 418
1 492
1 502
1 503
1 504
1 569
2 3
2 4
2 5
2 276
2 333
2 334
2 336
2 346
2 354
2 358
2 360
2 418
2 428
2 492
2 502
2 503
2 569
2 570
2 571
3 4
3 5
3 276
3 304
3 333
3 334
3 336
3 354
3 355
3 358
3 371
3 418
3 496
3 502
3 503
3 570
4 5
4 276
4 333
4 334
4 336
4 354
4 355
4 359
4 360
4 370
4 371
4 382
4 418
4 502
4 503
4 548
4 570
4 571
6 7
6 8
6 9
6 10
6 254
7 8
7 9
7 11
8 9
10 11
10 12
10 13
10 17
10 25
10 26
10 51
10 57
10 75
10 76
10 160
10 196
10 368
10 403
10 405
10 575
11 12
11 14
11 17
11 18
11 75
11 215
11 404
11 406
13 14
13 15
13 16
13 425
14 15
14 16
15 16
15 59
17 18
17 19
17 20
17 21
17 33
17 51
17 263
17 384
17 470
18 19
18 20
18 26
18 34
18 51
18 52
18 59
18 61
18 251
18 564
18 570
19 20
21 22
21 23
21 24
22 23
22 24
23 24
25 26
25 27
25 28
25 34
25 51
25 280
25 340
25 411
25 492
25 541
25 625
26 27
26 28
26 34
26 51
26 55
26 409
26 542
26 626
27 28
29 30
29 31
29 32
29 108
29 408
30 31
30 32
30 47
30 48
31 32
32 206
32 207
33 34
33 35
33 36
33 37
33 57
33 250
33 287
33 325
33 489
33 575
33 587
33 588
34 35
34 36
34 37
34 39
34 58
34 251
34 564
34 576
35 36
35 37
36 37
38 39
38 40
38 41
38 42
38 43
38 44
38 45
38 46
38 47
38 48
38 556
39 40
39 41
39 42
39 43
39 44
39 45
39 46
40 41
40 42
40 43
40 44
40 45
40 46
41 42
41 43
41 44
41 45
41 46
42 43
42 44
42 45
42 46
43 44
43 45
43 46
44 45
44 46
45 46
46 387
46 388
46 389
46 390
47 48
47 49
47 50
47 250
47 306
47 314
47 387
47 393
47 412
47 596
48 49
48 50
48 52
48 250
48 268
48 272
48 288
48 409
48 412
48 502
48 596
49 50
50 540
51 52
51 53
51 54
51 55
51 56
51 57
51 60
51 75
51 76
51 196
51 255
51 325
51 495
51 587
52 53
52 54
52 55
52 56
52 60
52 61
52 564
53 54
53 55
53 56
53 59
54 55
54 56
55 56
55 207
57 58
57 59
57 60
57 61
57 62
57 63
57 160
57 206
57 207
57 218
57 271
57 368
57 489
57 523
57 527
57 575
57 576
57 577
57 613
58 59
58 60
58 61
58 62
58 63
58 64
58 65
58 207
58 409
58 613
59 60
59 61
59 62
59 63
59 65
59 638
60 61
60 62
60 63
60 638
60 639
61 62
61 63
61 65
61 638
62 63
64 65
64 66
64 67
64 68
64 69
64 70
64 71
64 72
64 73
64 74
64 206
64 207
64 587
65 66
65 67
65 68
65 69
65 70
65 71
65 72
65 73
65 74
65 207
65 588
66 67
66 68
66 69
66 70
66 71
66 72
66 73
66 74
66 263
67 68
67 69
67 70
67 71
67 72
67 73
67 74
68 69
68 70
68 71
68 72
68 73
68 74
68 587
69 70
69 71
69 72
69 73
69 74
70 71
70 72
70 73
70 74
71 72
71 73
71 74
72 73
72 74
73 74
74 436
75 76
75 94
75 300
75 477
75 491
76 84
76 287
76 301
76 492
77 78
77 79
77 80
77 81
77 82
77 221
78 79
78 80
78 81
78 82
78 222
79 80
79 81
79 82
79 83
79 108
79 150
79 457
80 81
80 82
80 84
81 82
82 84
83 84
83 85
83 86
83 87
83 89
83 108
83 109
83 113
83 114
83 215
83 216
83 218
83 314
83 318
84 85
84 86
84 87
84 88
84 90
84 99
84 108
84 109
84 113
84 114
84 215
84 216
84 218
84 314
84 318
85 86
85 248
85 263
85 287
85 382
85 470
87 88
87 89
87 90
87 91
87 92
87 93
87 94
87 109
87 206
87 231
88 89
88 90
88 91
88 92
88 93
88 491
89 90
89 91
89 92
89 93
89 150
89 457
90 91
90 92
90 93
90 94
90 249
91 92
91 93
92 93
94 95
94 96
94 97
94 98
94 99
94 113
94 212
94 216
94 224
94 233
94 239
94 248
94 620
95 96
95 97
95 98
95 99
95 109
95 136
95 203
95 224
95 620
96 97
96 98
96 99
97 98
97 99
98 99
99 108
99 109
99 216
99 231
99 232
99 420
99 450
99 543
100 101
100 102
100 103
100 104
100 105
100 106
100 107
101 102
101 103
101 104
101 105
101 106
101 107
102 103
102 104
102 105
102 106
102 107
102 109
102 221
102 222
102 240
103 104
103 105
103 106
103 107
103 118
103 119
103 150
103 304
104 105
104 106
104 107
105 106
105 107
106 107
108 109
108 110
108 111
108 112
108 113
108 206
108 212
108 213
108 240
108 244
108 463
109 110
109 111
109 112
109 114
109 142
109 212
109 213
109 215
109 221
109 222
109 239
109 240
109 244
109 248
109 249
109 463
110 111
110 112
111 112
113 114
113 115
113 116
113 117
113 118
113 119
113 221
113 222
114 115
114 116
114 117
114 212
114 213
115 116
115 117
116 117
118 119
118 120
118 121
118 122
118 123
118 124
118 141
118 142
118 206
118 587
118 588
119 120
119 121
119 122
119 123
119 124
119 141
119 207
119 208
119 209
120 121
120 122
120 123
121 122
121 123
122 123
124 125
124 126
124 127
124 128
124 129
124 141
124 150
124 435
125 126
125 127
125 128
125 130
125 131
126 127
126 128
127 128
129 130
129 131
129 132
129 133
129 137
129 170
129 202
129 212
129 446
130 131
130 132
130 133
130 137
130 141
130 170
130 446
131 132
131 133
131 137
131 141
131 170
131 446
132 133
134 135
134 136
134 137
134 138
134 139
134 140
134 446
134 447
135 136
135 137
135 138
135 139
135 140
136 137
136 138
136 139
136 140
136 240
137 138
137 139
137 140
137 212
137 588
138 139
138 140
139 140
141 142
141 143
141 144
141 145
141 146
141 147
141 150
141 151
141 202
141 208
141 210
141 211
141 446
141 447
142 143
142 144
142 145
142 146
142 147
142 175
142 446
142 617
143 144
143 145
143 146
143 147
144 145
144 146
144 147
145 146
145 147
145 492
146 147
148 149
148 150
149 151
149 239
149 240
150 151
150 152
150 153
150 154
150 155
150 318
151 152
151 153
151 154
151 155
151 209
151 430
152 153
152 154
153 154
155 156
155 157
155 158
155 159
156 157
156 158
156 159
157 158
157 159
158 159
160 161
160 162
160 163
160 164
160 165
160 166
160 169
160 170
160 174
160 221
160 280
160 368
161 162
161 163
161 164
161 165
161 166
161 170
161 174
161 189
161 300
161 418
161 476
161 615
162 163
162 164
162 165
162 169
162 173
162 183
162 189
162 195
162 424
163 164
163 165
163 166
163 170
163 174
163 182
163 396
163 418
164 165
166 167
166 168
166 170
166 178
166 182
166 183
166 184
166 195
166 196
167 168
167 169
169 170
169 171
169 172
169 173
169 178
169 188
169 189
170 171
170 172
170 174
170 178
170 182
170 183
170 184
170 188
170 189
170 317
171 172
173 174
173 175
173 176
173 177
173 183
174 175
174 176
174 177
174 178
175 176
175 177
176 177
178 182
178 184
178 337
178 615
179 180
179 181
179 195
179 196
180 181
182 183
182 184
182 185
182 186
182 187
182 188
182 189
182 456
182 457
182 458
183 184
183 185
183 186
183 187
183 189
183 195
183 408
183 446
183 470
184 185
184 186
184 187
184 196
184 588
185 186
185 187
186 187
188 189
188 190
188 191
188 192
188 193
188 194
188 196
188 221
188 456
188 457
188 458
189 190
189 191
189 192
189 193
189 194
189 196
190 191
190 192
190 193
190 194
191 192
191 193
191 194
192 193
192 194
193 194
195 196
195 197
195 198
195 199
195 200
195 201
195 202
195 470
196 197
196 198
196 199
196 200
196 201
197 198
197 199
197 200
197 201
198 199
198 200
198 201
199 200
199 201
200 201
202 203
202 204
202 205
203 204
203 205
204 205
206 207
206 314
206 330
206 587
206 588
207 331
208 209
208 210
208 211
208 248
208 434
208 435
208 436
209 210
209 211
209 587
209 588
210 211
212 213
212 214
212 217
212 221
212 239
212 450
212 453
213 214
213 217
213 222
213 239
213 240
213 353
213 450
213 453
213 455
215 216
215 217
215 218
215 219
215 220
215 231
215 233
215 489
216 217
216 218
216 219
216 220
216 221
216 248
216 249
217 218
217 219
217 220
217 232
217 234
218 219
218 220
218 310
219 220
221 222
221 223
221 225
221 231
221 233
222 223
222 225
222 232
222 234
223 233
223 457
224 225
224 226
224 227
224 228
224 229
224 230
225 226
225 227
225 228
225 229
225 230
225 231
225 233
226 227
226 228
226 229
226 230
227 228
227 229
227 230
228 229
228 230
229 230
229 471
231 232
231 233
231 234
231 235
231 236
231 434
231 455
232 233
232 234
232 235
232 236
232 296
232 455
233 234
233 235
233 236
233 244
233 455
234 235
234 236
234 453
234 463
235 236
237 238
237 239
237 240
237 457
239 240
239 241
239 242
239 243
239 244
239 280
239 450
240 241
240 242
240 243
240 244
240 280
240 409
241 242
241 243
242 243
242 248
244 245
244 246
244 247
245 246
245 247
246 247
248 249
248 280
248 340
248 434
248 620
249 280
249 447
250 251
250 252
250 253
250 310
250 389
250 539
250 587
250 588
251 252
251 253
252 253
254 255
254 256
254 271
254 380
254 408
254 410
254 421
254 470
255 256
255 264
255 272
255 408
255 409
255 410
257 258
257 259
257 260
257 261
257 262
257 415
257 416
257 482
257 483
257 499
257 500
257 508
257 509
257 517
257 518
258 259
258 260
258 261
258 262
258 272
259 260
259 261
259 262
259 532
260 261
260 262
260 288
260 307
260 540
261 262
263 264
263 265
263 266
263 267
263 271
263 272
263 287
263 288
263 363
263 374
263 415
263 416
263 420
263 476
263 495
263 555
264 265
264 266
264 267
264 268
264 271
264 272
264 287
264 288
264 364
264 375
264 420
264 476
265 266
265 267
266 267
268 269
268 270
268 272
268 288
268 349
268 350
268 353
268 470
269 270
271 272
271 273
271 274
271 287
271 288
271 291
271 389
271 430
272 273
272 274
272 287
272 288
272 291
273 274
275 276
275 277
275 278
275 279
275 280
275 281
275 282
275 283
275 284
275 285
275 286
275 425
275 426
276 277
276 278
276 279
276 280
276 281
276 282
276 283
276 284
276 285
276 286
277 278
277 279
277 280
277 281
277 282
277 283
277 284
277 285
277 286
278 279
278 280
278 281
278 282
278 283
278 284
278 285
278 286
279 280
279 281
279 282
279 283
279 284
279 285
279 286
280 281
280 282
280 283
280 284
280 285
280 286
280 368
280 369
280 370
280 371
280 425
280 523
281 282
281 283
281 284
281 285
281 286
281 287
281 288
282 283
282 284
282 285
282 286
283 284
283 285
283 286
284 285
284 286
285 286
285 295
285 435
285 436
285 470
285 476
285 482
285 508
285 547
285 564
286 476
287 288
287 289
287 290
287 291
287 349
287 350
287 353
287 427
287 470
288 289
288 290
288 291
288 294
288 303
288 304
288 305
288 306
288 307
288 349
288 492
289 290
290 381
291 292
291 293
291 294
291 304
291 305
291 306
291 307
291 409
291 472
292 293
292 294
292 305
293 294
295 296
295 297
295 298
295 299
295 301
295 304
295 305
295 306
295 411
295 425
295 634
296 297
296 298
296 299
296 301
296 304
296 305
296 307
296 476
296 548
296 626
296 634
297 298
297 299
298 299
300 301
300 302
300 303
300 304
300 305
300 381
300 456
301 302
301 303
301 305
301 470
302 303
304 305
304 306
304 307
304 308
304 309
304 381
305 306
305 307
305 308
305 309
305 470
306 307
306 308
306 309
306 415
307 308
307 309
308 309
310 311
310 312
310 313
310 314
310 318
310 319
310 325
310 326
310 327
310 389
310 559
310 594
311 312
311 313
311 314
311 315
311 318
311 319
311 326
311 464
311 559
312 313
314 315
314 316
314 317
314 318
314 319
314 325
314 326
314 368
314 369
314 370
314 371
314 447
314 458
315 316
315 317
315 319
315 327
316 317
318 319
318 320
318 325
318 326
318 327
318 368
318 369
318 370
318 371
318 421
318 465
318 551
319 320
319 322
319 368
319 369
319 382
319 552
319 560
320 492
320 495
321 322
321 323
321 324
321 325
321 368
321 369
321 370
321 371
322 323
322 324
323 324
325 326
325 327
325 328
325 329
325 330
325 368
325 559
325 594
326 327
326 328
326 329
326 330
326 368
326 411
326 551
326 555
326 559
326 625
326 634
327 328
327 329
327 331
327 368
327 412
327 552
327 556
327 559
327 626
327 635
328 329
330 331
330 332
331 332
333 334
333 335
333 336
334 335
334 336
334 503
335 336
336 503
337 338
337 339
337 340
337 341
337 342
337 343
337 344
337 345
337 346
337 347
337 348
337 350
337 555
338 339
338 340
338 341
338 342
338 343
338 344
338 345
338 346
338 347
338 348
339 340
339 341
339 342
339 343
339 344
339 345
339 346
339 347
339 348
339 350
339 353
340 341
340 342
340 343
340 344
340 345
340 346
340 347
340 348
340 555
340 556
341 342
341 343
341 344
341 345
341 346
341 347
341 348
342 343
342 344
342 345
342 346
342 347
342 348
342 349
342 491
342 555
343 344
343 345
343 346
343 347
343 348
343 350
343 353
344 345
344 346
344 347
344 348
345 346
345 347
345 348
346 347
346 348
346 349
347 348
349 350
349 351
349 352
349 353
349 380
349 381
350 351
350 352
350 353
350 354
350 382
350 595
350 631
351 352
351 353
352 353
352 470
353 529
354 355
354 356
354 357
354 358
354 359
354 360
354 361
354 362
354 363
354 364
354 374
354 375
354 380
354 523
355 356
355 357
355 358
355 359
355 360
355 361
355 362
355 380
355 381
355 382
356 357
356 358
356 359
356 360
356 361
356 362
357 358
357 359
357 360
357 361
357 362
358 359
358 360
358 361
358 362
358 382
359 360
359 361
359 362
359 382
360 361
360 362
360 370
360 371
360 382
361 362
363 364
363 365
363 366
363 367
363 374
363 375
363 396
363 408
363 523
363 532
364 365
364 366
364 367
364 374
364 375
364 396
364 523
364 533
365 366
365 367
365 491
366 367
368 369
368 370
368 371
368 372
368 373
368 394
368 551
368 555
368 564
368 575
368 576
368 577
368 578
369 370
369 371
369 372
369 373
369 394
369 552
369 556
369 560
370 371
370 372
370 373
370 394
371 372
371 373
371 394
372 373
374 375
374 376
374 377
374 378
374 379
374 396
374 415
374 532
374 533
375 376
375 377
375 378
375 379
375 396
376 377
376 378
376 379
377 378
377 379
378 379
379 508
380 381
380 382
380 383
380 384
380 385
380 386
380 387
380 541
380 556
380 600
381 382
381 383
381 384
381 385
381 386
381 523
381 524
381 527
381 541
382 383
382 384
382 385
382 386
382 388
382 526
382 601
383 384
383 385
383 386
383 508
384 385
384 386
384 425
384 470
384 523
384 524
384 532
385 386
387 388
387 389
387 390
387 391
387 392
388 389
388 390
388 391
388 392
388 416
388 560
389 390
389 391
389 392
389 416
389 560
390 391
390 392
390 416
390 601
391 392
393 394
393 395
394 395
395 539
396 397
396 398
396 399
396 415
396 425
396 446
396 526
396 543
396 547
396 594
397 398
397 399
397 416
397 426
397 594
397 595
398 587
398 588
399 400
399 401
399 402
399 446
400 401
400 402
400 435
401 402
403 404
403 405
403 600
403 603
404 405
404 406
404 592
404 600
404 601
405 406
405 407
406 407
408 409
408 410
408 411
408 482
408 525
408 569
408 629
409 410
409 411
409 412
409 569
411 412
411 413
411 414
411 556
412 413
412 414
413 414
415 416
415 417
415 418
415 425
415 446
415 508
415 534
415 594
416 417
416 418
416 419
416 500
416 594
416 595
418 419
418 420
418 421
418 422
418 423
418 424
418 425
418 426
418 495
418 547
418 548
419 420
419 421
419 422
419 423
419 424
419 548
420 421
420 422
420 423
420 424
421 422
421 423
421 424
421 547
422 423
422 424
423 424
425 426
425 427
425 428
425 429
425 547
425 548
425 625
426 427
426 428
426 429
426 595
427 428
427 429
427 539
428 429
430 431
430 432
430 433
430 435
431 432
431 433
432 433
434 435
434 436
434 437
434 438
434 439
434 447
434 541
434 620
435 436
435 437
435 438
435 439
435 446
435 447
435 470
435 482
435 491
435 620
436 437
436 438
436 439
436 446
436 447
436 492
436 620
437 438
437 439
438 439
440 441
440 442
440 443
440 444
440 445
440 456
441 442
441 443
441 444
441 445
442 443
442 444
442 445
442 456
443 444
443 445
444 445
446 447
446 448
446 449
447 448
447 449
447 456
447 458
447 480
448 449
450 451
450 452
450 453
450 454
450 455
451 452
451 453
451 454
451 455
452 453
452 454
452 455
453 454
453 455
454 455
456 457
456 458
456 459
456 460
456 461
456 471
456 472
456 480
457 458
457 459
457 460
457 461
457 472
458 459
458 460
458 461
458 480
459 460
459 461
459 471
460 461
462 463
462 464
462 465
462 466
462 467
462 468
462 469
463 464
463 465
463 466
463 467
463 468
463 469
464 465
464 466
464 467
464 468
464 469
465 466
465 467
465 468
465 469
466 467
466 468
466 469
467 468
467 469
468 469
470 471
470 472
470 473
470 474
470 475
470 476
470 482
470 502
471 472
471 473
471 474
471 475
471 476
471 479
471 482
472 473
472 474
472 475
472 476
472 480
473 474
473 475
473 476
474 475
474 476
475 476
477 478
477 479
477 480
477 481
478 479
478 480
478 481
479 480
479 481
480 481
482 483
482 484
482 485
482 486
482 487
482 527
482 547
482 555
482 556
482 563
482 564
483 484
483 485
483 486
483 487
483 555
483 556
483 570
484 485
484 486
485 486
487 488
489 490
489 491
489 492
489 493
489 494
489 523
489 586
490 491
490 492
490 493
490 494
490 586
491 492
491 493
491 494
491 499
492 493
492 494
492 500
492 503
492 533
492 535
492 586
492 601
493 494
495 496
495 497
495 498
495 513
495 514
495 535
495 547
495 548
495 551
495 552
496 497
496 498
496 500
496 503
496 509
496 514
496 535
496 548
496 552
497 498
499 500
499 501
499 502
499 508
499 509
499 548
500 501
500 502
500 503
500 508
500 509
500 523
500 524
500 526
500 527
500 547
500 548
502 503
502 504
502 505
502 506
502 507
502 508
502 548
502 575
503 504
503 505
503 506
503 507
503 508
503 509
503 547
503 548
504 505
504 506
504 507
504 517
505 506
505 507
506 507
508 509
508 510
508 511
508 512
508 517
508 518
509 510
509 511
509 512
509 517
509 518
510 511
510 512
511 512
513 514
513 515
513 516
513 523
514 515
514 516
514 523
514 524
514 526
514 527
514 539
515 516
517 518
517 542
517 548
518 541
518 542
518 547
518 548
518 551
519 520
519 521
519 522
520 521
520 522
520 539
521 522
523 524
523 525
523 526
523 527
523 529
523 535
524 525
524 526
524 527
524 540
524 548
524 635
525 526
525 527
526 527
526 535
526 540
526 542
526 552
526 556
527 587
528 529
528 530
528 531
528 532
529 530
529 531
529 532
529 533
530 531
532 533
532 535
533 535
533 589
534 535
534 536
534 537
534 538
535 536
535 537
535 538
535 540
536 537
536 538
537 538
539 540
539 555
539 561
539 594
539 595
539 596
539 606
540 555
540 556
540 595
541 542
541 543
541 544
541 545
541 546
542 543
542 544
542 545
542 546
543 544
543 545
543 546
544 545
544 546
545 546
547 548
547 549
547 550
547 594
548 549
548 550
549 550
551 552
551 553
551 554
551 555
552 553
552 554
552 555
552 556
553 554
555 556
555 557
555 558
556 557
556 558
557 558
559 560
559 561
559 562
559 563
559 575
559 576
559 577
559 578
560 561
560 562
560 563
560 564
561 562
563 564
563 565
563 566
563 567
563 568
564 565
564 566
564 567
564 568
564 626
565 566
565 567
565 568
566 567
566 568
567 568
569 570
569 571
569 572
569 573
569 574
570 571
570 572
570 573
570 574
571 572
571 573
571 574
572 573
572 574
573 574
575 576
575 577
575 578
575 579
575 580
575 581
575 582
575 583
575 584
575 585
576 577
576 578
576 579
576 580
576 581
576 582
576 583
576 584
576 585
577 578
577 579
577 580
577 581
577 582
577 583
577 584
577 585
578 579
578 580
578 581
578 582
578 583
578 584
578 585
579 580
579 581
579 582
579 583
579 584
579 585
580 581
580 582
580 583
580 584
580 585
581 582
581 583
581 584
581 585
582 583
582 584
582 585
583 584
583 585
584 585
587 588
587 589
587 590
587 613
588 589
588 590
588 592
589 590
591 592
591 593
592 593
594 595
594 596
594 597
594 598
594 599
595 596
595 597
595 598
595 599
596 597
596 598
596 599
597 598
597 599
598 599
600 601
600 602
601 602
603 604
603 605
603 606
603 607
603 608
603 609
603 610
603 611
603 612
604 605
604 606
604 607
604 608
604 609
604 610
604 611
604 612
605 606
605 607
605 608
605 609
605 610
605 611
605 612
606 607
606 608
606 609
606 610
606 611
606 612
607 608
607 609
607 610
607 611
607 612
608 609
608 610
608 611
608 612
609 610
609 611
609 612
610 611
610 612
611 612
613 614
615 616
615 617
615 618
615 619
616 617
616 618
616 619
617 618
617 619
618 619
620 621
620 622
620 623
620 624
621 622
621 623
621 624
622 623
622 624
623 624
625 626
625 627
625 628
625 629
626 627
626 628
626 629
627 628
627 629
628 629
630 631
630 632
630 633
631 632
631 633
632 633
634 635
634 636
634 637
635 636
635 637
636 637
638 639
638 640
639 640
