0 1
0 2
0 3
0 4
0 5
0 6
0 7
0 1065
0 1066
0 1071
1 2
1 3
1 4
1 5
1 7
2 3
2 4
2 5
3 4
3 5
4 5
4 6
4 7
4 1065
4 1067
4 1071
5 1065
5 1066
5 1067
5 1068
5 1071
6 7
6 8
6 9
6 14
6 29
6 34
6 135
6 937
6 965
7 8
7 9
7 35
7 913
7 914
7 966
8 9
10 11
10 12
10 13
10 14
10 15
10 98
10 99
10 127
10 460
10 657
11 12
11 13
11 15
12 13
13 14
13 15
13 76
13 99
13 127
14 15
14 16
14 17
14 20
14 26
14 225
14 959
15 16
15 17
15 18
15 26
15 30
15 221
15 226
15 777
15 937
15 960
15 1094
17 18
17 19
17 29
18 19
18 48
20 21
20 22
20 23
20 24
20 1066
21 22
21 23
21 24
22 23
22 24
23 24
25 26
25 27
25 28
25 29
25 50
25 79
25 135
25 221
25 250
25 275
25 276
25 592
26 27
26 28
26 30
26 35
26 79
26 251
26 275
26 276
26 280
26 777
27 28
29 30
29 31
29 32
29 33
29 34
29 250
29 258
29 259
29 263
29 264
29 503
29 889
30 31
30 32
30 33
30 72
30 74
30 251
30 258
30 259
30 263
30 264
30 276
30 960
31 32
31 33
32 33
34 35
34 36
34 37
34 38
34 225
34 240
35 36
35 37
35 38
35 48
35 191
35 240
35 307
36 37
36 38
36 81
37 38
37 228
39 40
39 41
39 42
39 43
39 44
39 45
39 46
39 465
39 755
39 774
39 913
39 937
39 992
40 41
40 42
40 43
40 44
40 45
40 46
40 453
40 466
40 755
40 756
40 774
40 775
40 938
40 992
41 42
41 43
41 44
41 45
41 46
42 43
42 44
42 45
42 46
43 44
43 45
43 46
44 45
44 46
45 46
45 48
45 769
45 770
46 48
46 770
46 903
46 1077
47 48
47 49
47 225
47 254
48 49
48 67
48 760
48 781
48 804
48 895
48 983
48 1002
49 945
50 51
50 52
50 53
50 54
50 71
50 460
50 508
50 583
50 584
50 760
50 766
51 52
51 53
51 54
51 70
51 509
51 584
51 760
51 766
52 53
52 54
53 54
55 56
55 71
55 73
55 78
56 191
57 58
57 59
57 60
57 131
57 132
58 59
58 60
58 132
59 60
61 62
61 63
61 64
61 65
61 66
61 85
61 104
61 131
61 328
61 345
61 358
61 369
61 445
61 480
61 484
61 485
61 491
61 719
61 720
61 852
61 982
61 1049
62 63
62 64
62 65
62 67
62 74
62 86
62 87
62 105
62 132
62 446
63 64
63 65
64 65
65 66
65 67
65 975
66 67
66 68
66 69
66 71
66 85
66 145
66 179
66 937
66 1065
66 1066
67 68
67 69
67 70
67 72
67 74
67 86
67 1066
68 69
70 71
70 72
70 73
70 74
70 469
70 470
71 72
71 73
71 74
71 148
71 358
71 469
71 725
71 839
71 1081
72 73
72 74
72 86
72 187
72 461
72 469
72 840
73 74
73 81
73 148
73 172
73 445
73 469
73 942
73 1087
74 86
74 469
74 470
75 76
75 77
75 306
75 336
76 77
76 307
78 79
78 80
78 189
78 191
78 200
78 205
78 242
78 306
78 307
78 479
79 80
79 180
79 189
79 191
79 195
79 200
79 210
79 215
79 217
79 221
79 306
79 307
81 82
81 83
81 84
81 190
81 209
81 223
81 254
81 270
81 277
81 279
82 83
82 84
83 84
83 279
83 280
83 591
84 191
84 280
84 591
85 86
85 87
85 88
85 89
85 127
85 140
85 366
85 420
85 477
85 480
85 722
85 878
85 939
86 87
86 88
86 89
86 105
86 140
86 141
86 169
86 195
86 366
86 477
86 720
87 88
87 89
87 100
87 105
87 140
87 169
87 195
87 401
87 477
88 89
90 91
90 92
90 93
90 94
90 95
90 96
90 97
90 98
90 104
90 168
90 345
90 399
90 846
90 889
90 890
91 92
91 93
91 94
91 95
91 96
91 97
91 99
91 105
91 169
91 847
92 93
92 94
92 95
92 96
92 97
93 94
93 95
93 96
93 97
94 95
94 96
94 97
94 104
94 399
95 96
95 97
95 1109
96 97
98 99
98 100
98 101
98 102
98 103
98 104
98 114
98 127
98 168
98 177
98 201
98 358
98 369
98 513
98 514
98 519
98 1108
99 100
99 101
99 102
99 103
99 105
99 115
99 127
99 128
99 169
99 174
99 180
99 370
99 396
99 470
99 472
99 514
99 519
99 844
100 101
100 102
100 103
100 125
100 127
100 128
100 402
100 514
100 519
100 791
100 821
100 891
101 102
101 103
102 103
104 105
104 106
104 107
104 108
104 109
104 127
104 168
104 369
104 395
104 823
104 1124
105 106
105 107
105 108
105 109
105 115
105 128
105 370
105 396
105 823
105 1124
106 107
106 108
106 109
107 108
107 109
108 109
110 111
110 112
110 113
110 205
110 221
110 254
110 540
110 541
111 112
111 113
111 540
111 541
112 113
113 190
114 115
114 116
114 117
114 118
114 119
114 120
114 121
114 122
114 127
114 128
114 131
114 591
114 592
114 782
114 1108
115 116
115 117
115 118
115 119
115 120
115 122
115 128
116 117
116 118
117 118
119 120
119 121
119 122
119 123
119 124
119 127
119 411
119 592
120 121
120 122
120 123
120 124
120 128
120 132
120 421
120 472
121 122
121 123
121 124
121 420
122 123
122 126
122 128
122 169
122 955
124 125
124 126
124 131
124 148
124 471
124 503
124 508
124 513
124 514
125 126
125 132
125 149
125 504
126 150
126 401
127 128
127 129
127 130
127 145
127 146
127 164
127 165
127 336
127 337
127 338
127 339
127 340
127 341
127 344
127 345
127 346
127 347
127 358
127 369
127 480
127 491
127 513
127 540
127 583
127 681
127 769
127 843
127 1108
128 129
128 130
128 136
128 146
128 337
128 339
128 341
128 344
128 346
128 470
128 844
129 130
130 1077
131 132
131 133
131 134
131 135
131 164
131 328
131 329
131 332
131 395
131 411
131 587
131 591
131 1112
132 133
132 134
132 136
132 165
132 328
132 329
132 332
132 333
132 396
132 592
132 1114
133 134
133 150
135 136
135 137
135 138
135 139
135 148
135 164
135 209
135 217
135 420
135 461
135 909
135 910
135 1108
136 137
136 138
136 139
136 149
136 164
136 165
136 421
136 909
136 910
136 1109
137 138
137 139
138 139
139 470
139 481
140 141
140 142
140 143
140 144
140 148
141 142
141 143
141 144
142 143
142 144
143 144
145 146
145 147
145 148
145 152
145 164
145 336
145 471
145 508
145 583
145 584
146 147
146 148
146 149
146 150
146 153
146 165
146 472
146 583
146 584
147 445
148 149
148 150
148 151
148 179
148 221
148 356
148 399
148 471
148 472
148 473
148 583
148 1109
149 150
149 151
149 180
149 400
149 412
149 471
149 472
149 1109
150 151
150 400
150 471
150 472
152 153
152 154
152 681
152 839
152 840
152 843
152 844
152 889
153 154
153 682
153 840
153 844
155 156
155 157
155 158
155 159
155 719
155 720
156 157
156 158
156 159
156 708
156 766
157 158
157 159
158 159
158 164
160 161
160 162
160 163
160 376
160 395
160 396
160 513
160 719
161 162
161 163
161 165
161 396
161 514
162 163
164 165
164 166
164 167
164 209
164 336
164 909
164 1108
164 1112
165 166
165 167
165 210
165 1109
165 1114
166 167
166 805
167 445
168 169
168 170
168 171
168 172
168 173
168 174
168 345
168 508
168 509
168 513
169 170
169 171
169 173
169 174
169 366
169 368
169 485
169 508
169 509
169 514
170 171
172 173
172 174
173 174
174 176
174 374
174 508
174 509
175 176
175 177
175 178
175 460
175 786
175 787
176 177
176 178
177 178
179 180
179 181
179 182
179 183
179 786
179 787
179 1065
180 181
180 182
180 183
181 182
181 183
182 183
184 185
184 186
184 187
184 188
184 189
185 186
185 187
185 188
185 189
186 187
186 188
186 189
187 188
187 189
187 191
187 402
188 189
190 191
190 192
190 193
190 194
190 206
190 209
190 279
190 306
190 937
190 1032
191 192
191 193
191 194
191 195
191 209
191 210
191 221
191 280
191 1033
192 193
192 194
193 194
195 196
195 197
195 198
195 199
195 200
195 210
196 197
196 198
196 199
196 200
197 198
197 199
197 200
198 199
198 200
199 200
201 202
201 203
201 204
201 205
201 206
201 420
201 513
201 514
202 203
202 204
202 205
202 206
202 259
203 204
205 206
205 207
205 208
205 209
205 217
205 229
205 258
205 263
205 352
206 207
206 208
206 217
206 218
206 259
206 264
206 352
206 756
206 938
207 208
209 210
209 211
209 212
209 213
209 214
209 217
209 270
210 211
210 212
210 213
210 214
210 217
210 218
210 224
210 226
210 228
210 271
210 1119
211 212
211 213
211 214
212 213
212 214
213 214
213 309
213 310
214 309
214 310
215 216
215 217
215 218
215 219
215 220
216 217
216 218
216 219
216 220
217 218
217 219
217 220
217 221
217 224
217 263
217 275
217 279
217 513
218 219
218 220
218 222
218 224
218 226
218 228
218 259
218 264
218 275
218 276
218 280
219 220
221 222
221 223
221 224
221 225
221 226
221 229
221 230
221 254
221 263
222 223
222 224
222 225
222 226
222 229
222 230
222 259
222 264
222 938
223 224
224 225
224 226
224 229
224 230
224 264
224 266
225 226
225 227
225 228
225 229
225 254
226 227
226 228
226 240
226 255
227 228
228 229
228 230
228 254
228 255
228 265
228 275
228 276
228 295
229 230
229 231
229 232
229 233
229 254
229 782
230 231
230 232
230 233
230 240
230 255
230 782
231 232
231 233
232 233
234 235
234 236
234 237
234 238
234 239
234 240
234 369
234 1077
235 236
235 237
235 238
235 239
236 237
236 238
236 239
237 238
237 239
238 239
240 241
240 242
240 243
240 255
241 242
241 243
242 243
244 245
244 246
244 247
244 258
244 306
244 345
245 246
245 247
246 247
247 982
248 249
249 259
249 309
249 310
250 251
250 252
250 253
250 254
250 255
251 252
251 253
251 255
252 253
254 255
254 256
254 257
254 258
254 269
254 632
255 256
255 257
255 258
255 271
256 257
258 259
258 260
258 261
258 262
258 263
258 264
258 286
258 320
258 457
258 967
259 260
259 261
259 262
259 263
259 264
259 280
260 261
260 262
261 262
263 264
263 265
263 266
263 267
263 270
263 279
263 309
263 776
264 265
264 266
264 267
264 280
264 295
264 310
265 266
265 267
266 267
268 269
270 271
270 272
270 273
270 274
270 306
270 309
270 328
270 591
271 272
271 273
271 274
271 307
271 329
272 273
272 274
273 274
275 276
275 277
275 278
275 286
275 302
275 591
276 277
276 278
276 287
276 303
276 307
277 278
279 280
279 281
279 282
279 283
279 284
279 285
279 302
279 399
280 281
280 282
280 283
280 284
280 285
280 303
280 341
280 400
281 282
281 283
281 284
281 285
282 283
282 284
282 285
283 284
283 285
283 692
284 285
284 399
284 400
285 359
286 287
288 289
288 290
288 291
288 292
288 293
288 294
288 295
288 296
288 297
288 298
288 299
288 300
288 301
288 302
288 303
289 290
289 291
289 292
289 293
289 294
289 295
289 296
289 297
289 298
289 299
289 300
289 301
289 302
289 303
290 291
290 292
290 293
290 294
290 295
290 296
290 297
290 298
290 299
290 300
290 301
290 302
290 303
291 292
291 293
291 294
291 295
291 296
291 297
291 298
291 299
291 300
291 301
291 302
291 303
292 293
292 294
292 295
292 296
292 297
292 298
292 299
292 300
292 301
292 302
292 303
293 294
293 295
293 296
293 297
293 298
293 299
293 300
293 301
293 302
293 303
294 295
294 296
294 297
294 298
294 299
294 300
294 301
294 302
294 303
295 296
295 297
295 298
295 299
295 300
295 301
295 302
295 303
296 297
296 298
296 299
296 300
296 301
296 302
296 303
297 298
297 299
297 300
297 301
297 302
297 303
298 299
298 300
298 301
298 302
298 303
299 300
299 301
299 302
299 303
300 301
300 302
300 303
301 302
301 303
302 303
302 306
302 307
302 309
302 310
303 307
303 309
303 310
304 305
304 782
306 307
306 308
306 309
306 336
306 340
307 308
307 309
307 310
307 329
309 310
309 311
309 329
309 333
310 311
310 329
310 333
311 376
312 313
312 314
312 315
312 316
312 317
312 318
312 319
312 320
312 321
312 322
312 323
312 324
312 325
312 326
312 327
312 328
313 314
313 315
313 316
313 317
313 318
313 319
313 320
313 321
313 322
313 323
313 324
313 325
313 326
313 327
314 315
314 316
314 317
314 318
314 319
314 320
314 321
314 322
314 323
314 324
314 325
314 326
314 327
315 316
315 317
315 318
315 319
315 320
315 321
315 322
315 323
315 324
315 325
315 326
315 327
316 317
316 318
316 319
316 320
316 321
316 322
316 323
316 324
316 325
316 326
316 327
317 318
317 319
317 320
317 321
317 322
317 323
317 324
317 325
317 326
317 327
318 319
318 320
318 321
318 322
318 323
318 324
318 325
318 326
318 327
319 320
319 321
319 322
319 323
319 324
319 325
319 326
319 327
320 321
320 322
320 323
320 324
320 325
320 326
320 327
321 322
321 323
321 324
321 325
321 326
321 327
322 323
322 324
322 325
322 326
322 327
323 324
323 325
323 326
323 327
324 325
324 326
324 327
325 326
325 327
325 328
326 327
328 329
328 330
328 331
328 332
328 336
328 338
328 340
328 975
329 330
329 331
329 332
329 333
329 337
329 339
329 340
329 341
329 344
329 346
329 347
329 456
329 976
329 978
329 1021
330 331
332 333
332 334
332 335
332 336
332 338
332 340
333 334
333 335
333 341
333 344
333 346
333 347
333 981
334 335
336 337
336 338
336 339
336 340
336 341
336 342
336 343
336 344
336 345
336 346
336 347
336 351
336 508
336 583
336 584
336 598
336 725
336 893
336 943
337 338
337 339
337 340
337 341
337 342
337 343
337 344
337 345
337 346
337 347
337 352
337 508
337 509
337 894
338 339
338 340
338 341
338 342
338 343
338 344
338 345
338 346
338 347
338 508
338 513
338 523
338 1024
339 340
339 341
339 342
339 343
339 344
339 345
339 346
339 347
339 462
339 508
339 509
340 341
340 342
340 343
340 344
340 345
340 346
340 347
340 508
340 517
340 523
341 342
341 343
341 344
341 345
341 346
341 347
341 508
341 509
341 783
342 343
342 344
342 345
342 346
342 347
343 344
343 345
343 346
343 347
344 345
344 346
344 347
344 381
344 508
344 509
344 783
345 346
345 347
345 508
345 725
346 347
346 508
346 509
346 512
346 595
346 783
347 462
347 463
347 508
347 783
347 788
348 349
348 350
348 351
348 352
348 1104
349 350
351 352
351 353
351 354
351 355
351 358
351 420
351 424
351 457
351 967
352 353
352 354
352 355
352 425
352 436
352 1012
353 354
353 355
354 355
354 366
356 357
356 358
356 420
356 424
356 442
356 471
356 722
356 878
358 359
358 360
358 361
358 362
358 363
358 366
358 460
358 469
358 511
358 895
358 943
359 360
359 361
359 362
359 363
359 364
359 368
359 370
359 372
359 373
359 421
359 895
360 361
360 362
360 363
361 362
361 363
362 363
364 365
364 369
364 400
366 367
366 368
366 477
366 480
366 481
366 1112
366 1114
367 368
368 477
368 480
368 481
368 888
368 903
368 1114
369 370
369 371
369 395
369 396
369 445
369 446
369 491
369 497
369 503
369 1124
370 371
370 396
370 446
370 491
370 497
370 503
370 1094
371 395
371 445
372 373
372 374
372 375
372 395
372 396
372 445
372 446
373 374
373 375
373 396
374 375
374 395
374 445
376 377
376 378
376 379
376 380
376 381
376 385
376 386
376 391
376 395
376 411
376 480
376 513
376 591
376 701
376 1116
376 1117
377 378
377 379
377 380
377 381
377 386
377 391
377 395
377 412
377 1117
378 379
378 380
378 381
379 380
379 381
380 381
382 383
382 384
383 384
383 1050
385 386
385 387
385 411
386 387
386 411
388 389
388 390
389 390
389 396
391 392
391 393
391 394
391 395
391 396
392 393
392 394
392 396
393 394
395 396
395 397
395 398
395 407
395 440
395 513
396 397
396 398
396 407
396 440
396 510
396 969
396 1114
397 398
399 400
399 401
399 402
399 403
399 407
399 408
399 411
399 519
399 587
400 401
400 402
400 403
400 407
400 408
400 412
400 520
400 587
400 588
401 402
401 403
401 407
401 408
401 525
401 587
401 588
402 403
402 404
402 405
402 407
402 408
402 525
402 587
402 588
404 405
404 406
404 508
405 406
406 591
407 408
407 409
408 409
408 412
408 587
408 588
410 944
411 412
411 413
411 414
411 460
411 465
411 583
412 413
412 414
412 460
412 461
412 465
412 466
412 1119
413 414
415 416
415 417
415 418
415 419
415 591
415 592
416 417
416 418
416 419
416 514
416 591
417 418
417 419
418 419
419 421
420 421
420 422
420 423
420 435
420 445
420 452
420 1108
420 1112
421 422
421 423
421 425
421 445
421 446
421 452
421 453
421 1108
421 1109
421 1112
421 1113
422 423
424 425
424 426
424 427
424 445
425 426
425 427
426 427
428 429
428 430
428 431
428 432
428 433
428 434
428 435
428 436
428 437
428 438
428 439
428 440
428 441
428 442
428 443
428 444
429 430
429 431
429 432
429 433
429 434
429 435
429 436
429 437
429 438
429 439
429 440
429 441
429 442
429 443
429 444
430 431
430 432
430 433
430 434
430 435
430 436
430 437
430 438
430 439
430 440
430 441
430 442
430 443
430 444
431 432
431 433
431 434
431 435
431 436
431 437
431 438
431 439
431 440
431 441
431 442
431 443
431 444
432 433
432 434
432 435
432 436
432 437
432 438
432 439
432 440
432 441
432 442
432 443
432 444
433 434
433 435
433 436
433 437
433 438
433 439
433 440
433 441
433 442
433 443
433 444
434 435
434 436
434 437
434 438
434 439
434 440
434 441
434 442
434 443
434 444
435 436
435 437
435 438
435 439
435 440
435 441
435 442
435 443
435 444
436 437
436 438
436 439
436 440
436 441
436 442
436 443
436 444
437 438
437 439
437 440
437 441
437 442
437 443
437 444
438 439
438 440
438 441
438 442
438 443
438 444
439 440
439 441
439 442
439 443
439 444
440 441
440 442
440 443
440 444
441 442
441 443
441 444
442 443
442 444
442 445
442 446
443 444
443 446
445 446
445 447
445 448
445 449
445 450
445 451
445 455
445 456
445 460
445 472
445 703
445 708
445 871
445 1027
446 447
446 448
446 449
446 450
446 451
446 454
446 456
446 472
446 871
447 448
447 449
447 450
447 451
448 449
448 450
448 451
449 450
449 451
450 451
452 453
452 454
452 455
452 456
453 454
453 455
453 456
454 455
454 456
455 456
457 458
457 459
457 1104
457 1105
458 459
458 541
458 1105
460 461
460 462
460 463
460 464
460 465
460 662
460 722
460 725
460 799
460 863
460 878
460 893
460 895
460 957
460 967
461 462
461 463
461 464
461 470
461 760
462 463
462 464
463 464
465 466
465 467
465 468
465 472
466 467
466 468
466 470
467 468
469 470
469 817
469 957
470 472
470 584
470 896
470 1093
471 472
471 473
471 474
471 475
471 476
471 591
471 863
471 864
471 866
471 867
471 896
472 473
472 474
472 475
472 476
472 481
472 777
472 864
472 867
472 879
472 896
473 474
473 475
473 476
473 491
473 864
473 867
473 888
474 475
474 476
475 476
477 478
477 479
477 480
477 481
477 782
478 479
478 480
480 481
480 482
480 483
480 484
480 485
480 491
480 492
480 591
481 482
481 483
481 484
481 485
481 530
481 676
482 483
484 485
484 486
484 487
484 491
484 591
484 692
484 693
484 967
485 486
485 487
485 492
485 509
485 584
485 591
485 592
485 595
485 692
485 693
485 694
485 967
486 487
488 489
488 490
488 913
489 490
491 492
491 493
491 494
491 495
491 496
491 497
491 498
491 503
491 504
491 505
491 506
491 508
491 540
491 559
491 566
491 587
491 588
491 591
492 493
492 494
492 495
492 496
492 497
492 498
492 503
492 504
492 506
492 508
492 509
492 519
492 520
492 588
492 591
492 592
492 595
493 494
493 495
493 496
494 495
494 496
495 496
497 498
497 499
497 500
497 501
497 502
497 503
497 505
497 506
497 591
497 846
497 1105
498 499
498 500
498 501
498 502
498 503
498 504
498 505
498 506
498 508
498 509
498 514
498 591
498 592
498 847
498 1105
499 500
499 501
499 502
500 501
500 502
501 502
503 504
503 505
503 506
503 507
503 520
503 591
503 643
503 967
504 505
504 506
504 507
504 508
504 509
504 520
504 591
504 592
505 506
505 507
505 508
505 509
505 519
505 520
505 575
505 611
506 507
506 508
506 509
506 520
506 525
508 509
508 510
508 513
508 514
508 519
508 520
508 530
508 583
508 584
508 591
508 800
509 510
509 514
509 520
509 530
509 583
509 584
509 937
509 958
511 512
511 513
513 514
513 515
513 516
513 517
513 518
513 519
513 965
514 515
514 516
514 517
514 518
514 519
514 595
514 965
515 516
515 517
515 518
516 517
516 518
517 518
519 520
519 521
519 522
519 523
519 524
519 525
519 526
519 527
519 528
519 529
519 591
520 521
520 522
520 523
520 524
520 525
520 526
520 527
520 528
520 529
520 591
521 522
521 523
521 524
521 525
521 526
521 527
521 528
521 529
522 523
522 524
522 525
522 526
522 527
522 528
522 529
523 524
523 525
523 526
523 527
523 528
523 529
524 525
524 526
524 527
524 528
524 529
525 526
525 527
525 528
525 529
525 592
526 527
526 528
526 529
527 528
527 529
528 529
530 531
530 583
530 584
530 608
532 533
532 534
532 748
532 749
533 534
535 536
535 537
535 540
535 541
535 591
536 537
538 539
538 592
539 549
539 550
540 541
540 542
540 543
540 573
540 583
540 584
540 591
540 719
540 769
541 542
541 543
541 574
541 583
541 584
541 591
541 592
541 595
541 840
542 543
544 545
544 546
544 547
544 548
544 563
545 546
545 547
545 548
545 551
545 560
545 617
546 547
546 548
546 564
546 565
546 566
546 572
547 548
547 564
547 566
549 550
549 551
549 552
549 553
549 554
549 555
549 559
549 560
549 564
549 565
549 566
549 573
549 574
549 598
549 602
549 608
549 616
549 617
549 632
549 643
549 657
549 658
549 748
549 1002
550 551
550 552
550 553
550 554
550 555
550 559
550 560
550 564
550 565
550 602
550 603
550 608
550 609
550 616
550 643
551 552
551 553
551 554
551 555
551 560
551 563
551 564
551 574
551 602
551 603
551 608
551 609
551 616
551 617
552 553
553 566
554 555
554 556
554 557
554 558
554 559
554 560
554 563
554 564
554 565
554 567
554 573
554 574
554 616
554 617
554 717
555 556
555 557
555 558
555 560
555 563
555 564
555 565
555 567
555 572
555 609
555 617
555 718
556 557
556 558
557 558
559 560
559 561
559 562
559 563
559 583
559 591
559 608
559 616
559 617
559 632
559 638
560 561
560 562
560 563
560 565
560 573
560 574
560 584
560 608
560 616
560 617
560 958
561 562
561 563
562 563
562 566
563 567
563 572
563 619
564 565
564 566
564 567
564 568
564 569
564 570
564 571
564 572
564 575
564 616
564 617
564 632
564 657
564 658
564 717
564 748
565 566
565 567
565 568
565 569
565 570
565 571
565 572
565 616
565 617
565 632
565 633
565 658
565 718
566 567
566 568
566 569
566 570
566 571
566 572
566 574
566 575
566 611
566 616
566 617
566 632
566 633
566 657
566 658
567 568
567 569
567 570
567 571
567 572
567 573
567 574
567 575
567 616
567 617
567 619
567 632
567 633
567 658
568 569
568 570
568 571
568 572
569 570
569 571
569 572
570 571
570 572
571 572
571 717
572 616
572 617
572 632
572 657
572 658
573 574
573 575
573 576
573 577
573 591
573 608
573 616
573 646
573 933
573 951
573 952
574 575
574 576
574 577
574 592
574 609
574 616
574 934
574 951
575 576
575 577
575 591
576 577
578 579
578 580
578 581
578 582
578 608
579 580
579 581
579 582
580 581
580 582
581 582
583 584
583 585
583 586
583 799
583 957
584 585
584 586
584 840
584 864
584 957
585 586
587 588
587 589
587 590
588 589
588 590
588 592
589 590
591 592
591 593
591 594
591 657
591 937
591 1008
592 593
592 594
594 595
594 596
594 597
595 596
595 597
596 597
596 1067
596 1071
598 599
598 600
598 601
599 600
599 601
600 601
602 603
602 604
602 605
602 606
602 607
603 604
603 605
603 606
603 607
604 605
604 606
604 607
605 606
605 607
606 607
608 609
608 610
608 611
608 612
608 613
608 616
608 628
608 658
608 662
608 663
608 669
609 610
609 611
609 613
609 628
609 658
609 663
609 670
610 611
612 613
612 614
612 615
612 669
612 670
612 748
613 614
613 615
614 615
616 617
616 618
616 619
616 620
616 621
616 632
616 658
617 618
617 619
617 620
617 621
618 619
618 620
618 621
619 620
619 621
620 621
622 623
622 624
622 625
622 626
622 627
622 628
622 629
622 630
622 631
622 632
622 669
623 624
623 625
623 626
623 627
623 628
623 629
623 630
623 631
623 632
623 633
624 625
624 626
624 627
624 628
624 629
624 630
624 631
625 626
625 627
625 628
625 629
625 630
625 631
626 627
626 628
626 629
626 630
626 631
627 628
627 629
627 630
627 631
628 629
628 630
628 631
628 951
628 952
629 630
629 631
630 631
630 657
632 633
632 634
632 635
632 636
632 637
632 638
632 639
632 933
633 634
633 635
633 636
633 637
633 638
633 639
633 804
634 635
634 636
634 637
635 636
635 637
636 637
638 639
638 640
638 641
638 642
638 657
638 669
638 670
639 640
639 641
639 642
640 641
640 642
641 642
643 644
643 645
643 647
643 658
643 713
644 645
646 647
646 648
646 649
646 650
646 651
646 652
646 669
647 648
647 649
647 650
647 651
647 652
647 670
648 649
648 650
648 651
648 652
649 650
649 651
649 652
650 651
650 652
651 652
653 654
653 655
653 656
653 657
654 655
654 656
654 657
654 658
654 670
655 656
657 658
657 659
657 660
657 661
657 662
657 663
657 669
657 670
657 712
657 776
657 856
658 659
658 660
658 661
658 662
658 663
658 669
658 670
658 674
659 660
659 661
660 661
662 663
662 664
662 665
662 666
662 669
662 670
662 717
662 951
662 1093
662 1094
663 664
663 665
663 666
663 670
664 665
664 666
665 666
667 668
667 669
667 670
667 671
667 672
667 673
668 669
668 670
668 671
668 672
668 673
669 670
669 671
669 672
669 673
669 675
669 681
670 671
670 672
670 673
671 672
671 673
672 673
675 676
675 677
675 678
675 679
675 680
675 681
676 677
676 678
676 679
676 680
676 682
677 678
677 679
677 680
678 679
678 680
679 680
681 682
681 683
681 684
681 685
681 686
681 693
681 827
682 683
682 684
682 685
682 686
682 873
683 684
683 685
683 686
684 685
684 686
685 686
685 692
687 688
687 689
687 690
687 691
687 692
687 693
687 694
687 695
687 696
688 689
688 690
688 691
688 692
688 693
688 694
688 695
688 696
689 690
689 691
689 692
689 693
689 694
689 695
689 696
690 691
690 692
690 693
690 694
690 695
690 696
691 692
691 693
691 694
691 695
691 696
692 693
692 694
692 695
692 696
692 874
692 908
692 954
692 967
693 694
693 695
693 696
694 695
694 696
695 696
697 698
697 699
697 700
697 701
697 702
697 703
697 704
697 719
697 720
697 738
697 830
697 839
697 840
698 699
698 700
698 701
698 702
698 703
698 704
698 720
698 839
698 840
699 700
699 701
699 702
700 701
700 702
701 702
701 703
701 704
701 719
701 720
701 732
701 839
701 840
701 1118
702 703
702 704
702 720
702 840
702 1118
703 704
703 705
703 706
703 707
703 719
704 705
704 706
704 707
705 706
705 707
706 707
708 709
708 710
708 711
708 712
708 713
708 839
708 843
708 852
709 710
709 711
709 713
709 766
709 840
709 843
709 844
709 852
710 711
712 713
712 714
712 715
712 716
712 749
713 714
713 715
713 716
714 715
714 716
715 716
717 718
717 935
719 720
719 839
720 721
720 834
720 840
720 851
722 723
722 724
722 732
722 827
722 828
722 830
722 831
722 967
722 975
723 724
723 828
723 830
723 831
723 958
723 976
725 726
725 727
725 728
725 729
725 730
725 731
725 748
726 727
726 728
726 729
726 730
726 731
727 728
727 729
727 730
727 731
728 729
728 730
728 731
729 730
729 731
730 731
732 733
732 734
732 735
733 734
733 735
734 735
736 737
736 738
736 739
736 740
736 741
736 742
736 743
736 744
736 746
736 830
737 738
737 739
737 740
737 741
737 742
737 743
737 744
737 745
737 746
738 739
738 740
738 741
738 742
738 743
738 744
739 740
739 741
739 742
739 743
739 744
739 760
740 741
740 742
740 743
740 744
740 748
741 742
741 743
741 744
742 743
742 744
743 744
745 746
745 747
745 934
745 950
746 747
746 934
746 949
746 950
748 749
748 750
748 751
748 752
748 753
748 754
748 933
748 936
748 951
749 750
749 751
749 752
749 753
749 754
749 933
749 934
749 943
749 944
750 751
750 752
750 753
750 754
750 1093
751 752
751 753
751 754
752 753
752 754
753 754
755 756
755 757
755 758
755 759
755 769
756 757
756 758
756 759
756 760
756 770
756 787
757 758
757 759
758 759
760 761
760 762
760 763
760 764
760 765
760 766
760 767
760 768
760 783
760 787
760 799
760 800
761 762
761 763
761 764
761 765
761 766
761 767
761 768
762 763
762 764
762 765
762 766
762 767
762 768
763 764
763 765
763 766
763 767
763 768
764 765
764 766
764 767
764 768
765 766
765 767
765 768
766 767
766 768
766 783
766 799
766 800
767 768
767 781
769 770
769 771
769 772
769 773
769 774
769 775
769 776
769 777
769 782
769 783
769 793
770 771
770 772
770 773
770 774
770 775
770 777
770 783
771 772
771 773
771 774
771 775
772 773
772 774
772 775
773 774
773 775
774 775
776 777
776 778
776 779
776 780
776 781
776 782
776 783
776 786
776 793
776 799
776 812
776 813
776 982
777 778
777 779
777 780
777 782
777 783
777 787
777 794
777 800
777 804
777 812
777 813
778 779
778 780
779 780
781 782
781 783
781 784
781 785
781 786
781 793
781 812
782 783
782 784
782 785
782 786
782 787
782 793
782 799
782 812
782 817
782 819
782 982
783 784
783 785
783 786
783 787
783 794
783 799
783 800
783 804
783 812
783 813
783 817
783 857
784 785
786 787
786 788
786 789
786 790
786 791
786 792
786 793
786 799
786 921
786 967
787 788
787 789
787 790
787 791
787 792
787 794
787 800
787 804
787 820
787 922
788 789
788 790
788 791
788 792
789 790
789 791
789 792
790 791
790 792
791 792
793 794
793 795
793 796
793 797
793 798
793 799
793 800
793 807
793 893
794 795
794 796
794 797
794 798
794 800
794 804
794 817
794 893
795 796
795 797
795 798
796 797
796 798
797 798
799 800
799 801
799 802
799 803
799 998
800 801
800 802
800 803
800 807
800 993
801 802
801 803
802 803
804 805
804 806
804 807
804 894
805 806
805 807
805 809
805 866
805 894
805 1099
806 807
806 809
807 808
807 809
807 810
807 811
808 809
808 810
808 811
809 810
809 811
810 811
812 813
812 814
812 815
812 816
813 814
813 815
813 816
814 815
814 816
815 816
817 818
817 852
819 820
819 821
819 822
819 889
819 890
820 821
820 822
821 822
823 824
823 825
823 826
823 889
824 825
824 826
824 837
824 851
824 890
825 826
827 828
827 829
827 830
827 831
827 889
828 829
828 831
828 890
830 831
830 832
830 833
830 1055
830 1061
830 1093
831 832
831 833
831 837
831 851
831 1055
831 1061
832 833
835 836
835 843
835 844
835 846
835 847
836 839
836 840
837 838
837 839
837 840
837 844
837 845
837 847
837 851
837 852
837 967
839 840
839 841
839 842
839 843
839 845
839 846
839 847
839 849
839 851
839 852
839 895
839 1104
840 841
840 842
840 843
840 845
840 847
840 849
840 850
840 851
840 852
840 879
840 1105
841 842
843 844
843 845
843 846
843 849
843 851
843 954
844 845
844 846
844 847
844 850
844 851
844 954
844 955
845 846
845 847
845 851
845 852
845 859
845 875
846 847
846 848
846 849
846 850
846 851
847 848
847 849
847 850
847 851
848 849
848 850
849 850
851 967
851 1094
852 853
852 854
852 857
852 859
853 854
855 856
855 857
855 860
855 861
855 872
855 873
855 874
855 878
855 879
856 857
856 858
856 859
856 889
857 858
857 859
858 859
860 861
862 992
862 993
863 864
863 865
864 865
864 890
866 867
866 868
866 869
866 870
866 871
866 889
866 1108
867 868
867 869
867 870
867 871
867 890
868 869
868 870
868 871
869 870
869 871
870 871
872 873
872 874
872 875
872 876
872 877
873 874
873 875
873 876
873 877
874 875
874 876
874 877
875 876
875 877
876 877
878 879
878 880
878 881
878 882
878 883
878 884
878 885
878 886
878 887
878 888
879 880
879 881
879 882
879 883
879 884
879 885
879 886
879 887
879 888
880 881
880 882
880 883
880 884
880 885
880 886
880 887
880 888
881 882
881 883
881 884
881 885
881 886
881 887
881 888
881 1077
882 883
882 884
882 885
882 886
882 887
882 888
883 884
883 885
883 886
883 887
883 888
884 885
884 886
884 887
884 888
885 886
885 887
885 888
886 887
886 888
887 888
888 903
889 890
889 891
889 892
889 901
889 1082
889 1093
889 1104
890 891
890 892
890 1094
891 892
893 894
895 896
895 897
895 898
895 899
895 900
896 897
896 898
896 899
896 900
897 898
897 899
897 900
898 899
898 900
899 900
901 902
901 903
901 904
901 905
901 906
901 907
901 967
901 1065
901 1071
902 903
902 904
902 905
902 907
902 938
902 1066
902 1068
903 904
903 905
903 907
903 1066
903 1077
904 905
906 907
906 908
906 909
906 1065
906 1071
907 908
907 909
907 910
907 914
907 1065
907 1066
907 1067
907 1068
907 1077
908 1049
909 910
909 911
909 912
909 1049
909 1065
909 1066
909 1071
910 911
910 912
910 1049
910 1050
910 1053
910 1065
910 1066
910 1068
911 912
913 914
913 915
913 916
913 917
913 918
913 919
913 920
913 931
913 943
913 944
913 967
913 982
914 915
914 916
914 917
914 918
914 919
914 920
914 921
914 922
914 938
915 916
915 917
915 918
915 919
915 920
916 917
916 918
916 919
916 920
917 918
917 919
917 920
918 919
918 920
919 920
921 922
921 923
921 924
921 925
921 926
921 927
921 928
921 929
921 930
921 931
921 932
921 1022
921 1027
922 923
922 924
922 925
922 926
922 927
922 928
922 929
922 930
922 931
922 932
922 1023
923 924
923 925
923 926
923 927
923 928
923 929
923 930
923 931
923 932
924 925
924 926
924 927
924 928
924 929
924 930
924 931
924 932
925 926
925 927
925 928
925 929
925 930
925 931
925 932
926 927
926 928
926 929
926 930
926 931
926 932
927 928
927 929
927 930
927 931
927 932
928 929
928 930
928 931
928 932
929 930
929 931
929 932
930 931
930 932
931 932
933 934
933 935
933 936
933 944
933 945
933 951
934 935
934 936
934 943
934 944
934 952
935 936
937 938
937 939
937 940
937 941
937 942
937 975
938 939
938 940
938 941
938 942
938 976
938 978
939 940
939 941
939 942
940 941
940 942
941 942
943 944
943 945
943 946
943 947
943 948
943 951
943 952
943 1011
943 1012
944 945
944 946
944 947
944 948
944 951
944 952
944 1012
945 946
945 947
945 948
945 951
945 953
945 1040
946 947
946 948
947 948
949 950
951 952
951 953
952 953
954 955
954 956
954 957
954 958
954 961
954 976
954 982
954 983
954 1022
954 1049
955 956
955 957
955 958
955 961
955 962
955 976
955 978
955 983
955 990
956 957
956 958
957 958
959 960
959 961
959 962
959 963
959 964
959 965
959 966
959 982
960 961
960 962
960 963
960 964
960 965
960 966
961 962
961 963
961 964
961 965
961 966
962 963
962 964
962 965
962 966
963 964
963 965
963 966
964 965
964 966
965 966
965 1067
965 1071
967 968
967 969
967 970
967 971
967 972
967 973
967 974
967 975
967 980
967 982
967 986
967 992
967 1022
967 1023
967 1049
967 1104
967 1105
968 969
968 970
968 971
968 972
968 973
968 974
968 978
968 981
968 987
969 970
969 971
969 972
969 973
969 974
970 971
970 972
970 973
970 974
971 972
971 973
971 974
971 1023
972 973
972 974
972 1095
973 974
975 976
975 977
975 978
975 979
975 980
975 982
975 983
975 986
975 1093
976 977
976 978
976 979
976 981
976 982
976 983
976 986
976 987
977 978
977 979
978 979
978 983
978 987
978 1034
980 981
980 982
980 983
980 984
980 985
980 986
980 987
980 988
980 989
980 990
980 991
980 992
980 993
980 998
980 1002
980 1003
980 1020
981 982
981 983
981 984
981 985
981 986
981 987
981 988
981 989
981 990
981 991
981 992
981 993
981 998
981 999
981 1002
981 1003
981 1021
982 983
982 984
982 985
982 986
982 987
982 988
982 989
982 990
982 991
982 992
982 998
982 1002
983 984
983 985
983 986
983 987
983 988
983 989
983 990
983 991
983 992
983 993
983 999
983 1003
983 1114
984 985
984 986
984 987
984 988
984 989
984 990
984 991
985 986
985 987
985 988
985 989
985 990
985 991
986 987
986 988
986 989
986 990
986 991
986 992
986 998
986 1002
986 1093
987 988
987 989
987 990
987 991
987 992
987 993
987 998
987 999
987 1002
987 1003
988 989
988 990
988 991
989 990
989 991
990 991
992 993
992 994
992 995
992 996
992 997
992 998
992 1002
992 1003
992 1022
993 994
993 995
993 996
993 997
993 998
993 999
993 1002
993 1003
993 1022
993 1023
993 1045
993 1088
994 995
994 996
994 997
995 996
995 997
996 997
998 999
998 1000
998 1001
998 1002
998 1003
998 1022
998 1027
999 1000
999 1001
999 1003
999 1023
999 1027
999 1028
1000 1001
1002 1003
1002 1004
1002 1005
1002 1016
1002 1020
1002 1022
1002 1093
1003 1004
1003 1005
1003 1022
1003 1023
1003 1028
1003 1102
1004 1005
1006 1007
1006 1008
1006 1009
1006 1010
1007 1008
1007 1009
1007 1010
1008 1009
1008 1010
1009 1010
1011 1012
1011 1013
1011 1014
1011 1015
1011 1108
1011 1109
1012 1013
1012 1014
1012 1015
1013 1014
1013 1015
1013 1022
1014 1015
1014 1023
1016 1017
1016 1018
1016 1019
1016 1020
1016 1021
1017 1018
1017 1019
1017 1020
1017 1021
1017 1050
1017 1053
1018 1019
1018 1020
1018 1021
1019 1020
1019 1021
1020 1021
1020 1049
1020 1050
1020 1082
1021 1049
1021 1050
1021 1082
1022 1023
1022 1024
1022 1025
1022 1026
1022 1027
1022 1028
1022 1041
1022 1049
1022 1093
1022 1094
1022 1099
1023 1024
1023 1025
1023 1026
1023 1027
1023 1028
1023 1042
1023 1050
1023 1093
1023 1094
1023 1095
1024 1025
1024 1026
1025 1026
1027 1028
1027 1029
1027 1030
1027 1031
1027 1041
1027 1093
1027 1094
1027 1102
1027 1104
1028 1029
1028 1030
1028 1031
1028 1050
1028 1093
1028 1094
1028 1102
1029 1030
1029 1031
1030 1031
1032 1033
1032 1034
1032 1035
1032 1036
1032 1081
1033 1034
1033 1035
1033 1036
1033 1082
1034 1035
1034 1036
1034 1050
1034 1053
1034 1082
1034 1095
1035 1036
1037 1038
1037 1039
1037 1040
1037 1041
1038 1039
1038 1040
1038 1041
1038 1042
1038 1045
1039 1040
1041 1042
1041 1043
1041 1044
1041 1045
1041 1046
1041 1047
1041 1048
1041 1093
1041 1094
1042 1043
1042 1044
1042 1045
1042 1046
1042 1047
1042 1048
1042 1050
1042 1094
1042 1102
1043 1044
1043 1045
1043 1046
1043 1047
1043 1048
1044 1045
1044 1046
1044 1047
1044 1048
1045 1046
1045 1047
1045 1048
1045 1094
1045 1102
1046 1047
1046 1048
1047 1048
1049 1050
1049 1051
1049 1052
1049 1053
1049 1054
1049 1085
1050 1051
1050 1052
1050 1053
1050 1054
1050 1062
1050 1085
1050 1095
1051 1052
1051 1053
1051 1054
1052 1053
1052 1054
1053 1054
1053 1062
1053 1095
1055 1056
1055 1057
1055 1058
1055 1059
1055 1060
1056 1057
1056 1058
1056 1059
1056 1060
1057 1058
1057 1059
1057 1060
1058 1059
1058 1060
1059 1060
1061 1062
1061 1063
1061 1064
1062 1063
1062 1064
1062 1094
1063 1064
1065 1066
1065 1067
1065 1068
1065 1069
1065 1070
1065 1071
1065 1072
1065 1073
1065 1074
1065 1075
1065 1076
1066 1067
1066 1068
1066 1069
1066 1070
1066 1071
1066 1072
1066 1073
1066 1074
1066 1075
1066 1076
1067 1068
1067 1069
1067 1070
1067 1071
1067 1072
1067 1073
1067 1074
1067 1075
1067 1076
1068 1069
1068 1070
1068 1071
1068 1072
1068 1073
1068 1074
1068 1075
1068 1076
1069 1070
1069 1071
1069 1072
1069 1073
1069 1074
1069 1075
1069 1076
1070 1071
1070 1072
1070 1073
1070 1074
1070 1075
1070 1076
1071 1072
1071 1073
1071 1074
1071 1075
1071 1076
1072 1073
1072 1074
1072 1075
1072 1076
1073 1074
1073 1075
1073 1076
1074 1075
1074 1076
1075 1076
1076 1082
1077 1078
1077 1079
1077 1080
1078 1079
1078 1080
1079 1080
1081 1082
1081 1083
1081 1084
1081 1085
1081 1093
1082 1083
1082 1084
1082 1102
1083 1084
1085 1086
1085 1087
1085 1088
1085 1089
1085 1090
1085 1091
1085 1092
1086 1087
1086 1088
1086 1089
1086 1090
1086 1091
1086 1092
1087 1088
1087 1089
1087 1090
1087 1091
1087 1092
1087 1104
1088 1089
1088 1090
1088 1091
1088 1092
1089 1090
1089 1091
1089 1092
1090 1091
1090 1092
1091 1092
1093 1094
1093 1095
1093 1096
1093 1097
1093 1098
1093 1102
1093 1104
1093 1105
1094 1095
1094 1096
1094 1097
1094 1098
1094 1102
1094 1104
1094 1105
1095 1096
1095 1097
1095 1098
1095 1102
1095 1105
1096 1097
1096 1098
1097 1098
1099 1100
1099 1101
1099 1102
1099 1103
1100 1101
1100 1102
1100 1103
1101 1102
1101 1103
1102 1103
1102 1104
1102 1105
1104 1105
1104 1106
1104 1107
1104 1108
1105 1106
1105 1107
1106 1107
1108 1109
1108 1110
1108 1111
1108 1112
1109 1110
1109 1111
1109 1112
1109 1113
1110 1111
1112 1113
1112 1114
1112 1115
1113 1114
1113 1115
1114 1115
1116 1117
1118 1119
1118 1120
1119 1120
1121 1122
1121 1123
1121 1124
1121 1125
1122 1123
1122 1124
1122 1125
1123 1124
1123 1125
1124 1125
