0 1
0 2
0 3
0 4
0 5
0 6
0 15
0 108
0 109
0 405
0 518
0 533
0 591
0 642
0 831
0 861
1 2
1 3
1 4
1 5
1 6
1 13
1 15
1 44
1 109
1 115
1 119
1 123
1 147
1 405
1 533
1 534
1 550
1 568
1 591
1 594
1 608
1 611
1 832
2 3
4 5
4 6
4 15
4 21
4 293
4 405
4 533
4 534
4 602
4 652
4 668
4 724
4 731
4 743
4 748
4 757
4 760
4 761
4 770
4 776
4 845
5 6
5 8
5 13
5 16
5 20
5 117
5 391
5 396
5 406
5 418
5 533
5 534
5 541
6 114
6 115
7 8
7 9
7 10
7 11
7 12
7 13
7 14
7 164
8 9
8 10
8 11
8 12
8 13
8 14
8 44
9 10
9 11
9 12
9 36
10 11
10 12
11 12
13 14
13 16
13 20
13 534
13 723
13 746
14 16
14 112
14 404
14 475
14 511
14 599
14 847
15 16
15 17
15 18
15 114
15 115
15 181
15 489
15 518
16 17
16 18
16 115
17 18
17 729
19 20
19 21
19 22
19 23
19 35
20 21
20 22
20 23
20 36
20 38
20 39
21 22
21 23
21 177
22 23
24 25
24 26
24 27
25 26
25 27
25 328
26 27
28 29
28 30
28 31
28 32
28 33
28 34
28 35
28 38
28 39
28 64
28 65
28 138
28 150
28 206
28 208
28 746
29 30
29 31
29 32
29 33
29 34
29 36
29 39
29 49
29 66
29 206
29 208
30 31
30 32
30 33
30 34
30 170
31 32
31 33
31 34
32 33
32 34
33 34
35 36
35 37
35 38
35 39
35 43
35 44
35 48
35 50
35 54
35 138
35 155
35 489
35 746
35 774
36 37
36 38
36 39
36 43
36 44
36 49
37 38
37 39
37 40
37 41
37 42
37 43
37 44
37 48
37 49
37 50
37 54
37 82
37 90
37 95
37 149
37 186
37 189
37 191
37 205
37 207
37 209
37 230
37 280
37 283
37 289
37 296
37 310
37 331
37 332
37 335
37 354
37 437
37 438
37 450
37 477
37 494
37 528
37 567
37 569
37 688
37 712
37 713
37 718
37 746
37 780
38 39
38 40
38 41
38 42
38 43
38 44
38 48
38 49
38 64
38 83
38 91
38 95
38 123
38 150
38 182
38 210
38 239
38 332
38 335
38 339
38 344
38 385
38 608
38 747
39 40
39 41
39 42
39 43
39 44
39 48
39 49
39 524
39 599
40 41
40 42
40 331
41 42
41 50
41 335
43 44
43 45
43 46
43 47
43 48
43 49
43 50
43 96
43 102
43 114
43 122
43 155
43 177
43 181
43 182
43 186
43 187
43 189
43 191
43 205
43 207
43 209
43 210
43 230
43 238
43 267
43 278
43 280
43 283
43 289
43 327
43 338
43 343
43 354
43 363
43 364
43 374
43 384
43 385
43 388
43 391
43 394
43 407
43 477
43 481
43 489
43 518
43 519
43 520
43 522
43 555
43 567
43 579
43 610
43 666
43 712
43 713
43 746
43 794
43 799
44 45
44 46
44 47
44 48
44 49
44 64
44 91
44 126
44 182
44 187
44 189
44 192
44 198
44 210
44 231
44 239
44 284
44 338
44 339
44 344
44 347
44 389
44 608
44 795
44 823
45 46
45 47
45 118
46 47
48 49
48 50
48 51
48 96
48 102
48 230
48 338
48 343
48 477
48 481
48 746
49 50
49 51
49 64
49 155
49 156
49 231
49 235
49 355
49 478
49 758
50 51
50 101
50 288
50 335
50 340
50 348
50 532
50 542
52 53
52 65
52 125
53 66
53 126
53 178
54 55
54 56
54 57
54 58
54 59
54 60
54 61
54 62
54 63
54 64
54 65
54 66
54 69
54 73
54 77
54 82
54 90
54 102
54 125
54 132
54 137
54 155
54 207
55 56
55 57
55 58
55 59
55 60
55 61
55 62
55 63
55 64
55 65
55 66
55 69
55 70
55 74
55 78
55 83
55 90
55 91
55 103
55 126
55 133
55 137
55 208
55 295
55 409
56 57
56 58
56 59
56 60
56 61
56 62
56 63
56 64
57 58
57 59
57 60
57 61
57 62
57 63
57 64
58 59
58 60
58 61
58 62
58 63
58 64
59 60
59 61
59 62
59 63
59 64
60 61
60 62
60 63
60 64
61 62
61 63
61 64
62 63
62 64
63 64
63 65
63 66
63 69
63 70
63 77
63 78
63 83
63 91
63 103
63 133
63 138
63 153
63 208
63 295
63 568
63 601
64 66
64 70
64 91
64 103
64 111
64 133
64 137
64 300
65 66
65 67
65 68
65 69
65 73
65 82
65 90
65 102
65 299
65 549
66 67
66 68
66 69
66 70
66 74
66 83
66 91
66 103
66 170
67 68
69 70
69 71
69 72
69 90
69 125
69 126
69 494
69 727
70 71
70 72
70 83
70 91
70 139
70 150
71 72
73 74
73 75
73 76
73 164
74 75
74 76
75 76
77 78
77 79
77 80
77 81
77 82
77 90
77 138
77 139
77 149
77 153
77 205
77 207
78 79
78 80
78 81
78 83
78 91
78 153
79 80
79 81
80 81
81 153
81 795
82 83
82 84
82 85
82 86
82 87
82 88
82 89
82 90
82 102
82 125
82 132
82 137
82 138
82 149
82 295
82 303
82 560
83 84
83 85
83 86
83 87
83 88
83 89
83 91
83 103
83 126
83 133
83 137
83 139
83 150
83 329
83 332
83 561
84 85
84 86
84 87
84 88
84 89
85 86
85 87
85 88
85 89
85 178
86 87
86 88
86 89
87 88
87 89
88 89
90 91
90 92
90 93
90 94
90 95
90 102
90 114
90 118
90 125
90 126
90 132
90 133
90 138
90 549
90 746
91 92
91 93
91 94
91 95
91 102
91 133
91 139
91 220
92 93
92 94
92 95
93 94
93 95
94 95
96 97
96 98
96 99
96 100
96 101
96 607
96 608
96 610
96 611
97 98
97 99
97 100
97 101
97 220
97 608
97 611
98 99
98 100
98 101
99 100
99 101
100 101
102 103
102 104
102 105
102 106
102 107
102 125
102 126
102 138
102 149
103 104
103 105
103 106
103 107
103 139
103 153
104 105
104 106
104 107
105 106
105 107
106 107
108 109
108 110
108 111
108 112
108 125
108 209
108 607
108 608
109 110
109 111
109 112
109 126
109 608
110 111
110 112
111 112
113 122
113 123
113 125
113 437
113 567
113 568
113 569
113 570
114 115
114 116
114 117
114 118
114 191
114 289
114 395
114 401
114 417
114 440
114 450
114 540
114 541
114 542
114 715
114 731
114 746
114 831
115 116
115 117
115 119
115 123
115 392
115 395
115 396
115 401
115 402
115 406
115 441
115 534
115 608
115 611
116 117
116 119
118 119
118 120
118 121
118 122
118 123
118 125
118 126
118 146
118 207
118 433
118 437
118 457
118 458
118 506
118 533
118 540
118 564
118 567
118 569
118 575
118 586
118 616
118 683
118 685
118 692
118 694
118 804
118 845
118 860
119 120
119 121
119 123
119 126
119 139
119 147
119 409
119 534
119 541
119 570
119 610
119 611
119 860
120 121
122 123
122 124
122 125
122 126
122 146
122 234
122 407
122 417
122 437
122 533
122 567
122 568
122 569
122 570
122 586
122 811
123 124
123 126
123 139
123 146
123 147
123 235
123 392
123 408
123 417
123 418
123 534
123 568
123 570
123 576
123 580
123 812
125 126
125 127
125 128
125 129
125 130
125 131
125 132
125 138
125 191
125 199
125 234
125 238
125 260
125 299
125 303
125 545
125 564
125 593
125 594
126 127
126 128
126 129
126 130
126 131
126 132
126 139
126 150
126 173
126 235
126 245
126 254
126 392
126 546
126 565
126 594
127 128
127 129
127 130
127 131
128 129
128 130
128 131
129 130
129 131
130 131
131 210
132 133
132 134
132 135
132 136
132 137
132 138
132 139
132 149
132 153
132 205
132 207
132 450
133 134
133 135
133 136
133 137
133 150
133 153
133 206
134 135
134 136
134 137
135 136
135 137
136 137
138 139
138 140
138 141
138 142
138 143
138 144
138 145
138 146
138 149
138 153
138 205
138 207
138 299
138 401
138 417
138 433
138 473
138 540
138 549
138 746
138 780
139 140
139 141
139 142
139 143
139 144
139 145
139 147
139 150
139 153
139 239
139 406
139 810
140 141
140 142
140 143
140 144
140 145
141 142
141 143
141 144
141 145
142 143
142 144
142 145
142 343
142 712
143 144
143 145
144 145
146 147
146 148
146 437
146 567
146 568
146 569
146 570
147 148
147 408
147 409
147 438
147 568
149 150
149 151
149 152
149 555
149 567
149 757
150 151
150 152
150 344
151 152
153 154
153 187
153 192
153 208
153 209
153 210
153 289
153 458
153 739
155 156
155 157
155 158
155 164
155 165
155 170
155 175
155 178
155 181
155 267
155 494
155 528
156 157
156 158
156 165
156 170
156 174
156 182
156 529
157 158
158 193
159 160
159 161
159 162
159 163
159 164
159 165
159 166
159 167
159 168
159 169
159 170
159 171
159 238
160 161
160 162
160 163
160 164
160 165
160 166
160 167
160 168
160 169
160 170
160 171
161 162
161 163
161 164
161 165
161 166
161 167
161 168
161 169
161 170
161 171
162 163
162 164
162 165
162 166
162 167
162 168
162 169
162 170
162 171
163 164
163 165
163 166
163 167
163 168
163 169
163 170
163 171
164 165
164 166
164 167
164 168
164 169
164 170
164 171
164 177
164 181
164 186
164 191
164 205
164 207
164 209
164 214
164 278
164 280
164 326
164 338
164 343
164 354
164 364
164 388
164 575
164 788
165 166
165 167
165 168
165 169
165 170
165 171
165 174
165 175
165 178
165 181
165 182
165 189
165 191
165 192
165 206
165 208
165 210
165 220
165 228
165 355
165 364
165 369
165 376
165 389
166 167
166 168
166 169
166 170
166 171
166 238
166 363
166 392
166 433
166 567
166 636
166 722
167 168
167 169
167 170
167 171
167 182
167 568
167 608
167 637
168 169
168 170
168 171
169 170
169 171
170 171
170 176
170 193
170 208
170 210
170 211
170 212
170 220
170 349
170 350
170 359
170 371
170 428
172 173
172 175
172 178
172 579
173 174
173 175
174 175
174 176
174 177
174 178
174 179
174 180
174 189
174 192
174 198
174 209
174 210
174 224
174 344
174 348
174 369
174 417
175 176
175 177
175 178
175 179
175 180
175 182
175 187
175 189
175 207
175 235
175 249
175 332
175 364
175 418
175 795
175 827
176 177
176 178
176 179
176 180
177 178
177 179
177 180
177 181
177 186
177 191
177 205
177 207
177 209
177 240
177 338
177 343
177 354
177 363
177 405
177 421
177 822
177 826
178 179
178 180
178 182
178 189
178 192
178 210
178 249
178 267
178 290
178 332
178 343
178 361
178 418
178 795
178 817
179 180
181 182
181 183
181 184
181 185
181 186
181 191
181 199
181 205
181 207
181 209
181 223
181 238
181 253
181 267
181 283
181 289
181 299
181 303
181 331
181 332
181 347
181 354
181 374
181 380
181 388
181 518
181 590
181 690
182 183
182 184
182 185
182 187
182 189
182 193
182 235
182 239
182 284
182 290
182 332
182 348
182 354
182 355
182 364
182 374
182 376
182 380
182 381
182 480
183 184
183 185
183 193
184 185
186 187
186 188
186 189
186 190
186 191
186 197
186 205
186 207
186 223
186 234
186 283
186 289
186 310
186 326
186 338
186 339
186 343
186 344
186 368
186 384
186 522
187 188
187 189
187 190
187 192
187 208
187 227
187 241
187 245
187 268
187 284
187 338
187 339
187 343
187 344
187 348
187 385
188 189
188 190
189 190
189 192
189 198
189 210
189 235
189 289
189 290
189 313
189 338
189 339
189 343
189 344
189 348
189 371
189 385
189 654
191 192
191 193
191 194
191 195
191 196
191 197
191 205
191 207
191 209
191 238
191 280
191 283
191 289
191 320
191 331
191 338
191 343
191 368
191 384
191 473
192 193
192 194
192 195
192 196
192 197
192 198
192 206
192 208
192 210
192 238
192 284
192 289
192 304
192 332
192 344
192 348
192 369
192 383
192 473
192 474
192 743
193 194
193 195
193 196
193 197
193 206
193 238
193 287
193 289
193 290
193 318
193 340
193 344
193 473
193 474
193 556
194 195
194 196
195 196
197 198
197 199
197 200
197 201
197 202
197 203
197 204
197 205
197 433
197 540
197 607
198 199
198 200
198 201
198 202
198 203
198 204
198 220
198 304
198 327
198 329
198 332
198 339
198 344
198 713
199 200
199 201
199 202
199 203
199 204
200 201
200 202
200 203
200 204
201 202
201 203
201 204
202 203
202 204
203 204
203 280
204 713
205 206
205 207
205 208
205 209
205 219
205 269
205 280
205 289
205 338
205 343
205 388
205 396
205 641
206 207
206 208
206 210
206 240
206 241
206 281
206 284
206 287
206 290
206 329
206 339
206 344
206 389
207 208
207 209
207 230
207 238
207 239
207 259
207 260
207 267
207 278
207 280
207 289
207 338
207 363
207 388
207 450
207 469
207 522
207 722
208 210
208 211
208 220
208 231
208 250
208 281
208 290
208 321
208 329
208 339
208 364
208 385
208 424
208 438
209 210
209 211
209 212
209 213
209 219
209 220
209 234
209 238
209 240
209 249
209 260
209 267
209 278
209 279
209 280
209 281
209 283
209 289
209 299
209 328
209 338
209 343
209 363
209 364
209 384
209 388
209 713
210 211
210 212
210 213
210 220
210 239
210 243
210 245
210 270
210 279
210 281
210 290
210 300
210 304
210 344
210 364
210 385
210 708
210 817
211 212
211 213
211 215
211 219
211 220
211 278
211 279
211 281
211 287
211 302
211 335
211 344
211 428
211 555
211 556
211 622
211 713
212 213
214 215
214 216
214 217
214 218
214 267
214 268
214 269
214 270
214 279
214 280
214 281
215 216
215 217
215 218
215 220
215 268
215 270
215 279
216 217
216 218
217 218
219 220
219 221
219 222
219 238
219 240
219 269
219 278
219 280
219 303
219 328
219 338
219 343
219 469
220 221
220 222
220 238
220 239
220 240
220 245
220 252
220 254
220 261
220 270
220 279
220 281
220 321
220 556
220 725
220 732
221 222
223 224
223 225
223 226
223 227
223 228
223 229
223 283
223 338
224 225
224 226
224 227
224 228
224 229
224 290
225 226
225 227
225 228
225 229
226 227
226 228
226 229
226 388
227 228
227 229
227 290
227 344
228 229
230 231
230 232
230 233
230 238
230 240
230 289
230 290
230 388
230 437
230 636
230 637
230 746
231 232
231 233
231 239
231 243
231 339
231 364
231 611
232 233
234 235
234 236
234 237
235 236
235 237
235 284
235 344
235 389
235 409
236 237
238 239
238 240
238 241
238 242
238 243
238 244
238 280
238 283
238 289
238 363
238 384
238 473
239 240
239 241
239 242
239 243
239 245
239 290
239 300
239 332
239 364
239 385
239 392
239 396
239 473
239 474
240 241
240 242
240 243
240 249
240 269
240 328
240 343
240 363
240 386
240 388
240 440
240 473
240 699
240 712
240 757
241 242
241 243
242 243
243 245
243 279
243 284
243 290
243 327
243 350
243 440
243 441
243 473
243 474
244 245
244 246
244 247
244 248
244 270
244 280
244 540
245 246
245 247
245 248
245 281
245 451
245 452
246 247
246 248
247 248
249 250
249 251
249 252
249 280
249 326
250 251
250 252
250 329
250 713
251 252
252 270
252 529
253 254
253 255
253 256
253 257
253 258
253 259
253 260
253 261
253 262
253 280
253 712
254 255
254 256
254 257
254 258
254 259
254 260
254 261
254 262
254 281
255 256
255 257
255 258
255 259
255 260
255 261
255 262
256 257
256 258
256 259
256 260
256 261
256 262
257 258
257 259
257 260
257 261
257 262
258 259
258 260
258 261
258 262
259 260
259 261
259 262
260 261
260 262
260 267
260 269
260 280
261 262
261 268
261 270
261 279
261 281
262 528
262 545
262 697
263 264
263 265
263 266
263 280
263 289
263 338
263 363
264 265
264 266
264 290
264 364
265 266
267 268
267 269
267 270
267 271
267 272
267 273
267 274
267 275
267 276
267 277
267 278
267 289
267 384
267 469
267 489
267 490
267 502
267 522
267 555
268 269
268 270
268 271
268 272
268 273
268 274
268 275
268 276
268 277
268 279
268 284
268 290
268 332
268 339
268 385
268 468
268 555
268 556
268 746
269 270
269 271
269 272
269 273
269 274
269 275
269 276
269 277
269 278
269 285
269 289
269 303
269 307
269 328
269 386
269 388
269 469
269 555
270 271
270 272
270 273
270 274
270 275
270 276
270 277
270 290
270 304
270 355
270 555
270 556
271 272
271 273
271 274
271 275
271 276
271 277
272 273
272 274
272 275
272 276
272 277
273 274
273 275
273 276
273 277
274 275
274 276
274 277
275 276
275 277
275 332
276 277
278 279
278 280
278 281
278 282
278 283
278 289
278 303
278 326
278 338
278 374
278 384
278 440
279 280
279 281
279 282
279 290
279 327
279 329
279 332
279 556
279 855
279 856
280 281
280 282
280 283
280 369
280 469
280 502
280 555
280 588
280 712
281 282
281 287
281 339
281 344
281 369
283 284
283 285
283 286
283 287
283 288
283 289
283 307
283 328
283 338
283 339
283 343
283 344
283 384
283 385
283 388
283 407
284 285
284 286
284 287
284 288
284 300
284 327
284 335
284 338
284 339
284 344
284 369
284 385
284 480
284 794
284 823
285 286
285 287
285 288
285 297
285 384
285 388
286 287
286 288
287 288
287 335
287 338
287 339
287 343
287 344
287 359
287 387
287 743
289 290
289 291
289 292
289 293
289 294
289 295
289 296
289 299
289 303
289 307
289 310
289 326
289 328
289 338
289 363
289 364
289 384
289 385
289 386
289 388
289 389
289 391
289 401
289 477
289 712
289 713
289 727
289 746
289 757
289 822
290 291
290 292
290 293
290 294
290 295
290 297
290 300
290 304
290 308
290 311
290 329
290 332
290 339
290 344
290 347
290 364
290 384
290 385
290 386
290 388
290 389
290 392
290 422
290 424
290 468
290 478
290 480
290 482
290 823
291 292
291 293
291 294
291 295
291 303
292 293
292 294
292 295
293 294
293 295
294 295
296 297
296 298
296 299
296 300
296 301
296 302
296 303
296 304
296 305
296 306
296 307
296 308
296 309
296 310
296 326
296 327
296 328
296 329
296 338
296 363
296 374
296 384
296 616
296 718
297 298
297 299
297 300
297 301
297 302
297 303
297 304
297 305
297 306
297 307
297 308
297 309
297 311
297 312
297 327
297 329
297 330
297 332
297 335
297 364
297 374
297 375
297 451
297 719
297 747
298 299
298 300
298 301
298 302
298 303
298 304
298 305
298 306
298 307
298 308
298 309
299 300
299 301
299 302
299 303
299 304
299 305
299 306
299 307
299 308
299 309
299 310
299 316
299 326
299 331
299 338
299 374
299 579
299 757
300 301
300 302
300 303
300 304
300 305
300 306
300 307
300 308
300 309
300 310
300 311
300 313
300 320
300 326
300 327
300 332
300 339
300 363
300 374
300 375
301 302
301 303
301 304
301 305
301 306
301 307
301 308
301 309
302 303
302 304
302 305
302 306
302 307
302 308
302 309
303 304
303 305
303 306
303 307
303 308
303 309
303 310
303 326
303 338
303 343
303 363
303 374
303 386
303 388
304 305
304 306
304 307
304 308
304 309
304 310
304 311
304 326
304 327
304 332
304 339
304 344
304 374
304 375
305 306
305 307
305 308
305 309
306 307
306 308
306 309
307 308
307 309
307 310
307 326
307 328
307 331
307 338
307 343
307 363
307 370
307 374
307 386
307 388
308 309
308 311
308 326
308 327
308 332
308 335
308 338
308 374
308 375
308 389
308 430
308 438
310 311
310 312
310 313
310 314
310 315
310 316
310 317
310 318
310 319
310 320
310 321
310 322
310 323
310 324
310 325
310 326
310 327
310 328
310 329
310 331
310 363
310 364
310 715
310 716
310 746
311 312
311 313
311 314
311 315
311 316
311 317
311 318
311 319
311 320
311 321
311 322
311 323
311 324
311 325
311 327
311 329
311 364
311 389
312 313
312 314
312 315
312 316
312 317
312 318
312 319
312 320
312 321
312 322
312 323
312 324
312 325
313 314
313 315
313 316
313 317
313 318
313 319
313 320
313 321
313 322
313 323
313 324
313 325
313 332
313 335
313 409
314 315
314 316
314 317
314 318
314 319
314 320
314 321
314 322
314 323
314 324
314 325
315 316
315 317
315 318
315 319
315 320
315 321
315 322
315 323
315 324
315 325
316 317
316 318
316 319
316 320
316 321
316 322
316 323
316 324
316 325
316 712
316 713
317 318
317 319
317 320
317 321
317 322
317 323
317 324
317 325
317 332
317 335
318 319
318 320
318 321
318 322
318 323
318 324
318 325
319 320
319 321
319 322
319 323
319 324
319 325
320 321
320 322
320 323
320 324
320 325
321 322
321 323
321 324
321 325
322 323
322 324
322 325
323 324
323 325
324 325
325 712
326 327
326 328
326 329
326 330
326 338
326 343
326 363
326 364
326 374
326 384
326 401
326 407
326 555
326 712
326 841
327 328
327 329
327 330
327 363
327 364
327 375
327 376
327 390
327 392
327 418
327 445
327 446
327 712
327 713
327 716
328 329
328 330
328 331
328 343
328 363
328 374
328 386
328 761
329 330
329 335
329 339
329 344
329 363
329 364
329 375
329 381
329 389
329 408
329 445
329 446
329 713
331 332
331 333
331 334
331 335
331 336
331 337
331 386
331 746
331 848
332 333
332 334
332 335
332 336
332 385
332 387
332 389
332 392
332 424
332 465
332 490
332 823
333 334
333 335
333 336
334 335
334 336
335 336
335 340
335 355
335 359
338 339
338 340
338 341
338 342
338 343
338 344
338 384
338 437
339 340
339 341
339 342
339 343
339 344
339 348
339 385
339 480
340 341
340 342
341 342
343 344
343 345
343 346
343 384
343 388
344 345
344 346
344 364
344 387
344 389
344 441
344 758
345 346
347 348
347 349
347 350
347 351
347 352
347 353
347 384
347 388
347 433
348 349
348 350
348 351
348 352
348 353
348 364
349 350
349 351
349 352
349 353
349 528
349 579
350 351
350 352
350 353
351 352
351 353
352 353
354 355
354 356
354 357
354 358
354 359
354 360
354 361
354 362
354 363
355 356
355 357
355 358
355 359
355 360
355 361
355 362
356 357
356 358
356 359
356 360
356 361
356 362
357 358
357 359
357 360
357 361
357 362
358 359
358 360
358 361
358 362
359 360
359 361
359 362
360 361
360 362
361 362
362 364
363 364
363 365
363 366
363 367
363 374
363 384
363 385
363 391
363 401
363 407
363 437
363 473
363 498
363 555
363 715
363 716
364 365
364 366
364 367
364 374
364 375
364 385
364 387
364 392
364 412
364 716
365 366
365 367
366 367
368 369
368 370
368 371
368 372
368 373
368 391
368 485
369 370
369 371
369 372
369 373
369 389
369 392
370 371
370 372
370 373
371 372
371 373
372 373
374 375
374 376
374 377
374 378
374 379
374 713
374 715
374 716
375 376
375 377
375 378
375 379
375 389
375 716
376 377
376 378
376 379
376 392
377 378
377 379
378 379
380 381
380 382
380 383
380 437
381 382
381 383
382 383
383 715
383 716
384 385
384 386
384 387
384 388
384 389
384 390
384 391
384 477
384 715
385 386
385 387
385 388
385 389
385 390
385 392
385 716
386 387
386 388
386 389
386 390
387 388
387 389
387 390
388 389
388 390
388 401
388 423
388 477
388 564
389 390
389 434
391 392
391 393
391 394
391 407
391 417
391 440
391 584
391 610
391 616
391 663
391 746
391 757
392 393
392 394
392 396
392 402
392 406
392 608
392 611
393 394
395 396
395 397
395 398
395 399
395 400
395 407
395 540
395 541
395 542
396 397
396 398
396 399
396 400
396 541
396 542
397 398
397 399
397 400
398 399
398 400
399 400
401 402
401 403
401 404
401 405
401 406
401 540
401 541
401 542
401 766
402 403
402 404
402 405
402 406
402 542
402 768
403 404
403 405
403 406
404 405
404 406
404 452
404 542
405 406
405 489
405 490
407 408
407 409
407 410
407 489
407 841
407 842
408 409
408 410
408 449
408 816
408 842
409 410
409 434
409 446
409 524
409 576
409 841
411 412
411 413
411 414
411 415
411 416
412 413
412 414
412 415
412 416
413 414
413 415
413 416
414 415
414 416
415 416
416 781
417 418
417 419
417 420
417 437
417 675
417 731
418 419
418 420
418 434
418 438
419 420
421 422
421 423
421 424
421 425
421 426
421 427
421 428
422 423
422 424
422 425
422 426
422 427
422 428
423 424
423 425
423 426
423 427
423 428
424 425
424 426
424 427
424 428
425 426
425 427
425 428
426 427
426 428
427 428
429 430
429 431
429 432
430 431
430 432
431 432
433 434
433 435
433 436
433 437
433 438
433 440
433 450
433 540
433 607
433 690
434 435
434 436
434 437
434 438
434 441
434 451
434 534
435 436
437 438
437 439
437 440
438 439
438 441
440 441
440 442
440 443
440 444
440 445
440 446
440 447
440 448
440 449
440 450
440 485
440 489
440 490
440 518
440 528
440 608
440 799
440 800
440 841
441 442
441 443
441 444
441 445
441 446
441 447
441 448
441 449
441 489
441 490
441 495
441 519
441 523
441 525
441 529
441 532
441 800
441 842
442 443
442 444
442 445
442 446
442 447
442 448
442 449
442 492
442 525
443 444
443 445
443 446
443 447
443 448
443 449
444 445
444 446
444 447
444 448
444 449
445 446
445 447
445 448
445 449
445 489
445 490
445 799
446 447
446 448
446 449
446 800
447 448
447 449
448 449
449 715
449 716
449 842
450 451
450 452
450 453
450 457
450 522
450 528
450 529
450 532
450 540
450 718
450 724
450 746
450 761
450 826
450 836
450 842
450 861
451 452
451 453
451 455
451 458
451 470
451 478
451 508
451 528
451 529
451 532
451 542
451 583
451 643
451 719
451 762
452 453
452 458
452 461
452 475
452 492
452 509
452 525
452 528
452 529
452 530
452 532
452 542
452 762
454 455
454 456
454 457
454 458
454 459
454 460
454 461
454 462
454 463
454 464
454 465
454 466
454 746
455 456
455 457
455 458
455 459
455 460
455 461
455 462
455 463
455 464
455 465
455 466
456 457
456 458
456 459
456 460
456 461
456 462
456 463
456 464
456 465
456 466
457 458
457 459
457 460
457 461
457 462
457 463
457 464
457 465
457 466
457 489
457 490
457 528
457 666
457 697
458 459
458 460
458 461
458 462
458 463
458 464
458 465
458 466
458 482
458 490
458 529
458 532
458 550
459 460
459 461
459 462
459 463
459 464
459 465
459 466
460 461
460 462
460 463
460 464
460 465
460 466
461 462
461 463
461 464
461 465
461 466
461 492
461 525
461 532
462 463
462 464
462 465
462 466
463 464
463 465
463 466
464 465
464 466
465 466
467 468
467 469
467 470
467 471
467 472
468 469
468 470
468 471
468 472
468 529
469 470
469 471
469 472
469 528
470 471
470 472
471 472
473 474
473 475
473 476
473 666
474 475
474 476
474 481
474 482
475 476
476 492
476 532
477 478
477 479
477 480
477 528
477 718
477 719
477 729
477 731
477 746
477 780
478 479
478 480
478 486
478 528
478 529
478 719
478 728
478 781
479 480
481 482
481 483
481 484
481 485
481 486
481 489
481 492
481 494
481 513
481 518
481 519
481 522
481 616
481 718
482 483
482 484
482 485
482 486
482 489
482 490
482 492
482 495
482 519
482 523
482 525
483 484
485 486
485 487
485 488
485 489
485 492
485 506
485 513
485 518
485 522
485 541
485 602
485 616
485 788
485 807
485 831
485 861
486 487
486 488
486 489
486 490
486 492
486 495
486 508
486 519
486 523
487 488
489 490
489 491
489 492
489 493
489 494
489 507
489 513
489 518
489 522
489 528
489 642
489 715
490 491
490 492
490 493
490 495
490 508
490 514
490 519
490 523
490 525
490 529
490 643
490 716
491 492
491 493
492 493
492 495
492 510
492 525
492 532
492 818
494 495
494 496
494 497
494 498
494 499
494 518
494 521
494 522
494 523
494 567
494 620
495 496
495 497
495 498
495 499
495 501
495 519
495 523
495 525
496 497
496 498
496 499
497 498
497 499
498 499
500 501
500 528
501 529
502 503
504 505
504 506
504 529
505 506
507 508
507 509
507 510
507 511
507 512
507 522
507 528
508 509
508 510
508 511
508 512
508 529
508 532
509 510
509 511
509 512
510 511
510 512
510 532
511 512
512 528
512 529
512 532
513 514
513 515
513 516
513 517
513 528
514 515
514 516
514 517
514 529
514 532
515 516
515 517
516 517
518 519
518 520
518 521
518 522
518 523
518 524
518 525
518 526
518 746
519 520
519 521
519 522
519 523
519 524
519 525
519 526
520 521
520 522
520 523
520 524
520 525
520 526
520 666
521 522
521 523
521 524
521 525
521 526
522 523
522 524
522 525
522 526
523 524
523 525
523 526
524 525
524 526
525 526
525 532
527 528
527 529
527 532
528 529
528 530
528 531
528 532
528 540
528 731
528 766
529 530
529 531
529 532
529 542
529 732
529 767
530 531
530 532
530 607
531 532
532 542
533 534
533 535
533 536
533 540
533 823
534 535
534 536
534 541
534 542
535 536
537 538
537 539
537 541
537 542
537 545
537 546
537 556
538 539
538 542
540 541
540 542
540 543
540 544
540 545
540 555
540 610
540 616
540 620
540 776
541 542
541 543
541 544
541 545
541 546
541 621
541 691
542 543
542 544
542 558
542 621
543 544
545 546
545 547
545 548
545 549
545 550
545 555
545 616
545 620
545 654
545 688
545 722
546 547
546 548
546 550
546 556
546 620
546 630
546 655
546 682
547 548
549 550
549 551
549 552
549 553
549 554
549 555
549 556
549 567
549 569
549 575
549 642
549 646
549 663
550 551
550 552
550 553
550 554
550 555
550 556
550 558
550 567
550 568
550 570
550 576
550 643
551 552
551 553
551 554
552 553
552 554
553 554
555 556
555 557
555 558
555 559
555 567
555 584
555 610
555 616
555 620
555 642
555 718
555 731
555 757
555 776
555 845
556 557
556 558
556 559
556 568
556 569
556 570
556 585
556 643
556 659
556 691
556 845
557 558
557 559
558 559
560 561
560 562
560 563
560 567
560 568
560 569
560 570
560 620
561 562
561 563
562 563
564 565
564 566
564 567
564 579
565 566
565 570
565 580
565 837
567 568
567 569
567 570
567 571
567 572
567 616
567 620
567 646
567 746
568 569
568 570
568 571
568 572
568 617
568 630
568 747
569 570
569 571
569 572
569 610
569 646
570 571
570 572
570 576
570 579
570 580
570 598
570 647
571 572
573 574
573 575
573 576
573 577
573 578
573 620
574 575
574 576
574 577
574 578
575 576
575 577
575 578
576 577
576 578
576 580
576 817
577 578
579 580
579 581
579 582
580 581
580 582
580 865
581 582
583 832
584 585
584 586
584 587
584 588
584 589
584 590
584 591
584 592
585 586
585 587
585 588
585 589
585 590
585 591
585 592
586 587
586 588
586 589
586 590
586 591
586 592
586 724
587 588
587 589
587 590
587 591
587 592
588 589
588 590
588 591
588 592
589 590
589 591
589 592
590 591
590 592
591 592
593 594
593 595
593 596
593 597
593 598
593 599
593 600
593 607
594 595
594 596
594 597
594 598
594 599
594 600
594 608
595 596
595 597
595 598
595 599
595 600
596 597
596 598
596 599
596 600
597 598
597 599
597 600
598 599
598 600
599 600
601 602
601 603
601 604
601 605
601 606
601 607
601 842
602 603
602 604
602 605
602 606
602 607
602 685
602 836
603 604
603 605
603 606
604 605
604 606
605 606
605 607
607 608
607 609
607 610
607 611
607 616
607 620
607 697
608 609
608 611
608 616
608 842
610 611
610 612
610 613
610 614
610 615
610 636
610 642
610 671
611 612
611 613
611 614
611 615
612 613
612 614
612 615
613 614
613 615
614 615
616 617
616 618
616 619
616 636
616 637
616 642
616 663
616 666
616 718
616 724
616 776
616 826
616 831
616 836
617 618
617 619
617 635
617 636
617 719
617 777
618 619
620 621
620 622
620 636
620 642
620 663
621 622
623 624
623 625
623 626
623 664
623 671
623 672
623 698
624 625
624 626
624 671
625 626
625 697
627 628
627 629
627 630
627 631
627 632
627 642
627 675
628 629
628 630
628 631
628 632
628 672
628 686
629 630
629 631
629 632
630 631
630 632
631 632
633 634
633 637
635 650
635 651
635 654
635 655
635 658
635 659
635 663
635 664
635 665
635 688
635 689
636 637
636 638
636 639
636 642
636 654
636 658
636 663
636 675
637 638
637 639
637 642
637 643
637 654
637 655
637 659
637 663
637 664
637 667
637 676
638 639
640 641
642 643
642 644
642 645
642 646
642 685
642 692
642 746
642 794
642 795
643 644
643 645
643 646
643 647
643 672
643 676
643 686
644 645
646 647
646 648
646 649
646 675
646 676
647 648
647 649
647 676
647 686
648 649
650 651
650 652
650 653
650 663
650 664
651 652
651 653
651 664
652 653
654 655
654 656
654 657
654 663
654 664
654 666
654 667
655 656
655 657
655 664
655 667
656 657
658 659
658 660
658 661
658 662
658 663
658 664
658 666
658 667
658 697
659 660
659 661
659 662
659 664
659 667
659 698
660 661
660 662
661 662
663 664
663 665
663 666
663 667
663 671
663 697
663 861
664 665
664 666
664 667
664 672
664 676
665 666
665 667
666 667
666 671
666 675
666 688
666 796
666 845
667 676
667 713
668 669
668 670
669 670
669 686
671 672
671 673
671 674
671 675
671 676
671 683
671 685
671 688
671 794
671 795
671 799
671 831
672 673
672 674
672 676
672 686
672 689
672 698
672 719
672 832
673 674
675 676
675 677
675 678
675 679
675 680
675 685
675 697
675 715
675 816
676 677
676 678
676 679
676 680
676 686
676 693
676 698
677 678
677 679
677 680
678 679
678 680
679 680
681 682
681 683
681 684
682 683
682 684
682 697
683 684
685 686
685 687
685 688
685 689
685 692
685 794
686 687
686 688
686 689
687 688
687 689
688 689
688 697
688 746
688 799
688 816
689 698
690 691
690 692
690 693
690 694
690 695
690 696
690 697
691 692
691 693
691 694
691 695
691 696
691 698
692 693
692 694
692 695
692 696
692 697
692 794
693 694
693 695
693 696
693 698
694 695
694 696
694 731
694 761
695 696
697 698
697 699
697 700
697 701
697 702
697 703
697 718
698 699
698 700
698 701
698 702
698 719
699 700
699 701
699 702
700 701
700 702
701 702
704 837
705 706
705 730
705 823
705 828
705 832
705 837
707 708
707 709
707 710
707 711
707 776
708 709
708 710
708 711
708 762
709 710
709 711
710 711
712 713
712 714
712 715
712 757
712 822
713 714
713 715
715 716
715 717
715 718
716 717
716 719
718 719
718 720
718 721
718 738
718 739
718 826
719 720
719 721
719 725
719 739
720 721
722 723
722 724
722 725
722 726
722 727
722 728
722 729
722 730
722 731
722 732
722 738
722 746
722 766
723 724
723 725
723 726
723 727
723 728
723 730
723 731
723 732
723 746
723 747
723 767
723 801
723 810
723 820
723 823
724 725
724 726
724 727
724 728
724 735
724 742
724 761
724 776
724 799
724 821
725 726
725 728
725 730
725 732
725 739
725 762
725 766
725 767
725 777
725 800
727 728
727 729
727 730
727 731
727 732
727 746
727 747
727 766
727 804
727 807
728 729
728 730
728 731
728 732
728 746
728 747
728 758
728 767
729 730
729 731
729 746
729 761
729 804
729 821
730 731
730 732
730 746
730 747
730 762
730 828
731 732
731 733
731 746
731 757
731 767
731 836
732 733
732 735
732 746
732 747
732 758
732 768
732 820
734 735
734 736
734 737
734 795
735 736
735 737
735 762
735 767
736 737
738 739
738 740
738 741
738 746
738 799
738 822
738 831
739 740
739 741
739 762
739 767
739 777
739 812
739 817
739 827
739 828
740 741
742 743
742 744
742 745
742 746
742 747
743 744
743 745
743 746
743 747
743 817
743 827
744 745
744 746
744 747
745 746
745 747
746 747
746 780
746 794
746 799
746 811
746 831
746 841
747 795
747 810
747 842
748 749
748 750
748 751
748 752
748 753
748 754
748 766
748 767
748 768
749 750
749 751
749 752
749 753
749 754
750 751
750 752
750 753
750 754
750 762
750 767
750 768
750 812
751 752
751 753
751 754
752 753
752 754
753 754
755 756
755 766
755 767
755 768
755 776
755 777
756 767
756 777
757 758
757 759
757 760
757 761
757 762
757 766
757 767
757 768
757 776
757 777
757 809
757 811
757 816
758 759
758 760
758 762
758 767
758 768
758 777
758 810
759 760
761 762
761 763
761 764
761 765
761 766
761 770
761 776
761 777
761 799
761 811
761 815
761 831
761 836
761 841
761 845
762 763
762 764
762 765
762 766
762 767
762 768
762 770
762 771
762 776
762 777
762 800
762 810
762 812
762 817
762 828
762 832
762 837
763 764
763 765
764 765
765 766
765 767
765 768
765 810
766 767
766 768
766 769
766 776
766 777
766 799
766 809
766 811
766 816
766 822
766 836
767 768
767 769
767 777
767 810
767 820
768 769
768 800
768 812
768 832
770 771
770 772
770 773
770 774
770 775
770 776
770 811
770 816
770 831
770 836
771 772
771 773
771 774
771 775
771 777
771 800
771 812
771 828
771 832
771 837
772 773
772 774
772 775
773 774
773 775
774 775
774 816
776 777
776 778
776 779
776 799
776 804
776 811
776 831
776 836
777 778
777 779
777 800
777 810
777 812
777 817
777 837
778 779
780 781
780 782
780 783
780 784
780 785
780 786
780 787
780 788
780 794
781 782
781 783
781 784
781 785
781 786
781 787
781 788
781 789
781 795
782 783
782 784
782 785
782 786
782 787
782 789
782 795
783 784
783 785
783 786
783 787
784 785
784 786
784 787
785 786
785 787
786 787
788 789
788 790
788 791
788 792
788 793
788 794
789 790
789 791
789 792
789 793
789 795
790 791
790 792
790 793
791 792
791 793
792 793
794 795
794 796
794 797
794 798
795 796
795 797
795 798
796 797
796 798
797 798
799 800
799 801
799 802
799 803
799 809
799 811
799 823
799 831
799 861
800 801
800 802
800 803
800 804
800 805
800 810
800 812
800 823
800 832
800 861
801 802
801 803
802 803
804 805
804 806
804 807
804 808
805 806
805 807
805 808
806 807
806 808
807 808
807 809
807 810
807 811
807 812
808 810
808 812
809 810
809 811
809 812
809 813
809 814
809 815
809 822
810 811
810 812
810 813
810 814
810 815
810 823
810 840
811 812
811 813
811 814
811 815
811 822
811 831
812 813
812 814
812 815
812 832
813 814
813 815
814 815
816 817
816 818
816 819
816 820
816 822
816 823
816 826
816 827
816 828
816 831
816 836
816 841
817 818
817 819
817 820
817 822
817 823
817 826
817 827
817 828
817 832
818 819
820 821
820 822
820 823
820 826
820 827
820 828
821 831
822 823
822 824
822 825
822 826
822 827
822 828
822 831
823 824
823 825
823 826
823 827
823 828
823 832
824 825
826 827
826 828
826 829
826 830
826 831
826 836
827 828
827 829
827 830
827 832
827 837
828 829
828 830
828 837
829 830
831 832
831 833
831 834
831 835
831 836
831 837
831 838
831 839
831 840
831 841
831 861
832 833
832 834
832 835
832 836
832 837
832 838
832 839
832 840
833 834
833 835
833 836
833 837
833 838
833 839
833 840
834 835
834 836
834 837
834 838
834 839
834 840
835 836
835 837
835 838
835 839
835 840
836 837
836 838
836 839
836 840
837 838
837 839
837 840
837 842
838 839
838 840
839 840
841 842
841 843
841 844
841 865
842 843
842 844
843 844
845 846
845 847
846 847
848 849
848 850
848 851
848 852
848 853
848 854
849 850
849 851
849 852
849 853
849 854
850 851
850 852
850 853
850 854
851 852
851 853
851 854
852 853
852 854
853 854
855 856
855 857
855 858
855 859
856 857
856 858
856 859
857 858
857 859
858 859
861 862
861 863
861 864
862 863
862 864
863 864
