0 1
0 2
0 3
0 4
0 5
0 6
0 7
1 2
1 4
1 5
1 6
1 95
1 149
2 3
2 6
2 7
3 4
3 5
3 6
3 7
3 10
3 137
3 146
3 236
4 5
4 9
4 32
4 190
4 236
4 237
5 6
5 7
5 8
5 30
5 32
5 33
5 35
5 40
5 57
5 61
5 78
5 106
5 121
5 136
5 145
5 149
5 162
5 205
5 235
5 236
5 705
5 983
5 1069
6 7
6 8
6 10
6 22
6 33
6 41
6 52
6 122
6 137
6 194
6 236
7 8
7 10
7 54
7 236
9 10
9 11
9 12
10 11
10 12
10 21
10 22
10 26
10 57
11 12
13 14
13 380
15 16
15 17
15 18
15 19
15 20
16 17
16 18
16 19
16 20
16 25
16 31
17 18
17 19
17 20
18 19
18 20
19 20
21 22
21 23
21 24
21 25
21 26
21 32
21 35
21 40
21 56
21 74
21 78
21 674
22 23
22 24
22 25
22 26
22 31
22 33
22 36
22 41
22 57
22 61
22 72
22 74
22 75
22 1149
22 1150
23 24
25 26
25 27
25 28
25 29
25 40
25 60
25 78
25 101
25 205
25 489
25 490
26 27
26 28
26 29
26 31
26 33
26 89
26 92
26 101
26 119
26 126
27 28
27 29
28 29
30 31
30 32
30 33
30 34
30 35
30 40
30 44
30 56
30 74
30 192
30 193
30 194
31 32
31 33
31 34
31 35
31 36
31 56
31 57
31 61
31 192
31 206
31 266
32 33
32 34
32 35
32 56
32 57
32 60
32 61
32 78
32 93
32 95
32 121
32 136
32 145
32 190
32 205
33 34
33 36
33 52
33 56
33 57
33 61
33 75
33 96
33 107
33 192
35 36
35 37
35 38
35 39
35 56
35 60
35 74
35 78
35 79
36 37
36 38
36 39
36 45
36 52
36 57
36 61
36 74
36 78
36 107
36 449
37 38
37 39
38 39
40 41
40 42
40 43
40 44
40 45
40 52
40 54
40 619
41 42
41 43
41 44
41 45
41 52
41 54
41 122
41 146
42 43
44 45
44 46
44 47
44 48
44 49
44 50
44 51
44 52
44 53
44 54
44 55
44 78
44 121
44 145
45 46
45 47
45 48
45 49
45 50
45 51
45 52
45 53
45 54
45 55
45 122
45 146
45 245
45 249
46 47
46 48
46 49
46 50
46 51
46 52
46 53
46 54
46 55
47 48
47 49
47 50
47 51
47 52
47 53
47 54
47 55
48 49
48 50
48 51
48 52
48 53
48 54
48 55
49 50
49 51
49 52
49 53
49 54
49 55
50 51
50 52
50 53
50 54
50 55
51 52
51 53
51 54
51 55
52 53
52 54
52 55
52 61
52 122
52 146
53 54
53 55
54 55
54 122
54 146
56 57
56 58
56 59
56 60
56 61
56 62
56 63
56 74
56 107
56 205
57 58
57 59
57 60
57 61
57 62
57 63
57 75
57 206
58 59
58 60
58 61
58 62
58 63
59 60
59 61
59 62
59 63
60 61
60 62
60 63
60 74
60 95
60 193
60 205
61 62
61 63
61 75
61 96
62 63
64 65
64 66
64 67
64 68
64 69
64 70
64 71
64 1139
65 66
65 67
65 68
65 69
65 70
65 71
66 67
66 68
66 69
66 70
66 71
66 95
67 68
67 69
67 70
67 71
67 1111
68 69
68 70
68 71
69 70
69 71
70 71
72 73
72 74
72 75
72 76
72 77
73 74
73 75
73 76
73 77
74 75
74 76
74 77
74 78
74 79
74 149
74 193
74 218
74 244
74 583
75 76
75 77
75 79
75 107
75 206
75 219
75 243
76 77
78 79
78 80
78 81
78 82
78 95
78 145
79 80
79 81
79 82
79 94
79 96
79 107
79 122
80 81
80 82
81 82
83 84
83 85
83 86
83 87
83 88
83 89
83 90
83 91
83 92
84 85
84 86
84 87
84 88
84 89
84 90
84 91
84 92
85 86
85 87
85 88
85 89
85 90
85 91
85 92
86 87
86 88
86 89
86 90
86 91
86 92
87 88
87 89
87 90
87 91
87 92
88 89
88 90
88 91
88 92
89 90
89 91
89 92
90 91
90 92
91 92
92 93
92 94
92 95
92 96
92 1139
93 94
93 95
93 96
93 97
93 98
93 99
93 145
93 158
93 193
93 197
93 205
93 206
93 1103
94 95
94 96
94 97
94 98
94 99
94 107
94 122
94 137
94 146
94 158
94 159
94 194
94 197
94 205
95 96
95 97
95 98
95 99
95 106
95 143
95 158
95 197
95 205
95 244
95 248
96 97
96 98
96 99
96 106
96 122
96 158
96 197
96 205
96 206
97 98
97 99
98 99
100 101
100 102
100 103
100 104
100 105
100 106
100 1079
101 102
101 103
101 104
101 105
101 1082
102 103
102 104
102 105
103 104
103 105
104 105
106 107
106 108
106 109
106 117
106 233
106 674
107 108
107 109
107 117
107 118
108 109
110 111
110 112
110 113
110 114
110 115
110 116
110 117
110 118
111 112
111 113
111 114
111 115
111 116
111 117
111 118
112 113
112 114
112 115
112 116
112 117
112 118
113 114
113 115
113 116
113 117
113 118
114 115
114 116
114 117
114 118
115 116
115 117
115 118
116 117
116 118
117 118
119 120
121 122
121 123
121 124
121 125
121 126
121 136
121 145
121 146
121 193
121 205
122 123
122 124
122 125
122 126
122 137
122 146
123 124
123 125
123 126
124 125
124 126
125 126
125 137
126 136
127 128
127 129
127 130
127 131
127 132
127 133
127 134
127 135
127 145
127 149
127 162
127 193
127 242
128 129
128 130
128 131
128 132
128 133
128 134
128 135
128 146
128 150
128 157
128 163
128 194
128 206
128 245
128 249
129 130
129 131
129 132
129 133
129 134
129 135
130 131
130 132
130 133
130 134
130 135
131 132
131 133
131 134
131 135
131 192
132 133
132 134
132 135
132 137
133 134
133 135
134 135
136 137
136 138
136 139
136 140
136 141
136 145
136 167
136 193
136 242
136 244
136 245
136 248
136 249
137 138
137 139
137 140
137 141
137 146
137 157
137 206
138 139
138 140
139 140
140 1085
141 142
141 143
141 144
141 193
142 143
142 144
143 144
145 146
145 147
145 148
145 149
145 162
145 173
145 192
145 205
146 147
146 148
146 150
146 157
146 163
146 206
147 148
149 150
149 151
149 152
149 153
149 156
149 157
149 162
149 205
149 209
149 242
149 243
149 244
149 245
149 248
149 249
150 151
150 152
150 153
150 156
150 157
150 206
150 210
150 242
151 152
151 153
152 153
154 155
154 156
154 157
155 156
156 157
156 158
156 169
156 192
156 193
156 209
156 242
156 243
156 244
156 245
156 248
156 249
157 194
157 206
157 242
157 243
157 245
157 249
158 159
158 160
158 161
158 162
158 163
158 205
158 206
158 1081
159 160
159 161
160 161
162 163
162 164
162 165
162 166
162 205
162 209
162 242
162 244
162 248
162 249
163 164
163 165
163 166
163 193
163 194
163 198
163 206
163 210
163 243
163 245
163 249
164 165
164 166
165 166
167 168
167 255
167 256
168 256
169 170
169 171
169 172
169 218
169 258
170 171
170 172
170 257
170 261
171 172
173 174
173 175
173 176
173 177
173 178
173 179
173 180
173 181
173 182
173 346
173 347
173 1125
174 175
174 176
174 177
174 178
174 179
174 180
174 181
174 182
174 343
174 347
174 1125
175 176
175 177
175 178
175 179
175 180
175 181
175 182
175 545
175 928
176 177
176 178
176 179
176 180
176 181
176 182
177 178
177 179
177 180
177 181
177 182
178 179
178 180
178 181
178 182
179 180
179 181
179 182
180 181
180 182
181 182
183 184
183 185
183 186
183 187
183 188
183 189
183 190
183 191
184 185
184 186
184 187
184 188
184 189
184 190
184 191
185 186
185 187
185 188
185 189
185 190
185 191
186 187
186 188
186 189
186 190
186 191
187 188
187 189
187 190
187 191
188 189
188 190
188 191
189 190
189 191
190 191
192 193
192 194
192 195
192 196
192 197
193 194
193 195
193 196
193 583
194 195
194 196
194 206
194 584
195 196
197 198
197 199
197 200
197 201
197 202
197 203
197 204
197 205
197 206
198 199
198 200
198 201
198 202
198 203
198 204
198 243
198 245
198 249
199 200
199 201
199 202
199 203
199 204
200 201
200 202
200 203
200 204
201 202
201 203
201 204
202 203
202 204
203 204
205 206
205 207
205 208
205 216
206 207
206 208
206 210
206 216
206 219
207 208
209 210
209 211
209 212
209 213
209 214
209 215
210 211
210 212
210 213
210 214
210 215
211 212
211 213
211 214
211 215
212 213
212 214
212 215
213 214
213 215
214 215
216 217
216 218
216 219
216 220
216 221
216 222
216 223
216 224
216 229
216 233
216 235
216 251
217 218
217 219
217 220
217 221
217 222
217 223
217 224
218 219
218 220
218 221
218 222
218 223
218 224
218 229
218 237
218 248
219 220
219 221
219 222
219 223
219 224
219 230
219 233
219 235
219 236
219 252
220 221
220 222
220 223
220 224
221 222
221 223
221 224
221 248
222 223
222 224
223 224
225 226
225 227
225 228
225 229
225 230
225 231
225 232
225 233
225 234
226 227
226 228
226 229
226 230
226 231
226 232
226 233
226 234
227 228
227 229
227 230
227 231
227 232
227 233
227 234
228 229
228 230
228 231
228 232
228 233
228 234
229 230
229 231
229 232
229 233
229 234
230 231
230 232
230 233
230 234
230 249
231 232
231 233
231 234
232 233
232 234
233 234
234 258
235 236
235 237
235 238
235 239
235 240
235 241
236 237
236 238
236 239
236 240
236 241
237 238
237 239
237 240
237 241
238 239
238 240
238 241
239 240
239 241
240 241
240 261
242 243
242 244
242 245
242 246
242 247
242 248
242 249
242 250
242 251
242 255
243 244
243 245
243 246
243 247
243 248
243 249
243 250
243 252
243 256
243 257
244 245
244 246
244 247
244 248
244 249
244 250
245 246
245 247
245 248
245 249
245 250
246 247
246 248
246 249
246 250
247 248
247 249
247 250
248 249
248 250
248 251
249 250
249 257
249 261
251 252
251 271
251 300
251 301
251 303
251 315
251 329
251 355
251 888
252 262
252 301
252 303
252 304
252 316
252 355
252 356
252 1145
253 254
253 255
253 256
253 257
253 258
253 261
255 256
255 257
255 258
255 259
255 260
255 261
255 282
255 283
255 404
256 257
256 258
256 259
256 260
256 261
256 282
256 283
257 258
257 259
257 260
257 261
257 283
258 259
258 260
258 261
258 282
258 1081
259 260
259 261
260 261
261 282
261 283
262 263
262 264
262 265
262 266
262 273
262 274
262 275
262 279
262 280
262 287
262 291
262 316
263 264
265 266
265 267
265 268
265 269
265 270
266 267
266 268
266 269
266 270
267 268
267 269
267 270
268 269
268 270
269 270
271 275
272 273
272 274
272 276
272 278
272 296
272 418
272 422
272 1113
273 274
273 275
273 276
273 277
273 279
273 295
273 297
273 418
273 419
273 422
273 423
273 1113
274 275
274 276
274 280
274 295
274 296
274 297
274 315
274 316
274 327
274 328
274 331
274 332
274 343
274 356
275 276
275 277
275 280
275 295
275 297
276 277
276 278
276 279
276 295
276 296
276 334
276 583
276 734
276 807
276 1019
277 279
277 295
277 297
277 734
277 807
277 808
278 279
278 280
278 281
278 1137
279 280
279 281
279 356
280 281
282 283
282 284
282 285
283 284
283 285
284 285
286 287
286 288
286 289
286 290
286 355
287 288
287 289
287 290
287 332
288 289
288 290
289 290
291 292
291 293
291 294
291 296
291 1019
292 293
292 294
292 295
292 296
293 294
293 297
293 438
295 296
295 297
295 298
295 299
295 301
295 306
295 879
295 880
296 297
296 298
296 299
296 300
296 318
296 879
296 1019
296 1103
296 1139
297 298
297 299
297 301
297 347
297 879
297 880
298 299
300 301
300 302
300 303
300 304
300 305
300 310
300 329
300 1137
301 302
301 303
301 304
301 306
301 307
301 308
301 311
301 332
302 303
302 304
303 304
303 334
303 335
303 1124
304 882
304 883
305 306
305 307
305 308
305 309
305 310
305 311
305 334
305 340
305 891
306 307
306 308
306 309
306 310
306 311
306 335
306 340
306 880
307 308
307 309
307 310
307 311
307 335
307 340
307 1125
308 309
308 310
308 311
308 335
308 340
308 347
308 1125
309 310
309 311
310 311
310 340
310 725
310 728
310 904
310 909
311 335
311 340
312 313
312 314
312 1103
312 1144
313 314
313 331
315 316
315 317
315 335
316 317
316 335
318 319
318 320
318 355
318 356
318 583
318 1111
319 320
319 1111
319 1138
321 322
321 331
322 330
323 324
323 325
323 326
324 325
324 326
324 343
324 347
324 1138
325 326
327 328
327 329
327 330
327 331
327 332
327 350
327 386
327 387
328 330
328 332
328 351
328 387
329 330
329 331
329 332
329 333
329 334
329 335
329 338
329 346
329 350
329 355
329 386
329 387
330 331
330 332
330 333
330 335
330 351
330 356
331 332
331 333
331 334
331 342
331 350
331 363
332 333
332 335
332 340
332 351
333 335
334 335
334 336
334 337
334 338
334 339
334 342
334 346
334 350
334 355
334 1128
335 336
335 337
335 338
335 339
335 342
335 343
335 346
335 347
335 351
335 356
335 438
335 630
335 1129
336 337
336 338
336 339
337 338
337 339
338 339
340 341
342 343
342 344
342 345
342 346
342 347
342 355
342 629
342 630
342 795
342 796
342 1103
343 344
343 345
343 346
343 347
343 351
343 356
343 1103
344 345
346 347
346 348
346 349
346 350
346 795
346 796
346 1006
346 1137
347 348
347 349
347 351
347 356
347 380
347 1138
348 349
350 351
350 352
350 353
350 354
350 355
350 359
350 360
350 655
350 674
350 1081
351 352
351 353
351 354
351 356
351 656
351 675
352 353
352 354
353 354
355 356
355 357
355 358
355 360
356 357
356 358
356 360
357 358
359 360
361 362
361 363
361 364
361 365
361 366
361 373
361 680
362 363
362 364
362 365
362 366
362 373
362 374
362 379
362 436
362 681
363 364
363 365
363 366
363 373
364 365
364 366
365 366
367 368
367 369
367 370
367 371
367 372
367 1124
367 1144
368 369
368 370
368 371
368 372
368 374
369 370
369 371
369 372
370 371
370 372
371 372
372 373
372 374
372 379
373 374
373 375
373 376
373 377
373 378
373 379
373 380
373 674
373 969
373 1049
373 1112
374 375
374 376
374 377
374 378
374 379
374 380
374 383
374 669
374 670
374 675
374 678
375 376
375 377
375 378
375 379
376 377
376 378
376 379
377 378
377 379
378 379
379 380
379 381
379 675
379 693
380 381
380 382
380 383
380 423
380 675
380 678
380 1116
382 383
382 384
382 385
382 442
382 674
382 1103
383 384
383 385
383 668
383 669
383 670
383 675
383 1145
384 385
386 387
386 388
386 389
386 390
386 395
386 500
386 655
386 658
387 388
387 389
387 391
387 655
387 656
387 658
387 659
388 389
390 391
390 392
390 393
390 394
390 395
390 396
390 411
390 422
390 437
390 442
390 467
390 475
390 500
390 658
390 905
390 1060
390 1079
391 392
391 393
391 394
391 395
391 396
391 400
391 412
391 423
391 467
391 643
391 644
391 655
391 656
391 1060
391 1066
391 1067
392 393
392 394
392 395
392 396
393 394
393 395
393 396
394 395
394 396
395 396
397 398
397 399
397 400
397 401
397 402
397 403
397 404
397 405
397 406
397 407
397 408
397 409
397 410
398 399
398 400
398 401
398 402
398 403
398 404
398 405
398 406
398 407
398 408
398 409
398 410
399 400
399 401
399 402
399 403
399 404
399 405
399 406
399 407
399 408
399 409
399 410
400 401
400 402
400 403
400 404
400 405
400 406
400 407
400 408
400 409
400 410
400 438
400 644
401 402
401 403
401 404
401 405
401 406
401 407
401 408
401 409
401 410
402 403
402 404
402 405
402 406
402 407
402 408
402 409
402 410
403 404
403 405
403 406
403 407
403 408
403 409
403 410
404 405
404 406
404 407
404 408
404 409
404 410
404 1081
405 406
405 407
405 408
405 409
405 410
406 407
406 408
406 409
406 410
407 408
407 409
407 410
408 409
408 410
409 410
411 412
411 413
411 422
411 433
411 437
411 442
411 467
412 413
412 422
412 423
412 434
412 438
412 443
414 415
414 583
415 423
416 417
416 422
417 423
417 1007
418 419
418 420
418 421
418 423
419 420
419 421
419 423
420 421
422 423
422 424
422 425
422 426
422 427
422 433
422 435
422 437
422 442
422 629
422 630
422 638
422 1134
423 424
423 425
423 426
423 427
423 438
423 443
423 449
423 630
424 425
424 426
424 427
425 426
425 427
426 427
428 429
428 430
428 431
428 432
428 433
428 434
429 430
429 431
429 432
429 433
429 434
429 438
430 431
430 432
430 433
430 434
431 432
431 433
431 434
432 433
432 434
433 434
433 435
433 436
433 437
433 442
433 443
433 674
434 438
434 443
435 436
435 437
435 438
435 439
435 440
435 441
435 442
435 443
435 444
435 467
435 540
435 1112
436 437
436 438
436 439
436 440
436 441
436 442
436 443
436 445
436 449
436 468
436 481
436 490
436 541
436 610
437 438
437 439
437 440
437 441
437 442
437 443
437 873
438 439
438 440
438 441
438 442
438 443
438 445
438 469
438 874
439 440
439 441
439 442
439 443
440 441
440 442
440 443
441 442
441 443
442 443
443 447
444 445
444 446
444 447
444 448
444 449
445 446
445 447
445 448
445 449
446 447
446 448
446 611
446 1137
447 448
447 594
447 597
447 602
447 611
447 612
449 450
449 451
449 519
449 520
449 610
449 1104
450 451
452 453
452 454
452 593
453 454
453 593
453 594
455 456
455 457
455 458
455 459
455 460
455 480
455 489
455 493
455 540
455 545
455 661
455 667
456 457
456 458
456 459
456 460
456 494
456 541
456 546
457 458
457 459
457 460
458 459
458 460
459 460
461 462
461 463
461 464
461 465
461 466
461 467
461 540
461 541
461 545
461 583
462 463
462 464
462 465
462 466
462 468
462 469
462 541
462 546
463 464
463 465
463 466
464 465
464 466
465 466
467 468
467 469
467 470
467 471
467 475
467 476
467 485
467 489
467 493
467 500
467 501
467 504
467 513
467 540
467 545
467 601
467 900
468 469
468 470
468 471
468 472
468 475
468 476
468 481
468 490
468 494
468 501
468 540
468 541
468 546
468 547
468 549
469 470
469 472
469 475
469 476
469 486
469 506
469 541
469 546
469 552
469 569
471 472
471 473
471 474
471 480
471 481
471 485
471 489
471 493
471 515
471 518
471 540
471 715
471 785
472 473
472 474
472 476
472 480
472 481
472 485
472 486
472 489
472 490
472 493
472 506
472 517
472 541
473 474
475 476
475 477
475 478
475 479
475 480
475 489
475 493
475 500
475 504
475 517
475 540
475 721
476 477
476 478
476 479
476 481
476 490
476 494
476 501
476 505
476 546
477 478
477 479
478 479
480 481
480 482
480 483
480 484
480 489
480 493
480 494
480 497
480 504
480 513
480 540
480 575
480 583
480 811
480 891
481 482
481 483
481 484
481 485
481 486
481 489
481 490
481 493
481 494
481 497
481 498
482 483
482 484
483 484
485 486
485 487
485 488
485 489
485 490
485 493
485 494
485 596
485 742
485 814
485 859
485 1028
486 487
486 488
486 490
486 494
487 488
489 490
489 491
489 492
489 493
489 494
489 497
489 501
489 517
489 705
489 1128
490 491
490 492
490 493
490 494
490 497
490 498
490 501
490 517
491 492
493 494
493 495
493 496
493 497
494 495
494 496
494 497
494 498
495 496
497 498
497 499
497 811
498 499
498 811
500 501
500 502
500 503
500 504
500 513
500 551
500 556
500 588
501 502
501 503
501 505
501 506
501 513
501 514
501 541
502 503
504 505
504 506
504 507
504 548
504 798
505 506
505 508
505 798
505 799
506 508
506 540
506 798
506 799
506 933
506 963
507 508
507 509
507 510
507 511
507 512
508 509
508 510
508 511
508 512
509 510
509 511
509 512
510 511
510 512
511 512
513 514
513 515
513 516
513 521
513 540
513 542
513 558
513 661
513 866
513 1067
514 515
514 516
515 516
517 518
517 814
517 815
518 764
518 765
519 520
519 521
519 522
519 523
519 524
519 768
519 769
519 1019
519 1020
520 521
520 522
520 523
520 524
521 522
521 523
521 524
521 742
521 999
522 523
522 524
522 765
523 524
525 526
525 527
525 528
525 529
525 530
525 531
525 532
525 533
525 534
525 535
525 536
525 537
525 538
525 539
525 768
525 769
526 527
526 528
526 529
526 530
526 531
526 532
526 533
526 534
526 535
526 536
526 537
526 538
526 539
526 557
526 769
527 528
527 529
527 530
527 531
527 532
527 533
527 534
527 535
527 536
527 537
527 538
527 539
528 529
528 530
528 531
528 532
528 533
528 534
528 535
528 536
528 537
528 538
528 539
529 530
529 531
529 532
529 533
529 534
529 535
529 536
529 537
529 538
529 539
530 531
530 532
530 533
530 534
530 535
530 536
530 537
530 538
530 539
531 532
531 533
531 534
531 535
531 536
531 537
531 538
531 539
532 533
532 534
532 535
532 536
532 537
532 538
532 539
533 534
533 535
533 536
533 537
533 538
533 539
534 535
534 536
534 537
534 538
534 539
535 536
535 537
535 538
535 539
536 537
536 538
536 539
537 538
537 539
538 539
539 566
539 567
539 569
540 541
540 542
540 543
540 544
540 545
540 548
540 566
540 667
540 866
540 900
541 542
541 543
541 544
541 546
541 552
542 543
542 544
543 544
545 546
545 547
545 548
545 551
545 923
546 547
546 548
546 549
548 549
548 550
548 551
548 554
549 550
549 555
551 552
551 553
551 554
551 556
551 557
551 558
551 562
551 566
551 567
551 713
551 746
551 828
552 553
552 554
552 555
552 557
552 559
552 562
552 563
552 567
552 569
552 582
552 584
552 606
553 554
553 555
553 559
554 555
554 556
554 557
554 558
554 566
554 866
555 556
555 557
555 558
555 559
555 866
555 867
556 557
556 558
556 562
556 583
557 559
557 562
557 563
557 567
557 569
558 559
558 560
558 561
558 562
558 566
558 579
558 661
559 560
559 561
559 563
559 567
559 569
559 572
560 561
562 563
562 564
562 565
562 566
562 661
562 746
563 564
563 565
563 567
563 569
563 584
563 602
564 565
566 567
566 568
566 569
566 570
566 596
566 855
566 859
566 860
567 568
567 569
567 570
567 743
567 856
567 860
568 569
568 570
569 570
569 747
569 856
569 859
569 860
570 859
570 860
570 866
570 867
570 871
570 872
570 873
570 874
570 875
570 876
571 572
571 573
571 574
571 583
571 596
571 768
572 573
572 574
572 582
572 584
572 738
572 739
572 743
572 769
573 574
576 577
576 578
576 579
576 580
576 596
576 738
576 739
576 743
576 764
577 578
577 579
577 580
577 584
577 597
577 738
577 739
577 743
577 764
577 765
577 1129
578 579
578 580
579 580
579 583
579 596
579 597
579 601
579 871
580 583
580 597
580 601
581 582
581 583
581 584
581 597
581 601
581 605
581 606
581 609
581 650
581 725
581 744
581 746
581 764
581 790
581 791
582 583
582 584
582 597
582 601
582 602
582 606
582 764
582 765
582 791
583 584
583 585
583 586
583 587
583 593
583 596
583 597
583 601
583 602
583 605
583 606
583 609
583 650
583 729
583 738
583 739
583 746
583 790
583 791
583 866
583 867
583 1000
583 1090
584 585
584 586
584 587
584 596
584 597
584 601
584 602
584 606
584 609
584 626
584 738
584 790
584 791
584 1082
585 586
585 587
586 587
588 589
588 590
588 591
588 592
588 814
589 590
589 591
589 592
590 591
590 592
591 592
593 594
593 595
593 611
593 614
593 708
593 825
593 828
593 900
594 595
594 611
594 612
594 616
594 825
594 828
596 597
596 598
596 599
596 600
596 601
596 602
596 603
596 604
596 605
596 606
596 607
596 608
596 609
596 610
596 639
597 598
597 599
597 600
597 601
597 602
597 603
597 604
597 605
597 606
597 607
597 608
597 609
597 610
597 626
598 599
598 600
598 601
598 602
598 603
598 604
598 605
598 606
598 607
598 608
598 609
598 610
599 600
599 601
599 602
599 603
599 604
599 605
599 606
599 607
599 608
599 609
599 610
600 601
600 602
600 603
600 604
600 605
600 606
600 607
600 608
600 609
600 610
601 602
601 603
601 604
601 605
601 606
601 607
601 608
601 609
601 610
601 626
601 792
602 603
602 604
602 605
602 606
602 607
602 608
602 609
602 610
602 626
603 604
603 605
603 606
603 607
603 608
603 609
603 610
604 605
604 606
604 607
604 608
604 609
604 610
605 606
605 607
605 608
605 609
605 610
605 616
605 728
606 607
606 608
606 609
606 610
606 616
607 608
607 609
607 610
608 609
608 610
609 610
609 790
609 791
609 871
611 612
611 613
611 625
611 626
612 613
612 626
612 872
614 615
614 616
614 617
614 618
614 875
615 616
615 617
615 618
615 875
615 876
616 617
616 618
617 618
617 644
619 620
619 621
619 622
619 623
619 624
619 873
619 1088
620 621
620 622
620 623
620 624
621 622
621 623
621 624
621 629
621 630
621 873
621 874
621 875
622 623
622 624
622 630
622 871
622 872
622 873
622 874
622 875
622 876
623 624
625 626
625 627
625 628
626 627
626 628
626 876
627 628
629 630
629 631
629 632
629 638
629 795
629 1052
630 631
630 632
630 638
630 795
630 1052
631 632
633 634
633 635
633 636
633 637
633 638
634 635
634 636
634 637
634 638
635 636
635 637
635 638
636 637
636 638
637 638
639 640
639 641
639 642
639 873
639 1112
640 641
640 642
641 642
641 944
643 644
643 658
643 666
644 650
644 651
644 658
645 646
645 647
645 648
645 649
645 650
645 651
645 652
645 653
645 654
645 696
645 697
646 647
646 648
646 649
646 650
646 651
646 652
646 653
646 654
646 697
647 648
647 649
647 650
647 651
647 652
647 653
647 654
648 649
648 650
648 651
648 652
648 653
648 654
649 650
649 651
649 652
649 653
649 654
650 651
650 652
650 653
650 654
651 652
651 653
651 654
652 653
652 654
653 654
654 697
655 656
655 657
655 661
655 690
655 721
656 657
658 659
658 660
658 667
658 668
658 670
658 999
659 660
659 667
659 668
659 669
659 1000
660 696
661 662
661 663
661 664
661 665
661 744
661 845
661 1028
662 663
662 664
663 664
665 666
667 668
667 669
667 670
667 671
667 672
667 673
667 725
668 669
668 670
668 671
668 672
668 673
668 675
668 872
669 670
669 671
669 672
669 673
670 671
670 672
670 673
670 696
670 697
671 672
671 673
672 673
674 675
674 676
674 677
674 678
674 679
674 700
674 725
674 882
674 999
674 1000
674 1011
674 1019
674 1097
674 1137
675 676
675 677
675 678
675 679
675 995
675 1000
675 1012
676 677
676 678
676 679
677 678
677 679
678 679
680 681
680 682
680 683
680 684
680 690
680 691
680 995
680 1060
680 1088
681 682
681 683
681 684
681 690
681 691
681 995
681 1061
681 1067
682 683
682 684
683 684
683 1068
685 686
685 687
685 688
685 689
686 687
686 688
686 689
687 688
687 689
687 690
687 871
687 872
687 1085
687 1104
687 1137
688 689
688 1088
689 883
690 691
690 692
690 693
690 694
690 721
690 994
691 692
691 693
691 694
691 709
691 995
691 1048
691 1138
692 693
692 694
693 694
695 1020
696 697
696 698
696 699
696 700
696 704
696 906
696 927
697 698
697 699
697 700
697 704
698 699
698 700
699 700
701 702
701 703
701 1085
702 703
703 1068
705 706
705 707
705 708
706 707
706 743
706 1007
708 709
708 710
708 711
708 712
708 714
708 717
708 729
708 909
709 710
709 711
709 712
709 714
709 717
709 726
709 730
709 1011
709 1012
710 711
710 712
711 712
713 714
713 715
713 716
713 721
713 725
713 729
713 730
713 882
713 926
713 928
713 958
714 715
714 716
714 722
714 725
714 726
714 730
714 882
714 883
714 959
715 716
717 718
717 719
717 720
717 722
717 725
717 729
717 926
717 928
717 958
717 1024
718 719
718 720
718 722
718 726
718 730
718 876
719 720
721 722
721 723
721 724
721 725
721 726
721 729
721 730
721 923
721 994
721 995
722 723
722 724
722 725
722 926
722 962
722 963
722 989
722 992
722 1000
722 1138
723 724
725 726
725 727
725 728
725 729
725 730
725 731
725 903
725 909
725 1028
726 727
726 728
726 729
726 730
726 731
726 900
726 901
726 903
726 962
726 1000
727 728
727 729
727 730
727 731
728 729
728 730
728 731
729 730
729 731
730 731
730 1000
732 883
733 734
733 735
733 736
733 737
734 735
734 736
734 737
735 736
735 737
736 737
738 739
738 740
738 741
738 742
738 743
738 860
738 867
739 740
739 741
739 742
739 743
739 859
739 860
739 867
739 873
739 874
740 741
740 742
740 743
741 742
741 743
742 743
743 747
743 859
743 860
743 866
743 867
744 745
744 746
744 747
744 748
744 749
744 750
744 866
744 867
744 871
745 746
745 747
745 748
745 749
745 750
745 859
745 860
745 866
745 867
745 872
746 747
746 748
746 749
746 750
746 859
747 748
747 749
747 750
747 858
747 860
748 749
748 750
749 750
751 752
751 753
751 754
751 755
751 756
751 757
752 753
752 754
752 755
752 756
752 757
753 754
753 755
753 756
753 757
753 768
753 790
754 755
754 756
754 757
754 769
754 791
755 756
755 757
756 757
758 759
758 760
758 761
758 762
758 763
758 768
758 769
758 790
758 871
759 760
759 761
759 762
759 763
759 768
759 769
759 791
760 761
760 762
760 763
761 762
761 763
762 763
764 765
764 766
764 767
764 768
764 814
764 815
764 826
764 829
764 830
764 839
764 859
764 962
764 1066
765 766
765 767
765 768
765 769
765 815
765 827
765 830
765 839
766 767
768 769
768 770
768 771
768 814
768 815
769 770
769 771
769 814
769 815
770 771
772 773
772 774
772 775
773 774
773 775
773 819
773 820
773 829
774 775
774 819
774 820
774 830
776 777
776 778
776 779
776 780
776 781
776 782
777 778
777 779
777 780
777 781
777 782
778 779
778 780
778 781
778 782
779 780
779 781
779 782
780 781
780 782
781 782
782 1090
783 784
783 785
783 786
783 819
783 820
784 785
784 786
784 819
784 820
785 786
787 788
787 789
787 819
787 820
788 789
788 819
788 820
790 791
790 792
790 814
790 815
791 792
791 814
791 815
793 794
793 795
794 795
794 796
795 796
795 797
796 797
798 799
799 800
799 801
800 801
800 802
800 803
800 804
800 805
800 806
800 807
800 808
800 875
800 876
801 802
801 803
801 804
801 805
801 806
801 808
802 803
802 804
802 805
802 806
802 1068
803 804
803 805
803 806
804 805
804 806
805 806
807 808
807 809
807 810
807 811
808 809
808 810
808 811
809 810
811 812
811 813
812 813
814 815
814 816
814 817
814 818
814 859
815 816
815 817
815 818
815 819
815 820
816 817
816 818
817 818
819 820
819 821
819 822
819 823
819 824
819 1138
820 821
820 822
820 823
820 824
820 1138
821 822
821 823
821 824
822 823
822 824
823 824
825 826
825 827
825 828
826 827
826 828
827 828
829 830
829 831
829 832
829 838
829 882
829 923
829 1103
829 1124
830 831
830 832
830 833
830 839
830 921
830 922
830 923
830 1103
830 1104
830 1112
830 1140
832 833
832 834
832 835
832 836
832 837
833 834
833 835
833 836
833 837
834 835
834 836
834 837
835 836
835 837
836 837
838 839
838 840
838 841
838 866
838 867
839 840
839 841
839 866
839 867
840 841
842 843
842 844
842 845
842 846
843 844
843 845
843 846
844 845
844 846
845 846
847 848
847 849
847 850
847 851
847 852
847 853
847 854
847 1124
847 1128
847 1129
847 1137
848 849
848 850
848 851
848 852
848 853
848 854
848 1125
848 1138
849 850
849 851
849 852
849 853
849 854
850 851
850 852
850 853
850 854
851 852
851 853
851 854
852 853
852 854
853 854
855 856
855 857
855 858
856 857
856 858
856 860
857 858
858 859
858 860
859 860
859 861
859 862
859 863
859 866
859 867
859 869
859 871
859 908
860 861
860 862
860 863
860 866
860 867
860 869
860 871
860 908
861 862
861 863
862 863
864 865
864 866
864 867
866 867
866 868
866 869
866 870
866 871
866 872
866 873
866 874
866 875
866 876
867 868
867 869
867 870
867 871
867 872
867 875
867 876
868 869
868 870
869 870
871 872
871 873
871 874
871 875
871 876
871 1085
872 873
872 874
872 875
872 876
873 874
873 875
873 876
874 875
874 876
875 876
875 877
875 878
876 877
876 878
877 878
879 880
879 881
879 1069
880 881
882 883
882 884
882 885
882 886
882 887
882 888
882 889
882 890
882 962
882 983
883 884
883 885
883 886
883 887
883 888
883 889
883 890
883 951
883 983
883 984
884 885
884 886
884 887
884 888
884 889
884 890
884 1081
885 886
885 887
885 888
885 889
885 890
886 887
886 888
886 889
886 890
887 888
887 889
887 890
888 889
888 890
888 992
888 1066
888 1085
889 890
889 903
889 948
891 892
891 893
891 894
891 895
891 896
891 897
891 900
892 893
892 894
892 895
892 896
892 897
892 922
893 894
893 895
893 896
893 897
894 895
894 896
894 897
895 896
895 897
896 897
897 900
897 943
898 899
898 900
898 903
898 942
899 903
900 901
900 902
900 909
901 903
902 903
902 904
902 905
902 909
902 923
902 926
902 944
902 999
902 1028
903 904
903 938
903 1042
905 906
905 907
905 908
905 909
905 910
905 911
905 912
905 913
905 914
905 915
905 916
905 917
905 918
905 919
905 920
905 944
905 958
905 1028
906 907
906 908
906 909
906 910
906 911
906 912
906 913
906 914
906 915
906 916
906 917
906 918
906 919
906 920
906 921
906 922
906 926
906 928
906 943
906 948
906 959
907 908
907 909
907 910
907 911
907 912
907 913
907 914
907 915
907 916
907 917
907 918
907 919
907 920
908 909
908 910
908 911
908 912
908 913
908 914
908 915
908 916
908 917
908 918
908 919
908 920
909 910
909 911
909 912
909 913
909 914
909 915
909 916
909 917
909 918
909 919
909 920
910 911
910 912
910 913
910 914
910 915
910 916
910 917
910 918
910 919
910 920
910 921
911 912
911 913
911 914
911 915
911 916
911 917
911 918
911 919
911 920
912 913
912 914
912 915
912 916
912 917
912 918
912 919
912 920
913 914
913 915
913 916
913 917
913 918
913 919
913 920
914 915
914 916
914 917
914 918
914 919
914 920
915 916
915 917
915 918
915 919
915 920
915 1068
916 917
916 918
916 919
916 920
917 918
917 919
917 920
918 919
918 920
919 920
920 1028
921 922
921 923
921 924
921 925
921 926
921 937
921 938
922 923
922 924
922 925
922 926
922 928
922 948
922 959
923 924
923 925
923 944
923 994
924 925
926 927
926 928
926 943
926 958
926 959
926 963
927 928
928 958
928 959
928 962
929 930
929 931
929 932
929 933
929 934
929 935
929 936
929 942
929 944
929 1024
929 1028
930 931
930 932
930 933
930 934
930 935
930 936
930 943
931 932
931 933
931 934
931 935
931 936
931 944
931 1028
932 933
932 934
932 935
932 936
933 934
933 935
933 936
934 935
934 936
935 936
936 1079
937 938
937 939
937 940
937 941
937 942
937 944
937 967
938 939
938 940
938 941
938 942
938 943
938 959
939 940
939 941
939 959
940 941
942 943
942 944
942 945
942 946
942 947
943 944
943 945
943 946
943 947
943 948
944 945
944 946
944 947
944 958
944 994
945 946
945 947
946 947
948 949
948 951
950 951
950 952
950 953
950 954
950 955
950 956
950 957
950 1028
950 1029
951 952
951 953
951 954
951 955
951 956
951 957
951 1029
952 953
952 954
952 955
952 956
952 957
953 954
953 955
953 956
953 957
954 955
954 956
954 957
954 1024
955 956
955 957
956 957
956 1140
958 959
958 960
958 961
958 962
958 963
958 966
958 967
958 972
958 973
958 978
959 960
959 961
959 963
959 966
959 968
960 961
962 963
962 964
962 965
962 967
963 964
963 965
963 968
964 965
966 967
966 968
966 969
966 970
966 971
966 972
966 973
966 980
966 1019
966 1028
966 1029
967 968
967 969
967 970
967 971
967 972
967 1024
967 1028
967 1036
968 969
968 970
968 971
968 973
968 980
968 981
968 1020
968 1024
968 1025
969 970
969 971
970 971
972 973
972 974
972 975
972 976
972 1019
972 1024
972 1028
972 1036
972 1037
973 974
973 975
973 976
973 1020
973 1025
973 1028
973 1029
973 1037
974 975
974 976
975 976
977 1088
978 979
978 980
978 981
978 982
979 980
979 981
979 982
980 981
980 982
980 1029
980 1090
981 982
981 1028
983 984
983 985
983 986
983 987
983 988
983 992
984 985
984 986
984 987
984 988
984 992
985 986
985 987
985 988
986 987
986 988
987 988
989 990
989 991
989 992
989 995
989 1129
989 1145
990 991
992 993
992 1025
994 995
994 996
994 997
994 998
994 999
994 1000
994 1047
994 1059
995 996
995 997
995 998
995 999
995 1000
995 1007
995 1048
995 1059
996 997
996 998
997 998
999 1000
999 1001
999 1002
999 1003
999 1004
999 1005
999 1012
999 1019
999 1059
999 1085
999 1139
1000 1001
1000 1002
1000 1003
1000 1004
1000 1005
1000 1007
1000 1012
1000 1059
1001 1002
1001 1003
1001 1004
1001 1005
1002 1003
1002 1004
1002 1005
1003 1004
1003 1005
1004 1005
1006 1007
1006 1008
1006 1009
1006 1010
1007 1008
1007 1009
1007 1010
1007 1012
1007 1144
1008 1009
1008 1010
1009 1010
1011 1012
1011 1013
1011 1014
1011 1015
1012 1013
1012 1014
1012 1015
1013 1014
1013 1015
1014 1015
1016 1017
1016 1018
1017 1018
1017 1020
1019 1020
1019 1021
1019 1022
1019 1023
1019 1028
1019 1037
1019 1049
1019 1052
1019 1144
1020 1021
1020 1022
1020 1023
1020 1025
1020 1029
1020 1037
1020 1042
1020 1047
1020 1052
1020 1116
1020 1138
1021 1022
1021 1023
1022 1023
1024 1025
1024 1026
1024 1027
1024 1028
1025 1026
1025 1027
1025 1029
1025 1037
1025 1138
1026 1027
1028 1029
1028 1030
1028 1031
1028 1032
1028 1042
1029 1030
1029 1031
1029 1032
1029 1037
1030 1031
1032 1033
1032 1034
1032 1035
1033 1034
1033 1035
1034 1035
1036 1037
1036 1038
1036 1039
1036 1040
1036 1042
1037 1038
1037 1039
1037 1040
1037 1042
1038 1039
1038 1040
1039 1040
1041 1042
1041 1043
1041 1044
1041 1045
1041 1046
1042 1043
1042 1044
1042 1045
1042 1046
1043 1044
1043 1045
1043 1046
1044 1045
1044 1046
1045 1046
1047 1048
1047 1049
1047 1050
1047 1051
1048 1049
1048 1050
1048 1051
1049 1050
1049 1051
1050 1051
1052 1053
1052 1054
1052 1055
1052 1080
1053 1054
1053 1055
1053 1080
1054 1055
1056 1057
1056 1058
1056 1066
1056 1081
1057 1058
1057 1067
1057 1086
1058 1081
1058 1085
1058 1128
1060 1061
1060 1062
1060 1063
1060 1064
1060 1065
1061 1062
1061 1063
1061 1064
1061 1065
1061 1080
1062 1063
1062 1064
1062 1065
1063 1064
1063 1065
1064 1065
1065 1067
1066 1067
1066 1068
1066 1069
1066 1079
1066 1094
1066 1107
1067 1068
1067 1070
1067 1079
1067 1080
1067 1082
1067 1139
1068 1079
1068 1094
1068 1120
1069 1070
1069 1071
1069 1072
1069 1073
1069 1079
1069 1080
1069 1081
1069 1085
1069 1118
1070 1071
1070 1072
1070 1073
1070 1074
1070 1076
1070 1079
1070 1081
1070 1082
1070 1086
1071 1072
1073 1074
1073 1075
1073 1076
1073 1077
1073 1078
1073 1079
1073 1080
1074 1075
1074 1076
1074 1077
1074 1078
1074 1080
1075 1076
1075 1077
1075 1078
1076 1077
1076 1078
1077 1078
1079 1080
1079 1081
1079 1082
1079 1083
1079 1084
1080 1081
1080 1082
1080 1083
1080 1084
1080 1118
1080 1140
1081 1082
1081 1083
1081 1084
1081 1094
1081 1118
1082 1083
1082 1084
1082 1119
1083 1084
1085 1086
1085 1087
1085 1088
1085 1089
1085 1090
1085 1094
1085 1137
1085 1139
1086 1087
1086 1088
1086 1089
1086 1090
1086 1095
1087 1088
1087 1089
1088 1089
1090 1091
1090 1092
1090 1093
1090 1129
1091 1092
1091 1093
1091 1112
1091 1129
1092 1093
1094 1095
1094 1096
1095 1096
1095 1140
1097 1098
1097 1099
1097 1100
1097 1101
1097 1102
1097 1103
1097 1104
1098 1099
1098 1100
1098 1101
1098 1102
1098 1103
1098 1104
1098 1111
1098 1112
1099 1100
1099 1101
1099 1102
1100 1101
1100 1102
1101 1102
1102 1139
1103 1103
1103 1104
1103 1105
1103 1106
1104 1105
1104 1106
1104 1144
1104 1145
1105 1106
1107 1108
1107 1109
1107 1110
1108 1109
1108 1110
1109 1110
1109 1139
1111 1112
1111 1116
1111 1119
1111 1124
1111 1128
1111 1129
1111 1137
1112 1116
1112 1119
1112 1125
1112 1129
1113 1114
1115 1116
1115 1117
1115 1124
1116 1117
1116 1124
1118 1119
1118 1120
1118 1121
1118 1122
1118 1123
1119 1120
1119 1121
1119 1122
1119 1123
1120 1121
1120 1122
1120 1123
1121 1122
1121 1123
1122 1123
1124 1125
1124 1126
1124 1127
1124 1128
1124 1131
1125 1126
1125 1127
1125 1129
1126 1127
1128 1129
1128 1130
1128 1131
1128 1132
1128 1133
1129 1130
1129 1131
1129 1132
1129 1133
1129 1138
1129 1145
1130 1131
1130 1132
1130 1133
1131 1132
1131 1133
1132 1133
1134 1135
1134 1136
1135 1136
1137 1138
1137 1139
1137 1140
1137 1141
1137 1142
1137 1143
1137 1144
1138 1139
1138 1140
1138 1141
1138 1142
1138 1143
1138 1145
1139 1140
1139 1141
1139 1142
1139 1143
1140 1141
1140 1142
1140 1143
1140 1147
1141 1142
1141 1143
1142 1143
1144 1145
1144 1146
1144 1147
1144 1148
1145 1146
1145 1147
1145 1148
1146 1147
1146 1148
1147 1148
1149 1150
