0 1
0 2
0 3
0 4
0 5
0 6
0 16
0 22
0 35
0 38
0 101
0 162
0 169
0 199
0 255
0 466
0 467
0 477
0 485
0 553
0 621
0 622
0 623
0 738
0 742
0 743
0 811
1 2
1 3
1 4
1 5
1 6
1 13
1 17
1 23
1 36
1 38
1 101
1 102
1 163
1 170
1 199
1 486
1 553
1 555
1 1036
2 3
2 4
2 5
2 6
3 4
3 5
3 6
4 5
4 6
5 6
7 8
7 9
7 10
7 11
7 555
7 621
7 622
7 623
8 9
8 10
8 11
8 723
9 10
9 11
10 11
10 333
12 13
12 14
12 15
13 14
13 15
14 15
14 536
14 599
14 1158
16 17
16 18
16 19
16 20
16 21
16 22
16 26
16 31
16 35
16 38
16 41
16 47
16 51
16 65
16 80
16 123
16 214
16 700
16 701
16 824
16 826
16 828
16 833
16 896
16 1139
17 18
17 19
17 20
17 21
17 23
17 27
17 36
17 52
17 70
17 107
17 121
17 139
17 152
17 155
17 627
17 700
17 701
17 828
17 833
18 19
18 20
18 21
18 23
18 27
18 36
18 39
18 42
18 90
18 121
18 124
18 627
18 828
19 20
19 21
20 21
22 23
22 24
22 26
22 31
22 35
22 38
22 41
22 47
22 51
22 53
22 80
22 115
22 214
22 220
22 275
22 608
22 918
22 969
23 24
23 27
23 32
23 36
23 39
23 42
23 48
23 52
23 53
23 66
23 81
23 90
23 242
23 536
23 923
25 26
25 27
25 28
25 29
25 30
25 537
26 27
26 28
26 29
26 30
26 31
26 47
27 28
27 29
27 30
27 878
28 29
28 30
29 30
31 32
31 33
31 34
31 35
31 38
31 51
31 56
31 85
32 33
32 34
32 36
32 39
32 42
32 90
33 34
35 36
35 37
35 38
35 56
35 61
35 80
35 348
35 531
35 598
35 599
35 661
36 37
36 39
36 661
38 39
38 40
38 41
38 47
38 51
38 52
38 53
38 65
38 123
38 126
38 135
38 148
38 151
38 386
38 540
38 626
38 811
38 896
38 1181
39 40
39 42
39 48
39 52
39 90
39 124
39 148
39 627
39 1181
41 42
41 43
41 44
41 45
41 46
41 47
41 51
41 53
41 65
41 135
42 43
42 44
42 45
42 46
42 48
42 52
42 53
43 44
43 45
43 46
44 45
44 46
45 46
47 48
47 49
47 50
47 51
47 53
47 56
47 61
47 65
47 66
47 80
47 212
47 214
47 275
47 292
47 327
47 333
47 414
47 521
47 540
47 545
47 580
47 932
47 1148
47 1157
48 49
48 50
48 51
48 52
48 53
48 215
48 276
48 540
48 545
48 933
48 1157
48 1158
49 50
51 52
51 53
51 54
51 55
51 56
51 65
51 81
51 85
51 89
51 123
51 627
52 53
52 54
52 55
52 86
52 90
52 183
52 369
53 54
53 55
53 56
53 57
53 62
53 65
53 66
53 76
53 80
53 81
53 85
53 86
53 123
53 140
53 275
53 276
54 55
56 57
56 58
56 59
56 60
56 61
56 62
56 65
56 69
56 75
56 80
56 81
56 85
56 89
56 91
56 138
56 212
56 214
56 241
56 281
56 333
56 347
56 348
56 349
56 527
56 626
56 1165
57 58
57 59
57 60
57 62
57 66
57 70
57 81
57 86
57 236
57 281
57 282
57 285
57 527
57 528
58 59
58 60
59 60
61 62
61 63
61 64
61 65
61 70
61 75
61 80
61 81
61 85
61 89
61 189
61 235
61 333
61 1142
62 63
62 64
62 66
62 69
62 70
62 80
62 81
62 189
62 190
62 235
62 239
62 527
63 64
65 66
65 67
65 68
65 69
65 75
65 80
65 81
65 85
65 94
65 106
65 123
65 140
65 147
65 214
66 67
66 68
66 69
66 70
66 75
66 80
66 86
66 95
66 124
66 139
66 148
66 173
66 174
66 214
66 285
67 68
69 70
69 71
69 72
69 73
69 80
69 81
70 71
70 72
70 73
70 81
71 72
71 73
72 73
73 81
74 75
74 76
74 77
74 78
74 79
74 113
74 213
74 521
74 537
74 1059
74 1060
75 76
75 77
75 78
75 79
75 80
75 81
76 77
76 78
76 79
76 81
76 140
77 78
77 79
78 79
80 81
80 82
80 83
80 84
80 85
80 89
80 106
80 120
80 123
80 1073
81 82
81 83
81 84
81 85
81 89
81 94
81 107
81 124
81 176
81 978
82 83
82 84
83 84
85 86
85 87
85 88
86 87
86 88
87 88
89 90
89 91
89 92
89 93
89 151
89 502
89 540
89 545
90 91
90 92
90 93
90 545
91 92
91 93
92 93
92 599
94 95
94 96
94 97
94 98
94 99
94 100
94 127
95 96
95 97
95 98
95 99
95 100
95 114
95 127
95 128
95 349
96 97
96 98
96 99
96 100
97 98
97 99
97 100
98 99
98 100
98 182
98 700
98 1023
99 100
101 102
101 103
101 104
101 105
101 383
101 716
101 1123
101 1126
102 103
102 104
102 105
102 107
102 116
102 163
102 177
102 380
102 491
102 738
103 104
103 105
104 105
106 107
106 108
106 109
106 110
106 111
106 112
106 113
106 114
106 115
106 138
106 829
106 897
106 1011
106 1023
106 1184
106 1185
107 108
107 109
107 110
107 111
107 112
107 114
107 115
107 116
107 187
107 1185
108 109
108 110
108 111
108 112
109 110
109 111
109 112
110 111
110 112
111 112
112 113
112 115
112 116
112 121
112 136
112 152
112 187
113 114
113 115
113 116
113 117
113 118
113 119
113 121
113 123
113 128
113 134
113 135
113 176
113 661
113 662
113 663
113 1185
114 115
114 116
114 117
114 118
114 119
114 121
114 123
114 128
114 183
114 661
114 662
114 663
114 1185
115 116
115 117
115 118
115 119
115 123
115 127
115 128
115 135
115 138
115 151
115 325
115 700
115 1185
116 117
116 118
116 119
116 123
116 124
116 128
116 135
116 148
116 152
116 1185
117 118
117 119
118 119
119 661
119 824
119 829
119 873
119 918
119 1044
119 1119
119 1137
120 121
120 122
121 122
121 128
123 124
123 125
123 126
123 1137
123 1138
124 125
124 126
124 128
124 1139
125 126
127 128
127 129
127 130
127 131
127 132
127 133
127 134
127 1001
128 129
128 130
128 131
128 132
128 133
128 134
128 148
128 1017
129 130
129 131
129 132
129 133
129 134
130 131
130 132
130 133
130 134
131 132
131 133
131 134
132 133
132 134
133 134
135 136
135 137
135 140
135 182
135 652
135 1011
135 1028
135 1030
135 1031
135 1181
136 137
136 139
136 140
136 148
136 152
136 1011
136 1028
136 1030
136 1033
136 1181
137 140
137 148
137 153
137 1011
137 1028
137 1030
137 1181
138 139
138 140
138 141
138 142
138 143
138 1001
139 140
139 141
139 142
139 143
139 147
139 148
139 152
139 177
139 218
139 1181
140 141
140 142
140 143
140 147
140 148
140 149
140 150
140 152
140 153
140 176
140 177
140 180
140 1105
140 1181
141 142
141 143
142 143
144 145
144 146
144 169
144 210
144 211
145 146
147 148
147 149
147 150
147 1138
148 149
148 150
148 151
148 152
148 183
149 150
151 152
151 153
151 154
151 155
151 156
151 173
151 182
151 896
151 897
151 898
151 1137
151 1138
152 153
152 154
152 155
152 159
152 175
152 899
152 1137
153 154
153 215
155 156
155 157
155 158
155 163
155 896
155 897
155 898
155 1138
155 1139
156 157
156 158
156 162
156 182
156 910
156 911
156 912
156 1138
157 158
157 170
157 218
159 160
159 161
159 163
159 170
160 161
162 163
162 164
162 165
162 166
162 167
162 168
162 169
162 170
162 173
163 164
163 165
163 166
163 167
163 168
163 170
163 261
164 165
164 166
164 167
164 168
165 166
165 167
165 168
166 167
166 168
167 168
169 170
169 171
169 172
169 179
169 525
169 641
170 171
170 172
170 175
170 451
171 172
173 174
173 256
173 1059
174 256
175 182
175 183
176 177
176 178
176 179
176 180
176 181
176 540
176 1068
177 178
177 179
177 180
177 181
177 182
177 183
178 179
178 180
178 181
178 833
179 180
179 181
179 663
180 181
182 183
182 184
182 185
182 214
182 252
182 686
182 1007
182 1069
183 184
183 185
183 1181
183 1212
184 185
186 187
186 188
186 189
186 190
186 212
186 213
186 214
186 540
186 546
186 1071
187 188
188 213
189 190
189 191
189 192
189 274
189 275
189 276
189 333
189 337
189 487
189 490
189 491
189 527
189 528
189 638
190 191
190 192
190 274
190 276
190 306
190 333
190 334
190 338
190 491
190 527
190 528
191 192
193 194
193 195
193 196
193 197
193 198
193 199
193 210
193 211
193 420
193 446
194 195
194 196
194 197
194 198
194 420
194 447
194 451
195 196
195 197
195 198
196 197
196 198
197 198
199 200
199 201
199 202
199 203
199 204
199 210
199 211
199 315
199 387
199 444
200 201
200 202
200 203
200 204
200 205
200 210
200 211
200 221
200 229
200 386
200 387
200 419
200 420
200 444
200 445
200 447
201 202
201 203
202 203
204 205
204 206
204 207
204 208
204 209
204 210
204 211
204 444
204 450
204 590
204 592
205 206
205 207
205 208
205 209
205 370
205 444
205 445
205 447
205 503
206 207
206 208
206 209
207 208
207 209
208 209
210 211
210 221
210 261
210 387
210 419
210 447
211 221
211 387
211 419
212 213
212 214
212 215
212 216
212 217
212 218
212 221
212 235
212 275
212 281
212 347
212 537
212 962
212 1191
213 214
213 215
213 216
213 217
213 218
213 219
213 221
213 236
213 275
213 537
214 215
214 216
214 217
214 218
214 221
214 275
214 299
214 327
214 348
214 527
214 1157
214 1191
215 216
215 217
215 218
215 219
215 224
215 327
215 328
215 527
215 727
216 217
216 218
217 218
218 221
218 276
218 327
218 349
218 1191
219 220
219 221
219 222
219 223
219 224
219 399
219 537
220 221
220 222
220 223
220 224
220 1030
221 222
221 223
221 224
221 617
221 622
222 223
222 224
223 224
225 226
225 227
225 419
225 467
225 521
225 570
225 621
225 622
225 623
226 227
226 384
226 467
228 229
228 230
228 231
228 969
229 230
229 231
230 231
232 233
232 234
232 255
232 256
232 851
232 852
233 234
233 1001
235 236
235 237
235 238
235 239
235 240
235 333
235 349
236 237
236 238
236 239
236 240
236 334
236 349
236 410
237 238
237 239
237 240
237 333
237 334
237 349
238 239
238 240
239 240
241 242
241 243
241 244
241 531
241 532
241 535
241 536
241 940
241 941
241 1071
242 243
242 244
242 1071
243 244
245 246
245 247
245 248
245 249
245 251
245 1132
245 1133
245 1136
246 247
246 249
246 251
248 249
248 250
248 251
248 252
248 1132
249 250
249 251
249 941
249 1087
249 1132
249 1133
250 251
251 310
251 1071
251 1072
251 1132
251 1133
251 1136
251 1157
252 253
252 254
252 292
252 1132
252 1133
253 254
253 322
253 328
255 256
255 257
255 258
255 259
255 260
255 261
255 262
255 263
255 719
255 969
255 970
255 1086
256 257
256 258
256 259
256 260
256 261
256 262
256 263
256 970
257 258
257 259
257 260
257 261
257 262
257 263
257 369
258 259
258 260
258 261
258 262
258 263
259 260
259 261
259 262
259 263
260 261
260 262
260 263
261 262
261 263
261 296
261 375
261 400
261 406
261 508
261 575
262 263
264 265
264 266
264 386
265 266
267 268
267 269
267 299
267 1157
268 269
268 275
268 276
268 300
268 310
268 1087
270 271
270 272
270 273
270 274
270 299
270 1157
271 272
271 273
271 274
272 273
272 274
273 274
275 276
275 277
275 278
275 279
275 280
275 281
275 282
275 283
275 292
275 299
275 331
275 333
275 414
275 540
275 1132
276 277
276 278
276 279
276 280
276 281
276 282
276 283
276 293
276 306
277 278
277 279
277 280
277 281
277 282
277 283
278 279
278 280
278 281
278 282
278 283
279 280
279 281
279 282
279 283
280 281
280 282
280 283
281 282
281 283
281 399
281 1158
282 283
282 331
284 285
284 286
284 287
284 288
284 331
284 332
284 333
284 334
285 286
285 287
285 288
285 293
286 287
286 288
287 288
287 331
288 333
288 334
289 290
289 291
289 1086
290 291
292 293
292 294
292 295
292 348
292 531
293 294
293 295
294 295
296 297
296 298
296 299
296 300
297 298
299 300
299 301
299 302
299 303
299 304
299 386
299 390
299 616
300 301
300 302
300 303
300 304
300 387
301 302
301 303
301 304
302 303
302 304
303 304
305 306
305 307
305 308
305 309
306 307
306 308
306 309
306 310
306 338
306 1073
306 1152
306 1153
306 1165
307 308
307 309
308 309
308 898
310 311
310 312
310 313
310 327
310 1152
310 1153
310 1157
311 312
311 313
311 331
311 1158
312 313
314 315
314 316
314 317
314 318
314 319
314 320
315 316
315 317
315 318
315 319
315 320
316 317
316 318
316 319
316 320
316 322
317 318
317 319
317 320
318 319
318 320
319 320
321 322
321 323
321 324
321 325
321 326
321 532
321 535
321 910
322 323
322 324
322 325
322 326
322 334
322 531
322 535
322 1086
322 1087
323 324
323 325
323 326
324 325
324 326
325 326
325 540
326 332
326 531
326 532
326 535
326 536
327 328
327 329
327 330
327 347
327 531
327 540
327 545
327 616
327 617
327 940
327 1086
327 1157
328 329
328 330
328 338
328 349
328 535
328 540
328 545
328 546
328 620
328 1087
329 330
331 332
331 333
331 334
331 338
332 333
332 334
333 334
333 335
333 336
333 338
334 335
334 336
334 349
335 336
337 338
337 339
337 340
337 341
337 342
337 343
337 344
337 345
337 346
337 715
337 1170
337 1171
338 339
338 340
338 341
338 342
338 343
338 344
338 345
338 346
339 340
339 341
339 342
339 343
339 344
339 345
339 346
340 341
340 342
340 343
340 344
340 345
340 346
341 342
341 343
341 344
341 345
341 346
342 343
342 344
342 345
342 346
343 344
343 345
343 346
343 401
344 345
344 346
345 346
347 348
347 349
347 350
347 351
348 349
348 350
348 351
348 386
348 800
349 350
349 351
349 527
349 550
349 941
350 351
352 353
352 354
352 369
352 370
352 719
352 720
353 354
355 356
355 357
355 440
356 357
358 359
358 360
358 361
358 362
358 363
359 360
359 361
359 362
359 363
360 361
360 362
360 363
361 362
361 363
361 387
362 363
364 365
364 366
364 367
364 368
364 386
364 811
365 366
365 367
365 368
366 367
366 368
367 368
369 370
369 371
369 372
369 373
369 374
369 377
369 383
369 386
369 414
369 417
369 446
369 450
369 569
369 574
369 580
369 581
370 371
370 372
370 373
370 374
370 377
370 415
370 441
370 1125
371 372
371 373
371 374
372 373
372 374
373 374
374 523
376 377
376 383
376 386
376 390
376 523
377 387
378 379
378 384
378 795
380 381
380 382
380 383
380 384
380 385
380 387
380 419
380 441
380 445
380 458
380 491
380 794
380 801
380 1125
381 382
381 383
381 384
381 385
382 383
382 384
382 385
383 384
383 385
383 386
383 390
383 444
383 574
383 711
383 725
383 794
383 800
383 801
384 385
384 387
384 441
384 758
386 387
386 388
386 389
386 390
386 391
386 392
386 393
386 394
386 399
386 405
386 414
386 419
386 425
386 435
386 440
386 450
386 466
386 467
386 838
386 839
386 840
386 945
387 388
387 389
387 390
387 391
387 392
387 393
387 394
387 399
387 400
387 402
387 415
387 441
387 451
387 467
387 471
387 839
388 389
388 390
388 391
388 392
388 393
388 394
389 390
389 391
389 392
389 393
389 394
390 391
390 392
390 393
390 394
390 399
390 401
390 402
390 414
390 440
390 457
390 466
390 838
390 839
390 840
390 946
391 392
391 393
391 394
391 400
391 415
391 441
391 444
391 445
391 458
391 490
391 491
391 839
392 393
392 394
393 394
395 396
395 397
395 398
395 400
395 450
396 397
396 398
396 415
396 441
396 525
397 398
399 400
399 401
399 402
399 403
399 404
399 409
399 425
399 426
399 444
400 401
400 402
400 403
400 404
400 410
400 420
400 440
400 441
401 402
401 403
401 404
401 405
401 416
401 425
401 426
401 446
401 523
401 1207
402 403
402 404
402 425
402 426
405 406
405 407
405 408
405 409
405 440
405 444
405 450
405 731
406 407
406 408
406 410
406 420
406 440
406 441
406 503
407 408
409 410
409 411
409 412
409 413
409 419
409 440
410 411
410 412
410 413
410 420
410 440
410 517
411 412
411 413
412 413
414 415
414 416
414 417
414 418
414 419
414 420
414 425
414 444
414 466
415 416
415 417
415 418
415 420
415 426
415 441
415 445
415 458
416 417
416 418
417 418
419 420
419 421
419 422
419 423
419 424
419 440
419 444
419 445
419 446
419 450
419 451
419 464
419 800
419 851
419 1127
420 421
420 422
420 423
420 424
420 441
420 445
420 447
420 451
421 422
421 423
421 424
422 423
422 424
423 424
425 426
425 427
425 428
425 429
425 430
425 431
425 432
425 433
425 434
425 440
425 677
425 683
426 427
426 428
426 429
426 430
426 431
426 432
426 433
426 434
426 525
426 677
427 428
427 429
427 430
427 431
427 432
427 433
427 434
427 580
427 744
428 429
428 430
428 431
428 432
428 433
428 434
429 430
429 431
429 432
429 433
429 434
430 431
430 432
430 433
430 434
431 432
431 433
431 434
432 433
432 434
433 434
435 436
435 437
435 438
435 439
435 440
435 715
436 437
436 438
436 439
437 438
437 439
438 439
440 441
440 442
440 443
440 487
440 490
440 521
440 757
440 800
440 839
440 840
440 883
441 442
441 443
441 458
441 522
441 709
441 800
442 443
444 445
444 446
444 447
444 448
444 449
444 450
444 451
444 452
444 453
444 454
444 455
444 456
444 483
444 580
444 590
444 592
444 593
444 748
444 800
445 446
445 447
445 448
445 449
445 450
445 451
445 452
445 453
445 454
445 455
445 456
445 457
445 458
445 491
445 709
446 447
446 448
446 449
446 450
446 451
446 452
446 453
446 454
446 455
446 456
446 457
446 461
446 512
446 791
446 1207
447 448
447 449
447 450
447 451
447 452
447 453
447 454
447 455
447 456
447 458
447 724
447 886
448 449
448 450
448 451
448 452
448 453
448 454
448 455
448 456
449 450
449 451
449 452
449 453
449 454
449 455
449 456
450 451
450 452
450 453
450 454
450 455
450 456
450 590
450 742
450 945
450 966
450 973
451 452
451 453
451 454
451 455
451 456
451 457
451 458
451 560
452 453
452 454
452 455
452 456
453 454
453 455
453 456
453 523
453 725
454 455
454 456
455 456
457 458
457 459
457 460
457 461
457 593
457 969
458 459
458 460
458 461
459 460
459 461
460 461
462 463
462 464
462 465
462 719
463 464
463 465
464 465
464 725
464 742
464 881
464 882
465 525
465 882
466 467
466 468
466 469
466 483
466 484
466 490
466 621
466 838
467 468
467 469
467 508
467 623
468 469
470 471
470 472
470 473
470 474
470 475
470 476
470 477
471 472
471 473
471 474
471 475
471 476
471 477
471 478
472 473
472 474
472 475
472 476
473 474
473 475
473 476
474 475
474 476
475 476
477 478
477 479
477 480
477 481
477 521
477 522
477 523
477 574
477 729
477 731
477 742
478 479
478 480
478 481
478 521
478 522
478 575
478 631
478 726
478 731
479 480
479 481
480 481
482 517
483 484
484 525
485 486
485 487
485 488
485 489
486 487
486 488
486 489
486 525
486 715
487 488
487 489
488 489
488 708
488 709
490 491
490 492
490 502
490 503
490 507
490 508
490 516
490 553
490 554
490 555
490 570
490 723
491 492
491 502
491 503
491 507
491 508
491 517
493 494
493 495
493 496
493 497
493 498
493 499
493 500
493 501
493 723
493 738
494 495
494 496
494 497
494 498
494 499
494 500
494 501
494 508
494 737
495 496
495 497
495 498
495 499
495 500
495 501
496 497
496 498
496 499
496 500
496 501
497 498
497 499
497 500
497 501
498 499
498 500
498 501
499 500
499 501
500 501
502 503
502 504
502 505
502 506
502 507
502 508
502 553
502 554
502 555
502 559
502 569
502 602
502 715
502 716
503 504
503 505
503 506
503 507
503 508
503 559
503 560
503 570
503 602
503 716
504 505
504 506
504 523
505 506
507 508
507 509
507 510
507 511
507 554
507 569
507 602
507 800
508 509
508 510
508 511
508 513
508 525
508 554
508 555
508 559
508 560
508 602
509 510
509 511
510 511
512 513
512 514
512 515
512 516
513 514
513 515
513 517
513 1128
514 515
516 517
516 518
516 519
516 520
516 521
516 522
516 523
516 782
516 800
516 811
517 518
517 519
517 520
517 522
517 525
518 519
518 520
519 520
521 522
521 523
521 524
521 525
521 526
521 590
521 719
521 725
521 726
521 729
521 730
521 757
522 523
522 524
522 525
522 526
522 538
522 540
522 550
522 730
522 795
523 524
523 525
523 526
523 574
523 677
523 711
523 725
523 731
524 525
524 526
525 526
525 642
525 729
525 757
525 758
527 528
527 529
527 530
528 529
528 530
529 530
531 532
531 533
531 534
531 535
531 536
531 715
531 940
531 941
531 1073
531 1086
531 1179
532 533
532 534
532 535
532 536
532 940
532 941
533 534
535 536
536 617
536 944
537 538
537 539
537 540
537 545
537 619
537 800
538 539
538 546
540 541
540 542
540 543
540 544
540 545
540 546
540 547
540 548
540 800
541 542
541 543
541 544
541 545
541 546
541 547
541 548
542 543
542 544
542 545
542 546
542 547
542 548
543 544
543 545
543 546
543 547
543 548
544 545
544 546
544 547
544 548
545 546
545 547
545 548
546 547
546 548
547 548
549 550
549 551
549 552
549 554
549 1138
550 551
550 552
550 554
550 555
551 552
553 554
553 555
553 556
553 557
553 558
553 559
553 560
553 602
554 555
554 556
554 557
554 558
554 559
554 560
554 569
554 602
554 800
555 556
555 557
555 558
555 602
555 731
555 800
555 801
555 826
556 557
556 558
557 558
559 560
559 561
559 562
559 563
559 564
559 565
559 566
560 561
560 562
560 563
560 564
560 565
560 566
561 562
561 563
561 564
561 565
561 566
562 563
562 564
562 565
562 566
563 564
563 565
563 566
563 716
564 565
564 566
565 566
567 568
567 700
567 719
567 720
567 723
568 627
568 719
568 720
568 723
568 724
569 570
569 571
569 572
569 573
569 574
569 580
569 581
569 708
569 744
570 571
570 572
570 573
570 574
570 575
570 580
570 581
571 572
571 573
572 573
574 575
574 576
574 577
574 578
574 579
574 580
574 581
574 708
574 723
574 742
574 745
575 576
575 577
575 578
575 579
575 581
575 745
576 577
576 578
576 579
577 578
577 579
578 579
580 581
580 582
580 583
580 584
580 585
580 677
580 743
580 744
580 838
580 851
581 582
581 583
581 584
581 585
581 709
582 583
582 584
582 585
583 584
583 585
584 585
586 587
586 588
586 589
586 1170
587 588
587 589
587 851
587 852
588 589
590 591
590 592
590 593
590 594
590 595
590 596
590 597
590 648
590 716
590 719
590 720
590 726
590 748
590 851
591 592
591 593
591 594
591 595
591 596
591 597
591 648
591 716
591 719
591 748
591 801
592 593
592 594
592 595
592 596
592 597
592 602
592 715
593 594
593 595
593 596
593 597
593 603
593 715
593 716
593 845
594 595
594 596
594 597
595 596
595 597
596 597
598 599
598 600
598 601
598 873
599 600
599 601
599 609
599 638
599 639
599 830
599 874
599 876
599 877
599 878
599 879
600 601
602 603
602 604
602 605
602 606
602 607
602 708
602 725
602 742
603 604
603 605
603 606
603 607
604 605
604 606
604 607
605 606
605 607
606 607
608 609
608 610
608 611
608 612
608 613
608 616
608 872
608 1041
608 1201
609 610
609 611
609 612
609 613
609 615
609 617
609 723
609 1041
610 611
612 613
612 614
612 628
612 872
612 1198
612 1201
613 615
613 617
614 615
614 616
614 617
614 873
614 874
615 617
615 623
616 617
616 618
616 619
616 620
616 626
616 627
617 618
617 619
617 620
617 622
617 623
617 626
618 619
618 620
619 620
619 621
619 940
619 941
619 1086
619 1087
620 622
621 622
621 623
621 624
621 625
621 655
621 800
622 623
622 624
622 625
623 624
623 625
624 625
626 627
626 628
626 629
627 628
627 629
627 1002
628 629
630 631
630 632
630 633
630 634
630 635
631 632
631 633
631 634
631 635
631 726
632 633
632 634
632 635
633 634
633 635
634 635
636 637
636 638
636 639
636 640
637 638
637 639
637 640
638 639
638 640
639 640
641 642
641 643
641 644
641 645
641 646
641 677
642 643
642 644
642 645
642 646
642 677
642 839
643 644
643 645
643 646
644 645
644 646
645 646
647 648
647 649
647 650
647 668
648 649
648 650
648 667
648 668
648 687
648 701
648 826
649 650
651 652
651 653
651 654
652 653
652 654
652 1148
652 1149
653 654
653 709
653 1096
655 656
655 657
655 658
655 659
655 660
655 737
655 738
656 657
656 658
656 659
656 660
656 738
657 658
657 659
657 660
658 659
658 660
659 660
660 839
660 840
661 662
661 663
661 664
661 665
661 666
661 667
661 829
661 896
662 663
662 664
662 665
662 666
662 667
662 668
662 821
662 829
662 830
662 837
663 664
663 665
663 666
663 686
663 829
663 830
663 898
663 901
663 952
664 665
664 666
665 666
666 737
667 668
667 669
667 670
667 671
667 672
667 700
667 1212
668 669
668 670
668 671
668 672
668 701
669 670
669 671
669 672
670 671
670 672
671 672
673 674
673 675
673 676
673 1148
674 675
674 676
675 676
677 678
677 679
677 680
677 681
677 683
677 708
677 715
678 679
678 680
678 681
678 683
678 812
678 865
679 680
679 681
680 681
682 683
682 684
682 685
683 684
683 685
683 716
683 720
684 685
686 687
686 688
686 689
686 690
686 691
686 715
686 716
686 833
686 834
686 1011
686 1012
687 688
687 689
687 690
687 691
687 701
687 716
687 800
688 689
690 691
690 692
690 693
690 694
690 695
690 696
690 697
690 698
690 699
690 828
691 692
691 693
691 694
691 695
691 696
691 697
691 698
691 699
691 828
692 693
692 694
692 695
692 696
692 697
692 698
692 699
692 716
692 826
693 694
693 695
693 696
693 697
693 698
693 699
694 695
694 696
694 697
694 698
694 699
695 696
695 697
695 698
695 699
696 697
696 698
696 699
697 698
697 699
697 716
698 699
700 701
700 702
700 703
700 824
700 825
700 828
700 876
700 879
700 952
700 1011
701 702
701 703
701 709
701 716
701 824
701 826
701 828
701 830
701 834
701 879
702 703
704 705
704 706
704 707
705 706
705 707
705 829
705 830
706 707
708 709
708 710
708 711
708 712
708 713
708 714
708 715
708 716
708 723
709 710
709 711
709 712
709 713
709 714
709 715
709 716
709 725
709 726
709 775
710 711
710 712
710 713
710 714
711 712
711 713
711 714
711 725
712 713
712 714
713 714
715 716
715 717
715 718
715 734
715 805
715 940
716 717
716 718
716 826
716 828
717 718
719 720
719 721
719 722
719 723
719 724
719 744
719 800
719 881
719 965
719 969
719 970
720 721
720 722
720 723
720 724
720 730
720 744
720 749
720 801
720 967
720 969
720 970
720 1128
720 1130
720 1205
721 722
721 723
721 724
722 723
722 724
723 724
723 742
723 751
723 1205
724 969
724 970
725 726
725 727
725 728
725 730
725 737
725 757
725 770
725 885
726 727
726 728
726 738
726 812
726 867
727 728
729 730
729 731
729 732
729 733
729 734
729 735
729 736
729 865
730 731
730 732
730 733
730 734
730 735
730 736
730 795
731 732
731 733
731 734
731 735
731 736
731 743
732 733
732 734
732 735
732 736
733 734
733 735
733 736
734 735
734 736
735 736
737 738
737 739
737 740
737 741
737 744
737 800
737 851
737 1023
738 739
738 740
738 741
738 743
738 744
738 839
738 846
738 851
738 852
739 740
739 741
740 741
742 743
742 744
742 745
742 746
742 747
742 1122
743 744
743 745
743 746
743 747
743 1128
744 745
744 746
744 747
745 746
745 747
746 747
748 749
748 750
748 751
748 752
748 753
748 754
748 755
748 756
749 750
749 751
749 752
749 753
749 754
749 755
749 756
750 751
750 752
750 753
750 754
750 755
750 756
751 752
751 753
751 754
751 755
751 756
752 753
752 754
752 755
752 756
753 754
753 755
753 756
754 755
754 756
755 756
755 1123
757 758
757 759
757 760
757 761
757 762
757 763
757 764
757 765
757 794
757 1105
757 1125
757 1127
757 1128
758 759
758 760
758 761
758 762
758 763
758 764
758 765
758 1128
759 760
759 761
759 762
759 763
759 764
759 765
760 761
760 762
760 763
760 764
760 765
761 762
761 763
761 764
761 765
762 763
762 764
762 765
763 764
763 765
764 765
766 767
766 768
766 769
766 770
766 771
766 794
766 1125
766 1127
766 1128
767 768
767 769
767 770
767 771
767 795
767 1130
768 769
768 770
768 771
769 770
769 771
770 771
772 773
772 774
772 775
772 776
772 777
772 778
772 779
772 780
772 781
772 794
772 868
772 969
772 1125
772 1127
773 774
773 775
773 776
773 777
773 778
773 779
773 780
773 781
773 868
773 1128
773 1130
774 775
774 776
774 777
774 778
774 779
774 780
774 781
775 776
775 777
775 778
775 779
775 780
775 781
776 777
776 778
776 779
776 780
776 781
776 795
777 778
777 779
777 780
777 781
778 779
778 780
778 781
779 780
779 781
780 781
782 783
782 784
782 785
783 784
783 785
783 1130
784 785
786 787
786 788
786 789
786 790
787 788
787 789
787 790
787 795
787 868
787 945
788 789
788 790
789 790
791 792
791 793
791 794
792 793
794 795
794 796
794 797
794 798
794 799
794 838
794 839
794 1127
795 796
795 797
795 798
795 799
795 801
795 966
795 967
795 1128
795 1130
796 797
796 798
796 799
797 798
797 799
798 799
800 801
800 802
800 803
800 804
800 805
800 806
800 807
800 808
800 809
800 810
800 811
800 839
800 840
800 851
800 896
800 945
800 946
800 1119
800 1127
801 802
801 803
801 804
801 805
801 806
801 807
801 808
801 809
801 810
801 826
801 839
801 851
801 852
801 1128
801 1130
802 803
802 804
802 805
802 806
802 807
802 808
802 809
802 810
803 804
803 805
803 806
803 807
803 808
803 809
803 810
804 805
804 806
804 807
804 808
804 809
804 810
805 806
805 807
805 808
805 809
805 810
806 807
806 808
806 809
806 810
807 808
807 809
807 810
808 809
808 810
809 810
811 812
811 813
811 814
811 815
811 816
811 817
811 818
811 819
811 820
811 821
811 845
811 945
812 813
812 814
812 815
812 816
812 817
812 818
812 819
812 820
812 821
812 828
812 837
812 845
812 852
812 945
812 946
813 814
813 815
813 816
813 817
813 818
813 819
814 815
814 816
814 817
814 818
814 819
815 816
815 817
815 818
815 819
816 817
816 818
816 819
817 818
817 819
818 819
820 821
820 822
820 823
821 822
821 823
821 1001
821 1002
822 823
824 825
824 826
824 827
824 828
824 833
824 1069
824 1111
825 826
825 827
825 828
825 830
826 827
826 828
826 830
826 834
826 879
827 828
829 830
829 831
829 832
829 833
829 834
829 835
829 836
829 837
829 898
829 1011
829 1037
829 1091
829 1114
829 1119
829 1148
829 1170
829 1171
830 831
830 832
830 833
830 834
830 835
830 836
830 837
830 1037
830 1092
830 1110
830 1120
830 1171
831 832
831 833
831 834
831 835
831 836
831 837
832 833
832 834
832 835
832 836
832 837
833 834
833 835
833 836
833 837
833 952
833 1036
833 1037
834 835
834 836
834 837
834 879
835 836
835 837
835 879
836 837
836 874
836 879
837 878
837 1045
837 1105
838 839
838 840
838 841
838 842
838 843
838 844
838 851
838 852
838 1127
838 1128
839 840
839 841
839 842
839 843
839 844
839 845
839 850
839 851
839 852
839 1128
839 1130
840 841
840 842
840 843
840 844
840 845
840 850
841 842
841 843
841 844
842 843
842 844
843 844
845 846
845 847
845 848
845 849
845 850
845 851
845 852
846 847
846 848
846 849
846 850
847 848
847 849
847 850
848 849
848 850
849 850
851 852
851 853
851 854
851 855
851 856
851 857
851 966
851 1127
851 1195
852 853
852 854
852 855
852 856
852 857
852 874
852 878
852 1195
853 854
853 855
853 856
853 857
854 855
854 856
854 857
855 856
855 857
856 857
858 859
858 860
858 861
858 862
858 863
858 864
859 860
859 861
859 862
859 863
859 864
859 865
859 868
859 946
860 861
860 862
860 863
860 864
861 862
861 863
861 864
862 863
862 864
863 864
865 866
865 867
865 868
865 869
866 867
866 868
866 869
867 868
867 869
868 869
868 877
868 879
870 871
870 872
870 873
870 874
870 875
870 1091
871 872
871 873
871 874
871 875
871 929
872 873
872 874
872 875
873 874
873 875
873 881
873 989
873 992
873 1044
873 1175
874 875
874 877
874 879
874 881
874 950
874 989
874 992
874 993
874 1175
876 877
876 878
876 879
876 880
876 1137
877 878
877 879
877 880
877 919
877 929
877 937
878 879
878 880
878 929
878 1149
879 880
879 899
879 929
879 953
881 882
881 883
882 883
882 884
883 884
883 885
883 886
883 887
883 888
883 889
883 890
883 891
883 892
883 893
883 894
883 895
883 1123
884 885
884 886
884 887
884 888
884 889
884 890
884 891
884 892
884 893
884 894
884 895
885 886
885 887
885 888
885 889
885 890
885 891
885 892
885 893
885 894
885 895
886 887
886 888
886 889
886 890
886 891
886 892
886 893
886 894
886 895
887 888
887 889
887 890
887 891
887 892
887 893
887 894
887 895
887 899
888 889
888 890
888 891
888 892
888 893
888 894
888 895
889 890
889 891
889 892
889 893
889 894
889 895
890 891
890 892
890 893
890 894
890 895
891 892
891 893
891 894
891 895
892 893
892 894
892 895
893 894
893 895
894 895
896 897
896 898
896 899
896 900
896 901
896 902
896 903
896 910
896 911
896 912
896 918
896 1021
897 898
897 899
897 900
897 901
897 902
897 903
897 912
897 917
897 918
897 919
897 933
897 1021
897 1142
898 899
898 900
898 901
898 902
898 903
898 904
898 910
898 911
898 912
898 952
898 1029
899 900
899 901
899 902
899 903
899 912
899 919
899 953
899 1138
900 901
900 902
900 903
901 902
901 903
902 903
904 905
904 906
904 907
904 908
904 909
905 906
905 907
905 908
905 909
906 907
906 908
906 909
907 908
907 909
908 909
908 1045
910 911
910 912
910 913
910 914
910 915
910 916
910 1068
910 1137
910 1138
910 1139
911 912
911 913
911 914
911 915
911 916
911 917
911 932
911 1138
912 913
912 914
912 915
912 916
912 923
912 1139
913 914
913 915
914 915
916 917
917 918
917 919
917 922
917 923
918 919
918 920
918 921
918 923
918 928
918 932
918 997
918 1011
918 1070
918 1127
919 920
919 921
919 922
919 923
919 927
919 928
919 929
919 932
919 933
919 936
920 921
922 923
922 924
922 925
923 924
923 925
923 926
923 929
923 932
923 933
923 937
923 1008
923 1024
924 925
926 927
926 928
928 929
928 930
928 931
928 932
928 949
928 997
929 930
929 931
929 932
929 933
929 997
929 1119
930 931
932 933
932 934
932 935
932 1091
933 934
933 935
933 1024
933 1158
934 935
936 937
936 938
936 939
937 938
937 939
938 939
940 941
940 942
940 943
940 944
940 1086
940 1087
940 1091
940 1137
940 1138
941 942
941 943
941 944
941 1087
942 943
942 944
943 944
945 946
945 947
945 948
945 1124
945 1127
946 947
946 948
946 1124
947 948
949 950
949 951
949 954
949 957
949 1041
949 1152
950 951
950 958
950 1002
950 1036
950 1037
952 953
952 1023
953 1024
954 955
954 956
955 956
957 958
957 959
957 960
957 961
958 959
958 960
958 961
959 960
959 961
960 961
962 963
962 964
962 965
962 966
962 969
963 964
963 965
963 966
963 967
963 970
963 1130
964 965
966 967
966 968
967 968
969 970
969 971
969 972
969 988
969 1041
969 1042
969 1044
969 1119
970 971
970 972
970 988
970 1042
971 972
973 974
973 975
973 976
974 975
974 976
975 976
977 978
977 979
977 980
978 979
978 980
979 980
981 982
981 983
981 984
981 985
981 986
982 983
982 984
982 985
982 986
983 984
983 985
983 986
984 985
984 986
985 986
986 1001
986 1002
987 988
988 1045
989 990
989 991
989 992
989 993
989 994
989 995
989 996
989 1030
990 991
990 992
990 993
990 994
990 995
990 996
991 992
991 993
991 994
991 995
991 996
992 993
992 994
992 995
992 996
993 994
993 995
993 996
994 995
994 996
995 996
997 998
997 999
997 1000
997 1001
997 1030
997 1044
997 1070
998 999
998 1000
998 1001
998 1002
998 1024
998 1031
999 1000
1001 1002
1001 1003
1001 1004
1001 1005
1001 1006
1001 1044
1001 1165
1002 1003
1002 1004
1002 1005
1002 1006
1003 1004
1003 1005
1003 1006
1004 1005
1004 1006
1005 1006
1007 1008
1007 1009
1007 1010
1008 1009
1008 1010
1008 1024
1009 1010
1011 1012
1011 1013
1011 1014
1011 1015
1011 1024
1011 1030
1011 1041
1011 1044
1011 1071
1011 1137
1012 1013
1012 1014
1012 1015
1012 1023
1012 1031
1012 1041
1012 1042
1012 1044
1013 1014
1013 1015
1014 1015
1016 1017
1016 1018
1016 1019
1016 1020
1017 1018
1017 1019
1017 1020
1017 1072
1018 1019
1018 1020
1019 1020
1021 1022
1023 1024
1023 1025
1023 1026
1023 1027
1023 1028
1023 1030
1023 1031
1024 1025
1024 1026
1024 1030
1024 1031
1024 1050
1025 1026
1027 1028
1027 1029
1028 1029
1028 1030
1028 1031
1029 1137
1030 1031
1030 1032
1030 1033
1030 1034
1030 1035
1030 1044
1030 1071
1030 1137
1031 1032
1031 1033
1031 1034
1031 1035
1031 1115
1031 1137
1032 1033
1032 1034
1032 1035
1033 1034
1033 1035
1034 1035
1036 1037
1036 1038
1036 1039
1036 1040
1036 1044
1036 1170
1036 1171
1037 1038
1037 1039
1037 1040
1037 1171
1038 1039
1038 1040
1039 1040
1041 1042
1041 1043
1041 1044
1041 1119
1042 1043
1042 1071
1042 1087
1044 1045
1044 1046
1044 1047
1044 1048
1044 1059
1044 1091
1044 1114
1044 1115
1044 1138
1045 1046
1045 1047
1045 1048
1045 1068
1045 1087
1045 1101
1045 1105
1045 1115
1045 1120
1045 1200
1046 1047
1046 1048
1047 1048
1049 1050
1050 1128
1051 1052
1051 1053
1051 1054
1051 1055
1051 1056
1051 1057
1051 1058
1051 1091
1051 1119
1052 1053
1052 1054
1052 1055
1052 1056
1052 1057
1052 1058
1052 1059
1052 1060
1052 1068
1052 1115
1052 1120
1053 1054
1053 1055
1053 1056
1053 1057
1053 1058
1053 1060
1053 1061
1054 1055
1054 1056
1054 1057
1054 1058
1054 1059
1054 1060
1054 1061
1055 1056
1055 1057
1055 1058
1056 1057
1056 1058
1056 1061
1057 1058
1059 1060
1059 1061
1059 1062
1059 1063
1059 1073
1059 1074
1059 1086
1059 1091
1059 1137
1060 1061
1060 1062
1060 1063
1060 1065
1060 1068
1060 1087
1060 1137
1060 1213
1061 1062
1061 1063
1061 1065
1061 1088
1062 1063
1064 1065
1064 1066
1064 1067
1065 1066
1065 1067
1065 1068
1065 1071
1065 1097
1065 1105
1065 1115
1065 1120
1066 1067
1068 1069
1068 1137
1068 1200
1069 1138
1070 1071
1070 1072
1070 1114
1070 1165
1071 1072
1071 1073
1071 1074
1071 1086
1071 1123
1071 1125
1071 1126
1071 1152
1071 1157
1071 1200
1072 1073
1072 1074
1072 1086
1072 1087
1072 1092
1072 1157
1073 1074
1073 1075
1073 1076
1074 1075
1074 1076
1074 1106
1075 1076
1077 1078
1077 1079
1077 1080
1078 1079
1078 1080
1078 1153
1078 1171
1079 1080
1081 1082
1081 1083
1081 1084
1081 1085
1081 1091
1081 1096
1081 1106
1081 1114
1082 1083
1082 1084
1082 1085
1082 1092
1082 1097
1082 1105
1082 1106
1082 1110
1083 1084
1083 1085
1084 1085
1086 1087
1086 1091
1086 1096
1086 1114
1086 1199
1087 1092
1087 1097
1087 1105
1087 1106
1087 1110
1087 1115
1087 1120
1088 1089
1088 1090
1089 1090
1091 1092
1091 1093
1091 1094
1091 1095
1091 1096
1091 1097
1091 1098
1091 1099
1091 1100
1091 1104
1091 1109
1091 1111
1091 1114
1091 1119
1092 1093
1092 1094
1092 1095
1092 1096
1092 1097
1092 1098
1092 1099
1092 1100
1092 1105
1092 1110
1092 1112
1092 1115
1092 1120
1093 1094
1093 1095
1093 1096
1093 1097
1093 1098
1093 1099
1093 1100
1094 1095
1094 1096
1094 1097
1094 1098
1094 1099
1094 1100
1094 1106
1095 1096
1095 1097
1095 1098
1095 1099
1095 1100
1096 1097
1096 1098
1096 1099
1096 1100
1096 1105
1096 1109
1096 1110
1096 1111
1096 1114
1096 1119
1097 1098
1097 1099
1097 1100
1097 1105
1097 1110
1097 1112
1097 1115
1098 1099
1098 1100
1099 1100
1101 1102
1101 1103
1102 1103
1104 1105
1104 1106
1104 1107
1104 1108
1104 1114
1104 1119
1105 1106
1105 1107
1105 1108
1105 1110
1105 1112
1105 1115
1105 1119
1105 1120
1105 1133
1106 1107
1106 1108
1106 1112
1106 1115
1106 1120
1107 1108
1107 1126
1109 1110
1109 1114
1109 1119
1110 1112
1110 1115
1110 1120
1111 1112
1111 1113
1111 1114
1111 1119
1111 1120
1112 1113
1112 1115
1112 1120
1112 1128
1112 1130
1114 1115
1114 1116
1114 1117
1114 1118
1114 1119
1114 1120
1114 1127
1115 1116
1115 1117
1115 1118
1115 1120
1115 1128
1115 1130
1116 1117
1116 1118
1117 1118
1119 1120
1119 1121
1119 1127
1119 1128
1120 1121
1120 1128
1120 1130
1122 1123
1122 1124
1122 1125
1122 1126
1123 1124
1123 1125
1123 1126
1123 1130
1124 1125
1124 1126
1125 1126
1127 1128
1127 1129
1127 1130
1127 1131
1128 1129
1128 1130
1128 1131
1129 1130
1129 1131
1130 1131
1132 1133
1132 1134
1132 1135
1132 1136
1132 1144
1132 1152
1132 1175
1132 1176
1133 1134
1133 1135
1133 1136
1133 1138
1133 1139
1133 1142
1133 1144
1133 1149
1133 1153
1133 1158
1133 1213
1134 1135
1134 1136
1135 1136
1136 1142
1136 1144
1136 1153
1136 1176
1137 1138
1137 1139
1137 1140
1137 1141
1137 1142
1138 1139
1138 1140
1138 1141
1138 1142
1138 1153
1139 1140
1139 1141
1139 1142
1139 1144
1139 1153
1139 1176
1140 1141
1140 1142
1141 1142
1142 1153
1143 1144
1143 1145
1143 1146
1143 1147
1143 1149
1143 1158
1144 1145
1144 1146
1144 1147
1144 1149
1144 1158
1144 1170
1144 1171
1145 1146
1145 1147
1145 1149
1146 1147
1148 1149
1148 1150
1148 1151
1148 1152
1148 1153
1148 1158
1148 1161
1149 1150
1149 1151
1149 1153
1150 1151
1152 1153
1152 1154
1152 1155
1152 1156
1152 1157
1152 1165
1153 1154
1153 1155
1153 1156
1153 1165
1154 1155
1154 1156
1155 1156
1157 1158
1157 1159
1157 1160
1157 1161
1157 1162
1158 1159
1158 1160
1158 1162
1159 1160
1161 1162
1161 1163
1161 1164
1162 1163
1162 1164
1163 1164
1165 1166
1165 1167
1165 1168
1165 1169
1166 1167
1166 1168
1166 1169
1167 1168
1167 1169
1168 1169
1170 1171
1170 1172
1170 1173
1170 1174
1171 1172
1171 1173
1171 1174
1172 1173
1172 1174
1173 1174
1175 1176
1175 1177
1175 1178
1175 1179
1176 1177
1176 1178
1176 1179
1177 1178
1177 1179
1178 1179
1180 1181
1180 1182
1180 1183
1181 1182
1181 1183
1182 1183
1184 1185
1184 1186
1184 1187
1184 1188
1185 1186
1185 1187
1185 1188
1186 1187
1186 1188
1187 1188
1189 1190
1189 1191
1189 1192
1189 1193
1189 1194
1190 1191
1190 1192
1190 1193
1190 1194
1191 1192
1191 1193
1191 1194
1192 1193
1192 1194
1193 1194
1195 1196
1197 1198
1199 1200
1199 1201
1199 1202
1199 1203
1199 1204
1200 1201
1200 1202
1200 1203
1200 1204
1201 1202
1201 1203
1201 1204
1202 1203
1202 1204
1203 1204
1205 1206
1205 1207
1205 1208
1205 1209
1205 1210
1205 1211
1206 1207
1206 1208
1206 1209
1206 1210
1206 1211
1207 1208
1207 1209
1207 1210
1207 1211
1208 1209
1208 1210
1208 1211
1209 1210
1209 1211
1210 1211
1212 1213
1212 1214
1212 1215
1213 1214
1213 1215
1214 1215
