0 1
0 2
0 3
0 4
0 14
0 277
0 555
0 556
0 720
0 721
0 723
0 873
0 923
0 944
0 947
0 948
1 2
1 3
1 4
1 14
1 271
1 347
1 518
1 721
1 924
1 945
1 948
2 3
2 4
2 38
2 96
2 537
2 683
2 721
2 723
2 767
2 829
2 865
2 924
3 4
3 18
3 195
3 335
3 341
3 555
3 556
3 669
3 699
3 721
3 723
3 724
3 728
3 741
3 947
5 6
5 7
5 8
5 9
5 13
5 28
5 873
6 7
6 8
6 10
6 948
7 8
9 10
9 11
9 12
9 13
9 17
9 28
9 51
9 593
10 11
10 12
10 14
10 18
10 41
10 593
10 732
11 12
12 899
13 14
13 15
13 16
13 17
13 22
13 26
13 28
13 41
14 15
14 16
14 23
14 24
14 25
14 29
14 37
14 42
15 16
17 18
17 19
17 20
17 21
17 41
17 178
17 663
17 937
18 19
18 20
18 21
18 37
18 714
19 20
19 21
20 21
22 23
22 27
22 28
22 29
22 41
22 322
22 699
22 713
22 923
22 924
22 937
22 938
23 27
23 28
23 42
23 322
23 700
23 714
23 937
24 25
24 26
24 27
25 26
25 27
25 947
26 27
26 838
27 567
28 29
28 30
28 37
28 41
28 51
28 694
28 702
28 713
28 717
28 863
28 864
28 924
28 937
28 938
29 30
29 37
29 41
29 390
29 391
29 695
29 697
29 714
29 717
29 787
29 924
29 937
29 945
31 32
31 33
31 34
31 35
31 36
32 33
32 34
32 35
32 36
32 496
32 703
33 34
33 35
33 36
34 35
34 36
35 36
37 38
37 39
37 40
37 41
37 42
37 47
37 286
37 447
37 681
37 700
37 873
38 39
38 40
39 40
41 41
41 42
41 47
41 260
41 436
41 699
41 933
42 44
42 47
42 256
43 44
43 45
43 46
43 47
43 49
43 736
44 45
44 46
44 47
44 49
45 46
45 571
47 48
47 49
47 50
47 391
47 500
47 501
47 502
47 503
47 550
47 551
47 736
47 780
48 49
48 50
49 50
49 393
49 501
49 503
49 553
51 52
51 53
51 54
51 55
51 65
51 71
51 72
51 73
51 74
51 76
51 77
51 78
51 79
51 82
52 53
52 54
52 55
52 56
52 65
52 66
52 72
52 74
52 76
52 77
52 78
52 79
52 82
52 83
53 54
53 55
54 55
56 57
56 65
58 59
58 60
58 61
58 62
58 71
58 78
59 60
59 61
59 62
59 74
59 76
60 61
60 62
61 62
63 64
63 65
63 66
63 383
63 385
63 809
65 66
65 67
65 68
65 69
65 70
65 71
65 73
65 78
65 82
66 67
66 68
66 69
66 70
66 72
66 73
66 74
66 76
66 78
66 79
66 83
66 220
67 68
67 69
67 70
68 69
68 70
69 70
71 72
71 73
71 74
71 75
71 76
71 77
71 78
71 82
71 218
71 221
71 242
71 255
72 73
72 74
72 75
72 76
72 77
72 78
72 79
72 83
72 210
72 215
72 233
72 255
72 256
72 262
72 306
72 317
73 74
73 75
73 76
73 77
73 78
73 82
73 527
74 75
74 76
74 77
74 78
74 79
74 83
75 76
76 77
76 79
76 83
77 78
77 79
77 83
78 79
78 80
78 81
78 82
78 317
79 80
79 81
79 82
79 83
79 97
79 306
80 81
82 83
82 84
82 85
82 86
82 211
82 243
82 252
82 262
82 289
82 295
82 297
82 380
82 645
83 84
83 85
83 86
83 132
83 210
83 217
83 219
83 381
83 418
83 648
84 85
84 86
85 86
87 88
87 89
87 90
87 91
88 89
88 90
88 91
89 90
89 91
90 91
90 316
90 350
91 351
92 93
92 94
92 95
92 96
92 97
92 98
92 108
92 109
92 110
92 111
92 131
92 132
92 133
92 134
92 139
92 147
92 216
92 260
92 394
92 409
92 437
92 487
92 655
92 752
93 94
93 95
93 96
93 97
93 98
93 140
93 166
93 199
93 217
93 394
93 395
93 400
93 437
93 487
93 488
93 656
93 753
94 95
94 96
94 97
94 98
95 96
95 97
95 98
95 295
95 298
95 305
95 306
95 703
96 97
96 98
96 131
96 165
96 394
96 400
96 409
96 420
96 436
96 437
96 453
96 487
96 496
97 98
97 131
97 140
97 199
97 236
97 394
97 395
97 437
97 488
99 100
99 101
99 102
99 108
99 110
99 131
99 133
100 101
100 102
100 108
100 109
100 110
100 111
100 132
100 134
101 102
101 110
103 104
103 105
103 106
103 107
103 108
103 109
103 110
103 111
103 131
103 132
103 133
103 134
103 171
103 172
104 105
104 106
104 107
104 109
104 111
104 132
104 134
104 211
105 106
105 107
106 107
108 109
108 110
108 111
108 112
108 113
108 114
108 131
108 133
108 165
108 171
108 176
109 110
109 111
109 112
109 113
109 114
109 130
109 131
109 132
109 176
109 211
109 954
110 111
110 112
110 113
110 114
110 119
110 131
110 133
110 134
110 147
110 170
110 171
110 176
110 183
111 112
111 113
111 114
111 132
111 133
111 134
111 138
111 148
111 176
112 113
112 114
113 114
115 116
115 117
115 118
115 119
115 120
115 121
115 122
115 123
115 124
115 171
115 202
116 117
116 118
116 119
116 120
116 121
116 122
116 123
116 124
117 118
117 119
117 120
117 121
117 122
117 123
117 124
118 119
118 120
118 121
118 122
118 123
118 124
119 120
119 121
119 122
119 123
119 124
120 121
120 122
120 123
120 124
121 122
121 123
121 124
122 123
122 124
123 124
124 211
124 233
125 126
125 127
125 128
125 129
125 130
126 127
126 128
126 129
126 130
127 128
127 129
127 130
128 129
128 130
129 130
129 132
129 134
129 210
129 211
130 148
130 233
131 132
131 133
131 134
131 135
131 136
131 137
131 138
131 171
131 176
131 218
131 221
131 260
132 133
132 134
132 135
132 136
132 137
132 138
132 172
132 219
132 220
132 274
133 134
133 135
133 136
133 137
133 138
133 171
133 176
134 135
134 136
134 137
134 138
135 136
135 137
135 138
136 137
136 138
137 138
139 140
139 141
139 142
139 147
139 148
139 192
139 201
139 202
140 141
140 142
140 148
140 202
140 551
141 142
143 144
143 145
143 146
143 171
143 232
143 233
144 145
144 146
144 233
145 146
147 148
147 149
147 150
147 183
147 192
147 199
147 201
147 202
147 382
147 384
147 859
147 906
148 149
148 150
148 151
148 171
148 184
148 193
148 199
148 201
148 202
148 220
148 236
148 302
149 150
151 152
151 153
151 154
151 155
151 156
151 157
151 158
151 159
151 160
151 161
151 162
151 163
151 164
151 171
151 172
151 202
151 305
152 153
152 154
152 155
152 156
152 157
152 158
152 159
152 160
152 161
152 162
152 163
152 164
152 172
153 154
153 155
153 156
153 157
153 158
153 159
153 160
153 161
153 162
153 163
153 164
154 155
154 156
154 157
154 158
154 159
154 160
154 161
154 162
154 163
154 164
155 156
155 157
155 158
155 159
155 160
155 161
155 162
155 163
155 164
156 157
156 158
156 159
156 160
156 161
156 162
156 163
156 164
157 158
157 159
157 160
157 161
157 162
157 163
157 164
158 159
158 160
158 161
158 162
158 163
158 164
158 221
158 232
158 255
158 297
158 305
158 316
159 160
159 161
159 162
159 163
159 164
159 210
159 222
159 244
159 262
159 298
159 302
159 306
160 161
160 162
160 163
160 164
161 162
161 163
161 164
162 163
162 164
163 164
165 166
165 167
166 167
168 169
168 170
168 171
168 218
168 220
168 221
168 222
169 170
169 219
169 222
171 172
171 173
171 174
171 175
171 176
171 177
171 178
171 192
171 193
171 201
171 210
171 214
171 215
171 216
171 218
171 228
171 229
171 232
171 238
171 241
171 242
171 244
171 253
171 289
171 295
171 297
171 301
171 305
171 713
172 173
172 174
172 175
172 176
172 193
172 199
172 202
172 210
172 211
172 214
172 215
172 219
172 228
172 232
172 296
172 302
172 954
173 174
173 175
173 176
174 175
174 176
175 176
177 178
177 179
177 180
177 181
177 182
177 183
177 188
177 192
177 197
177 201
177 202
177 210
177 214
177 218
177 221
177 232
177 255
177 295
177 297
177 301
177 302
177 305
177 638
178 179
178 180
178 181
178 182
178 183
178 193
178 197
178 198
178 202
178 210
178 211
178 215
178 219
178 220
178 228
178 229
178 242
178 253
178 256
178 298
178 531
178 802
179 180
179 181
179 182
180 181
180 182
181 182
183 184
183 185
183 186
184 185
184 186
185 186
187 188
187 189
187 190
187 191
187 214
187 221
188 189
188 190
188 191
188 202
188 222
188 253
188 256
188 261
188 290
189 190
189 191
190 191
192 193
192 194
192 195
192 196
192 197
192 198
192 201
192 214
192 218
192 638
193 194
193 195
193 196
193 197
193 198
193 201
193 202
193 211
193 214
193 215
193 222
193 256
193 429
193 639
194 195
194 196
194 197
194 198
195 196
195 197
195 198
195 222
196 197
196 198
197 198
197 214
197 215
197 216
197 217
197 232
197 236
198 202
198 215
198 216
198 217
198 233
198 236
198 274
199 200
201 202
201 203
201 204
201 205
201 214
201 218
201 220
201 221
201 241
201 243
201 252
201 301
201 441
202 203
202 204
202 205
202 206
202 207
202 210
202 211
202 215
202 219
202 220
202 222
202 233
202 244
202 253
202 256
202 261
202 296
202 298
202 306
202 639
203 204
203 205
204 205
206 207
206 208
206 209
206 215
206 221
206 236
206 241
206 255
206 295
206 496
207 208
207 209
207 215
207 296
208 209
210 211
210 212
210 213
210 219
210 220
210 232
210 287
210 290
210 295
210 296
210 442
211 211
211 212
211 213
211 220
211 253
211 890
212 213
212 222
214 215
214 216
214 217
214 221
214 241
214 243
214 255
214 277
214 295
214 297
214 418
214 929
215 216
215 217
215 219
215 242
215 256
215 261
215 296
215 298
215 317
216 217
216 236
216 954
217 954
218 219
218 220
218 221
218 222
218 223
218 224
218 225
218 226
218 232
218 233
218 244
218 277
218 295
219 220
219 221
219 222
219 223
219 224
219 225
219 226
219 232
219 233
219 296
219 639
220 221
220 222
220 223
220 224
220 225
220 226
220 233
220 253
220 295
220 503
221 222
221 223
221 224
221 225
221 226
221 232
221 277
221 305
222 223
222 224
222 225
222 226
222 233
222 306
223 224
223 225
223 226
224 225
224 226
225 226
227 757
228 229
228 230
228 231
228 232
229 230
229 231
229 233
230 231
232 233
232 234
232 235
232 252
232 295
232 297
232 806
232 880
233 234
233 235
233 238
233 296
233 317
234 235
236 238
236 241
236 242
236 394
236 954
237 238
237 239
237 240
237 252
237 277
237 286
237 295
237 373
237 420
237 487
237 492
238 239
238 240
238 248
238 253
238 278
238 279
238 287
238 367
238 373
238 420
238 421
238 647
239 240
241 242
241 253
241 255
241 277
241 316
241 487
241 671
241 838
242 253
242 256
242 261
242 277
242 487
242 488
243 244
243 245
243 246
243 252
243 255
243 262
243 277
243 286
243 289
243 290
244 245
244 246
244 253
244 256
244 262
244 278
244 286
244 287
244 289
244 290
244 296
244 609
245 246
247 248
247 249
247 250
247 251
248 249
248 250
248 251
248 542
249 250
249 251
250 251
252 253
252 254
252 255
252 260
252 277
252 286
252 289
252 295
252 297
252 301
252 302
252 305
252 454
252 818
253 254
253 261
253 262
253 287
253 290
253 292
253 293
253 295
253 296
253 298
253 302
253 305
253 306
253 383
253 385
253 818
254 383
254 384
254 385
255 256
255 257
255 258
255 259
255 260
255 261
255 262
255 277
255 289
255 301
255 305
255 418
255 852
256 257
256 258
256 259
256 260
256 261
256 262
256 277
256 290
256 296
256 298
256 302
256 305
256 306
256 604
256 853
256 856
257 258
257 259
258 259
260 261
260 262
260 263
260 264
260 271
260 277
260 285
260 289
260 330
261 262
261 263
261 264
261 274
261 277
261 290
261 487
261 780
262 263
262 264
262 271
262 296
262 310
262 502
263 264
265 266
265 267
265 268
265 269
265 295
265 296
265 297
265 298
265 302
265 305
265 306
266 267
266 268
266 269
266 302
267 268
267 269
267 302
268 269
270 295
271 272
271 707
273 274
273 275
273 276
274 275
274 276
274 278
274 331
274 383
274 500
274 501
275 276
277 278
277 279
277 280
277 281
277 282
277 289
277 316
277 330
277 382
277 429
277 500
277 501
277 503
277 694
277 713
277 737
277 750
277 795
277 796
277 808
277 809
277 852
277 853
277 856
277 874
277 899
277 900
277 927
277 937
277 938
277 944
278 279
278 280
278 281
278 282
278 296
278 853
279 280
279 281
279 282
280 281
280 282
281 282
283 284
283 285
283 823
284 285
286 287
286 288
286 289
286 290
286 297
286 301
286 305
286 306
287 288
287 289
287 290
287 296
287 298
287 302
287 306
289 290
289 291
289 295
289 316
289 608
289 938
290 291
290 296
290 317
290 609
290 746
292 293
292 294
292 295
292 297
292 298
292 301
292 305
292 326
292 567
293 294
293 296
293 298
293 302
293 306
293 326
293 567
293 684
294 332
295 296
295 297
295 298
295 299
295 300
295 301
295 302
295 303
295 304
295 305
295 306
295 307
295 308
295 309
295 316
295 373
295 638
295 702
295 797
295 838
295 844
295 845
295 863
295 864
295 865
295 923
295 944
296 297
296 298
296 299
296 300
296 301
296 302
296 303
296 304
296 305
296 306
296 307
296 308
296 309
296 316
296 317
296 374
296 797
296 863
296 864
296 923
297 298
297 299
297 300
297 301
297 302
297 303
297 304
297 305
297 306
297 307
297 308
297 309
297 684
298 299
298 300
298 301
298 302
298 303
298 304
298 305
298 306
298 307
298 308
298 309
299 300
299 301
299 302
299 303
299 304
299 305
299 306
299 307
299 308
299 309
300 301
300 302
300 303
300 304
300 305
300 306
300 307
300 308
300 309
301 302
301 303
301 304
301 305
301 306
301 307
301 308
301 309
301 432
301 433
301 638
301 797
302 303
302 304
302 305
302 306
302 307
302 308
302 309
302 797
303 304
303 305
303 306
303 307
303 308
303 309
304 305
304 306
304 307
304 308
304 309
305 306
305 307
305 308
305 309
305 322
305 330
305 797
305 876
306 307
306 308
306 309
306 797
307 308
307 309
308 309
310 311
310 312
310 313
310 314
310 315
310 350
311 312
311 313
311 314
311 315
311 322
311 350
312 313
312 314
312 315
313 314
313 315
313 502
314 315
315 316
315 317
315 373
315 374
315 376
315 377
316 317
316 318
316 319
316 320
316 321
316 376
316 466
316 643
316 779
317 318
317 319
317 320
317 321
317 322
317 331
317 332
317 374
317 377
317 779
317 780
317 900
317 905
318 319
318 320
318 321
319 320
319 321
320 321
320 373
320 374
320 376
320 377
320 475
321 331
321 374
321 377
322 323
322 324
322 325
322 326
322 327
322 330
322 331
322 332
323 324
323 325
323 326
324 325
324 326
325 326
326 330
326 331
326 371
326 373
326 374
327 328
327 329
327 331
328 329
330 331
330 332
330 333
330 362
330 363
330 368
330 369
330 373
330 374
330 409
330 410
330 413
330 414
330 415
330 500
330 528
330 554
330 580
330 795
330 796
331 332
331 333
331 339
331 341
331 363
331 365
331 368
331 369
331 414
331 415
331 449
331 500
331 501
331 503
331 554
332 333
332 363
332 365
332 369
332 500
332 554
334 335
334 336
334 337
334 338
334 339
334 341
334 350
334 351
335 336
335 337
335 339
335 341
335 351
336 337
338 339
338 340
338 341
338 342
338 350
338 351
338 362
338 380
338 897
339 340
339 341
339 343
339 350
339 351
339 363
339 380
340 341
341 343
341 349
341 350
341 351
341 380
341 381
341 393
342 343
342 344
342 345
342 436
342 437
343 344
343 345
343 437
344 345
346 347
346 348
346 349
346 373
347 348
347 349
347 511
348 349
350 351
350 352
350 353
350 356
350 380
350 434
350 436
351 352
351 353
351 355
351 356
351 357
351 380
351 430
351 436
351 437
352 353
354 355
354 356
354 357
354 358
354 359
354 360
354 361
354 723
354 808
354 857
354 858
355 356
355 357
355 358
355 359
355 360
355 361
355 714
355 875
356 357
356 358
356 359
356 360
356 361
357 358
357 359
357 360
357 361
358 359
358 360
358 361
359 360
359 361
360 361
362 363
362 364
362 365
362 366
362 367
362 368
363 364
363 365
363 366
363 367
363 368
363 369
363 374
364 365
364 366
364 367
364 475
365 366
365 367
365 476
366 367
367 475
368 369
368 370
368 371
368 373
368 374
368 376
368 413
368 425
368 426
368 500
368 581
368 584
368 802
368 803
369 370
369 371
369 374
369 376
369 377
369 426
369 584
369 803
370 432
371 372
371 374
371 413
373 374
373 375
373 376
373 401
373 405
373 493
373 522
373 774
373 876
374 375
374 377
374 401
376 377
376 378
376 379
377 378
377 379
377 391
378 379
380 381
380 382
380 663
380 713
381 575
381 576
381 579
381 667
382 383
382 384
382 385
382 386
382 387
382 388
382 389
382 390
382 487
382 492
382 496
382 500
382 502
382 541
382 550
382 551
382 595
382 702
382 707
382 713
382 723
382 795
382 821
382 905
383 384
383 385
383 386
383 387
383 388
383 389
383 487
383 488
383 489
383 493
383 496
383 497
383 501
383 502
383 503
383 551
383 639
383 775
383 856
384 385
384 386
384 387
384 388
384 389
384 487
384 502
384 503
384 639
384 905
385 386
385 387
385 388
385 389
385 487
385 488
385 493
385 501
385 502
385 503
385 639
385 775
385 856
386 387
386 388
386 389
387 388
387 389
388 389
390 391
390 392
390 393
390 487
390 492
390 496
390 599
390 787
391 392
391 393
391 487
391 488
391 489
391 493
391 496
391 497
391 656
392 393
393 489
394 395
394 396
394 487
394 488
394 492
394 496
394 497
394 923
395 396
395 487
395 488
395 489
395 493
395 496
395 497
397 398
397 399
397 400
398 399
398 400
398 497
399 400
401 402
401 403
401 404
402 403
402 404
403 404
405 406
405 407
405 408
405 475
406 407
406 408
406 425
406 426
407 408
407 480
409 410
409 411
409 412
409 413
409 414
409 415
409 416
409 417
409 418
409 419
409 423
409 425
409 432
409 436
409 466
409 485
409 487
409 492
409 531
409 603
409 745
409 774
409 917
410 411
410 412
410 413
410 414
410 415
410 416
410 417
410 418
410 419
410 421
410 424
410 426
410 429
410 433
410 437
410 486
410 775
411 412
411 413
411 414
411 415
411 416
411 417
411 418
411 419
412 413
412 414
412 415
412 416
412 417
412 418
412 419
413 414
413 415
413 416
413 417
413 418
413 419
413 423
413 425
413 432
413 436
413 469
413 485
414 415
414 416
414 417
414 418
414 419
414 421
414 426
414 433
414 437
415 416
415 417
415 418
415 419
415 421
415 426
415 433
415 437
416 417
416 418
416 419
417 418
417 419
418 419
418 425
418 694
418 863
418 864
418 865
419 426
419 432
419 433
419 863
419 864
419 865
419 924
420 421
420 422
420 423
420 424
420 432
420 434
420 487
420 492
420 497
421 422
421 423
421 424
421 433
421 434
421 435
422 423
422 424
423 424
423 425
423 466
423 487
423 489
423 492
423 496
423 497
424 426
425 426
425 427
425 428
425 429
425 430
425 432
425 434
425 435
425 448
425 449
425 566
425 574
425 581
425 584
425 643
425 756
426 427
426 428
426 429
426 430
426 433
426 435
426 448
426 449
426 480
426 481
426 643
427 428
429 430
429 431
429 432
429 433
429 434
429 435
429 436
429 446
429 798
430 431
430 432
430 433
430 434
430 435
430 437
430 442
430 446
430 581
430 644
431 432
431 433
431 434
431 435
432 433
432 434
432 435
432 436
432 441
432 445
432 448
432 480
432 481
432 695
432 708
432 798
433 434
433 435
433 436
433 437
433 441
433 449
433 481
433 584
434 435
434 436
434 574
434 838
435 437
436 437
436 438
436 439
436 440
436 441
436 469
436 480
436 484
436 580
436 581
436 694
436 696
436 811
437 438
437 439
437 440
437 441
437 442
437 481
437 484
437 581
437 696
437 811
438 439
438 440
438 724
439 440
440 697
441 442
441 443
441 444
441 448
441 937
441 938
442 443
442 444
442 449
443 444
445 446
445 447
445 448
445 466
445 469
446 447
446 449
446 470
447 799
448 449
448 450
448 451
448 452
448 453
448 454
448 459
448 460
448 466
448 469
448 475
448 480
448 481
448 566
448 580
448 581
449 450
449 451
449 452
449 453
449 455
449 476
449 481
449 566
449 584
449 599
450 451
450 452
450 453
451 452
451 453
452 453
453 496
453 695
454 455
454 456
454 457
454 458
454 459
454 460
454 461
454 462
454 463
454 464
454 465
454 500
455 456
455 457
455 458
455 459
455 460
455 461
455 462
455 463
455 464
455 465
455 480
455 481
456 457
456 458
456 459
456 460
456 461
456 462
456 463
456 464
456 465
457 458
457 459
457 460
457 461
457 462
457 463
457 464
457 465
457 669
458 459
458 460
458 461
458 462
458 463
458 464
458 465
459 460
459 461
459 462
459 463
459 464
459 465
459 475
460 461
460 462
460 463
460 464
460 465
460 475
460 476
461 462
461 463
461 464
461 465
462 463
462 464
462 465
463 464
463 465
464 465
465 714
466 467
466 468
466 469
466 470
466 471
466 472
466 473
466 474
466 475
466 603
466 645
466 774
466 838
466 844
467 468
467 469
467 470
467 471
467 472
467 473
467 474
468 469
468 470
468 471
468 472
468 473
468 474
469 470
469 471
469 472
469 473
469 474
469 475
469 480
469 481
469 603
469 645
470 471
470 472
470 473
470 474
470 476
470 480
470 481
470 604
470 646
470 757
470 775
471 472
471 473
471 474
472 473
472 474
473 474
473 475
474 475
474 476
475 476
475 477
475 478
475 479
475 480
475 608
476 477
476 478
476 479
476 480
476 481
476 587
476 604
477 478
477 479
478 479
480 481
480 482
480 483
480 484
480 501
480 541
480 565
480 575
480 576
480 595
480 831
480 887
481 482
481 483
481 484
481 565
481 574
481 575
481 576
481 595
481 831
481 832
482 483
482 484
483 484
485 486
485 487
485 496
485 756
487 488
487 489
487 490
487 491
487 492
487 493
487 494
487 495
487 496
487 497
487 498
487 499
487 502
487 522
487 523
487 595
488 489
488 490
488 491
488 492
488 493
488 494
488 495
488 496
488 497
488 498
488 499
488 503
488 523
489 490
489 491
489 492
489 493
489 494
489 495
489 496
489 497
489 498
489 499
489 501
489 523
490 491
490 492
490 493
490 494
490 495
490 496
490 497
490 498
490 499
491 492
491 493
491 494
491 495
491 496
491 497
491 498
491 499
492 493
492 494
492 495
492 496
492 497
492 498
492 499
492 580
492 795
493 494
493 495
493 496
493 497
493 498
493 499
493 503
493 523
494 495
494 496
494 497
494 498
494 499
495 496
495 497
495 498
495 499
496 497
496 498
496 499
496 543
497 498
497 499
497 523
498 499
500 501
500 502
500 503
500 504
500 505
500 506
500 795
500 796
500 876
501 502
501 503
501 504
501 505
501 529
501 544
501 795
501 822
502 503
502 504
502 505
502 506
502 543
503 504
503 505
503 506
503 795
504 505
506 507
506 508
506 509
506 550
506 787
506 795
507 508
507 509
508 509
510 511
510 512
510 513
510 528
510 541
510 564
510 684
510 690
510 691
510 694
510 699
510 707
510 723
510 877
511 512
511 514
511 529
511 532
511 565
511 651
511 685
511 695
511 696
511 697
511 699
511 723
511 727
511 877
513 514
513 515
513 516
513 517
513 690
513 713
513 863
513 864
513 865
514 515
514 516
514 517
514 691
514 695
514 697
514 724
515 516
515 517
516 517
518 519
518 520
518 521
519 520
519 521
519 691
520 521
520 696
520 697
522 523
522 524
522 525
522 526
522 527
522 528
522 529
522 656
522 684
522 685
522 737
522 769
522 770
523 524
523 525
523 526
523 527
523 529
523 544
523 770
524 525
524 526
524 527
525 526
525 527
526 527
526 770
528 529
528 530
528 535
528 550
528 682
528 684
528 685
528 856
528 908
529 530
529 532
529 579
529 587
529 627
529 676
529 685
529 856
529 877
531 532
531 533
531 534
531 723
532 533
532 534
533 534
534 684
535 536
535 537
535 538
535 539
535 540
536 537
536 538
536 539
536 540
537 538
537 539
537 540
537 543
537 626
537 944
538 539
538 540
538 544
538 685
538 944
538 945
539 540
541 542
541 543
541 544
541 545
541 546
541 550
541 551
541 564
541 579
541 585
541 650
541 655
541 663
541 666
541 671
541 680
541 690
541 737
541 908
542 543
542 544
542 545
542 546
542 547
542 551
542 579
542 664
542 667
542 672
542 680
542 909
543 544
543 545
543 546
543 575
543 586
543 626
543 666
543 671
543 673
543 680
543 908
544 545
544 546
544 576
544 651
544 669
544 680
544 799
546 547
546 548
546 549
546 550
546 551
547 548
547 549
547 667
547 669
548 549
550 551
550 552
550 553
550 554
550 564
550 566
550 575
550 585
550 650
550 655
550 666
550 680
550 684
550 731
550 769
551 552
551 553
551 554
551 567
551 574
551 576
551 579
551 587
551 627
551 651
551 667
551 680
551 737
552 553
552 554
553 554
554 757
555 556
555 557
555 558
555 565
556 557
556 558
556 865
557 558
559 560
559 561
559 562
559 563
560 561
560 562
560 563
561 562
561 563
562 563
563 565
563 736
564 565
564 566
564 571
564 575
564 585
564 650
564 655
564 666
564 844
565 567
565 571
565 574
565 650
565 651
565 656
565 697
565 708
565 844
566 567
566 568
566 569
566 570
566 571
566 575
566 598
566 648
566 702
566 744
566 814
566 897
567 568
567 569
567 570
567 579
567 604
567 641
567 646
568 569
568 570
569 570
570 703
571 572
571 573
571 574
571 575
571 584
571 595
571 645
571 705
571 725
572 573
572 574
573 574
574 576
574 579
574 580
574 581
574 627
574 646
574 757
575 576
575 577
575 578
575 579
575 580
575 586
575 598
575 603
575 623
575 626
575 638
575 655
575 663
576 577
576 578
576 579
576 581
576 587
576 599
576 603
576 604
576 623
576 627
576 656
576 746
577 578
577 579
578 579
579 623
579 627
579 639
580 581
580 582
580 583
580 584
580 595
580 643
580 702
580 762
580 838
581 582
581 583
581 584
581 595
581 627
581 644
581 703
581 763
582 583
582 584
583 584
584 623
584 651
584 676
584 856
585 586
585 587
585 588
585 589
585 603
585 638
585 650
585 666
585 684
585 702
585 732
585 756
585 757
585 887
586 587
586 588
586 589
586 595
586 598
586 603
586 684
586 756
587 588
587 589
587 590
587 596
587 599
587 639
587 684
587 685
587 770
588 589
590 591
590 592
590 593
590 594
590 598
590 599
590 746
591 592
591 593
591 594
592 593
592 594
593 594
595 596
595 597
595 603
595 608
595 914
596 597
597 823
598 599
598 600
598 601
598 602
598 603
598 655
598 752
599 600
599 601
599 602
599 604
599 639
599 924
600 601
600 602
601 602
603 604
603 605
603 606
603 607
603 626
603 627
603 650
603 707
603 769
604 605
604 606
604 607
605 606
605 607
606 607
608 609
608 610
608 611
608 612
608 788
609 610
609 611
609 612
609 696
609 697
609 703
609 708
610 611
610 612
611 612
613 614
613 615
613 616
613 617
613 618
613 619
613 620
613 621
613 622
613 750
614 615
614 616
614 617
614 618
614 619
614 620
614 621
614 622
615 616
615 617
615 618
615 619
615 620
615 621
615 622
616 617
616 618
616 619
616 620
616 621
616 622
617 618
617 619
617 620
617 621
617 622
618 619
618 620
618 621
618 622
619 620
619 621
619 622
620 621
620 622
621 622
623 624
623 625
623 626
623 627
623 640
623 641
623 750
623 873
624 625
626 627
626 628
626 629
626 630
626 631
626 632
626 633
626 634
626 635
626 636
626 637
626 638
626 639
626 640
626 663
626 838
627 628
627 629
627 630
627 631
627 632
627 633
627 634
627 635
627 636
627 637
627 638
627 639
627 640
627 641
627 656
628 629
628 630
628 631
628 632
628 633
628 634
628 635
628 636
628 637
628 638
628 639
629 630
629 631
629 632
629 633
629 634
629 635
629 636
629 637
629 638
629 639
630 631
630 632
630 633
630 634
630 635
630 636
630 637
630 638
630 639
631 632
631 633
631 634
631 635
631 636
631 637
631 638
631 639
632 633
632 634
632 635
632 636
632 637
632 638
632 639
633 634
633 635
633 636
633 637
633 638
633 639
634 635
634 636
634 637
634 638
634 639
635 636
635 637
635 638
635 639
636 637
636 638
636 639
637 638
637 639
638 639
638 650
638 852
638 853
638 923
639 770
639 796
639 853
639 905
639 923
640 641
640 642
641 642
643 644
643 645
643 646
643 647
644 645
644 646
644 647
645 646
645 647
645 937
645 947
646 647
646 808
646 809
646 937
648 649
650 651
650 652
650 653
650 654
650 655
650 656
650 663
650 844
650 877
650 883
651 652
651 653
651 654
651 655
651 656
651 664
651 669
651 883
651 913
652 653
652 654
653 654
654 656
654 744
655 656
655 657
655 658
655 663
655 752
655 883
656 657
656 658
656 664
656 685
656 737
656 746
656 872
656 883
657 658
659 660
659 661
659 662
659 666
659 667
659 669
660 661
660 662
661 662
663 664
663 665
663 666
663 667
663 669
663 675
663 739
663 802
664 665
664 666
664 667
664 737
664 740
664 768
664 802
664 803
666 667
666 668
666 669
666 670
666 671
666 675
667 668
667 669
667 670
667 672
667 675
668 669
668 670
669 670
669 674
669 676
669 697
669 741
669 894
670 714
671 672
671 673
671 674
671 947
672 673
672 674
672 947
672 948
673 674
675 676
675 677
675 678
675 679
675 680
675 684
675 685
675 690
675 723
675 731
676 677
676 678
676 679
676 680
676 691
676 732
676 900
677 678
677 679
677 680
678 679
678 680
679 680
680 691
681 682
681 683
681 696
681 702
681 724
681 736
682 683
683 723
684 685
684 686
684 687
684 688
684 691
684 723
684 727
684 745
685 686
685 687
685 688
685 697
685 703
685 708
685 723
685 727
685 736
686 687
688 689
688 724
690 691
690 692
690 693
690 694
690 720
690 770
690 899
690 940
691 692
691 693
691 695
691 731
691 739
692 693
694 695
694 696
694 697
694 698
694 699
694 702
694 703
694 707
694 713
694 744
694 783
695 696
695 697
695 698
695 700
695 703
695 707
695 708
695 714
695 717
695 759
695 806
696 697
696 698
696 700
696 708
696 759
696 900
697 698
697 700
697 702
697 703
697 707
697 708
697 759
699 700
699 701
699 702
699 707
699 723
699 724
699 856
699 948
700 701
700 703
700 708
700 714
700 724
700 856
702 703
702 704
702 705
702 706
702 707
702 708
702 709
702 710
702 711
702 712
702 713
702 744
702 750
702 821
702 857
703 704
703 705
703 706
703 707
703 708
703 709
703 710
703 711
703 712
703 714
703 934
704 705
704 706
704 707
704 708
704 709
704 710
704 711
704 712
705 706
705 707
705 708
705 709
705 710
705 711
705 712
706 707
706 708
706 709
706 710
706 711
706 712
707 708
707 709
707 710
707 711
707 712
707 745
707 758
707 876
708 709
708 710
708 711
708 712
708 717
708 915
708 934
708 935
709 710
709 711
709 712
710 711
710 712
711 712
713 714
713 715
713 716
713 717
713 720
713 723
713 744
713 864
714 715
714 716
714 717
714 922
714 924
715 716
717 718
717 719
717 924
718 719
720 721
720 722
720 863
720 864
720 865
720 948
721 722
721 948
723 724
723 725
723 726
723 727
723 731
723 778
723 793
723 795
723 877
724 725
724 726
724 727
724 732
724 740
724 794
724 872
724 948
725 726
727 728
727 729
727 730
727 944
728 729
728 730
728 944
728 945
729 730
731 732
731 733
731 734
731 736
731 739
731 788
731 883
731 899
732 733
732 734
732 759
732 913
733 734
735 736
736 898
736 899
736 900
736 905
736 961
736 962
737 738
737 740
737 746
737 769
737 770
739 740
739 741
739 742
739 743
739 744
739 844
739 865
740 741
740 742
740 743
740 746
741 742
741 743
742 743
744 745
744 746
744 747
744 748
744 749
744 750
744 762
744 778
744 852
745 746
745 747
745 748
745 749
745 750
745 762
745 783
745 875
746 747
746 748
746 749
746 750
746 762
746 763
746 884
747 748
747 749
748 749
750 751
750 752
750 753
750 757
750 758
750 759
750 856
750 865
750 871
752 753
752 754
752 755
753 754
753 755
753 757
754 755
756 757
756 758
756 769
756 774
756 808
756 809
756 937
757 759
757 796
757 808
758 759
758 760
758 761
759 760
759 761
759 845
759 923
760 761
762 763
762 764
762 765
762 766
762 767
762 768
763 764
763 765
763 766
763 767
763 768
764 765
764 766
764 767
764 768
765 766
765 767
765 768
766 767
766 768
767 768
768 845
769 770
769 771
769 772
769 773
769 833
769 868
769 873
769 883
770 771
770 772
770 773
770 873
770 883
770 884
771 772
771 773
772 773
774 775
774 776
774 777
774 778
774 787
774 795
774 857
774 858
775 776
775 777
775 778
775 796
775 858
776 777
776 778
777 778
777 823
779 780
779 781
779 782
779 787
779 795
779 823
780 781
780 782
780 788
781 782
783 784
783 785
783 786
783 787
783 798
784 785
784 786
784 788
784 796
785 786
787 788
787 789
787 790
787 791
787 792
787 809
787 826
787 908
787 927
788 788
788 789
788 790
788 791
788 792
788 809
788 827
789 790
789 791
789 792
790 791
790 792
791 792
793 794
793 795
793 923
793 924
795 796
795 797
798 799
798 800
798 801
798 802
798 803
798 831
799 800
799 801
799 802
799 809
799 832
800 801
802 803
802 804
802 805
802 809
802 821
803 804
803 805
803 809
804 805
806 807
807 809
808 809
808 810
808 818
808 821
808 826
808 831
808 832
808 876
808 957
809 810
809 812
809 818
809 821
809 822
809 823
809 824
809 831
809 849
809 946
811 812
811 813
811 814
811 815
811 816
811 817
812 813
812 814
812 815
812 816
812 817
813 814
813 815
813 816
813 817
814 815
814 816
814 817
815 816
815 817
816 817
818 819
818 820
818 821
818 822
818 823
818 824
819 820
821 822
821 823
821 824
821 825
821 826
821 827
821 833
822 823
822 824
822 825
822 826
822 827
823 824
823 825
824 825
824 827
826 827
826 828
826 829
826 830
827 828
827 829
827 830
828 829
828 830
829 830
831 832
833 834
833 835
833 836
833 837
833 857
833 874
833 876
833 929
834 835
834 836
834 837
834 857
834 858
834 874
834 875
835 836
835 837
836 837
837 873
838 839
838 840
838 841
838 863
838 874
838 875
839 840
839 841
839 845
839 875
840 841
842 843
842 863
844 845
844 846
844 847
844 848
844 857
844 858
844 876
845 846
845 847
845 848
845 853
845 857
845 958
846 847
846 848
847 848
848 857
848 858
849 850
849 851
849 852
849 853
849 856
849 874
849 875
850 851
852 853
852 854
852 855
852 856
852 857
852 858
852 864
852 876
853 854
853 855
853 856
853 857
853 858
853 864
853 865
854 855
856 864
856 865
856 874
856 875
857 858
857 859
857 860
857 861
857 862
857 868
857 869
858 859
858 862
858 864
858 869
858 958
861 862
861 863
861 865
863 864
863 865
863 866
863 867
863 869
863 937
863 939
864 865
864 866
864 867
864 933
864 937
864 939
865 866
865 867
865 874
865 923
865 937
865 939
865 946
866 867
868 869
868 870
868 871
868 913
868 929
868 937
869 870
869 871
869 913
870 871
873 874
873 875
873 876
873 877
873 938
874 875
874 876
876 877
876 878
876 879
876 887
876 927
877 878
877 879
877 881
877 887
877 888
878 879
880 881
880 882
881 882
883 884
883 885
883 886
884 885
884 886
885 886
887 888
887 889
887 890
887 891
887 892
888 889
888 890
888 891
888 892
889 890
889 891
889 892
890 891
890 892
891 892
893 894
893 895
893 896
893 897
893 898
894 895
894 896
894 897
894 898
895 896
895 897
895 898
896 897
896 898
897 898
899 900
899 901
899 902
899 903
899 904
899 905
899 957
900 901
900 902
900 903
900 904
900 905
900 928
900 934
901 902
901 903
901 904
902 903
902 904
903 904
905 906
905 907
906 907
908 909
908 910
908 911
908 912
909 910
909 911
909 912
909 913
910 911
910 912
911 912
913 914
913 915
913 917
913 922
913 928
914 915
914 916
915 916
917 918
917 919
917 920
917 921
917 922
918 919
918 920
918 921
918 922
919 920
919 921
919 922
920 921
920 922
921 922
923 924
923 925
923 926
923 927
923 936
923 937
923 938
923 944
923 945
923 947
923 948
924 925
924 926
924 936
924 937
924 938
924 944
925 926
927 928
927 929
927 930
927 931
927 932
927 937
927 944
928 929
928 930
928 931
928 932
928 937
928 938
928 945
929 930
929 931
929 932
929 937
929 938
930 931
930 932
931 932
933 934
933 935
933 936
933 937
933 938
934 935
934 936
934 937
935 936
937 938
937 944
938 938
938 944
938 945
938 948
939 940
939 941
939 942
939 943
939 944
939 945
940 941
940 942
940 943
941 942
941 943
942 943
944 945
944 946
944 947
945 946
945 948
947 948
947 949
947 950
947 951
947 952
948 949
948 950
948 951
948 952
949 950
949 951
949 952
950 951
950 952
951 952
953 954
953 955
953 956
954 955
954 956
955 956
957 958
957 959
957 960
958 959
958 960
959 960
961 962
961 963
961 964
962 963
962 964
963 964
