0 1
0 2
0 3
0 4
0 10
0 17
0 18
0 29
0 34
0 38
0 41
0 59
0 102
0 104
0 115
0 273
0 384
0 438
0 443
0 908
0 922
0 943
0 971
1 2
1 3
1 4
1 10
1 11
1 18
1 21
1 34
1 35
1 41
1 59
1 104
1 130
1 182
1 572
2 3
2 4
2 262
2 269
2 623
3 4
5 6
5 7
5 8
5 9
5 76
5 409
5 919
6 7
6 8
6 9
7 8
7 9
7 41
7 111
8 9
10 11
10 12
10 13
10 14
10 15
10 16
10 39
10 41
11 12
11 13
11 14
11 15
11 16
11 39
11 41
12 13
12 14
12 15
12 16
12 39
12 195
13 14
13 15
13 16
14 15
14 16
15 16
17 18
17 19
17 20
17 21
17 111
18 19
18 20
18 21
19 20
19 21
20 21
22 23
22 24
22 25
22 26
22 27
22 28
22 29
22 30
22 31
22 32
22 33
22 458
23 24
23 25
23 26
23 27
23 28
23 29
23 30
23 31
23 32
23 33
24 25
24 26
24 27
24 28
24 29
24 30
24 31
24 32
24 33
24 462
25 26
25 27
25 28
25 29
25 30
25 31
25 32
25 33
26 27
26 28
26 29
26 30
26 31
26 32
26 33
27 28
27 29
27 30
27 31
27 32
27 33
28 29
28 30
28 31
28 32
28 33
29 30
29 31
29 32
29 33
29 76
29 78
29 625
29 626
29 777
29 820
29 837
29 838
30 31
30 32
30 33
30 280
31 32
31 33
32 33
34 35
34 36
34 37
34 38
34 39
34 41
34 55
34 56
34 58
34 63
34 64
34 113
34 269
34 270
34 273
34 274
34 354
34 356
34 462
34 477
34 478
34 519
34 545
34 625
34 626
34 705
34 774
34 775
34 796
34 919
35 36
35 37
35 39
35 41
36 37
38 39
38 40
38 41
38 42
38 44
38 51
38 58
38 197
38 292
38 293
38 919
38 964
39 40
39 41
39 43
39 45
39 48
39 52
40 41
41 43
41 52
41 155
41 964
41 965
41 976
41 977
42 43
42 44
42 111
42 169
42 959
42 976
43 45
43 48
43 111
43 166
43 741
43 742
43 976
43 977
44 45
44 46
44 47
44 51
44 67
44 72
44 78
44 90
44 798
44 819
45 46
45 47
45 48
45 52
45 90
45 91
45 109
45 187
46 47
48 49
48 50
48 52
48 90
48 91
48 99
49 50
51 52
51 53
51 54
51 90
51 111
51 705
52 53
52 54
52 109
53 54
55 56
55 57
55 58
55 59
55 60
55 63
55 64
55 67
55 72
55 73
55 90
55 109
55 113
55 115
55 117
55 165
55 197
55 248
55 273
55 299
55 354
55 677
55 805
55 964
56 57
56 58
56 60
56 64
56 68
56 72
56 84
56 109
56 115
56 197
56 354
56 365
56 371
56 965
57 58
57 115
57 809
58 59
58 60
58 63
58 64
58 73
58 117
58 197
58 217
58 273
59 60
59 61
59 62
59 63
59 113
59 115
59 597
60 61
60 62
60 63
60 64
60 82
60 115
61 62
63 64
63 65
63 66
63 102
63 104
63 117
63 273
63 693
63 713
63 741
63 819
63 875
64 65
64 66
64 79
64 82
64 104
64 115
64 117
64 273
64 714
64 819
64 822
64 908
64 965
65 66
67 68
67 69
67 70
67 71
67 72
67 73
67 82
67 90
67 269
67 308
67 309
67 312
67 788
67 1004
68 69
68 70
68 71
68 72
68 73
68 82
68 84
68 87
68 90
68 115
68 309
69 70
69 71
70 71
72 73
72 74
72 75
72 79
72 82
72 90
72 269
72 304
72 308
72 312
72 686
72 735
72 1004
73 74
73 75
73 79
73 83
73 84
73 90
73 115
73 238
73 316
73 480
73 687
73 908
73 939
73 954
74 75
74 301
74 308
74 312
76 77
76 78
76 79
76 80
76 81
76 82
76 262
76 317
76 329
76 338
76 919
77 78
77 79
77 80
77 81
77 82
78 79
78 80
78 81
78 82
78 83
78 87
78 277
78 317
78 326
78 941
78 999
79 80
79 81
79 82
79 84
79 85
79 86
79 87
79 89
79 115
79 940
79 942
80 81
80 82
81 82
82 83
82 86
82 87
82 234
82 262
82 317
83 84
83 85
83 86
84 85
84 86
84 113
85 86
87 88
87 89
87 220
88 89
89 333
90 91
90 92
90 93
90 94
90 95
90 96
90 97
90 98
90 99
90 100
90 101
90 233
90 242
90 287
90 304
90 317
90 596
90 609
90 747
90 774
90 775
90 797
90 828
90 829
90 830
90 908
91 92
91 93
91 94
91 95
91 96
91 97
91 98
91 99
91 100
91 101
92 93
92 94
92 95
92 96
92 97
92 98
92 99
92 100
92 101
92 308
92 474
92 920
93 94
93 95
93 96
93 97
93 98
93 99
93 100
93 101
94 95
94 96
94 97
94 98
94 99
94 100
94 101
95 96
95 97
95 98
95 99
95 100
95 101
96 97
96 98
96 99
96 100
96 101
97 98
97 99
97 100
97 101
98 99
98 100
98 101
99 100
99 101
100 101
100 115
102 103
102 104
102 105
102 106
102 107
102 108
103 104
103 105
103 106
103 107
103 108
103 492
103 667
104 105
104 106
104 107
104 108
104 458
105 106
105 107
105 108
106 107
106 108
107 108
107 333
107 536
109 110
109 111
109 112
109 114
110 111
110 112
110 458
110 920
111 112
111 114
113 114
113 115
113 116
113 117
113 273
113 951
113 964
114 115
114 116
114 117
115 116
115 117
115 551
116 117
118 119
118 120
118 121
118 122
118 123
119 120
119 121
119 122
119 123
119 163
120 121
120 122
120 123
121 122
121 123
122 123
122 376
122 377
124 125
124 126
124 127
124 133
124 134
124 136
124 165
124 220
124 273
124 360
125 126
125 127
125 134
125 166
125 195
126 127
128 129
128 130
128 131
128 132
128 371
128 376
129 130
129 131
129 132
129 139
129 361
129 372
129 376
130 131
130 132
130 625
130 626
131 132
133 134
133 135
133 136
133 137
133 138
133 139
133 253
133 299
133 354
133 356
133 360
133 361
133 371
133 438
133 908
133 920
133 968
134 135
134 136
134 137
134 138
134 139
134 155
134 253
134 254
134 360
134 439
134 909
134 968
135 136
135 137
136 137
136 139
136 155
136 254
136 439
136 909
136 968
137 375
138 139
138 140
138 141
138 147
138 216
138 253
138 354
138 360
138 438
139 140
139 141
139 361
139 368
139 371
139 372
139 375
140 141
142 143
142 144
142 145
142 146
142 919
143 144
143 145
143 146
143 377
144 145
144 146
145 146
147 148
147 149
147 150
147 151
147 152
147 153
147 158
147 299
147 304
147 308
147 462
147 747
147 748
147 913
148 149
148 150
148 151
148 152
148 153
148 159
148 162
148 163
148 304
148 305
148 434
148 748
148 823
149 150
149 151
149 152
149 153
150 151
150 152
150 153
151 152
151 153
152 153
152 299
152 312
154 155
154 156
154 157
154 158
154 159
154 160
154 161
154 165
154 166
154 187
154 214
154 215
154 216
154 217
154 220
154 221
154 225
154 226
154 356
154 371
155 156
155 157
155 158
155 159
155 160
155 161
155 162
155 163
155 166
155 214
155 215
155 216
155 217
155 221
155 371
156 157
156 158
156 159
156 160
156 161
156 214
157 158
157 159
157 160
157 161
158 159
158 160
158 161
158 162
158 163
158 214
158 796
158 797
158 798
158 799
159 160
159 161
159 162
159 163
159 217
160 161
162 163
162 164
162 166
163 164
163 166
163 699
165 166
165 167
165 168
165 182
165 299
165 454
166 167
166 168
166 455
167 168
169 170
169 171
169 172
169 173
169 174
170 171
170 172
170 173
170 174
171 172
171 173
171 174
172 173
172 174
173 174
175 176
175 177
175 178
175 179
175 180
175 181
175 187
175 194
175 220
175 292
175 293
175 317
175 334
175 607
175 608
175 609
175 774
175 908
176 177
176 178
176 179
176 180
176 181
177 178
177 179
177 180
177 181
177 293
177 333
177 334
178 179
178 180
178 181
178 292
178 333
179 180
179 181
179 292
179 333
180 181
182 183
182 184
182 185
182 409
182 607
182 608
182 620
182 756
182 798
182 799
183 184
183 185
183 187
183 597
184 185
186 187
186 188
186 189
186 194
186 304
186 350
186 354
186 360
186 459
186 540
186 551
186 648
186 772
186 908
186 913
186 920
186 1003
187 188
187 190
187 194
187 200
187 208
187 246
187 259
187 293
187 344
187 350
187 478
187 541
187 922
187 948
188 333
189 190
189 191
189 192
189 193
189 194
189 591
189 920
190 191
190 192
190 193
191 192
191 193
192 193
194 195
194 196
194 299
194 951
194 978
195 196
197 198
197 199
197 200
197 201
197 202
197 203
197 204
197 205
197 206
197 220
197 269
197 304
197 356
197 371
197 826
197 827
198 199
198 200
198 201
198 202
198 203
198 204
198 205
198 206
198 309
199 200
199 201
199 202
199 203
199 204
199 205
199 206
199 215
199 216
199 217
199 220
199 270
199 273
199 274
199 277
199 322
199 328
200 201
200 202
200 203
200 204
200 205
200 206
200 214
200 215
200 216
200 217
200 221
200 274
200 278
200 281
200 328
201 202
201 203
201 204
201 205
201 206
202 203
202 204
202 205
202 206
203 204
203 205
203 206
204 205
204 206
204 273
204 274
205 206
207 208
207 209
207 210
207 211
207 269
207 271
208 209
208 210
208 211
208 270
208 274
209 210
209 211
210 211
210 809
211 233
211 281
211 328
212 213
212 620
212 775
214 215
214 216
214 217
214 218
214 219
214 220
214 221
214 222
214 223
214 224
214 225
214 226
214 227
214 228
214 229
214 233
214 234
214 235
214 242
214 251
214 252
214 317
214 318
214 356
214 908
214 927
214 935
215 216
215 217
215 218
215 219
215 220
215 221
215 222
215 223
215 224
215 225
215 226
215 227
215 229
215 234
215 235
215 251
215 252
215 329
215 330
215 338
215 343
215 345
215 348
215 349
216 217
216 218
216 219
216 220
216 221
216 222
216 223
216 224
216 225
216 226
216 227
216 329
216 337
216 342
216 343
216 344
216 348
216 350
216 705
216 846
216 849
216 908
217 218
217 219
217 220
217 221
217 222
217 223
217 224
217 225
217 226
217 227
217 235
217 236
217 317
217 318
217 337
217 343
217 349
217 350
217 546
218 219
218 220
218 221
218 222
218 223
218 224
218 225
218 226
218 227
219 220
219 221
219 222
219 223
219 224
219 225
219 226
219 227
220 221
220 222
220 223
220 224
220 225
220 226
220 227
220 228
220 242
220 251
220 317
220 527
220 693
220 908
220 935
221 222
221 223
221 224
221 225
221 226
221 227
221 234
221 235
221 237
221 251
221 329
221 343
221 349
222 223
222 224
222 225
222 226
222 227
223 224
223 225
223 226
223 227
224 225
224 226
224 227
225 226
225 227
225 233
225 667
225 908
226 227
226 233
226 234
226 908
228 229
228 230
228 231
228 232
228 233
228 396
228 447
228 937
228 999
229 230
229 231
229 232
229 233
229 234
229 395
229 448
229 937
229 938
229 999
229 1000
230 231
230 232
231 232
233 234
233 235
233 236
233 237
233 242
233 264
233 269
233 277
233 322
233 350
233 417
233 533
233 935
234 235
234 236
234 237
234 238
234 242
234 322
234 935
235 236
235 237
235 242
236 237
236 883
238 239
238 240
238 241
238 242
238 982
239 240
239 241
240 241
240 242
240 347
240 982
242 243
242 244
242 245
242 354
242 935
243 244
243 245
244 245
246 247
246 248
246 270
246 273
246 274
246 277
246 278
246 280
246 281
246 282
246 305
246 328
246 944
247 248
247 270
247 278
247 280
247 281
247 485
247 797
248 270
249 250
249 251
249 252
249 274
249 312
250 251
250 252
250 368
251 252
251 277
251 278
251 356
251 367
251 368
251 477
251 478
251 706
252 274
252 278
252 280
252 313
252 478
253 254
253 255
253 256
253 257
253 258
253 259
253 260
253 261
253 607
254 255
254 256
254 257
254 258
254 259
254 260
254 261
255 256
255 257
255 258
255 259
255 260
255 261
256 257
256 258
256 259
256 260
256 261
257 258
257 259
257 260
257 261
257 620
257 625
257 626
257 672
257 858
258 259
258 260
258 261
259 260
259 261
260 261
261 620
262 263
262 264
262 265
262 266
262 267
262 268
262 270
262 271
262 317
262 608
263 264
263 265
263 266
263 267
263 268
264 265
264 266
264 267
264 268
265 266
265 267
265 268
266 267
266 268
267 268
269 270
269 271
269 272
269 273
269 277
269 278
269 280
269 282
269 328
269 648
269 780
269 919
270 271
270 272
270 274
270 278
270 280
270 283
271 272
271 281
271 282
271 623
273 274
273 275
273 276
273 277
273 278
273 282
273 322
273 462
273 477
273 596
273 597
273 607
273 625
273 667
273 686
273 709
273 774
273 777
273 819
273 820
273 828
273 875
273 882
273 908
274 275
274 276
274 278
274 281
274 305
274 478
274 810
274 820
274 909
274 944
275 276
275 809
276 280
277 278
277 279
277 280
277 281
277 282
277 287
277 299
277 304
277 322
277 327
278 279
278 280
278 281
278 282
278 283
278 287
278 304
278 328
278 372
279 280
279 281
280 281
280 282
280 283
280 285
280 291
280 304
280 322
280 328
280 672
281 283
281 309
281 328
281 435
281 605
281 877
281 895
282 283
282 284
282 285
282 286
282 322
282 596
282 597
282 838
282 919
282 920
283 284
283 285
283 286
283 328
283 920
284 285
284 286
285 286
287 288
287 289
287 290
287 291
287 292
287 293
287 301
287 302
287 304
287 305
287 313
287 354
288 289
288 290
288 291
288 300
288 301
288 302
288 305
288 577
289 290
289 291
290 291
290 292
290 367
291 292
291 293
291 302
291 309
291 328
292 293
292 294
292 295
292 296
292 297
292 298
292 344
292 608
292 609
292 951
292 978
293 294
293 295
293 296
293 297
293 298
293 608
293 951
293 978
293 979
294 295
294 296
294 297
294 298
295 296
295 297
295 298
296 297
296 298
297 298
298 377
299 300
299 301
299 302
299 303
299 304
299 305
299 308
299 309
299 312
299 313
299 316
299 356
299 447
299 462
299 625
299 657
300 301
300 302
300 303
300 305
300 477
300 478
300 862
300 863
301 302
301 303
301 304
301 308
301 326
302 303
302 304
302 305
302 308
302 326
304 305
304 306
304 307
304 308
304 309
304 312
304 313
304 322
304 360
304 913
305 306
305 307
305 309
305 316
305 328
305 827
305 920
306 307
308 309
308 310
308 311
308 312
308 313
308 314
308 315
308 316
308 360
308 606
308 875
308 908
309 310
309 311
309 312
309 313
309 314
309 315
309 316
309 328
310 311
310 312
310 313
310 314
310 315
310 316
311 312
311 313
311 314
311 315
311 316
312 313
312 314
312 315
312 316
312 367
312 384
313 314
313 315
313 316
313 321
313 328
313 418
313 458
313 672
314 315
314 316
315 316
316 913
317 318
317 319
317 320
317 321
317 329
317 417
317 576
317 607
317 608
317 609
317 908
318 319
318 320
318 321
319 320
319 321
320 321
322 323
322 324
322 325
322 326
322 327
322 328
322 864
323 324
323 325
323 326
323 327
323 328
324 325
324 326
324 327
324 328
325 326
325 327
325 328
326 327
326 328
326 367
327 328
329 330
329 331
329 332
329 608
329 913
330 331
330 332
331 332
333 334
333 335
333 336
333 338
333 340
333 341
333 765
334 335
334 336
334 337
334 338
334 350
334 980
335 336
335 608
335 686
337 338
337 339
337 340
337 341
337 342
337 343
337 608
338 339
338 340
338 341
338 342
338 343
338 608
339 340
339 341
339 342
339 343
340 341
340 342
340 343
341 342
341 343
342 343
342 619
344 345
344 346
344 347
344 607
344 608
344 609
344 619
344 620
345 346
345 347
345 608
346 347
348 349
348 350
348 351
348 352
348 353
349 350
349 351
349 352
349 353
350 351
350 352
350 353
350 648
350 649
350 650
351 352
351 353
352 353
354 355
354 356
354 357
354 358
354 359
354 360
354 361
354 362
354 363
354 364
354 365
354 366
354 367
354 387
354 391
354 477
354 478
354 492
354 540
354 541
354 545
354 551
354 552
354 609
354 683
354 845
354 850
354 875
354 919
354 927
355 356
355 357
355 358
355 359
355 360
355 361
355 362
355 363
355 364
355 365
355 366
355 478
356 357
356 358
356 359
356 360
356 361
356 362
356 363
356 364
356 365
356 366
356 368
356 391
356 551
356 553
356 678
356 683
356 875
356 900
356 913
356 928
357 358
357 359
357 360
357 361
357 362
357 363
357 364
357 365
357 366
358 359
358 360
358 361
358 362
358 363
358 364
358 365
358 366
359 360
359 361
359 362
359 363
359 364
359 365
359 366
360 361
360 362
360 363
360 364
360 365
360 366
360 368
360 391
360 458
360 459
360 474
360 540
360 545
360 678
360 683
360 693
360 694
360 735
360 736
360 797
360 920
360 927
360 928
360 994
361 362
361 363
361 364
361 365
361 366
361 368
361 387
361 388
361 392
361 443
361 541
361 927
362 363
362 364
362 365
362 366
363 364
363 365
363 366
364 365
364 366
365 366
367 368
367 369
367 370
367 371
367 395
367 417
367 442
367 608
367 854
368 369
368 370
368 372
368 375
368 443
369 370
371 372
371 373
371 374
371 375
371 431
371 477
371 845
371 846
371 927
371 931
372 373
372 374
372 375
372 377
372 767
372 932
373 374
373 375
373 474
374 375
374 474
375 445
375 767
375 932
376 377
376 378
376 379
376 380
376 381
376 382
376 383
376 384
376 388
376 395
376 396
376 766
376 854
376 855
376 913
376 919
376 920
377 378
377 379
377 380
377 381
377 382
377 383
377 385
377 387
377 855
377 920
378 379
378 380
378 381
378 382
378 383
379 380
379 381
379 382
379 383
380 381
380 382
380 383
381 382
381 383
382 383
384 385
384 386
384 387
384 388
384 389
384 390
384 396
384 854
384 888
384 889
384 920
385 386
385 387
385 388
385 389
385 390
385 855
385 859
385 889
386 387
386 388
386 389
386 390
387 388
387 389
387 390
387 919
388 389
388 390
388 920
389 390
391 392
391 393
391 394
391 395
391 396
391 409
391 755
391 854
391 919
391 920
392 393
392 394
392 854
392 855
392 920
393 394
393 410
395 396
395 397
395 398
395 399
395 400
395 409
395 427
395 514
395 832
396 397
396 398
396 399
396 400
396 427
397 398
397 399
397 400
398 399
398 400
399 400
399 854
400 855
401 402
401 403
401 404
401 755
401 756
401 913
402 403
402 404
402 756
403 404
405 406
405 407
405 408
405 409
405 410
405 417
405 418
406 407
406 408
407 408
409 410
409 411
409 412
409 427
409 514
409 533
409 735
409 798
410 411
410 412
410 417
410 422
410 427
410 514
410 854
410 855
411 412
412 854
412 855
413 414
413 415
413 416
414 415
414 416
414 799
414 883
415 416
417 418
417 419
417 420
417 421
417 427
417 431
417 433
417 473
417 693
417 750
417 862
417 908
417 1004
418 419
418 420
418 421
418 427
418 431
418 433
418 859
418 862
419 420
419 421
420 421
422 423
422 424
422 425
422 426
422 608
423 424
423 425
423 426
423 859
424 425
424 426
425 426
427 428
427 429
427 430
428 429
428 430
429 430
431 432
431 433
431 434
431 435
431 436
431 437
431 858
431 859
431 913
432 433
432 434
432 435
432 436
432 437
432 579
432 581
432 854
432 855
433 434
433 435
433 436
433 437
434 435
434 436
434 437
435 436
435 437
436 437
438 439
438 440
438 441
438 442
438 854
439 440
439 441
439 442
439 855
440 441
440 442
440 483
440 854
441 442
441 854
441 855
443 444
443 445
443 446
443 694
444 445
444 446
445 446
447 448
447 449
447 450
447 451
447 452
447 458
447 459
447 463
448 449
448 450
448 451
448 452
448 462
448 592
449 450
449 451
449 452
450 451
450 452
451 452
453 709
454 455
454 456
454 457
454 458
454 474
455 456
455 457
456 457
458 459
458 460
458 461
458 463
458 672
458 705
458 994
459 460
459 461
459 462
459 471
459 672
459 994
460 461
462 463
462 464
462 465
462 466
462 567
462 568
462 625
462 626
462 627
462 629
462 693
462 735
462 755
462 832
462 833
462 908
463 464
463 465
463 466
463 567
463 625
463 626
463 627
464 465
464 466
465 466
467 468
467 469
467 470
468 469
468 470
468 736
469 470
471 472
471 473
471 576
471 747
471 748
471 750
471 751
471 809
472 473
472 474
472 475
472 561
472 582
472 718
472 750
474 475
474 476
474 582
474 588
474 802
474 829
474 908
475 476
475 582
475 583
475 588
475 591
475 802
477 478
477 479
477 480
477 481
477 482
477 483
477 484
477 540
477 541
477 545
477 546
477 551
477 552
477 556
477 797
477 951
478 479
478 480
478 481
478 482
478 483
478 484
478 540
478 541
478 545
478 546
478 551
478 552
478 553
478 556
478 557
478 951
478 952
479 480
479 481
479 482
479 492
479 751
480 481
480 482
480 682
481 482
483 484
483 485
483 486
483 487
483 488
483 489
483 490
483 491
483 492
483 498
483 504
483 551
483 556
483 560
483 571
483 625
483 648
483 682
483 693
483 755
483 774
483 775
483 776
483 845
484 485
484 486
484 487
484 488
484 489
484 490
484 491
484 498
484 499
484 504
484 519
484 546
484 556
484 557
484 560
484 568
484 572
484 624
484 682
484 845
484 863
484 994
485 486
485 487
485 488
485 489
485 490
485 491
485 504
485 545
485 556
485 560
485 682
485 845
485 858
485 908
485 910
486 487
486 488
486 489
486 490
486 491
487 488
487 489
487 490
487 491
488 489
488 490
488 491
489 490
489 491
490 491
491 546
492 493
492 494
492 495
492 496
492 497
492 504
492 541
492 543
492 553
492 560
492 683
492 693
492 845
492 846
493 494
493 495
493 496
493 497
494 495
494 496
494 497
495 496
495 497
496 497
498 499
498 500
498 501
498 502
498 503
498 519
498 545
498 693
498 694
498 774
498 776
498 845
498 849
498 850
499 500
499 501
499 502
499 503
499 775
499 846
500 501
500 502
500 503
501 502
501 503
502 503
503 819
503 822
504 505
504 506
504 507
504 508
504 509
504 510
504 511
504 512
504 513
504 519
504 552
504 693
504 694
504 844
504 845
504 846
504 849
504 850
505 506
505 507
505 508
505 509
505 510
505 511
505 512
505 513
505 552
505 775
506 507
506 508
506 509
506 510
506 511
506 512
506 513
507 508
507 509
507 510
507 511
507 512
507 513
508 509
508 510
508 511
508 512
508 513
509 510
509 511
509 512
509 513
510 511
510 512
510 513
511 512
511 513
511 576
511 581
512 513
512 577
514 515
514 516
514 517
514 518
514 578
515 516
515 517
515 518
516 517
516 518
517 518
517 578
519 520
519 521
519 522
519 523
519 524
519 525
519 536
519 540
519 551
519 900
519 919
520 521
520 522
520 523
520 524
520 525
520 528
520 534
520 537
520 549
520 588
520 733
520 808
520 827
520 828
520 844
520 862
520 863
520 900
520 908
520 919
521 522
521 523
521 524
521 551
521 578
522 523
522 524
523 524
525 526
525 527
525 528
525 529
525 530
525 531
525 532
525 533
525 534
525 535
525 536
525 546
525 551
525 686
526 527
526 528
526 529
526 530
526 531
526 532
526 533
526 534
526 535
527 528
527 529
527 530
527 531
527 532
527 533
527 534
527 535
527 546
527 693
527 709
528 529
528 530
528 531
528 532
528 533
528 534
528 535
529 530
529 531
529 532
529 533
529 534
529 535
530 531
530 532
530 533
530 534
530 535
531 532
531 533
531 534
531 535
531 545
532 533
532 534
532 535
533 534
533 535
533 545
533 551
533 774
534 535
536 537
536 538
536 539
536 576
536 705
536 919
536 931
537 538
537 539
538 539
540 541
540 542
540 543
540 544
540 545
540 546
540 551
540 556
540 826
540 827
540 828
541 542
541 543
541 544
541 545
541 546
541 556
541 643
542 543
542 544
543 544
543 683
545 546
545 547
545 548
545 549
545 550
545 551
545 552
545 597
545 678
545 733
545 735
545 792
545 908
546 547
546 548
546 549
546 550
546 551
546 552
546 557
547 548
547 549
547 550
548 549
548 550
549 550
549 755
549 797
549 913
551 552
551 553
551 554
551 555
551 556
551 576
551 826
551 845
551 882
552 553
552 554
552 555
552 556
552 557
552 638
552 689
552 706
552 823
552 882
553 554
553 555
554 555
556 557
556 558
556 559
557 558
557 559
558 559
560 561
560 562
560 563
560 564
560 565
560 566
560 597
560 648
560 649
560 650
560 776
561 562
561 563
561 564
561 565
561 566
562 563
562 564
562 565
562 566
563 564
563 565
563 566
564 565
564 566
565 566
567 568
567 569
567 570
567 667
567 668
567 798
567 822
567 837
568 569
568 570
568 838
569 570
571 572
571 573
571 574
571 575
571 577
571 578
571 579
571 823
572 573
572 574
572 575
572 578
572 579
573 574
573 575
574 575
576 577
576 578
576 579
576 580
576 581
576 757
576 764
576 780
576 813
576 829
576 908
576 979
577 578
577 579
577 580
577 581
577 597
577 960
578 579
578 580
578 581
578 582
578 591
578 592
578 757
578 908
578 952
578 959
578 960
579 580
579 581
579 591
579 592
579 951
579 952
579 960
579 961
580 581
581 908
581 951
581 959
581 979
582 583
582 584
582 585
582 586
582 591
582 592
582 693
582 828
582 829
582 830
583 584
583 585
583 586
583 592
583 823
583 830
584 585
584 586
585 586
586 592
587 588
587 589
587 590
587 591
587 592
587 829
587 830
588 589
588 590
588 592
588 830
589 590
591 592
591 593
591 594
591 595
591 596
591 823
591 828
591 830
591 862
592 593
592 594
592 595
592 597
592 828
593 594
593 595
594 595
596 597
596 598
596 599
596 600
596 601
596 602
596 766
596 809
596 826
596 827
596 828
596 829
596 862
596 908
596 1007
596 1010
597 598
597 599
597 600
597 601
597 602
597 766
597 767
597 773
597 805
597 807
597 809
597 828
597 1007
597 1008
597 1010
598 599
598 600
598 601
598 602
599 600
599 601
599 602
600 601
600 602
601 602
603 604
603 605
603 606
603 619
603 682
603 813
604 605
604 606
604 694
604 822
605 606
605 610
607 608
607 609
607 610
607 611
607 612
607 613
607 614
607 615
607 616
607 617
607 618
607 619
607 620
607 624
607 774
607 862
607 908
607 959
607 1010
608 609
608 610
608 611
608 612
608 613
608 614
608 615
608 616
608 617
608 618
608 619
608 623
608 775
608 777
608 951
609 610
609 611
609 612
609 613
609 614
609 615
609 616
609 617
609 618
609 623
609 776
609 908
609 943
610 611
610 612
610 613
610 614
610 615
610 616
610 617
610 618
610 620
610 623
610 624
610 781
611 612
611 613
611 614
611 615
611 616
611 617
611 618
612 613
612 614
612 615
612 616
612 617
612 618
613 614
613 615
613 616
613 617
613 618
614 615
614 616
614 617
614 618
614 822
615 616
615 617
615 618
616 617
616 618
617 618
619 620
619 621
619 622
619 623
619 624
619 951
619 1010
620 621
620 622
620 623
620 624
620 648
620 798
620 799
620 1010
621 622
621 623
621 624
622 623
622 624
623 624
625 626
625 627
625 628
625 637
625 682
625 735
625 797
625 819
625 823
626 627
626 628
626 637
626 735
626 756
627 628
627 629
627 630
627 631
627 735
627 750
628 629
628 630
628 631
628 735
628 736
628 750
628 756
629 630
629 631
630 631
632 633
632 634
632 635
632 636
632 735
633 634
633 635
633 636
634 635
634 636
635 636
637 638
637 649
637 650
637 682
638 649
638 650
638 689
638 706
639 640
639 641
639 642
639 648
639 649
639 650
639 747
640 641
640 642
641 642
643 644
643 645
643 646
643 647
643 648
643 649
643 650
643 830
644 645
644 646
644 647
644 649
644 650
645 646
645 647
646 647
648 649
648 650
648 651
648 652
648 653
648 657
648 735
648 750
648 759
648 826
649 650
649 651
649 652
649 653
649 657
649 658
650 651
650 652
650 653
650 657
650 658
651 652
651 653
652 653
654 655
654 656
654 667
654 668
654 908
655 656
657 658
657 659
657 660
657 661
657 672
657 735
658 659
658 660
658 661
659 660
659 661
660 661
662 663
662 664
662 665
662 666
662 748
662 751
662 809
663 664
663 665
663 666
664 665
664 666
665 666
667 668
667 669
667 670
667 671
667 672
667 682
667 683
667 733
667 734
667 755
667 819
667 822
667 832
667 837
667 838
667 875
667 983
667 984
668 669
668 670
668 671
668 672
668 678
668 683
668 734
668 756
668 823
668 832
668 838
668 908
668 983
668 984
669 670
669 671
670 671
672 673
672 674
672 675
672 676
672 759
672 809
672 819
672 837
673 674
673 675
673 676
674 675
674 676
675 676
677 678
677 679
677 680
677 681
677 682
678 679
678 680
678 681
678 682
678 683
678 810
678 823
679 680
679 681
680 681
680 682
682 683
682 684
682 685
682 721
682 729
682 730
682 733
682 734
682 735
682 741
682 774
682 798
682 810
682 823
683 684
683 685
683 709
683 721
683 733
683 734
683 744
683 774
683 799
683 810
683 829
684 685
686 687
686 688
686 689
686 690
686 691
686 692
686 693
686 699
686 705
686 713
686 764
686 796
686 838
686 862
686 908
687 688
687 689
687 690
687 691
687 692
687 699
687 706
687 709
687 713
687 714
687 765
687 797
687 807
688 689
688 690
688 691
688 692
688 699
688 700
688 705
688 706
688 713
688 764
688 765
688 796
688 862
689 690
689 691
689 692
689 694
689 699
689 700
689 706
689 709
689 796
689 862
690 691
690 692
691 692
693 694
693 695
693 696
693 697
693 698
693 709
693 774
693 777
693 822
693 844
693 845
693 846
693 849
693 850
693 908
694 695
694 696
694 697
694 698
694 699
694 705
694 706
694 820
694 845
694 849
695 696
695 697
695 698
696 697
696 698
697 698
699 700
699 701
699 702
699 703
699 704
700 701
700 702
700 703
700 704
700 706
701 702
701 703
701 704
702 703
702 704
703 704
705 706
705 707
705 708
705 792
705 859
706 707
706 708
706 709
706 714
706 741
706 792
706 793
707 708
709 710
709 711
709 712
709 714
709 908
710 711
710 712
711 712
713 714
713 715
713 716
713 717
713 718
713 747
713 748
713 751
713 777
714 715
714 716
714 717
714 718
714 777
715 716
715 717
715 718
716 717
716 718
717 718
718 777
719 720
719 721
719 722
720 721
720 722
721 722
723 724
723 725
723 726
723 727
723 728
724 725
724 726
724 727
724 728
725 726
725 727
725 728
726 727
726 728
727 728
728 813
729 730
729 731
729 732
729 733
729 734
729 809
729 810
730 731
730 732
730 733
730 734
731 732
731 733
731 734
732 733
732 734
733 734
733 810
733 837
735 736
735 737
735 738
735 739
735 740
735 741
735 759
735 776
735 805
735 809
735 826
735 908
735 1010
736 737
736 738
736 739
736 740
736 756
736 760
736 908
737 738
737 739
737 740
738 739
738 740
739 740
741 742
741 743
741 744
741 745
741 746
741 747
741 813
741 814
742 743
742 744
742 745
742 746
742 747
742 751
742 756
743 744
743 745
743 746
744 745
744 746
744 810
745 746
747 748
747 749
747 750
747 751
747 752
747 753
747 754
747 773
747 776
747 786
747 787
747 792
748 749
748 750
748 751
748 752
748 753
748 754
748 773
748 786
748 788
749 750
749 751
749 752
749 753
749 754
750 751
750 752
750 753
750 754
750 757
750 786
750 908
751 752
751 753
751 754
751 786
752 753
752 754
753 754
755 756
755 757
755 758
755 759
755 908
756 757
756 758
756 759
756 765
756 820
757 758
759 760
759 761
759 762
759 763
759 764
759 765
759 813
760 761
760 762
760 763
760 764
760 765
761 762
761 763
761 764
761 765
762 763
762 764
762 765
763 764
763 765
764 765
764 837
766 767
766 768
766 769
766 770
766 771
766 772
766 773
767 768
767 769
767 770
767 771
767 772
767 773
767 814
768 769
768 770
768 771
768 772
768 773
769 770
769 771
769 772
769 773
770 771
770 772
770 773
771 772
771 773
772 773
773 776
773 797
774 775
774 776
774 777
774 778
774 779
774 826
774 849
774 908
774 1010
775 776
775 777
775 778
775 779
775 780
775 788
775 908
775 1010
776 777
776 778
776 779
776 845
776 1010
777 778
777 779
777 826
777 849
777 908
777 1010
778 779
780 781
780 782
780 783
780 784
780 785
781 782
781 783
781 784
781 785
781 788
782 783
782 784
782 785
783 784
783 785
784 785
786 787
786 788
786 789
786 790
786 791
787 788
787 789
787 790
787 791
788 789
788 790
788 791
789 790
789 791
790 791
792 793
792 794
792 795
792 809
793 794
793 795
793 810
794 795
796 797
796 798
796 799
796 800
796 801
796 809
796 862
796 1010
797 798
797 799
797 800
797 801
797 862
797 875
797 908
797 1010
798 799
798 800
798 801
798 808
798 809
798 862
798 908
798 910
799 800
799 801
799 806
799 808
799 810
799 862
799 910
799 1010
800 801
802 803
802 804
803 804
805 806
805 807
805 808
806 807
806 808
807 808
809 810
809 811
809 812
809 814
809 908
809 910
810 811
810 812
811 812
813 814
813 815
813 816
813 817
813 818
813 819
813 820
813 822
813 862
813 908
813 910
814 815
814 816
814 817
814 818
814 823
814 863
815 816
815 817
815 818
816 817
816 818
817 818
819 820
819 821
819 822
819 823
819 824
819 825
819 826
819 827
819 828
819 829
819 837
819 908
820 821
820 822
820 823
820 824
820 825
820 827
820 828
820 838
820 908
820 948
821 822
821 823
821 824
821 825
822 823
822 824
822 825
822 826
822 828
822 837
822 838
822 908
823 824
823 825
823 828
823 910
824 825
826 827
826 828
826 908
827 828
827 829
827 908
828 908
829 830
829 831
829 900
829 908
829 1010
830 831
830 900
830 908
832 833
832 834
832 835
832 836
833 834
833 835
833 836
834 835
834 836
835 836
837 838
837 839
837 840
837 841
837 842
837 843
837 908
837 1010
838 839
838 840
838 841
838 842
838 843
838 844
838 1010
839 840
839 841
839 842
839 843
840 841
840 842
840 843
841 842
841 843
842 843
845 846
845 847
845 848
845 849
845 908
846 847
846 848
846 849
846 850
847 848
849 850
849 851
849 852
849 853
850 851
850 852
850 853
850 908
851 852
851 853
852 853
854 855
854 856
854 857
854 908
854 987
854 991
855 856
855 857
855 988
855 991
856 857
858 859
858 860
858 861
858 862
859 860
859 861
859 862
859 863
859 876
859 877
859 909
860 861
862 863
862 913
864 865
864 866
864 867
864 868
864 869
864 870
864 871
864 872
864 873
864 874
864 882
864 883
864 908
865 866
865 867
865 868
865 869
865 870
865 871
865 872
865 873
865 874
865 882
865 883
866 867
866 868
866 869
866 870
866 871
866 872
866 873
866 874
867 868
867 869
867 870
867 871
867 872
867 873
867 874
868 869
868 870
868 871
868 872
868 873
868 874
868 888
869 870
869 871
869 872
869 873
869 874
870 871
870 872
870 873
870 874
871 872
871 873
871 874
872 873
872 874
873 874
875 876
875 877
875 878
875 879
875 880
875 881
875 882
875 888
875 889
876 877
876 878
876 879
876 880
876 881
876 889
877 878
877 879
877 880
877 881
877 883
878 879
878 880
878 881
879 880
879 881
880 881
882 883
882 884
882 885
882 886
882 887
882 888
882 892
882 900
882 901
882 908
882 909
883 884
883 885
883 886
883 887
883 889
883 900
883 901
883 908
883 909
884 885
884 886
884 887
885 886
885 887
886 887
887 889
888 889
888 890
888 891
889 890
889 891
889 893
889 901
889 902
890 891
892 893
892 894
892 895
892 896
892 897
892 898
892 899
892 908
893 894
893 895
893 896
893 897
893 898
893 899
894 895
894 896
894 897
894 898
894 899
895 896
895 897
895 898
895 899
896 897
896 898
896 899
897 898
897 899
898 899
900 901
900 902
900 903
900 904
900 905
900 906
900 907
900 908
900 913
901 902
901 903
901 904
901 905
901 906
901 907
901 914
902 903
902 904
902 905
902 906
902 907
903 904
903 905
903 906
903 907
904 905
904 906
904 907
905 906
905 907
906 907
908 909
908 910
908 911
908 912
908 913
908 919
909 910
909 911
909 912
910 911
910 912
911 912
913 914
913 915
913 916
913 917
913 918
913 922
914 915
914 916
914 917
914 918
914 923
915 916
915 917
915 918
916 917
916 918
917 918
919 920
919 921
919 922
920 921
920 922
922 923
922 924
922 925
922 926
923 924
923 925
923 926
924 925
924 926
925 926
927 928
927 929
927 930
927 931
927 932
927 933
927 934
928 929
928 930
928 931
928 932
928 933
928 934
929 930
929 931
929 932
929 933
929 934
930 931
930 932
930 933
930 934
931 932
931 933
931 934
932 933
932 934
933 934
935 936
935 937
935 938
936 937
936 938
937 938
939 940
939 941
939 942
940 941
940 942
941 942
943 944
943 945
943 946
944 945
944 946
945 946
947 948
947 949
947 950
948 949
948 950
949 950
951 952
951 953
951 954
951 955
951 956
951 957
951 958
951 959
951 960
951 961
951 962
951 963
952 953
952 954
952 955
952 956
952 957
952 958
952 959
952 960
952 961
952 962
952 963
953 954
953 955
953 956
953 957
953 958
953 959
953 960
953 961
953 962
953 963
954 955
954 956
954 957
954 958
954 959
954 960
954 961
954 962
954 963
955 956
955 957
955 958
955 959
955 960
955 961
955 962
955 963
956 957
956 958
956 959
956 960
956 961
956 962
956 963
957 958
957 959
957 960
957 961
957 962
957 963
958 959
958 960
958 961
958 962
958 963
959 960
959 961
959 962
959 963
960 961
960 962
960 963
961 962
961 963
962 963
964 965
964 966
964 967
965 966
965 967
966 967
968 969
968 970
969 970
971 972
971 973
971 974
971 975
971 976
971 977
972 973
972 974
972 975
972 976
972 977
973 974
973 975
973 976
973 977
974 975
974 976
974 977
975 976
975 977
976 977
978 979
978 980
978 981
979 980
979 981
980 981
983 984
983 985
983 986
984 985
984 986
985 986
987 988
987 989
987 990
987 991
987 992
987 993
988 989
988 990
988 991
988 992
988 993
989 990
989 991
989 992
989 993
990 991
990 992
990 993
991 992
991 993
992 993
994 995
994 996
994 997
994 998
995 996
995 997
995 998
996 997
996 998
997 998
999 1000
999 1001
999 1002
1000 1001
1000 1002
1001 1002
1004 1005
1004 1006
1005 1006
1007 1008
1007 1009
1007 1010
1008 1009
1008 1010
1009 1010
