0 1
0 2
0 3
0 4
0 5
0 36
0 1102
0 1192
0 1198
0 1199
1 2
1 3
1 4
1 5
2 3
2 4
2 5
2 1198
3 4
3 5
4 5
5 198
5 1189
6 7
6 8
6 9
6 10
6 11
6 84
6 88
6 170
6 707
6 708
7 8
7 9
7 10
7 11
7 180
8 9
8 10
8 11
8 809
9 10
9 11
10 11
12 13
12 14
12 15
12 16
12 17
12 18
12 20
12 23
12 24
12 195
12 196
12 198
12 1215
12 1216
12 1219
13 14
13 15
13 16
13 17
13 18
13 24
13 195
13 196
13 1103
14 15
14 16
14 17
14 18
14 20
15 16
15 17
15 18
16 17
16 18
17 18
18 180
19 20
19 21
19 22
19 23
19 65
19 79
19 137
19 173
19 174
19 388
19 908
19 1232
20 21
20 22
20 24
20 65
20 66
20 67
20 79
20 80
20 137
20 170
20 174
20 1002
21 22
23 24
23 25
23 26
23 27
23 28
23 169
23 170
23 283
23 288
23 1215
23 1262
24 25
24 26
24 27
24 28
24 169
24 170
24 172
24 1010
24 1189
24 1212
24 1216
25 26
25 27
25 28
26 27
26 28
27 28
28 509
29 30
29 31
29 32
29 1219
30 31
30 32
30 1199
30 1216
30 1219
31 32
33 34
33 35
33 142
33 914
33 1211
33 1262
34 35
36 142
36 143
36 1126
37 38
37 39
37 40
37 122
37 123
37 515
37 1086
38 133
39 40
39 41
39 133
39 136
40 41
40 136
42 43
42 44
42 45
42 111
42 112
42 626
42 627
42 628
42 908
42 1105
42 1126
42 1220
42 1221
43 44
43 45
43 112
43 1221
44 45
46 47
46 48
46 49
46 54
46 111
46 112
46 137
46 183
46 190
46 817
46 1136
46 1216
46 1220
46 1225
46 1232
47 48
47 49
47 50
47 100
47 112
47 129
47 548
47 549
47 1142
47 1225
47 1226
47 1230
49 50
49 51
49 52
49 53
49 54
49 590
50 51
50 52
50 53
50 55
50 649
51 52
51 53
51 914
52 53
53 250
54 55
54 56
54 57
54 58
54 59
54 60
54 61
54 65
54 94
54 137
54 283
54 986
54 1020
55 56
55 57
55 58
55 65
55 67
55 94
55 133
55 134
55 136
55 174
55 283
55 830
56 57
56 58
56 134
57 58
59 60
59 61
59 62
59 63
59 64
59 65
59 66
59 67
59 83
60 61
60 62
60 63
60 64
60 65
60 67
61 62
61 63
61 64
61 65
61 137
61 138
61 139
61 140
62 63
62 64
62 138
62 140
63 64
65 66
65 67
65 68
65 69
65 70
65 71
65 72
65 73
65 74
65 79
65 80
65 88
65 89
65 137
65 138
65 139
65 140
65 855
65 1232
66 67
66 68
66 69
66 70
66 71
66 72
66 79
66 80
66 83
66 138
66 276
66 1232
66 1233
67 68
67 69
67 70
67 71
67 72
67 74
67 79
67 80
67 138
67 140
67 276
67 1232
67 1233
68 69
68 70
68 71
68 72
69 70
69 71
69 72
70 71
70 72
71 72
73 74
73 75
73 76
73 77
73 78
73 79
73 80
73 94
73 133
73 136
73 443
73 1225
73 1232
74 75
74 76
74 77
74 78
74 79
74 80
74 94
74 1226
74 1232
75 76
75 77
75 78
76 77
76 78
77 78
79 80
79 81
79 82
79 137
79 138
79 139
79 140
79 191
80 81
80 82
80 139
80 140
80 191
81 82
83 84
83 85
83 94
83 95
83 112
83 253
84 85
84 86
84 87
84 88
84 89
84 90
84 91
84 92
84 94
84 169
84 1211
85 86
85 87
85 88
85 89
85 90
85 91
85 92
85 93
85 94
85 100
85 169
85 195
86 87
86 88
86 89
86 90
86 91
86 92
87 88
87 89
87 90
87 91
87 92
88 89
88 90
88 91
88 92
88 93
88 94
88 154
88 213
88 1050
89 90
89 91
89 92
89 93
89 94
89 95
89 98
89 154
89 213
89 214
89 1050
89 1051
90 91
90 92
91 92
94 95
94 96
94 97
94 98
94 99
94 249
94 254
95 96
95 97
95 98
95 99
95 151
95 180
95 250
95 253
95 259
96 97
96 98
96 99
96 257
97 98
97 99
98 99
100 101
100 102
100 103
100 104
100 105
100 1211
101 102
101 103
101 104
101 105
102 103
102 104
102 105
102 809
103 104
103 105
104 105
106 107
106 108
106 109
106 110
106 111
107 108
107 109
107 110
108 109
108 110
109 110
111 112
111 113
111 114
111 115
111 388
111 1225
112 113
112 114
112 115
112 117
112 183
112 1142
112 1221
112 1225
112 1230
113 114
113 115
114 115
114 933
116 117
116 118
116 119
116 120
116 121
117 118
117 119
117 120
117 121
117 151
118 119
118 120
118 121
119 120
119 121
120 121
120 519
120 520
120 729
120 730
121 729
122 123
122 124
122 125
122 126
122 127
123 124
123 125
123 126
123 127
123 134
124 125
124 126
124 127
124 134
125 126
125 127
125 133
126 127
128 129
128 130
128 131
128 132
128 933
129 130
129 131
129 132
129 180
130 131
130 132
131 132
133 134
133 135
133 136
133 137
133 139
133 590
133 899
133 1232
134 135
134 136
134 137
134 138
134 140
134 900
134 1232
134 1233
135 136
136 137
136 138
136 142
136 143
136 190
136 478
136 479
137 138
137 139
137 140
137 141
137 142
137 150
137 156
137 276
137 540
137 590
137 1232
137 1242
138 139
138 140
138 141
138 143
138 150
138 151
138 156
138 161
138 276
138 1232
139 139
139 140
139 141
139 150
139 151
139 373
139 1232
140 141
140 150
140 1232
142 143
142 144
142 145
142 146
142 147
142 148
142 149
142 161
142 162
142 170
142 626
142 1102
143 144
143 145
143 146
143 147
143 148
143 149
143 161
143 162
143 1102
143 1103
144 145
144 146
144 147
144 148
144 149
145 146
145 147
145 148
145 149
146 147
146 148
146 149
147 148
147 149
148 149
150 151
150 152
150 153
150 154
150 173
150 174
150 1050
150 1102
151 152
151 153
151 174
151 1050
152 153
154 155
154 156
154 157
154 158
154 159
154 160
154 169
154 170
154 180
155 156
155 157
155 158
155 159
155 160
156 157
156 158
156 159
156 160
156 929
157 158
157 159
157 160
158 159
158 160
159 160
161 162
161 163
161 164
161 169
161 627
161 1220
161 1237
161 1238
162 163
162 164
162 169
162 170
162 1221
163 164
164 626
164 628
165 166
165 167
165 168
165 641
165 811
165 837
165 1010
165 1024
165 1122
165 1237
165 1238
166 167
166 168
167 168
169 170
169 171
169 172
169 213
169 296
169 991
169 1050
169 1237
169 1238
170 171
170 172
170 214
170 296
170 297
170 991
170 992
170 993
170 994
170 1110
170 1219
170 1238
171 172
172 1103
172 1199
172 1216
173 174
173 175
174 175
176 177
176 178
176 179
176 218
176 307
176 826
176 829
176 830
176 831
176 834
176 836
176 1093
176 1102
176 1105
176 1106
176 1109
176 1158
176 1249
177 178
177 209
177 214
177 218
177 219
177 304
177 305
177 307
177 1110
177 1159
179 180
179 181
179 182
179 296
179 339
179 760
179 807
179 1050
179 1118
179 1220
180 181
180 182
180 184
180 761
180 1050
181 182
183 184
183 185
183 186
183 1136
184 185
184 186
184 196
184 198
185 186
186 1129
187 188
187 189
187 195
187 852
188 189
188 195
190 191
190 192
190 193
190 194
190 195
190 249
190 254
190 443
190 662
190 899
190 1096
190 1118
190 1122
190 1129
190 1144
190 1159
191 192
191 193
191 194
191 195
191 253
191 259
191 373
191 1122
191 1127
191 1144
191 1159
192 193
192 194
193 194
195 196
195 197
195 198
195 199
195 200
195 254
195 255
195 269
195 1010
195 1020
195 1021
195 1034
195 1126
196 197
196 198
196 199
196 200
196 255
196 1010
196 1123
197 198
197 199
197 200
197 830
198 199
198 200
198 255
198 1010
199 200
201 202
201 203
201 204
201 205
201 206
201 207
202 203
202 204
202 205
202 206
202 207
202 1110
203 204
203 205
203 206
203 207
203 1129
204 205
204 206
204 207
205 206
205 207
206 207
206 866
208 209
208 210
208 211
208 212
208 257
208 652
208 653
208 654
208 655
208 658
208 659
209 210
209 211
209 212
209 1095
210 211
210 212
211 212
212 250
212 653
212 655
212 658
212 659
213 214
213 215
213 216
213 217
213 250
213 652
213 653
213 654
213 655
213 658
213 659
213 950
213 1109
214 215
214 216
214 217
214 305
214 1110
214 1123
215 216
215 217
216 217
218 219
218 220
218 221
218 222
218 230
218 240
218 241
218 245
218 249
218 253
218 254
218 258
218 259
218 273
218 279
218 283
218 288
218 304
218 307
218 348
218 358
218 375
218 388
218 389
218 414
218 415
218 574
218 829
218 830
218 831
218 834
218 836
218 899
218 950
218 1093
218 1095
218 1096
218 1099
218 1105
218 1106
218 1122
218 1164
218 1211
218 1212
219 220
219 221
219 222
219 241
219 246
219 369
219 389
219 1212
220 221
220 222
220 340
220 508
220 1211
220 1212
221 222
221 658
221 738
221 1211
221 1212
222 1212
223 224
223 225
223 226
223 227
223 1164
224 225
224 226
224 227
225 226
225 227
226 227
228 228
228 229
228 230
228 231
228 232
228 258
228 817
229 230
229 231
229 233
229 257
230 231
230 249
230 250
230 253
230 254
230 255
230 950
230 1102
231 250
231 253
231 259
232 233
232 234
232 235
232 245
232 252
232 254
232 276
233 234
233 235
233 245
233 246
233 250
233 253
233 255
233 277
234 235
236 237
236 238
236 239
236 240
236 241
236 288
236 565
236 566
237 238
237 239
237 241
237 289
237 297
237 566
238 239
240 241
240 242
240 243
240 244
240 245
240 249
240 279
240 283
240 288
240 297
240 358
240 368
240 375
240 379
241 242
241 243
241 244
241 245
241 246
241 250
241 278
241 284
241 289
241 297
241 299
242 243
242 244
243 244
245 246
245 247
245 248
245 279
245 283
245 288
245 296
245 297
245 299
245 349
245 357
245 359
245 360
245 368
245 375
245 379
245 380
245 408
245 1043
246 247
246 248
246 274
246 278
246 280
246 284
246 289
246 297
246 340
246 358
246 415
246 1044
247 248
248 942
249 249
249 250
249 251
249 252
249 253
249 254
249 255
249 256
249 257
249 258
249 259
249 260
249 261
249 273
249 283
249 296
249 300
249 950
249 964
250 251
250 252
250 253
250 254
250 255
250 256
250 257
250 258
250 259
250 260
250 289
250 301
250 409
250 652
251 252
251 253
251 254
251 255
251 256
251 257
251 258
251 259
251 260
252 253
252 254
252 255
252 256
252 257
252 258
252 259
252 260
252 273
252 276
252 283
252 296
252 300
252 993
252 1158
253 254
253 255
253 256
253 257
253 258
253 259
253 260
253 261
253 274
253 296
253 297
254 254
254 255
254 256
254 257
254 258
254 259
254 260
254 261
254 273
254 296
254 794
254 808
254 950
254 952
254 964
254 965
255 256
255 257
255 258
255 259
255 260
255 278
255 279
255 280
255 283
255 295
255 297
255 795
255 807
255 808
255 1165
256 257
256 258
256 259
256 260
256 1262
257 258
257 259
257 260
257 270
257 274
257 276
257 277
257 284
257 289
257 297
257 299
257 300
257 654
258 259
258 260
258 296
258 300
258 307
258 388
259 259
259 260
259 261
259 274
259 296
259 297
259 305
261 262
261 263
261 264
261 265
261 266
261 267
261 268
261 964
262 263
262 264
262 265
262 266
262 267
262 268
263 264
263 265
263 266
263 267
263 268
263 1153
264 265
264 266
264 267
264 268
265 266
265 267
265 268
265 616
265 627
265 664
265 672
265 784
265 788
265 1249
266 267
266 268
267 268
269 270
269 271
269 272
269 433
269 635
269 658
269 830
270 271
270 272
270 299
270 994
270 1106
271 272
273 274
273 275
273 276
273 277
273 279
273 296
273 348
273 883
274 275
274 276
274 277
274 278
274 297
274 299
275 276
275 277
276 277
276 296
276 654
276 992
276 993
276 994
276 1085
278 279
278 280
278 283
278 284
278 288
278 289
278 296
278 297
278 375
278 919
279 280
279 281
279 282
279 283
279 284
279 288
279 289
279 296
279 368
279 369
279 414
279 714
279 1043
279 1188
280 281
280 282
280 283
280 284
280 288
280 289
280 297
280 299
280 369
280 380
281 282
283 284
283 285
283 286
283 287
283 288
283 289
283 290
283 291
283 292
283 293
283 294
283 295
283 296
283 297
283 299
283 333
283 339
283 340
283 348
283 357
283 358
283 360
283 368
283 369
283 375
283 379
283 380
283 388
283 408
283 409
283 414
283 855
283 1043
283 1095
283 1096
283 1198
284 285
284 286
284 287
284 288
284 289
284 290
284 291
284 292
284 293
284 294
284 295
284 297
284 299
284 340
284 349
284 409
284 415
284 1044
285 286
285 287
285 288
285 289
285 290
285 291
285 292
285 293
285 294
285 295
286 287
286 288
286 289
286 290
286 291
286 292
286 293
286 294
286 295
287 288
287 289
287 290
287 291
287 292
287 293
287 294
287 295
288 289
288 290
288 291
288 292
288 293
288 294
288 295
288 296
288 1043
289 290
289 291
289 292
289 293
289 294
289 295
289 297
290 291
290 292
290 293
290 294
290 295
291 292
291 293
291 294
291 295
292 293
292 294
292 295
293 294
293 295
294 295
294 654
295 441
296 296
296 297
296 298
296 299
296 300
296 313
296 368
296 380
296 408
296 439
296 491
296 492
296 652
296 817
296 883
296 950
296 991
296 992
296 1050
296 1148
297 298
297 299
297 340
297 349
297 389
297 919
297 1044
298 299
298 658
299 919
299 921
300 301
300 302
300 303
300 909
300 914
300 915
301 302
301 303
301 1106
302 303
302 497
303 908
304 305
304 306
304 307
304 339
304 388
304 829
304 830
304 831
304 834
304 836
304 899
304 1020
304 1105
304 1106
304 1212
305 306
305 308
305 900
305 1095
305 1106
307 308
307 309
307 310
307 1096
307 1105
307 1106
308 309
308 310
308 1095
308 1096
308 1103
309 310
311 312
311 329
311 333
311 855
311 856
312 329
312 334
313 314
313 315
313 316
313 317
313 667
313 837
313 883
313 1030
313 1038
313 1100
313 1147
313 1164
314 315
314 316
314 317
314 319
314 336
314 1100
315 316
315 317
316 317
318 319
318 320
318 321
318 322
318 323
318 324
318 325
318 635
318 636
318 672
319 320
319 321
319 322
319 323
319 324
319 636
319 672
319 882
320 321
320 322
320 323
320 324
320 620
321 322
321 323
321 324
322 323
322 324
323 324
325 326
325 327
325 328
325 329
325 635
325 636
326 327
326 329
328 329
328 330
328 331
328 332
328 333
328 334
328 784
328 852
328 893
328 939
328 1043
328 1065
328 1066
328 1257
329 330
329 331
329 332
329 334
329 785
329 858
329 859
329 860
329 894
330 331
330 332
331 332
333 334
333 335
333 336
333 337
333 338
333 339
333 784
333 852
333 883
333 893
333 1043
334 335
334 336
334 337
334 338
334 340
334 415
334 642
334 853
334 884
334 893
334 894
334 1044
335 336
335 337
335 338
336 337
336 338
337 338
337 784
337 860
339 340
339 341
339 342
339 343
339 344
339 345
339 357
339 422
339 423
339 456
339 481
339 719
339 844
339 852
339 855
339 856
339 923
339 997
339 1035
340 341
340 342
340 343
340 344
340 345
340 349
340 375
340 389
340 415
340 855
340 856
340 859
340 860
340 894
340 1044
341 342
341 343
341 344
341 345
341 346
341 552
341 844
341 855
341 997
342 343
342 344
342 345
343 344
343 345
344 345
344 662
344 663
344 664
344 666
344 855
344 856
346 347
346 855
348 349
348 350
348 351
348 352
348 357
348 359
348 360
348 414
348 415
348 555
348 698
348 918
348 1054
349 350
349 351
349 352
349 357
349 358
349 360
349 415
349 555
349 556
349 616
349 617
349 698
350 351
350 352
351 352
351 532
351 697
351 1085
352 697
353 354
353 355
353 356
353 414
353 415
353 533
354 355
354 356
354 415
354 504
355 356
357 358
357 359
357 360
357 361
357 362
357 363
357 368
357 369
357 374
357 918
358 359
358 360
358 361
358 362
358 364
358 368
358 374
358 497
358 498
359 360
359 361
359 362
359 368
359 369
359 375
359 379
359 388
359 414
359 443
359 536
359 548
359 555
359 1038
360 361
360 362
360 364
360 368
360 369
360 374
360 375
360 380
360 389
360 408
360 409
360 415
360 458
360 459
360 488
360 498
360 1043
361 362
363 364
363 365
363 366
363 367
363 652
364 365
364 366
364 367
365 366
365 367
366 367
368 369
368 370
368 371
368 372
368 414
368 548
368 590
368 964
368 1128
369 370
369 371
369 372
369 548
369 549
369 1044
370 371
370 372
371 372
373 374
373 491
373 493
373 570
373 574
373 616
375 376
375 415
376 377
376 378
377 378
378 474
379 380
379 381
379 382
379 383
379 384
379 388
379 414
379 415
379 473
379 481
379 488
379 497
379 597
379 918
380 381
380 382
380 383
380 384
380 389
380 415
380 497
380 498
380 504
380 549
380 597
380 598
381 382
381 383
381 384
382 383
382 384
383 384
385 386
385 387
385 433
385 504
385 574
385 591
386 387
386 1096
386 1103
388 389
388 390
388 391
388 392
388 393
388 394
388 398
388 399
388 414
388 415
388 548
388 648
388 794
388 1033
389 390
389 391
389 392
389 393
389 394
389 395
389 398
389 400
389 409
389 415
389 918
389 965
389 968
390 391
390 392
390 393
391 392
391 393
392 393
394 395
394 396
394 397
394 1090
395 396
395 397
396 397
398 399
398 400
398 401
398 402
398 491
398 964
399 400
399 401
399 402
399 408
399 565
399 648
400 401
400 402
400 409
400 566
401 402
403 404
403 405
403 406
403 407
403 408
403 409
403 463
404 405
404 406
404 407
404 409
404 458
404 459
404 463
404 464
405 406
405 407
406 407
408 409
408 410
408 411
408 412
408 464
408 918
409 410
409 411
409 413
409 440
409 441
409 443
409 444
409 458
409 459
409 464
409 591
409 919
410 411
411 443
411 729
411 730
412 413
412 443
412 515
412 516
412 565
412 566
412 784
412 788
413 515
414 415
414 416
414 417
414 418
414 530
414 532
414 533
414 658
414 1043
415 416
415 417
415 418
415 530
415 531
416 417
416 418
417 418
419 420
419 421
419 950
420 421
421 964
422 423
422 424
422 425
422 426
422 430
422 466
422 473
422 487
422 503
422 532
422 685
422 752
422 760
423 424
423 425
423 426
423 430
423 466
423 473
423 474
423 503
423 1126
424 425
426 427
426 428
427 428
427 488
427 504
429 430
429 431
429 432
429 1020
430 431
430 432
430 433
430 434
431 432
431 548
432 663
432 666
433 434
433 435
433 436
433 437
433 438
433 473
433 474
433 603
434 435
434 436
434 437
434 438
434 474
434 603
435 436
435 437
435 438
436 437
436 438
437 438
437 497
439 440
439 441
439 442
439 443
439 466
439 467
439 473
439 481
439 729
439 1215
440 441
440 442
440 444
440 466
440 467
440 473
440 474
440 481
440 504
441 442
441 444
441 462
441 471
441 474
441 520
441 571
441 775
442 487
443 444
443 445
443 446
443 447
443 448
443 449
443 519
443 521
443 630
443 1038
443 1043
444 445
444 446
444 447
444 448
444 449
444 481
444 649
444 673
444 1056
445 446
445 447
445 448
445 449
445 473
445 487
445 648
446 447
446 448
446 449
447 448
447 449
448 449
450 451
450 452
450 453
450 454
450 455
450 1188
450 1189
451 452
451 453
451 454
451 455
452 453
452 454
452 455
452 519
453 454
453 455
454 455
456 457
456 509
456 662
456 663
456 664
456 666
456 855
456 856
457 463
457 491
457 855
458 459
458 460
458 461
458 462
458 463
458 464
458 648
459 460
459 461
459 462
459 463
459 488
459 521
459 648
460 461
460 462
461 462
463 464
463 465
463 617
463 635
463 648
463 649
464 465
464 648
464 649
466 467
466 468
466 469
466 470
466 471
466 472
467 468
467 469
467 470
467 471
467 472
468 469
468 470
468 471
468 472
469 470
469 471
469 472
470 471
470 472
471 472
473 474
473 475
473 476
473 477
473 481
473 484
473 487
473 503
473 504
473 509
473 926
474 475
474 476
474 477
474 481
474 482
474 504
475 476
475 477
476 477
478 479
478 480
478 488
478 504
479 480
479 504
481 482
481 483
481 484
481 486
481 487
481 488
481 503
481 504
481 709
481 711
482 483
482 484
482 485
482 487
482 488
482 503
482 504
482 836
484 485
484 486
484 487
484 488
484 503
484 541
484 648
485 486
485 488
485 503
485 504
486 503
486 738
487 488
487 489
487 490
487 503
487 509
487 773
488 489
488 490
488 503
488 504
488 541
488 1011
489 490
491 492
491 493
491 494
491 495
491 496
491 508
491 509
491 511
491 574
491 575
491 578
491 729
491 780
492 493
492 494
492 495
492 496
492 508
492 511
492 540
492 578
492 614
492 780
493 494
493 495
493 496
493 508
493 511
493 578
493 614
493 780
494 495
494 496
495 496
497 498
497 499
497 500
497 501
497 502
497 540
497 1146
498 499
498 500
498 501
498 502
498 774
498 831
498 834
499 500
499 501
499 502
500 501
500 502
501 502
503 504
503 505
503 506
503 508
503 509
503 752
504 505
504 506
504 623
504 648
504 752
505 506
507 508
507 509
507 510
508 509
508 510
508 607
508 614
508 617
509 510
509 560
509 613
509 729
509 842
509 843
512 513
512 514
513 514
513 626
513 628
513 653
513 655
513 658
515 516
515 517
515 518
515 519
515 520
515 522
515 565
515 566
515 624
515 672
515 697
515 991
515 993
515 1158
515 1242
515 1243
515 1249
516 517
516 518
516 520
516 521
516 571
516 624
516 628
516 636
516 673
516 1247
517 518
519 520
519 521
519 522
519 523
519 524
519 590
519 591
519 614
519 616
519 617
519 672
519 707
519 708
520 521
520 522
520 523
520 524
520 541
520 590
520 591
520 614
520 616
520 672
520 673
521 522
521 523
521 524
521 527
521 536
521 547
521 591
521 608
521 672
521 677
521 1247
522 523
522 524
522 620
522 621
522 708
522 1247
523 524
525 526
525 527
525 528
525 529
525 530
525 531
525 532
525 533
526 527
526 528
526 529
526 530
526 531
526 533
526 617
527 528
527 529
527 530
527 531
528 529
528 530
528 531
529 530
529 531
530 531
530 877
532 533
532 534
532 535
532 540
532 542
532 923
532 926
533 534
533 535
533 540
533 541
533 598
533 603
534 535
536 537
536 538
536 539
536 548
536 616
536 617
536 627
536 707
536 708
536 952
537 538
537 539
537 541
537 616
537 617
537 708
538 539
540 541
540 542
540 543
540 544
540 545
540 546
540 547
541 542
541 543
541 544
541 545
541 546
541 547
541 556
541 843
541 958
541 1191
542 543
542 544
542 545
542 546
542 547
543 544
543 545
543 546
543 547
544 545
544 546
544 547
545 546
545 547
546 547
548 549
548 550
548 553
548 556
548 570
548 581
548 586
548 760
548 782
549 550
549 556
549 565
549 566
549 571
551 552
551 553
551 554
551 698
552 553
552 554
552 620
552 852
552 997
553 554
555 556
555 557
555 558
555 559
555 697
556 557
556 558
556 559
557 558
557 559
558 559
560 561
560 562
560 563
560 564
560 565
560 566
560 571
560 574
560 581
560 698
561 562
561 563
561 564
561 565
561 566
561 571
561 575
561 581
561 582
561 707
561 730
562 563
562 564
563 564
565 566
565 567
565 568
565 569
565 571
565 581
565 582
565 908
566 567
566 568
566 569
566 574
566 575
566 582
566 909
567 568
567 569
568 569
570 571
570 572
570 573
570 581
570 582
570 586
570 590
570 616
571 572
571 573
571 575
571 581
571 582
571 587
571 652
571 1154
572 573
574 575
574 576
574 577
574 578
574 581
574 582
574 587
574 733
574 852
574 923
574 1085
574 1266
575 576
575 577
575 578
575 581
575 582
575 587
576 577
578 579
578 580
578 581
578 582
579 580
581 582
581 583
581 584
581 585
581 587
581 752
582 583
582 584
582 585
582 587
583 584
583 585
584 585
586 587
586 588
586 589
586 590
586 652
586 719
586 733
586 1038
587 588
587 589
588 589
590 591
590 592
590 593
590 594
590 595
590 596
590 608
590 630
590 719
590 733
590 1124
591 592
591 593
591 594
591 595
591 596
591 614
592 593
592 594
592 595
592 596
593 594
593 595
593 596
594 595
594 596
595 596
597 598
597 599
597 600
597 601
598 599
598 600
598 601
599 600
599 601
600 601
602 603
602 604
602 605
603 604
603 605
604 605
606 607
606 608
606 609
606 610
606 611
606 612
607 608
607 609
607 610
607 611
607 612
608 609
608 610
608 611
608 612
609 610
609 611
609 612
610 611
610 612
611 612
613 614
613 615
613 616
613 617
613 648
614 615
614 648
614 730
616 617
616 618
616 619
616 672
616 697
616 707
616 708
617 618
617 619
617 672
617 697
617 707
617 708
618 619
620 621
620 672
620 673
620 787
620 942
620 1038
620 1043
620 1183
620 1246
621 637
621 672
621 673
621 1038
621 1043
621 1246
621 1247
622 672
623 624
623 625
624 625
624 663
624 1021
626 627
626 628
626 629
626 1220
627 628
627 629
628 629
628 1220
629 952
630 631
630 632
630 633
630 634
631 632
631 633
631 634
631 636
631 1021
632 633
632 634
633 634
635 636
635 637
635 639
635 668
635 1119
636 637
636 639
636 655
636 658
636 667
636 672
637 784
638 639
638 640
638 641
638 642
638 1250
639 640
639 641
639 642
639 672
640 641
640 642
640 648
641 642
641 785
641 837
641 838
641 1021
642 785
642 788
642 838
642 841
642 1250
643 644
643 645
643 646
643 647
643 648
643 649
644 645
644 646
644 647
645 646
645 647
646 647
648 649
648 650
648 651
648 676
648 684
648 765
648 766
648 768
648 771
648 776
649 650
649 651
649 766
650 651
652 653
652 654
652 655
652 656
652 657
652 658
652 659
652 660
652 661
652 663
652 729
652 730
652 1229
653 654
653 655
653 656
653 657
653 658
653 659
653 660
653 661
653 662
653 663
653 664
653 666
653 807
653 1109
654 655
654 656
654 657
654 658
654 659
654 660
654 661
654 817
654 986
655 655
655 656
655 657
655 658
655 659
655 660
655 661
655 662
655 1109
655 1149
656 657
656 658
656 659
656 660
656 661
657 658
657 659
657 660
657 661
658 659
658 660
658 661
658 662
658 959
658 1043
658 1050
658 1109
658 1153
659 660
659 661
659 662
659 1109
660 661
662 663
662 664
662 665
662 666
662 668
662 785
662 788
662 844
662 855
663 664
663 665
663 666
663 668
663 735
663 768
663 788
663 808
663 844
663 855
664 665
664 666
664 668
664 844
664 852
664 855
665 666
666 668
666 735
666 768
666 774
666 844
666 855
667 668
667 669
667 670
667 671
667 1030
668 669
668 670
668 671
668 1021
668 1119
669 670
669 671
670 671
672 673
672 674
672 675
672 676
672 677
672 678
672 738
672 1038
672 1039
672 1043
672 1048
672 1049
672 1070
672 1113
672 1114
672 1246
673 674
673 675
673 676
673 677
673 678
673 1038
673 1043
673 1044
673 1246
673 1247
674 675
674 676
674 677
674 678
675 676
675 677
675 678
676 677
676 678
677 678
677 1247
679 680
679 681
679 682
679 683
679 684
679 685
679 686
679 687
679 688
679 689
679 690
679 1090
680 681
680 682
680 683
680 684
680 685
680 686
680 687
680 688
680 689
680 690
681 682
681 683
681 684
681 685
681 686
681 687
681 688
681 689
681 690
682 683
682 684
682 685
682 686
682 687
682 688
682 689
682 690
683 684
683 685
683 686
683 687
683 688
683 689
683 690
683 859
684 685
684 686
684 687
684 688
684 689
684 690
685 686
685 687
685 688
685 689
685 690
685 865
686 687
686 688
686 689
686 690
687 688
687 689
687 690
688 689
688 690
689 690
691 692
691 693
691 694
691 695
691 696
691 876
691 1158
692 693
692 694
692 695
692 696
693 694
693 695
693 696
694 695
694 696
695 696
697 698
697 699
697 700
697 729
697 731
698 699
698 700
698 708
698 733
698 734
698 842
698 843
699 700
701 702
701 703
701 704
701 705
701 706
701 707
701 729
701 730
702 703
702 704
702 705
702 706
702 707
702 708
702 730
703 704
703 705
703 706
704 705
704 706
705 706
707 708
707 720
707 725
708 720
708 734
709 710
709 711
709 712
709 713
710 711
710 712
710 713
711 712
711 713
712 713
712 952
714 715
714 716
714 717
714 718
715 716
715 717
715 718
715 930
716 717
716 718
717 718
719 720
719 721
719 722
719 723
720 721
720 722
720 723
721 722
721 723
722 723
724 725
724 726
724 727
724 728
724 876
725 726
725 727
725 728
726 727
726 728
727 728
729 730
729 731
729 732
729 842
730 731
730 732
730 930
730 1086
731 732
733 734
733 735
733 736
733 737
734 735
734 736
734 737
734 743
735 736
735 737
735 744
736 737
738 739
738 740
738 741
738 742
738 743
739 740
741 742
741 743
742 743
742 744
743 744
743 745
743 746
743 1029
744 745
746 747
746 748
746 749
746 750
746 751
746 993
747 748
747 749
747 750
747 751
748 749
748 750
748 751
749 750
749 751
750 751
752 753
752 754
752 755
752 756
752 757
753 754
753 755
753 756
753 757
754 755
754 756
754 757
755 756
755 757
756 757
758 759
758 760
758 761
758 762
758 763
758 764
759 760
759 761
759 762
759 763
759 764
760 761
760 762
760 763
760 764
761 762
761 763
761 764
762 763
762 764
763 764
765 766
765 767
765 768
765 769
765 770
766 767
766 768
766 769
766 770
767 768
767 769
767 770
768 769
768 770
769 770
771 772
771 773
771 774
771 775
771 776
771 777
771 778
771 779
772 773
772 774
772 775
772 776
772 777
772 778
772 779
773 774
773 775
773 776
773 777
773 778
773 779
773 933
774 775
774 776
774 777
774 778
774 779
775 776
775 777
775 778
775 779
776 777
776 778
776 779
777 778
777 779
778 779
780 781
780 782
780 783
781 782
781 783
782 783
784 785
784 786
784 787
784 788
784 789
784 893
784 894
785 786
785 787
785 788
785 789
785 894
785 994
786 787
786 788
786 789
787 788
787 789
788 789
788 860
788 872
788 1247
790 791
790 939
790 940
791 939
791 940
791 943
791 1164
791 1165
792 793
792 908
793 809
793 831
793 841
794 795
794 797
794 803
794 807
794 924
794 993
794 1051
795 796
795 797
795 799
795 803
795 807
795 908
795 924
795 993
796 797
796 798
796 799
796 800
796 801
796 802
796 803
796 804
796 805
796 806
796 807
797 798
797 799
797 800
797 801
797 802
797 803
797 804
797 805
797 806
797 807
798 799
798 800
798 801
798 802
798 803
798 804
798 805
798 806
799 800
799 801
799 802
799 803
799 804
799 805
799 806
800 801
800 802
800 803
800 804
800 805
800 806
801 802
801 803
801 804
801 805
801 806
802 803
802 804
802 805
802 806
803 804
803 805
803 806
803 834
804 805
804 806
805 806
807 808
807 809
807 810
808 809
808 810
808 851
808 1079
808 1221
809 810
809 851
809 925
809 1236
811 812
811 813
811 814
811 815
811 816
812 813
812 814
812 815
812 816
812 866
813 814
813 815
813 816
814 815
814 816
815 816
817 818
817 819
817 820
817 821
817 822
817 823
817 824
817 825
817 826
817 827
817 828
817 1103
817 1122
818 819
818 820
818 821
818 822
818 823
818 824
818 825
818 826
818 827
818 828
819 820
819 821
819 822
819 823
819 824
819 825
819 826
819 827
819 828
820 821
820 822
820 823
820 824
820 825
820 826
820 827
820 828
821 822
821 823
821 824
821 825
821 826
821 827
821 828
822 823
822 824
822 825
822 826
822 827
822 828
823 824
823 825
823 826
823 827
823 828
824 825
824 826
824 827
824 828
825 826
825 827
825 828
826 827
826 828
827 828
829 830
829 831
829 832
829 833
829 834
829 835
829 836
829 837
829 838
829 841
829 851
829 899
829 900
829 1092
829 1093
830 831
830 832
830 833
830 834
830 835
830 836
830 851
830 899
830 900
830 1033
830 1092
830 1105
831 832
831 833
831 834
831 835
831 836
831 1095
831 1105
831 1106
832 833
832 834
832 835
832 836
833 834
833 835
833 836
834 835
834 836
834 1095
834 1096
834 1212
835 836
835 899
835 900
835 933
836 851
836 1092
836 1099
837 838
837 839
837 840
837 841
837 844
837 942
837 1038
837 1079
837 1249
837 1250
838 839
838 840
838 841
838 844
838 943
838 1079
838 1165
838 1250
839 840
839 841
840 841
841 842
841 843
841 1079
841 1250
842 843
842 844
842 845
843 844
843 845
844 845
844 855
844 856
844 952
846 847
846 848
846 849
846 850
846 851
847 848
847 849
847 850
847 851
848 849
848 850
848 851
849 850
849 851
850 851
852 853
852 854
852 855
852 997
852 1085
852 1105
853 854
855 856
855 997
855 1170
857 858
857 997
858 859
858 860
859 860
859 861
859 862
859 894
859 1044
859 1101
860 861
860 862
860 872
860 894
860 1040
860 1044
861 862
862 865
863 864
863 865
863 866
863 867
863 868
863 869
863 870
863 876
863 877
863 883
863 884
864 865
864 866
864 867
864 868
864 869
864 876
864 877
864 883
864 884
865 866
865 867
865 868
865 869
865 876
865 883
866 867
866 868
866 869
866 876
866 877
866 884
867 868
867 869
868 869
870 871
870 872
870 873
870 874
870 875
870 876
870 883
870 884
871 872
871 873
871 874
871 875
871 877
872 873
872 874
872 875
873 874
873 875
874 875
876 877
876 878
876 879
876 880
876 881
876 883
876 887
876 1114
877 878
877 879
877 880
877 881
877 883
877 884
878 879
878 880
878 881
878 952
879 880
879 881
880 881
883 884
883 885
883 886
883 1050
884 885
884 886
884 887
884 889
884 891
884 892
884 909
884 915
885 886
887 888
887 889
887 890
887 891
887 892
888 889
888 890
888 891
888 892
888 1093
889 890
889 891
889 892
889 933
890 891
890 892
890 933
891 892
892 1095
892 1099
892 1129
893 894
893 895
893 896
894 895
894 896
895 896
897 898
898 930
898 1086
899 900
899 908
899 923
899 1105
899 1211
900 909
900 924
900 1093
900 1095
900 1106
901 902
901 1164
902 940
902 943
903 904
903 905
903 906
903 907
903 933
904 905
904 906
904 907
905 906
905 907
905 929
906 907
908 909
908 910
908 911
908 912
908 913
908 914
908 915
908 916
908 917
908 924
908 950
908 970
908 1086
908 1089
908 1092
908 1095
908 1099
908 1158
908 1159
909 909
909 910
909 911
909 912
909 913
909 914
909 915
909 916
909 917
909 923
909 924
909 993
909 994
909 1086
909 1089
909 1095
909 1099
909 1159
909 1165
910 911
910 912
910 913
910 914
910 915
910 916
910 917
911 912
911 913
911 914
911 915
911 916
911 917
912 913
912 914
912 915
912 916
912 917
913 914
913 915
913 916
913 917
913 992
913 1093
914 915
914 916
914 917
914 923
914 993
914 1010
914 1153
914 1154
914 1158
915 916
915 917
915 924
915 993
915 1089
915 1093
915 1099
915 1159
916 917
918 919
918 920
918 921
918 922
918 1159
919 920
919 921
919 922
920 921
920 922
921 922
923 924
923 925
923 926
923 929
923 950
923 951
923 952
923 959
923 1085
923 1086
923 1089
923 1136
924 925
924 930
924 934
924 951
924 960
924 1086
924 1089
924 1099
926 927
926 928
926 929
926 933
926 934
927 928
927 930
929 930
929 931
929 932
929 933
929 934
929 950
929 1011
929 1013
929 1085
929 1148
929 1170
930 931
930 932
930 934
930 1011
930 1156
930 1171
931 932
933 934
933 935
933 936
933 937
933 938
933 950
933 952
933 986
933 1013
933 1085
933 1086
933 1089
933 1148
933 1170
934 935
934 936
934 937
934 938
934 1084
934 1089
935 936
935 937
935 938
936 937
936 938
937 938
939 940
939 941
939 942
939 943
939 944
939 945
939 946
939 947
939 1044
939 1257
940 941
940 942
940 943
940 944
940 945
940 946
940 1258
941 942
941 943
941 944
941 945
941 946
942 943
942 944
942 945
942 946
942 1038
942 1080
942 1249
943 944
943 945
943 946
943 1258
944 945
944 946
945 946
947 948
947 949
948 949
950 951
950 952
950 953
950 954
950 955
950 956
950 957
950 958
950 959
950 965
950 967
950 993
950 1048
950 1085
950 1086
950 1089
950 1158
950 1170
950 1202
951 952
951 953
951 954
951 955
951 956
951 957
951 958
951 960
951 965
951 1084
951 1086
951 1089
951 1099
951 1170
951 1173
952 952
952 953
952 954
952 955
952 956
952 957
952 958
952 959
952 1011
952 1082
952 1084
952 1085
952 1104
952 1170
953 954
953 955
953 956
953 957
953 958
953 960
954 955
954 956
954 957
954 958
955 956
955 957
955 958
956 957
956 958
957 958
959 960
959 961
959 962
959 963
959 967
959 1084
959 1155
960 961
960 962
960 963
960 1084
960 1099
960 1155
960 1173
961 962
961 963
962 963
962 965
964 965
964 966
964 967
964 968
964 1035
964 1043
965 966
965 967
965 968
965 1039
965 1044
965 1084
965 1089
966 967
966 968
967 968
967 1085
967 1170
968 1089
969 970
969 971
969 972
969 973
969 974
969 975
969 976
969 977
969 1034
970 971
970 972
970 973
970 974
970 975
970 976
970 977
970 1033
970 1153
970 1154
971 972
971 973
971 974
971 975
971 976
971 977
971 1154
972 973
972 974
972 975
972 976
972 977
973 974
973 975
973 976
973 977
974 975
974 976
974 977
975 976
975 977
976 977
978 979
978 980
978 981
978 982
978 983
978 984
978 985
978 1215
979 980
979 981
979 982
979 983
979 984
979 985
980 981
980 982
980 983
980 984
980 985
981 982
981 983
981 984
981 985
982 983
982 984
982 985
983 984
983 985
984 985
985 1030
985 1219
986 987
986 988
986 989
986 990
986 1126
986 1127
987 988
987 989
987 990
987 994
987 1030
988 989
988 990
989 990
990 1030
991 992
991 993
991 994
991 995
991 996
991 1002
991 1029
991 1090
991 1110
991 1122
992 993
992 994
992 995
992 996
992 1024
992 1110
993 994
993 995
993 996
993 1110
993 1122
993 1126
993 1164
994 995
994 996
994 1026
994 1110
995 996
997 998
997 999
997 1000
997 1001
997 1002
997 1003
997 1021
997 1024
997 1026
997 1114
997 1177
997 1207
997 1246
998 999
998 1000
998 1001
998 1002
998 1003
999 1000
999 1001
999 1002
999 1003
1000 1001
1000 1002
1000 1003
1001 1002
1001 1003
1001 1024
1001 1030
1002 1003
1002 1021
1002 1030
1004 1005
1004 1006
1004 1007
1004 1008
1004 1009
1004 1010
1005 1006
1005 1007
1005 1008
1005 1009
1005 1010
1006 1007
1006 1008
1006 1009
1006 1010
1007 1008
1007 1009
1007 1010
1008 1009
1008 1010
1009 1010
1009 1137
1010 1215
1010 1216
1011 1012
1011 1013
1011 1014
1011 1015
1012 1013
1012 1014
1012 1015
1013 1014
1013 1015
1013 1033
1014 1015
1016 1017
1016 1018
1016 1123
1016 1137
1016 1199
1017 1018
1019 1119
1020 1021
1020 1022
1020 1023
1020 1119
1020 1122
1020 1123
1020 1126
1020 1127
1020 1129
1020 1144
1021 1022
1021 1023
1021 1030
1021 1119
1021 1123
1021 1127
1021 1144
1022 1023
1024 1029
1025 1026
1025 1027
1025 1028
1026 1027
1026 1028
1026 1154
1027 1028
1029 1030
1029 1031
1029 1032
1029 1249
1030 1031
1030 1032
1030 1147
1030 1174
1031 1032
1033 1034
1033 1035
1033 1037
1033 1153
1033 1249
1034 1036
1034 1154
1035 1036
1035 1037
1036 1037
1036 1039
1036 1106
1036 1154
1038 1039
1038 1040
1038 1041
1038 1042
1038 1043
1038 1044
1038 1114
1038 1136
1038 1247
1039 1040
1039 1041
1039 1042
1039 1044
1039 1114
1040 1041
1040 1042
1041 1042
1043 1044
1043 1045
1043 1046
1043 1047
1043 1048
1043 1049
1043 1116
1043 1117
1043 1118
1043 1164
1043 1247
1044 1045
1044 1046
1044 1047
1044 1048
1044 1049
1044 1070
1044 1071
1044 1250
1045 1046
1045 1047
1045 1048
1045 1049
1046 1047
1046 1048
1046 1049
1047 1048
1047 1049
1048 1049
1048 1246
1048 1247
1050 1051
1050 1052
1050 1053
1050 1054
1050 1055
1051 1052
1051 1053
1051 1054
1051 1055
1052 1053
1052 1054
1052 1055
1053 1054
1053 1055
1054 1055
1056 1057
1056 1058
1056 1159
1056 1250
1057 1058
1059 1060
1059 1061
1059 1062
1059 1063
1059 1064
1059 1237
1059 1238
1059 1246
1059 1249
1059 1250
1060 1061
1060 1062
1060 1063
1060 1064
1060 1246
1061 1062
1061 1063
1061 1064
1062 1063
1062 1064
1063 1064
1065 1066
1065 1067
1065 1068
1065 1069
1066 1067
1066 1068
1066 1069
1067 1068
1067 1069
1068 1069
1070 1071
1070 1072
1070 1073
1070 1074
1070 1075
1070 1076
1070 1077
1071 1072
1071 1073
1071 1074
1071 1075
1071 1076
1071 1077
1072 1073
1072 1074
1072 1075
1072 1076
1072 1077
1073 1074
1073 1075
1073 1076
1073 1077
1074 1075
1074 1076
1074 1077
1075 1076
1075 1077
1076 1077
1078 1079
1078 1080
1078 1081
1078 1237
1078 1238
1078 1249
1079 1080
1079 1081
1079 1250
1080 1081
1082 1083
1082 1084
1083 1084
1084 1086
1085 1086
1085 1087
1085 1088
1085 1089
1086 1087
1086 1088
1086 1089
1087 1088
1087 1089
1088 1089
1089 1090
1089 1091
1090 1091
1090 1092
1090 1094
1090 1097
1090 1098
1090 1136
1091 1092
1091 1093
1091 1099
1092 1093
1092 1094
1092 1095
1092 1096
1092 1097
1092 1098
1092 1099
1093 1094
1093 1095
1093 1096
1093 1097
1093 1098
1093 1099
1093 1105
1094 1095
1094 1096
1094 1097
1094 1098
1094 1099
1095 1096
1095 1097
1095 1098
1095 1099
1095 1105
1095 1211
1096 1097
1096 1098
1096 1099
1096 1105
1096 1106
1097 1098
1097 1099
1098 1099
1098 1109
1099 1105
1099 1171
1099 1173
1100 1101
1102 1103
1102 1104
1102 1262
1103 1104
1103 1262
1103 1263
1105 1106
1105 1107
1105 1108
1105 1158
1105 1212
1105 1249
1106 1107
1106 1108
1106 1123
1106 1143
1106 1250
1106 1257
1106 1258
1107 1108
1109 1110
1109 1111
1109 1112
1109 1113
1110 1111
1110 1112
1110 1113
1110 1115
1111 1112
1111 1113
1112 1113
1114 1115
1114 1116
1114 1117
1114 1246
1114 1247
1115 1116
1115 1117
1115 1164
1115 1165
1116 1117
1116 1118
1117 1118
1118 1119
1118 1120
1118 1121
1119 1120
1119 1121
1119 1132
1120 1121
1122 1123
1122 1124
1122 1125
1122 1126
1122 1144
1123 1124
1123 1125
1123 1126
1123 1132
1123 1142
1123 1144
1123 1189
1124 1125
1126 1127
1126 1128
1126 1129
1126 1130
1126 1136
1126 1137
1126 1143
1126 1144
1127 1128
1127 1129
1127 1130
1127 1137
1127 1143
1127 1144
1127 1203
1128 1129
1128 1130
1129 1130
1129 1137
1129 1144
1131 1132
1131 1133
1131 1134
1131 1135
1132 1133
1132 1134
1132 1135
1133 1134
1133 1135
1134 1135
1136 1137
1136 1138
1136 1139
1136 1140
1136 1141
1136 1142
1136 1143
1136 1144
1136 1225
1137 1138
1137 1139
1137 1140
1137 1141
1137 1142
1137 1143
1137 1144
1137 1189
1137 1225
1138 1139
1138 1140
1138 1141
1138 1142
1138 1143
1139 1140
1139 1141
1139 1142
1139 1143
1140 1141
1140 1142
1140 1143
1141 1142
1141 1143
1142 1143
1144 1145
1144 1146
1144 1188
1145 1146
1148 1149
1148 1150
1148 1151
1148 1152
1149 1150
1149 1151
1149 1152
1149 1199
1149 1216
1150 1151
1150 1152
1151 1152
1153 1154
1155 1156
1155 1157
1156 1157
1158 1159
1158 1160
1158 1161
1158 1162
1158 1163
1159 1160
1159 1161
1159 1162
1159 1163
1160 1161
1160 1162
1160 1163
1161 1162
1161 1163
1162 1163
1164 1165
1164 1166
1164 1167
1164 1168
1164 1169
1165 1166
1165 1167
1165 1168
1165 1169
1166 1167
1166 1168
1166 1169
1167 1168
1167 1169
1168 1169
1170 1171
1170 1172
1170 1173
1171 1172
1171 1173
1172 1173
1174 1175
1174 1176
1174 1177
1174 1178
1174 1179
1174 1180
1174 1181
1175 1176
1175 1177
1175 1178
1175 1179
1175 1180
1175 1181
1176 1177
1176 1178
1176 1179
1176 1180
1176 1181
1177 1178
1177 1179
1177 1180
1177 1181
1178 1179
1178 1180
1178 1181
1179 1180
1179 1181
1180 1181
1182 1183
1182 1184
1182 1185
1182 1186
1182 1187
1183 1184
1183 1185
1183 1186
1183 1187
1184 1185
1184 1186
1184 1187
1185 1186
1185 1187
1186 1187
1188 1189
1188 1190
1188 1192
1189 1190
1189 1191
1191 1192
1191 1193
1191 1194
1191 1195
1191 1196
1191 1197
1191 1198
1191 1199
1192 1193
1192 1194
1192 1195
1192 1196
1192 1197
1192 1199
1193 1194
1193 1195
1193 1196
1193 1197
1194 1195
1194 1196
1194 1197
1195 1196
1195 1197
1195 1198
1195 1220
1196 1197
1198 1199
1198 1200
1198 1201
1198 1207
1199 1200
1199 1201
1199 1208
1199 1216
1200 1201
1202 1203
1202 1204
1202 1205
1202 1206
1203 1204
1203 1205
1203 1206
1204 1205
1204 1206
1205 1206
1207 1208
1207 1209
1207 1210
1208 1209
1208 1210
1208 1216
1209 1210
1211 1212
1211 1213
1211 1214
1212 1213
1212 1214
1213 1214
1215 1216
1215 1217
1215 1218
1215 1219
1216 1216
1216 1217
1216 1218
1216 1219
1217 1218
1217 1219
1218 1219
1220 1221
1220 1222
1220 1223
1220 1224
1221 1222
1221 1223
1221 1224
1222 1223
1222 1224
1223 1224
1225 1226
1225 1227
1225 1228
1226 1227
1226 1228
1227 1228
1227 1246
1229 1230
1229 1231
1230 1231
1232 1233
1232 1234
1232 1235
1232 1236
1233 1234
1233 1235
1233 1236
1234 1235
1234 1236
1235 1236
1237 1238
1237 1239
1237 1240
1237 1241
1237 1242
1237 1250
1238 1239
1238 1240
1238 1241
1238 1242
1239 1240
1239 1241
1240 1241
1242 1243
1242 1244
1242 1245
1243 1244
1243 1245
1244 1245
1246 1246
1246 1247
1246 1248
1247 1248
1249 1250
1249 1251
1249 1252
1249 1253
1249 1254
1249 1255
1249 1256
1250 1251
1250 1252
1250 1253
1250 1254
1250 1255
1250 1256
1251 1252
1251 1253
1251 1254
1251 1255
1251 1256
1252 1253
1252 1254
1252 1255
1252 1256
1253 1254
1253 1255
1253 1256
1254 1255
1254 1256
1255 1256
1257 1258
1257 1259
1257 1260
1257 1261
1258 1259
1258 1260
1258 1261
1259 1260
1259 1261
1260 1261
1262 1263
1262 1264
1262 1265
1263 1264
1263 1265
1264 1265
1266 1267
1266 1268
1266 1269
1267 1268
1267 1269
1268 1269
