0 1
0 2
0 3
0 4
0 5
0 676
0 677
0 678
0 714
1 2
1 3
1 4
1 5
1 677
1 678
2 3
2 4
2 5
2 676
2 677
3 4
3 5
4 5
5 705
6 7
6 8
6 9
6 10
6 11
6 18
6 29
6 38
6 42
6 43
6 46
6 48
6 81
6 95
6 99
6 102
6 150
6 151
6 170
6 173
6 496
7 8
7 9
7 10
7 11
7 19
7 20
7 30
7 39
7 43
7 47
7 63
7 78
7 100
7 118
7 148
7 337
7 450
7 496
7 715
8 9
8 10
9 10
10 42
12 13
12 14
12 15
12 16
12 17
12 18
12 19
12 20
13 14
13 15
13 16
13 17
13 19
13 20
13 43
14 15
14 16
14 17
15 16
15 17
16 17
18 19
18 20
18 21
18 24
18 27
18 38
18 42
18 46
18 62
18 77
18 81
18 117
18 456
18 620
18 738
19 20
19 21
19 24
19 27
19 38
19 39
19 43
19 46
19 47
19 53
19 118
19 174
19 620
19 621
19 738
19 739
20 21
20 24
20 30
20 39
20 43
20 47
20 455
20 706
21 443
22 23
22 24
22 25
22 26
23 24
23 25
23 26
23 579
23 894
24 25
24 26
25 26
27 28
27 29
27 30
27 31
27 32
28 29
28 30
28 31
28 32
29 30
29 31
29 32
29 52
29 53
29 150
29 505
29 676
29 678
29 729
29 757
29 758
29 773
29 777
29 799
29 808
29 815
29 832
29 833
29 844
29 846
29 848
29 849
29 855
29 859
29 866
29 867
29 871
29 872
30 31
30 32
30 53
30 715
30 719
30 778
30 867
30 868
31 32
33 34
33 35
33 36
33 37
34 35
34 36
34 37
34 39
34 43
35 36
35 37
36 37
37 38
37 39
37 335
38 39
38 40
38 41
38 42
38 46
38 62
38 77
38 99
38 104
38 117
38 129
38 170
38 173
38 428
38 456
39 40
39 41
39 43
39 46
39 47
39 63
39 118
39 337
39 423
39 428
40 41
42 43
42 44
42 45
42 46
42 47
42 52
42 62
42 81
42 86
42 102
42 117
42 150
42 456
42 704
43 44
43 45
43 46
43 47
43 53
43 57
43 76
43 77
43 82
43 87
43 100
43 118
43 171
43 711
44 45
46 47
46 48
46 49
46 50
46 51
46 52
46 117
46 170
46 190
46 226
46 428
46 569
47 48
47 49
47 50
47 51
47 53
47 82
47 103
47 118
47 171
47 227
47 419
47 429
47 450
48 49
48 50
48 51
49 50
49 51
50 51
52 53
52 54
52 55
52 56
52 57
52 62
52 77
52 81
52 95
52 99
52 102
52 129
52 130
52 147
52 173
52 370
52 386
52 449
52 450
52 620
52 623
52 690
52 691
52 693
52 894
53 54
53 55
53 56
53 57
53 63
53 78
53 82
53 91
53 95
53 100
53 103
53 130
53 162
53 386
53 387
53 450
53 536
53 691
53 694
54 55
54 56
54 57
55 56
55 57
56 57
56 374
56 412
56 442
56 453
56 676
56 677
56 690
56 691
56 861
57 337
57 454
57 657
57 691
58 59
58 60
58 61
58 62
58 81
59 60
59 61
59 63
59 78
59 82
59 100
60 61
62 63
62 64
62 77
62 81
62 90
62 95
62 96
62 97
62 99
62 102
62 104
62 129
62 141
62 173
62 336
62 374
62 565
62 676
62 866
63 64
63 78
63 82
63 91
63 96
63 97
63 100
63 103
63 105
63 118
63 178
63 179
63 337
63 677
65 66
65 67
65 68
65 77
65 78
65 90
65 489
66 67
66 68
67 68
69 70
69 71
69 72
69 73
69 74
69 75
69 76
69 77
69 91
69 374
70 71
70 72
70 73
70 74
70 75
70 76
70 78
70 90
70 667
71 72
71 73
71 74
71 75
71 76
72 73
72 74
72 75
72 76
73 74
73 75
73 76
74 75
74 76
75 76
76 188
76 337
76 678
77 78
77 79
77 80
77 81
77 82
77 90
77 91
77 95
77 99
77 109
78 79
78 80
78 82
78 90
78 91
78 96
78 110
79 80
81 82
81 86
81 90
81 91
81 102
81 104
81 710
82 86
82 87
82 91
82 95
82 96
82 99
82 100
82 105
82 130
83 84
83 85
83 90
83 97
83 438
84 85
84 95
84 96
85 334
85 335
85 336
86 87
86 88
86 89
86 90
86 95
86 97
86 99
86 100
86 690
87 88
87 89
87 90
87 91
87 667
87 691
88 89
90 91
90 92
90 93
90 95
90 96
90 99
90 102
91 92
91 94
91 100
91 103
91 259
91 302
91 565
93 94
93 97
93 438
93 439
93 442
94 306
94 319
94 598
95 96
95 97
95 98
95 99
95 102
95 104
95 183
95 310
96 97
96 98
96 99
96 100
96 103
96 105
96 183
96 192
96 310
96 443
97 98
97 102
97 103
97 129
97 179
97 305
97 438
97 620
97 623
97 707
97 886
97 892
98 103
98 178
98 306
98 307
98 308
98 715
98 893
98 894
99 100
99 101
99 102
99 104
99 114
99 117
99 129
99 130
99 141
99 142
99 150
99 154
99 170
99 173
99 229
99 316
99 345
99 346
99 370
99 371
99 383
99 561
99 565
99 621
99 926
100 101
100 103
100 105
100 118
100 130
100 142
100 178
100 345
100 346
100 383
100 443
100 626
100 926
100 927
102 103
102 104
102 129
102 141
102 150
102 173
102 359
102 412
102 431
102 438
102 442
102 620
102 621
102 623
103 105
103 116
103 118
103 148
103 150
103 174
103 432
103 450
103 620
103 621
103 623
103 715
104 105
104 106
104 107
104 108
104 111
104 117
104 129
104 147
104 173
104 412
104 413
104 521
104 526
104 876
104 877
105 106
105 107
105 108
105 111
105 118
105 126
105 130
105 178
105 413
105 454
105 521
105 526
105 877
106 107
106 108
107 108
107 876
108 118
108 297
109 110
109 876
109 877
110 877
111 112
111 191
111 413
113 114
113 115
113 116
113 127
113 438
114 115
114 116
114 439
115 116
115 125
115 204
115 222
115 438
115 620
116 126
116 223
116 621
117 118
117 119
117 120
117 125
117 129
117 141
117 147
117 170
117 173
117 177
117 195
117 196
117 200
117 204
117 207
117 254
117 279
117 442
117 455
117 639
117 676
118 119
118 120
118 126
118 128
118 130
118 142
118 150
118 151
118 170
118 171
118 178
118 179
118 187
118 196
118 200
118 201
118 205
118 208
118 254
118 255
118 280
118 281
118 454
118 489
118 677
119 120
119 179
121 122
121 123
121 124
121 125
121 126
121 300
121 438
121 439
121 454
122 123
122 124
123 124
125 126
125 127
125 128
125 129
125 130
125 141
125 147
125 150
125 154
125 157
125 177
125 211
125 222
125 223
125 226
125 449
125 474
125 620
125 681
125 844
126 127
126 128
126 129
126 130
126 142
126 151
126 158
126 178
126 214
126 226
126 902
127 128
127 129
127 131
127 138
127 154
127 157
127 173
127 177
127 226
127 339
127 617
127 689
127 812
127 855
128 129
128 130
128 142
128 151
128 155
128 158
128 265
128 323
129 130
129 131
129 132
129 141
129 147
129 150
129 170
129 177
129 211
129 222
129 226
129 228
129 305
129 412
129 442
129 449
129 676
129 892
130 131
130 132
130 142
130 150
130 151
130 155
130 158
130 178
130 179
130 211
130 222
130 223
130 226
130 306
130 308
130 439
130 450
130 677
130 678
130 893
131 132
133 134
133 135
133 136
133 137
133 138
133 139
133 140
133 141
133 142
134 135
134 136
134 137
134 138
134 139
134 140
135 136
135 137
135 138
135 139
135 140
136 137
136 138
136 139
136 140
136 141
136 449
136 538
136 539
137 138
137 139
137 140
137 538
138 139
138 140
138 147
138 150
138 151
139 140
140 142
140 150
141 142
141 143
141 144
141 145
141 146
141 150
141 186
141 271
141 438
141 494
141 751
142 143
142 144
142 145
142 146
142 150
142 151
142 158
142 178
142 922
143 144
143 145
143 146
144 145
144 146
145 146
147 148
147 149
147 150
147 154
147 195
147 204
147 305
147 353
147 442
147 690
147 691
148 149
148 174
148 306
148 307
148 308
150 151
150 152
150 153
150 173
150 177
150 305
150 509
151 152
151 153
151 174
151 178
151 180
151 187
151 192
151 259
151 306
151 307
151 308
151 437
151 684
151 719
151 922
151 923
152 153
154 155
154 156
154 449
155 156
157 158
157 159
157 160
157 173
157 174
157 177
158 159
158 160
159 160
161 162
161 163
161 164
161 165
161 173
161 329
161 390
161 428
161 449
162 163
162 164
162 165
162 297
162 319
163 164
163 165
164 165
165 450
166 167
166 168
166 169
166 204
167 168
167 169
167 174
167 179
167 450
168 169
170 171
170 172
170 305
171 172
171 306
171 307
171 308
173 174
173 175
173 176
173 177
173 178
173 179
173 180
173 230
173 264
173 290
173 361
173 442
173 449
173 450
173 589
173 707
173 775
173 842
173 876
174 175
174 176
174 177
174 178
174 179
174 180
174 439
174 446
174 449
174 450
174 718
174 874
175 176
175 179
177 178
177 179
177 186
177 191
177 207
177 222
177 296
177 305
177 412
177 438
177 442
177 445
177 449
177 450
177 452
177 502
177 587
177 589
177 707
177 874
177 892
178 179
178 180
178 223
178 295
178 306
178 307
178 308
178 443
178 446
178 450
178 874
178 893
178 894
179 429
179 449
180 181
180 182
180 443
181 182
183 184
183 185
183 186
183 187
183 188
183 294
183 295
183 296
183 370
183 438
183 525
184 185
184 187
184 188
184 439
186 187
186 188
186 189
186 191
186 195
186 204
186 222
186 232
186 294
186 296
186 438
186 443
186 474
186 485
186 489
186 521
186 522
187 188
187 189
187 192
187 205
187 280
187 281
187 297
187 301
187 306
187 310
187 311
187 522
188 189
188 192
188 205
188 281
188 301
188 306
188 308
188 310
188 311
188 426
188 678
190 191
190 192
190 193
190 194
190 200
190 251
190 258
190 294
190 295
190 296
190 305
190 329
190 412
190 603
190 663
191 192
191 193
191 194
191 195
191 196
191 200
191 204
191 207
191 228
191 232
191 241
191 246
191 251
191 279
191 294
191 295
191 300
191 303
191 412
191 707
192 193
192 194
192 196
192 200
192 205
192 208
192 223
192 229
192 233
192 247
192 251
192 280
192 281
192 294
192 295
192 296
192 297
192 301
192 302
192 413
192 464
192 705
193 194
195 196
195 197
195 198
195 199
195 200
195 207
195 212
195 215
195 228
195 254
195 279
195 300
195 303
195 329
195 442
195 449
195 799
196 197
196 198
196 199
196 201
196 208
196 216
196 233
196 254
196 255
196 280
196 281
196 291
196 301
196 302
196 799
196 800
197 198
197 199
198 199
200 201
200 202
200 203
200 204
200 228
200 232
200 279
200 300
201 202
201 203
201 205
201 280
201 281
201 301
202 203
204 205
204 206
204 207
204 222
204 228
204 232
204 264
204 271
204 279
204 322
204 326
204 327
204 329
204 330
204 704
204 895
205 206
205 208
205 213
205 223
205 229
205 233
205 265
205 272
205 322
205 326
205 329
205 330
205 705
205 893
207 208
207 209
207 210
207 212
207 222
207 228
207 232
207 305
207 445
207 449
208 209
208 210
208 213
208 229
208 233
208 445
208 449
208 856
209 210
211 212
211 213
211 214
211 215
211 216
211 217
211 218
211 222
211 696
212 213
212 214
212 215
212 216
212 217
212 218
212 399
212 599
212 600
213 214
213 215
213 216
213 217
213 218
214 215
214 216
214 217
214 218
215 216
215 217
215 218
215 260
215 370
215 371
216 217
216 218
217 218
219 220
219 221
219 399
220 221
222 223
222 224
222 225
222 226
222 227
222 228
222 232
222 258
222 279
222 303
222 525
222 566
222 902
223 224
223 225
223 226
223 227
223 229
223 233
223 280
223 782
223 783
223 855
223 856
224 225
224 226
224 227
225 226
225 227
226 227
226 294
226 696
228 229
228 230
228 231
228 232
228 279
228 305
228 442
228 443
228 525
228 554
228 676
228 677
228 895
229 230
229 231
229 232
229 233
229 306
229 442
229 443
229 507
229 677
229 895
230 231
230 232
230 233
230 305
230 306
230 307
230 308
231 306
231 307
231 308
232 233
232 234
232 235
232 269
232 438
232 442
232 443
232 484
232 518
232 676
232 895
233 234
233 235
233 270
233 442
233 443
233 677
233 821
233 893
234 235
236 237
236 238
236 239
236 240
236 258
237 238
237 239
237 240
237 247
237 259
238 239
238 240
239 240
239 247
241 242
241 243
241 244
241 245
241 246
241 247
241 248
241 249
241 250
241 294
241 295
241 296
241 297
241 518
241 525
241 635
241 652
241 671
241 695
241 696
241 706
241 707
241 714
242 243
242 244
242 245
242 246
242 247
242 248
242 249
242 250
242 652
242 657
242 664
243 244
243 245
243 246
243 247
243 248
243 249
243 250
244 245
244 246
244 247
244 248
244 249
244 250
245 246
245 247
245 248
245 249
245 250
246 247
246 248
246 249
246 250
247 248
247 249
247 250
247 281
247 569
247 570
247 572
247 573
247 588
247 590
248 249
248 250
249 250
251 252
251 253
251 258
251 259
251 260
252 253
252 259
254 255
254 256
254 257
254 260
255 256
255 257
255 258
255 259
256 257
258 259
258 260
258 261
258 262
258 263
258 269
258 279
258 340
258 785
258 786
259 260
259 261
259 262
259 263
259 269
259 280
259 341
259 785
260 261
260 262
260 263
260 465
260 554
260 580
260 581
260 587
260 592
260 718
261 262
261 263
261 281
262 263
264 265
264 266
264 267
264 268
265 266
265 267
265 268
266 267
266 268
267 268
269 270
269 271
269 272
269 273
269 274
269 275
269 276
269 277
269 278
270 271
270 272
270 273
270 274
270 275
270 276
270 277
270 278
271 272
271 273
271 274
271 275
271 276
271 277
271 278
272 273
272 274
272 275
272 276
272 277
272 278
273 274
273 275
273 276
273 277
273 278
274 275
274 276
274 277
274 278
275 276
275 277
275 278
276 277
276 278
277 278
279 280
279 284
279 300
279 305
279 399
279 417
280 284
280 301
280 306
281 282
281 283
281 302
281 426
281 427
282 283
284 285
284 286
284 287
284 288
284 289
284 294
284 296
284 415
284 416
284 417
285 286
285 287
285 288
285 289
285 295
285 297
285 371
286 287
286 288
286 289
287 288
287 289
288 289
290 291
290 292
290 293
290 415
290 460
291 292
291 293
292 293
292 307
294 295
294 296
294 297
294 298
294 299
294 300
294 431
294 463
294 484
294 672
294 722
295 296
295 297
295 298
295 299
295 300
295 301
295 310
295 453
295 457
295 464
295 484
295 672
295 673
296 297
296 298
296 299
296 300
296 631
296 672
297 298
297 299
297 300
297 301
297 330
297 432
297 453
297 516
297 539
297 632
297 672
297 673
298 299
300 301
300 302
300 303
300 304
300 474
300 484
300 672
300 707
300 908
300 912
300 918
301 302
301 303
301 304
301 413
301 426
301 485
301 672
301 673
302 303
302 304
302 453
302 457
302 461
302 485
302 506
302 519
302 526
302 672
302 673
302 715
303 304
303 456
303 460
303 484
303 518
303 672
305 306
305 307
305 308
305 309
305 310
305 348
305 442
305 443
305 484
305 488
305 526
305 527
306 307
306 308
306 309
306 311
306 349
306 439
306 485
306 489
306 521
306 527
306 894
306 895
307 308
307 309
307 311
307 349
307 485
307 489
307 521
308 309
308 311
308 349
308 489
308 521
308 678
308 739
310 311
310 312
310 313
310 314
310 315
310 316
310 317
310 329
310 370
310 620
310 621
311 312
311 313
311 314
311 315
311 316
311 317
311 439
311 621
312 313
312 314
312 315
312 316
312 317
312 438
312 690
313 314
313 315
313 316
313 317
313 691
314 315
314 316
314 317
315 316
315 317
316 317
318 319
318 320
318 321
318 322
318 326
318 329
318 334
318 370
318 374
318 390
318 428
318 431
318 432
318 718
318 777
318 810
318 882
319 320
319 321
319 323
319 327
319 330
319 335
319 341
319 367
319 432
319 810
319 883
320 321
322 323
322 324
322 325
322 326
322 327
322 329
322 330
322 370
322 390
322 415
322 428
322 431
323 324
323 325
323 327
323 330
324 325
326 327
326 328
326 329
326 330
326 334
326 345
326 374
326 390
326 412
327 328
327 329
327 330
327 391
327 400
329 330
329 331
329 332
329 333
329 334
329 340
329 390
329 412
329 428
329 431
329 639
330 331
330 332
330 333
330 335
331 332
331 333
332 333
334 335
334 336
334 337
334 338
334 339
334 340
334 342
334 366
334 370
334 374
334 415
334 428
334 431
335 336
335 337
335 338
335 339
335 340
335 341
335 343
335 371
335 391
335 413
335 428
335 429
335 432
335 435
335 439
335 667
335 794
336 337
336 338
336 339
336 340
336 342
336 390
336 428
336 431
336 434
336 438
336 658
337 338
337 339
337 340
337 341
337 343
337 429
337 431
337 435
337 439
338 339
340 341
340 342
340 343
340 344
340 370
340 374
340 412
340 428
340 431
341 342
341 343
341 344
341 371
341 375
341 391
341 413
341 429
341 432
342 343
342 344
342 374
342 415
342 428
342 432
343 344
345 346
345 347
346 347
348 349
348 350
348 374
348 375
348 390
348 391
348 550
348 551
349 350
350 378
351 352
351 353
351 354
351 355
351 419
352 353
352 354
352 355
352 419
353 354
353 355
354 355
354 375
356 357
356 358
357 358
357 419
359 360
359 361
359 362
359 363
359 364
359 365
359 366
359 367
359 368
359 369
360 361
360 362
360 363
360 364
360 365
360 366
360 367
360 368
360 369
360 375
360 416
361 362
361 363
361 364
361 365
361 366
361 367
361 368
361 369
361 370
361 374
361 378
361 390
362 363
362 364
362 365
362 366
362 367
362 368
362 369
362 371
362 375
362 379
362 391
363 364
363 365
363 366
363 367
363 368
363 369
364 365
364 366
364 367
364 368
364 369
365 366
365 367
365 368
365 369
366 367
366 368
366 369
366 370
366 390
367 368
367 369
367 375
368 369
370 371
370 372
370 373
370 374
370 378
370 390
370 399
370 428
370 431
370 442
371 372
371 373
371 375
371 379
371 384
371 390
371 391
371 400
372 373
374 375
374 376
374 377
374 378
374 379
374 390
374 391
374 431
374 550
374 551
375 376
375 377
375 379
375 390
375 391
375 400
375 416
376 377
378 379
378 380
378 381
378 382
378 390
378 403
378 431
379 380
379 381
379 382
379 390
379 391
379 400
379 413
380 381
380 382
381 382
383 384
383 385
384 385
384 400
386 387
386 388
386 389
386 399
387 388
387 389
387 400
388 389
389 413
390 391
390 392
390 399
390 400
390 412
390 882
390 894
391 392
391 400
391 423
391 429
391 895
393 394
393 395
393 396
393 397
393 398
393 399
393 400
394 395
394 396
394 397
394 398
394 856
395 396
395 397
395 398
396 397
396 398
397 398
399 400
399 401
399 402
399 403
399 407
399 409
399 412
399 415
399 419
399 427
399 431
399 565
400 401
400 402
400 404
400 407
400 415
400 416
400 417
400 426
400 427
401 402
401 417
403 404
403 405
403 406
403 407
403 408
403 412
403 413
403 428
404 405
404 406
404 407
404 408
404 413
404 415
404 416
404 417
405 406
405 407
405 408
406 407
406 408
407 408
407 412
407 417
407 419
407 428
407 538
408 520
408 539
409 410
409 411
409 412
409 877
410 411
410 413
412 413
412 414
412 415
412 422
412 428
412 431
412 623
412 704
412 707
412 876
412 892
413 414
413 415
413 416
413 624
413 626
413 639
413 876
414 415
415 416
415 417
415 418
415 419
415 422
415 425
415 427
415 428
415 625
416 417
416 418
416 419
416 423
416 427
417 418
417 423
417 426
417 427
417 654
419 420
419 421
419 423
419 427
419 429
422 423
422 424
422 425
422 426
422 427
423 424
423 425
423 426
423 427
424 425
424 426
424 427
425 426
425 427
426 427
426 429
427 428
427 429
428 429
428 430
428 431
429 430
429 432
431 432
431 433
431 434
431 810
432 433
434 435
434 436
434 437
435 436
435 437
436 437
438 439
438 440
438 441
438 442
438 505
438 777
438 778
439 440
439 441
439 443
439 450
439 506
439 778
440 441
442 443
442 444
442 449
443 444
443 450
443 773
443 888
443 930
445 446
445 447
445 448
445 449
445 450
446 447
446 448
447 448
449 450
449 451
450 451
450 853
450 874
452 453
452 454
452 455
452 456
452 460
452 461
452 465
452 469
452 474
452 478
452 484
452 505
452 506
452 507
452 518
452 525
452 612
452 623
452 695
452 704
452 707
452 723
453 454
453 455
453 457
453 460
453 461
453 465
453 466
453 470
453 475
453 483
453 489
453 505
453 506
453 507
453 526
453 527
453 579
453 604
453 613
453 621
453 696
453 707
453 856
454 455
454 457
454 461
454 466
454 469
454 470
454 478
454 485
454 489
454 505
454 555
455 460
455 496
455 505
455 620
455 623
455 697
455 707
456 457
456 458
456 459
456 460
456 474
456 482
456 484
456 505
456 518
456 525
456 569
457 458
457 459
457 461
457 464
457 470
457 475
457 482
457 483
457 485
457 489
457 506
457 518
457 519
457 521
457 715
457 909
458 459
460 461
460 462
460 474
460 475
460 484
460 488
460 505
460 506
460 507
460 510
460 518
460 525
460 695
460 696
460 698
461 462
461 475
461 479
461 485
461 489
461 505
461 506
461 507
461 519
461 520
461 521
461 526
461 527
461 698
463 464
463 465
463 466
463 467
463 468
464 465
464 466
464 467
464 468
465 466
465 467
465 468
466 467
466 468
466 475
467 468
469 470
469 471
469 472
469 473
469 484
469 485
469 538
469 695
469 696
470 471
470 472
470 473
470 485
470 539
470 698
471 472
471 473
471 599
472 473
474 475
474 476
474 477
474 484
474 488
474 518
474 521
474 522
474 525
474 526
474 695
475 476
475 477
475 479
475 485
475 489
475 506
475 519
475 521
475 525
475 526
475 652
475 698
475 893
476 477
478 479
478 480
478 481
478 482
478 483
478 518
478 750
478 861
478 862
479 480
479 481
479 482
479 483
479 519
479 751
480 481
480 482
480 483
481 482
481 483
482 483
484 485
484 486
484 487
484 488
484 505
484 518
484 525
484 686
484 695
484 707
484 892
484 894
484 895
485 486
485 487
485 489
485 506
485 519
485 520
485 521
485 522
485 526
485 527
485 604
485 686
485 687
485 696
485 698
485 715
485 893
486 487
488 489
488 490
488 491
488 518
488 892
488 894
489 490
489 491
489 492
489 506
489 519
489 521
489 522
489 526
489 527
489 578
489 621
489 893
490 491
492 493
494 495
494 496
495 496
497 498
497 499
497 500
497 501
498 499
498 500
498 501
498 596
499 500
499 501
500 501
500 598
502 503
502 504
502 603
502 605
502 696
503 504
503 521
503 604
503 606
505 506
505 507
505 518
505 525
505 686
505 695
505 892
506 507
506 519
506 520
506 521
506 522
506 526
506 527
507 521
507 522
507 526
507 527
508 509
508 510
509 510
511 512
511 513
511 514
511 518
511 519
512 513
512 514
512 521
512 526
513 514
515 516
515 517
515 538
515 704
515 705
516 517
516 538
516 539
518 519
518 525
518 555
518 892
518 894
519 520
519 521
519 522
519 526
519 527
519 893
519 895
520 521
520 522
520 523
520 524
520 525
521 522
521 523
521 524
521 525
521 526
521 527
522 523
522 524
522 525
522 526
523 524
525 526
525 527
525 528
525 529
526 527
526 528
526 529
527 528
527 529
528 529
530 531
530 532
530 533
530 534
530 535
530 536
530 537
531 532
531 533
531 534
531 535
531 536
531 537
532 533
532 534
532 535
532 536
532 537
533 534
533 535
533 536
533 537
534 535
534 536
534 537
535 536
535 537
536 537
536 778
538 539
538 540
538 541
538 542
538 543
538 554
538 565
538 574
538 589
538 635
538 636
538 638
538 639
538 695
538 704
538 844
538 895
539 540
539 541
539 542
539 543
539 565
539 575
539 600
539 635
539 638
539 639
539 663
539 664
539 696
539 863
539 893
540 541
540 542
540 543
540 598
541 542
541 543
542 543
544 545
544 578
544 579
544 588
544 590
544 596
546 547
546 548
546 549
546 550
546 551
546 566
546 587
546 589
547 548
547 549
547 588
547 590
548 549
550 551
550 552
550 553
550 554
550 560
550 574
550 578
550 587
550 592
550 704
551 552
551 553
551 555
551 561
551 566
551 575
551 579
551 588
551 593
551 863
552 553
554 555
554 556
554 557
554 558
554 559
554 560
554 565
554 566
554 572
554 574
554 578
554 587
554 588
554 589
554 590
554 592
554 593
554 620
554 658
554 664
555 556
555 557
555 558
555 559
555 560
555 561
555 565
555 566
555 573
555 579
555 588
555 590
555 592
555 593
555 598
555 600
555 620
555 863
556 557
556 558
556 559
557 558
557 559
558 559
560 561
560 562
560 563
560 564
560 565
560 566
560 572
560 587
560 589
561 562
561 563
561 564
561 566
561 572
561 573
561 588
561 590
561 592
561 593
562 563
562 564
563 564
565 566
565 567
565 568
565 572
565 574
565 578
565 583
565 587
565 589
565 592
565 599
565 603
566 567
566 568
566 573
566 579
566 582
566 586
566 588
566 590
566 593
566 600
566 769
566 855
566 863
567 568
569 570
569 571
569 572
569 573
569 587
569 589
569 695
570 571
570 573
570 588
570 590
572 573
572 574
572 578
572 581
572 582
572 592
573 574
573 575
573 579
573 581
573 582
573 593
574 575
574 576
574 577
574 578
575 576
575 577
575 579
575 600
575 863
576 577
578 579
578 580
578 582
578 586
578 587
578 589
578 592
578 599
578 620
578 652
579 580
579 582
579 586
579 588
579 590
579 593
579 600
579 686
579 863
581 582
581 596
581 598
582 596
582 599
583 584
583 585
583 586
584 585
584 586
585 586
586 587
586 589
586 590
586 592
586 593
587 588
587 589
587 590
587 591
587 592
587 593
588 589
588 590
588 591
588 592
588 593
588 600
588 620
588 776
589 590
589 591
589 592
589 603
590 591
590 592
590 604
592 593
592 594
592 595
592 598
592 663
592 664
592 769
593 594
593 595
593 598
593 600
593 657
594 595
596 597
596 598
596 599
596 600
596 603
596 659
597 598
598 599
598 603
598 611
598 659
599 600
599 601
599 602
599 640
599 653
599 656
599 666
599 686
600 601
600 602
600 603
600 606
600 667
600 681
600 754
600 774
601 602
603 604
603 605
603 606
603 607
603 608
603 609
603 610
603 611
603 612
603 620
603 623
603 657
603 666
603 695
603 696
604 605
604 606
604 607
604 608
604 609
604 610
604 611
604 612
604 613
604 621
604 624
604 695
604 696
604 856
605 606
605 607
605 608
605 609
605 610
605 611
605 612
605 620
605 623
606 607
606 608
606 609
606 610
606 611
606 612
606 613
606 620
606 621
606 624
607 608
607 609
607 610
607 611
608 609
608 610
608 611
609 610
609 611
610 611
612 613
612 614
612 615
612 616
612 617
612 618
612 619
612 695
612 696
613 614
613 615
613 616
613 617
613 618
613 619
613 696
613 856
614 615
614 616
614 617
614 618
614 619
615 616
615 617
615 618
615 619
616 617
616 618
616 619
617 618
617 619
618 619
620 621
620 622
620 623
620 635
620 636
620 663
620 664
620 676
620 677
620 774
620 844
620 892
620 894
621 622
621 623
621 624
621 652
621 844
621 893
621 894
623 624
623 636
623 676
624 677
625 626
625 627
625 628
625 876
626 627
626 628
626 876
626 877
627 628
629 630
629 714
629 715
631 632
631 633
631 634
632 633
632 634
632 636
633 634
635 636
635 639
635 657
635 663
635 664
635 666
635 667
635 671
635 673
635 686
635 695
636 638
636 667
636 673
637 638
637 639
637 640
637 641
637 663
637 664
637 671
638 639
638 640
638 641
639 640
639 641
640 641
641 778
642 643
642 644
642 645
642 646
642 861
643 644
643 645
643 646
644 645
644 646
645 646
646 652
646 663
646 664
646 666
647 652
647 657
648 649
648 650
648 651
649 650
649 651
650 651
650 671
652 653
652 654
652 655
652 656
652 657
652 658
652 659
652 664
652 671
653 654
653 655
653 656
653 657
654 655
654 656
654 657
654 706
654 715
655 656
655 657
656 657
657 658
657 659
657 664
657 667
658 659
658 660
658 661
658 662
658 663
658 666
658 706
658 707
659 660
659 661
659 662
659 666
659 667
659 671
660 661
660 662
661 662
663 664
663 665
663 666
663 897
664 665
664 666
664 696
666 667
666 668
666 669
666 670
666 671
666 672
666 707
666 897
667 668
667 669
667 670
667 671
667 672
667 673
667 794
667 898
668 669
668 670
668 671
669 670
669 671
670 671
671 673
671 690
672 673
672 674
672 675
673 674
673 675
674 675
676 677
676 678
676 679
676 680
676 681
676 690
676 693
676 695
676 714
676 777
676 778
677 678
677 679
677 680
677 681
677 682
677 691
677 693
677 694
677 702
677 715
677 777
677 778
678 679
678 680
678 682
678 696
679 680
681 682
681 683
681 684
681 685
681 686
681 687
681 688
681 689
681 695
682 683
682 684
682 685
682 686
682 687
682 688
682 689
683 684
683 685
683 686
683 687
683 688
683 689
684 685
684 686
684 687
684 688
684 689
684 715
685 686
685 687
685 688
685 689
686 687
686 688
686 689
687 688
687 689
688 689
690 691
690 692
690 693
690 694
690 710
690 888
690 892
691 692
691 693
691 694
691 710
691 711
691 715
691 888
691 889
691 893
691 894
692 693
692 694
693 694
695 696
695 697
695 698
695 699
695 700
695 704
695 707
695 723
696 697
696 698
696 699
696 700
696 704
696 705
696 706
696 715
697 698
697 699
697 700
698 699
698 700
698 705
698 706
699 700
701 702
701 703
701 707
701 871
701 872
701 875
702 703
704 705
704 706
704 707
704 708
704 709
704 710
704 779
705 706
705 707
705 708
705 709
705 711
705 780
706 707
706 708
706 709
706 711
706 715
706 729
706 774
706 819
707 708
707 709
708 709
710 711
710 712
710 713
710 714
710 876
711 712
711 713
711 877
712 713
714 715
714 716
714 717
714 733
714 777
714 778
715 716
715 717
715 774
715 778
715 934
716 717
718 719
718 720
718 721
718 722
718 723
718 724
718 730
718 750
718 757
718 769
718 813
718 862
719 720
719 721
719 722
719 723
719 724
719 729
719 730
719 731
719 750
719 751
719 758
719 769
719 770
719 773
719 813
719 814
720 721
720 722
721 722
723 724
723 725
723 726
723 727
723 729
723 730
723 733
723 750
723 757
723 758
723 769
723 773
723 774
723 793
723 861
723 862
724 725
724 726
724 727
724 729
724 730
724 731
724 734
724 751
724 758
724 769
724 770
724 774
724 778
724 794
724 862
724 863
725 726
725 727
726 727
728 729
728 730
728 731
728 732
729 730
729 731
729 732
729 733
729 751
729 758
729 769
730 731
730 732
730 733
730 757
730 758
730 769
730 773
730 782
730 783
730 815
730 846
731 732
731 733
731 734
731 758
731 770
731 774
731 778
731 783
732 813
732 814
732 815
732 816
733 734
733 735
733 736
733 737
733 862
734 735
734 736
734 737
735 736
735 737
736 737
738 739
738 740
738 741
738 742
738 743
738 744
739 740
739 741
739 742
739 743
739 744
740 741
740 742
740 743
740 744
741 742
741 743
741 744
742 743
742 744
743 744
745 746
745 747
745 748
745 749
745 750
746 747
746 748
746 749
746 751
747 748
747 749
748 749
750 751
750 752
750 753
750 757
750 763
750 769
750 773
750 777
750 782
750 785
750 786
750 788
750 789
750 799
750 816
751 752
751 753
751 764
751 769
751 770
751 778
751 783
751 786
751 789
751 792
751 794
751 816
753 754
753 755
753 756
754 755
754 756
755 756
757 758
757 759
757 760
757 761
757 762
757 769
757 773
757 774
757 777
757 782
757 785
757 788
757 794
757 799
757 808
757 815
757 832
757 844
757 848
757 849
757 850
757 855
757 860
757 861
757 862
757 863
757 866
757 871
757 875
758 759
758 760
758 761
758 762
758 767
758 770
758 778
758 783
758 788
758 793
758 794
758 834
758 862
758 863
759 760
759 761
759 762
760 761
760 762
761 762
763 764
763 765
763 769
763 770
763 773
763 774
764 765
764 774
766 767
766 768
766 769
766 770
766 773
766 774
767 768
767 770
767 774
769 770
769 771
769 772
769 773
769 774
770 771
770 772
770 773
770 774
770 814
770 875
771 772
773 774
773 793
773 808
773 834
774 794
775 776
777 778
777 779
777 808
777 815
777 844
777 875
777 879
778 780
778 799
778 809
778 845
778 875
778 880
779 780
779 781
779 782
779 783
779 785
779 786
779 788
779 789
779 792
779 793
780 781
780 783
780 785
780 786
780 789
780 792
780 793
780 794
782 783
782 784
782 785
782 786
782 788
782 789
782 792
782 793
782 799
782 800
783 784
783 785
783 786
783 788
783 789
783 792
783 793
783 794
783 809
783 814
785 786
785 787
785 788
785 789
785 793
785 794
785 795
785 799
785 808
785 815
785 871
786 787
786 788
786 789
786 794
786 795
786 796
786 800
788 789
788 790
788 791
788 792
788 793
788 795
788 799
788 800
788 808
788 809
789 790
789 791
789 792
789 793
789 794
789 800
789 809
789 814
790 791
792 794
792 796
793 794
793 795
793 799
793 816
793 832
793 875
794 795
794 796
794 814
794 816
795 796
795 797
795 798
795 799
795 800
796 797
796 798
796 799
796 800
797 798
799 800
799 808
799 813
799 815
799 816
799 831
799 871
800 809
800 815
800 816
800 832
800 834
800 845
801 802
801 803
801 808
801 809
802 803
802 808
802 809
804 805
804 806
804 807
804 809
805 806
805 807
806 807
808 809
808 815
808 816
808 831
808 850
808 872
809 815
809 816
809 845
810 811
810 812
811 812
813 814
813 815
813 816
813 817
813 831
813 832
813 845
813 848
814 815
814 816
814 817
814 831
814 832
814 846
815 816
815 817
815 831
815 832
815 833
815 844
815 848
815 871
816 817
816 831
816 832
816 833
816 845
816 849
816 872
818 819
818 820
818 821
818 822
818 823
818 824
818 831
818 832
819 820
819 821
819 822
819 823
819 824
819 832
820 821
820 822
820 823
820 824
821 822
821 823
821 824
822 823
822 824
823 824
825 826
825 827
825 828
825 829
825 830
825 862
826 827
826 828
826 829
826 830
827 828
827 829
827 830
828 829
828 830
829 830
831 832
831 833
831 844
831 851
831 861
831 871
832 833
832 834
833 834
833 835
833 836
833 842
833 843
833 845
833 846
833 848
833 849
833 851
834 835
834 836
834 842
834 843
834 846
834 849
834 856
835 836
837 838
837 839
837 840
837 841
837 842
837 843
838 839
838 840
838 841
838 842
838 843
839 840
839 841
839 842
839 843
840 841
840 842
840 843
841 842
841 843
842 843
842 856
843 856
844 845
844 846
844 847
844 850
845 846
845 847
845 848
845 849
845 850
845 851
845 855
845 861
846 847
846 848
846 855
846 861
846 862
846 866
846 871
846 876
848 849
848 850
848 856
848 861
848 871
849 850
849 851
849 855
849 856
849 861
849 866
850 851
850 852
850 853
850 854
850 855
850 856
850 859
850 860
851 852
851 853
851 854
851 855
851 856
851 860
851 863
852 853
852 854
853 854
855 856
855 857
855 858
855 861
855 866
855 871
856 857
856 858
856 859
856 860
856 871
857 858
859 860
859 861
859 866
859 872
859 876
859 892
860 861
860 866
860 867
861 862
861 863
861 864
861 865
861 866
861 871
861 872
861 875
862 863
862 864
862 865
862 867
862 868
862 871
862 872
862 875
863 864
863 865
863 867
863 868
863 872
864 865
866 867
866 868
866 869
866 870
866 871
866 872
866 875
866 876
867 868
867 869
867 870
867 871
867 872
867 875
867 877
868 869
868 870
868 871
868 872
868 877
868 893
869 870
871 872
871 873
871 874
871 875
871 876
871 877
872 873
872 874
872 875
872 876
872 877
872 893
873 874
873 875
874 875
876 877
876 878
876 892
876 894
876 895
877 878
877 880
877 893
877 894
877 895
879 880
879 881
880 881
882 883
882 884
882 885
882 892
882 893
882 894
882 895
883 884
883 885
883 893
883 894
883 895
884 885
886 887
886 888
886 889
886 890
886 891
886 892
886 893
886 894
886 895
887 888
887 889
887 890
887 891
887 893
887 894
887 895
888 889
888 890
888 891
889 890
889 891
890 891
892 893
892 894
892 895
892 896
893 894
893 895
893 896
894 895
894 896
895 896
897 898
897 899
897 900
897 901
898 899
898 900
898 901
899 900
899 901
900 901
902 903
902 904
902 905
902 906
902 907
903 904
903 905
903 906
903 907
904 905
904 906
904 907
905 906
905 907
906 907
908 909
908 910
908 911
909 910
909 911
910 911
912 913
912 914
912 915
912 916
912 917
913 914
913 915
913 916
913 917
914 915
914 916
914 917
915 916
915 917
916 917
918 919
918 920
918 921
919 920
919 921
920 921
922 923
922 924
922 925
923 924
923 925
924 925
926 927
926 928
926 929
927 928
927 929
928 929
930 931
930 932
930 933
931 932
931 933
932 933
934 935
934 936
935 936
