0 1
0 2
0 3
0 7
0 10
0 17
0 43
0 332
0 378
0 379
0 381
0 385
0 525
0 814
1 2
1 4
1 8
1 10
1 44
1 333
1 379
1 381
1 814
1 815
2 9
2 335
3 4
3 5
3 6
3 31
3 379
3 381
3 385
3 752
4 5
4 6
4 81
4 148
4 401
4 742
5 6
5 335
5 380
7 8
7 9
7 10
7 11
7 12
7 13
7 37
7 131
7 240
7 303
7 315
7 324
7 328
7 332
7 335
7 354
7 378
7 379
7 380
7 381
7 385
7 599
7 615
7 752
7 794
8 9
8 10
8 11
8 12
8 13
8 237
8 304
8 311
8 324
8 328
8 381
8 814
9 10
9 11
9 12
9 13
9 37
9 120
9 247
9 324
9 328
9 332
9 344
9 424
9 530
9 680
9 697
9 814
10 11
10 12
10 13
10 238
10 319
10 324
10 325
10 329
10 333
10 345
10 685
10 814
10 815
11 12
11 13
12 13
14 15
14 16
14 318
14 616
14 788
14 789
14 794
15 16
15 30
15 303
15 313
15 324
15 619
15 794
17 18
17 19
17 24
17 25
17 27
17 28
17 38
17 548
17 617
18 38
18 419
18 424
18 430
18 431
18 675
18 696
18 807
19 20
19 21
19 22
19 23
19 344
19 600
20 21
20 22
20 23
20 344
20 600
20 605
20 651
21 22
21 23
21 344
21 762
22 23
24 25
24 26
24 27
24 28
24 29
24 30
24 31
24 32
24 33
24 34
24 35
24 36
24 278
24 749
25 26
25 27
25 28
25 29
25 30
25 31
25 32
25 33
25 34
25 35
25 36
25 749
26 27
26 28
26 29
26 30
26 31
26 32
26 33
26 34
26 35
26 36
27 28
27 29
27 30
27 31
27 32
27 33
27 34
27 35
27 36
27 38
27 74
27 183
27 265
27 315
27 448
27 535
27 573
27 611
27 737
27 748
27 749
27 755
27 774
28 29
28 30
28 31
28 32
28 33
28 34
28 35
28 36
28 38
28 748
28 749
29 30
29 31
29 32
29 33
29 34
29 35
29 36
30 31
30 32
30 33
30 34
30 35
30 36
31 32
31 33
31 34
31 35
31 36
31 104
31 237
31 265
31 278
31 448
31 475
31 488
31 574
31 586
31 611
32 33
32 34
32 35
32 36
32 42
32 105
32 265
32 266
32 392
32 400
32 439
32 536
32 611
33 34
33 35
33 36
34 35
34 36
35 36
35 268
36 183
36 219
36 265
36 294
36 388
36 400
36 611
36 696
36 782
37 38
37 39
37 40
37 44
37 328
37 573
38 39
38 40
38 282
38 329
38 420
38 476
38 742
38 749
39 40
41 42
41 43
41 44
41 45
41 151
41 414
41 453
42 43
42 44
42 45
42 148
42 151
42 414
42 453
43 44
43 45
43 74
43 86
43 118
43 155
43 156
43 237
43 243
43 244
43 252
43 253
43 254
43 255
43 379
43 385
43 400
43 414
43 453
43 674
43 697
43 741
43 770
44 45
44 148
44 379
44 381
44 385
44 414
44 453
44 568
44 741
44 742
46 47
46 48
46 49
46 50
46 51
46 57
46 361
46 428
46 475
46 597
46 598
46 655
46 695
46 697
46 789
47 48
47 49
47 50
47 51
47 54
47 58
47 61
47 73
47 278
47 279
47 695
47 734
47 749
47 789
47 802
48 49
48 50
49 50
51 52
51 53
51 54
51 55
51 56
51 57
51 58
51 72
51 73
51 95
51 319
51 351
51 354
51 365
51 448
51 741
51 765
51 766
51 767
51 774
51 775
52 53
52 54
52 55
52 56
52 57
52 58
52 59
52 70
52 72
52 73
52 74
52 128
52 197
52 198
52 354
52 365
52 366
52 507
52 508
52 765
52 766
52 767
53 54
53 55
53 56
53 72
53 73
53 74
54 55
54 56
54 72
54 73
54 74
55 56
57 58
57 59
57 60
57 70
57 74
57 75
57 128
57 190
57 369
57 462
57 525
57 655
57 727
57 748
57 788
57 794
58 59
58 60
58 70
58 75
58 89
58 190
58 191
58 696
59 60
59 696
59 727
61 61
61 105
61 125
61 128
61 129
61 144
61 243
61 316
61 508
61 510
61 530
61 531
61 656
61 696
61 770
61 820
62 63
62 64
62 65
62 66
62 85
62 86
62 119
62 120
62 726
62 741
63 64
63 65
63 66
63 86
63 89
63 726
63 756
64 65
64 66
64 650
64 727
65 66
65 727
65 728
67 68
67 69
67 141
67 142
68 69
68 141
68 142
70 71
70 72
70 73
70 80
70 86
70 181
70 190
71 765
72 73
72 74
72 354
72 765
73 74
73 181
73 765
73 766
74 144
74 209
74 318
74 354
74 524
74 586
74 742
74 765
75 76
75 77
75 78
75 79
75 80
75 180
75 727
76 77
76 78
76 79
76 80
76 85
76 86
76 89
77 78
77 79
77 80
78 79
78 80
79 80
81 82
81 83
81 84
81 85
81 97
81 302
82 83
82 84
82 85
82 86
82 89
82 528
82 675
83 84
85 86
85 87
85 88
85 89
85 90
85 91
85 92
85 94
85 95
85 97
85 248
85 530
85 761
85 762
85 814
86 87
86 88
86 89
86 90
86 91
86 92
86 93
86 94
86 96
86 97
86 98
86 249
86 434
86 531
86 760
86 814
87 88
87 89
87 90
87 91
88 89
88 90
88 91
89 90
89 91
89 531
90 91
92 93
92 94
92 151
92 152
92 476
92 616
93 94
93 529
95 96
95 97
95 98
95 99
95 151
95 152
95 528
96 97
96 98
96 99
96 434
96 529
97 98
97 99
97 548
97 549
98 99
98 549
99 220
99 761
100 101
100 102
100 103
101 102
101 103
102 103
103 749
104 105
104 106
104 107
104 238
104 244
104 484
104 581
105 106
105 107
105 582
106 107
108 109
108 110
108 111
108 112
108 118
108 119
108 120
108 420
109 110
109 111
109 112
110 111
110 112
110 118
110 748
111 112
113 114
113 115
113 116
113 117
113 118
114 115
114 116
114 117
114 749
115 116
115 117
115 118
116 117
118 119
118 120
118 121
118 122
118 123
118 124
118 141
118 177
118 190
118 191
118 231
118 243
118 244
118 252
118 253
118 254
118 255
118 354
118 378
118 379
118 380
118 395
118 419
118 507
118 535
118 575
118 795
119 120
119 121
119 122
119 123
119 190
119 226
119 248
119 252
119 520
120 121
120 122
120 123
120 190
120 226
120 248
120 252
120 419
120 439
120 503
120 695
120 827
121 122
121 123
122 123
124 125
124 126
124 127
124 599
125 126
125 127
126 127
128 129
128 130
128 141
128 243
128 507
128 508
128 510
128 530
128 531
129 130
129 142
129 531
131 132
131 133
131 134
131 135
131 136
131 137
131 138
131 139
131 140
131 160
131 161
131 162
131 163
131 207
131 214
131 294
131 317
131 726
131 727
131 741
131 742
132 133
132 134
132 135
132 136
132 137
132 138
132 139
132 140
132 160
132 161
132 162
132 209
132 215
132 726
132 741
132 742
133 134
133 135
133 136
133 137
133 138
133 139
133 140
133 141
133 142
133 148
133 160
133 161
133 162
133 163
133 207
133 214
133 294
133 728
133 741
134 135
134 136
134 137
134 138
134 139
134 140
134 160
134 161
134 162
134 163
134 209
134 215
134 728
134 741
134 742
135 136
135 137
135 138
135 139
135 140
136 137
136 138
136 139
136 140
136 160
136 161
136 162
136 207
136 214
136 270
136 516
136 616
137 138
137 139
137 140
137 160
137 161
137 162
137 163
137 209
137 214
137 249
137 536
137 617
137 728
138 139
138 140
139 140
141 142
141 143
141 147
141 148
141 168
141 190
141 191
141 384
141 540
141 541
141 719
141 733
141 743
141 788
142 143
142 147
142 148
142 168
142 191
142 508
142 540
142 541
142 720
142 733
142 743
142 788
144 145
144 146
144 148
144 183
144 184
144 316
144 449
144 774
145 146
147 148
147 149
147 150
147 151
147 152
147 243
147 319
147 320
147 350
147 439
147 503
147 504
148 149
148 150
148 152
148 163
148 215
148 227
148 319
148 350
148 748
149 150
151 152
151 153
151 154
151 155
151 156
151 276
152 153
152 154
152 155
152 156
153 154
155 156
155 157
155 158
155 159
155 380
155 433
155 475
155 581
156 157
156 158
156 159
156 582
157 158
157 159
158 159
160 161
160 162
160 163
160 164
160 165
160 166
160 167
160 648
160 726
160 742
161 162
161 163
161 164
161 165
161 166
161 167
161 726
161 742
162 163
162 164
162 165
162 166
162 167
162 726
162 727
162 748
163 164
163 165
163 166
163 167
163 472
163 726
164 165
164 166
164 167
165 166
165 167
166 167
168 169
168 170
168 752
169 170
171 172
171 173
171 174
171 267
171 268
171 269
172 173
172 174
172 269
172 472
173 174
175 176
175 177
175 178
175 179
175 181
175 316
175 775
176 177
176 178
176 179
176 293
176 294
176 762
177 178
177 179
177 344
177 419
177 475
177 616
177 727
177 751
178 179
178 288
178 298
180 181
180 182
180 190
180 292
180 315
180 317
180 384
180 599
180 655
180 847
181 182
181 183
181 184
181 191
181 354
181 472
181 500
181 577
181 601
181 828
181 847
181 848
183 184
183 185
183 186
183 187
183 188
183 189
183 315
183 316
183 317
183 599
183 655
184 185
184 186
184 187
184 188
184 189
185 186
185 187
185 188
185 189
185 224
185 461
186 187
186 188
186 189
187 188
187 189
188 189
189 437
190 191
190 192
190 193
190 194
190 195
190 196
190 503
190 504
190 548
190 695
190 696
191 192
191 193
191 194
191 195
191 196
191 293
191 549
191 600
191 696
192 193
192 194
192 195
192 196
193 194
193 195
193 196
194 195
194 196
195 196
197 198
197 199
197 200
197 201
197 202
197 203
197 218
197 219
197 220
197 221
197 224
197 254
197 507
197 528
197 575
198 199
198 200
198 201
198 224
198 466
198 528
199 200
199 201
200 201
200 224
202 203
202 204
202 205
202 206
202 207
202 209
202 218
202 219
202 220
202 221
202 224
202 244
202 504
203 204
203 205
203 206
203 207
203 208
203 209
203 218
203 220
203 224
203 365
203 373
203 376
203 499
203 506
203 820
204 205
204 206
204 209
205 206
207 207
207 208
207 209
207 210
207 211
207 212
207 213
207 214
207 218
207 221
207 548
207 719
208 209
208 210
208 211
208 212
208 213
208 215
208 218
209 210
209 211
209 212
209 213
209 214
209 215
209 217
209 218
209 219
209 221
209 224
209 225
209 420
209 504
209 568
210 211
210 212
210 213
211 212
211 213
212 213
212 656
214 215
214 216
214 217
214 219
214 220
214 221
214 238
214 774
214 782
215 216
215 217
215 224
215 420
215 748
215 749
215 782
216 217
218 219
218 220
218 221
218 222
218 223
218 224
218 225
218 278
218 345
218 349
218 507
218 512
218 530
218 535
218 695
218 698
218 831
219 220
219 221
219 222
219 223
219 224
219 225
219 294
219 302
219 303
219 344
219 349
219 530
219 531
220 221
220 222
220 223
220 224
220 225
220 302
220 303
220 344
220 349
220 435
220 581
220 740
221 222
221 223
221 224
221 225
221 226
221 292
221 294
221 302
221 303
221 344
221 349
221 582
222 223
222 224
222 225
223 224
223 225
224 225
224 297
224 298
224 303
224 305
224 507
224 508
224 510
225 385
225 510
226 227
226 228
226 229
226 230
226 231
226 232
226 233
226 237
226 238
226 252
226 573
226 575
227 228
227 229
227 230
227 231
227 232
227 233
227 576
228 229
228 230
228 231
228 232
228 233
229 230
229 231
229 232
229 233
230 231
230 232
230 233
230 238
231 232
231 233
231 576
231 581
231 582
232 233
233 244
233 252
233 253
234 235
234 236
234 238
234 575
234 581
235 236
235 582
237 238
237 239
237 243
237 310
237 311
237 315
237 316
237 395
237 480
237 484
237 485
237 535
237 774
238 239
238 291
238 310
238 311
238 329
238 440
238 484
238 485
238 488
238 573
238 575
240 241
240 242
240 252
240 253
240 254
240 255
240 310
240 311
240 493
240 494
240 507
240 548
240 549
241 242
242 269
242 574
243 244
243 245
243 246
243 247
243 252
243 253
243 254
243 255
243 268
243 419
243 428
243 530
243 576
243 599
243 695
243 696
243 697
243 726
243 727
243 751
243 752
243 761
244 245
244 246
244 247
244 252
244 468
244 493
244 530
244 531
244 575
244 698
244 719
244 727
244 728
244 748
245 246
245 247
246 247
246 255
246 576
248 249
248 250
248 251
248 310
248 333
248 428
248 575
248 576
248 776
249 250
249 251
249 531
249 576
249 582
250 251
251 576
252 253
252 254
252 255
252 256
252 257
252 258
252 354
252 361
252 365
252 378
252 379
252 380
252 384
252 385
252 575
252 576
253 254
253 255
253 256
253 257
253 258
253 265
253 379
253 381
253 385
253 488
253 576
253 663
254 255
254 256
254 257
254 258
254 265
254 378
254 380
254 384
254 448
254 573
255 256
255 257
255 258
255 378
255 380
255 385
255 575
255 576
255 778
256 257
256 258
257 258
259 260
259 261
259 262
259 263
259 264
259 267
259 268
259 310
259 400
259 567
259 725
259 795
260 261
260 262
260 263
260 264
260 265
260 378
260 400
260 725
261 262
261 263
261 264
262 263
262 264
263 264
265 266
265 267
265 268
265 269
265 292
266 269
267 268
267 269
267 470
267 530
267 751
267 831
268 269
268 530
268 831
269 470
269 488
269 489
269 494
269 751
270 271
270 272
270 273
270 274
270 275
271 272
271 273
271 274
271 275
272 273
272 274
272 275
273 274
273 275
274 275
276 277
276 278
276 279
276 280
276 281
276 282
276 283
276 284
276 285
276 286
276 319
276 320
276 648
277 278
277 279
277 280
277 281
277 282
277 283
277 284
277 285
277 286
277 655
278 279
278 280
278 281
278 282
278 283
278 284
278 285
278 286
278 292
278 294
278 311
278 576
278 727
278 741
278 770
278 771
279 280
279 281
279 282
279 283
279 284
279 285
279 286
279 294
279 548
279 741
279 742
280 281
280 282
280 283
280 284
280 285
280 286
281 282
281 283
281 284
281 285
281 286
282 283
282 284
282 285
282 286
282 329
282 381
282 459
282 461
282 463
283 284
283 285
283 286
283 316
283 317
284 285
284 286
285 286
287 288
287 289
287 290
287 291
287 292
287 293
287 294
287 311
287 319
287 320
287 340
287 361
287 458
287 526
287 723
287 729
287 814
288 289
288 290
288 291
288 292
288 293
288 297
288 303
288 311
288 340
288 814
289 290
289 291
290 291
291 574
292 293
292 294
292 295
292 296
292 303
292 304
292 407
292 499
292 512
292 526
292 729
293 294
293 295
293 296
293 297
293 298
293 304
293 512
293 719
293 720
294 294
294 295
294 296
294 297
294 298
294 304
294 695
294 719
294 725
295 296
297 298
297 299
297 300
297 301
297 302
297 303
297 304
297 344
297 526
298 299
298 300
298 301
298 302
298 304
298 331
299 300
299 301
299 302
300 301
300 302
301 302
302 598
303 304
303 305
303 306
303 307
303 315
303 316
303 317
303 319
303 320
303 332
303 333
303 335
303 344
303 345
303 348
303 349
303 755
303 770
303 771
303 774
304 305
304 306
304 307
304 316
304 329
304 332
304 333
304 344
304 345
304 348
304 349
305 306
305 307
306 307
306 317
306 790
308 309
308 401
310 311
310 312
310 313
310 314
310 315
310 493
310 525
310 548
310 581
310 600
311 312
311 313
311 314
311 401
311 493
311 499
311 582
311 655
311 656
312 313
312 314
312 599
313 314
315 316
315 317
315 318
315 324
315 332
315 516
315 573
316 317
316 318
316 328
316 340
316 395
317 318
317 328
317 330
317 340
317 548
317 629
319 319
319 320
319 321
319 322
319 323
319 328
319 329
319 332
319 333
320 321
320 322
320 323
320 328
320 329
320 332
321 322
321 323
322 323
324 325
324 326
324 327
324 328
324 329
324 345
324 552
325 326
325 327
325 344
325 345
326 327
328 329
328 330
328 331
328 332
328 333
328 335
329 330
329 331
329 332
329 345
329 535
330 331
332 333
332 334
332 335
332 336
332 337
332 338
332 339
332 344
332 458
332 459
332 461
333 334
333 335
333 336
333 337
333 338
333 339
334 335
334 336
334 337
334 338
334 339
335 336
335 337
335 338
335 339
335 348
335 448
335 573
336 337
336 338
336 339
337 338
337 339
338 339
340 341
340 342
340 343
340 765
341 342
341 343
341 344
341 345
342 343
344 345
344 346
344 347
344 348
344 349
344 407
344 409
344 448
344 573
344 745
345 346
345 347
345 348
345 349
345 407
345 536
345 646
346 347
346 348
346 349
347 348
347 349
348 349
350 351
350 352
350 353
351 352
351 353
351 765
352 353
354 355
354 356
354 357
354 458
354 459
354 461
354 462
354 463
354 507
354 548
354 616
354 617
354 625
354 626
354 648
354 649
354 650
354 674
354 675
354 695
354 696
354 726
354 741
354 742
354 748
354 751
354 752
354 774
355 356
355 357
355 459
355 461
355 463
355 549
355 778
355 782
355 785
356 357
358 359
358 360
358 458
358 459
358 461
358 648
358 649
359 360
361 362
361 363
361 364
361 400
361 484
361 552
361 597
361 599
361 648
361 649
361 650
361 655
361 697
361 765
361 774
362 363
362 364
362 698
362 778
363 364
365 366
365 367
365 368
365 461
365 697
365 748
365 774
366 367
366 368
366 675
366 698
366 741
366 742
366 749
367 368
368 461
369 370
369 371
369 400
369 433
369 458
369 462
369 463
369 475
369 507
369 655
369 674
369 741
369 748
370 371
370 459
370 463
370 655
371 461
372 373
372 374
372 375
372 376
372 377
372 380
372 419
373 374
373 375
373 376
373 377
373 379
373 381
373 401
374 375
374 376
374 377
375 376
375 377
376 377
376 385
378 379
378 380
378 381
378 382
378 383
378 384
378 385
378 386
378 453
379 380
379 381
379 382
379 383
379 384
379 385
379 386
379 453
380 381
380 382
380 383
380 384
380 385
380 386
380 400
380 414
380 453
381 382
381 383
381 384
381 385
381 386
381 453
381 734
381 814
382 383
382 384
382 385
382 386
382 749
383 384
383 385
383 386
384 385
384 386
385 386
385 417
385 453
385 476
385 719
385 720
385 814
387 388
387 389
387 390
387 484
387 605
388 389
388 390
389 390
391 392
391 393
391 394
392 393
392 394
393 394
395 396
395 397
395 398
395 399
395 400
395 401
395 493
395 494
395 548
395 549
395 599
395 674
395 697
396 397
396 398
396 399
396 401
396 494
396 549
396 600
397 398
397 399
398 399
399 401
400 401
400 402
400 403
400 405
400 407
400 409
400 656
400 712
400 750
400 761
401 402
401 403
401 408
401 410
402 403
404 405
404 406
405 406
406 575
407 408
407 409
407 410
407 411
407 412
407 413
408 409
408 410
408 411
408 412
408 413
409 410
409 411
409 412
409 413
409 698
410 411
410 412
410 413
411 412
411 413
412 413
414 415
414 416
414 417
414 418
414 471
414 472
415 416
415 417
415 418
415 472
416 417
416 418
417 418
419 420
419 421
419 422
419 423
419 424
419 425
419 430
419 431
419 433
419 434
419 475
419 476
419 625
419 641
419 648
419 649
419 650
419 651
419 690
419 695
420 421
420 422
420 423
420 424
420 425
420 430
420 431
420 433
420 434
420 437
420 475
420 476
420 641
420 648
420 664
420 690
420 695
420 698
420 796
421 422
421 423
422 423
422 437
424 425
424 426
424 427
424 428
424 429
424 430
424 433
424 641
424 690
424 794
424 807
425 426
425 427
425 428
425 429
425 475
425 641
425 674
425 675
425 709
426 427
426 428
426 429
426 650
426 674
426 696
426 697
427 428
427 429
428 429
428 430
428 431
428 439
428 448
428 516
428 641
428 642
428 655
428 675
428 690
428 704
428 774
428 807
429 696
430 431
430 432
430 476
430 597
431 432
431 433
433 434
433 435
433 436
433 437
433 438
433 439
433 440
433 444
433 445
433 448
433 449
433 511
433 530
434 435
434 436
434 437
434 438
434 440
434 444
434 445
434 448
434 449
434 531
434 586
434 587
434 713
435 436
435 437
435 438
436 437
436 438
437 438
437 440
437 441
437 444
437 445
437 449
437 450
437 451
437 452
437 840
439 440
439 441
439 442
439 443
439 448
439 484
439 697
440 441
440 442
440 443
440 448
440 449
440 713
441 442
441 443
442 443
444 445
444 446
444 447
444 448
444 475
444 613
444 831
444 836
445 446
445 447
445 448
445 449
446 447
448 449
448 450
448 451
448 452
448 493
448 494
448 503
448 504
448 573
448 575
448 599
448 656
448 697
448 748
448 749
449 450
449 451
449 452
449 656
449 748
449 749
450 451
450 452
451 452
452 749
453 454
453 455
453 456
453 457
453 471
453 472
454 455
454 456
454 457
455 456
455 457
456 457
458 459
458 460
458 461
458 475
458 558
458 684
458 697
459 460
459 461
460 461
461 607
462 463
462 464
462 471
462 674
462 675
463 464
463 675
463 695
465 466
465 467
465 468
465 469
465 470
465 471
465 520
465 575
466 467
466 468
466 469
466 470
466 472
466 714
467 468
467 469
467 470
467 471
467 472
468 469
468 470
468 472
469 470
471 472
471 473
471 474
472 473
472 474
473 474
475 476
475 477
475 478
475 479
475 563
475 661
475 771
475 807
475 808
476 477
476 478
476 479
476 648
476 696
476 785
477 478
477 479
478 479
480 481
480 482
480 483
480 485
480 581
480 656
481 482
481 483
481 485
481 656
482 483
484 485
484 486
484 487
484 493
484 494
484 581
484 648
484 649
485 486
485 487
485 494
485 582
486 487
488 489
488 490
488 491
488 492
488 581
489 490
489 491
489 492
489 576
489 582
489 796
490 491
490 492
491 492
493 494
493 495
493 496
493 548
494 495
494 496
494 548
494 549
495 496
497 498
497 507
497 616
499 500
499 501
499 502
500 501
500 502
500 655
500 790
501 502
501 655
501 675
503 504
503 505
503 506
503 535
504 505
504 506
504 535
504 707
505 506
507 508
507 509
507 510
507 613
507 674
507 675
507 726
507 770
507 774
508 509
508 510
508 675
508 820
509 510
509 784
510 770
511 512
511 513
511 514
511 515
511 516
511 695
511 761
511 762
512 513
512 514
512 515
512 517
512 760
512 762
512 796
513 514
513 515
514 515
516 517
516 518
516 519
516 520
516 521
516 530
516 727
516 751
516 770
516 794
516 795
517 518
517 519
517 520
517 521
517 524
517 741
517 749
518 519
520 521
520 522
520 762
521 522
522 761
523 524
523 525
523 526
523 527
523 528
523 529
523 726
523 727
523 741
524 525
524 526
524 527
524 528
524 529
524 726
525 526
525 527
526 527
527 650
528 529
528 530
528 531
528 532
528 533
528 534
529 530
529 531
529 532
529 533
529 534
530 531
530 532
530 533
530 534
530 727
530 790
530 823
531 532
531 533
531 534
531 535
531 536
531 727
531 728
531 741
531 742
531 823
531 824
532 533
532 534
533 534
535 536
535 537
535 538
535 539
535 575
536 537
536 538
536 539
537 538
537 539
537 796
538 539
540 541
540 542
540 543
541 542
541 543
542 543
544 545
544 546
544 547
544 604
544 616
544 697
544 727
544 771
545 546
545 547
546 547
548 549
548 550
548 551
548 741
549 550
549 551
549 796
550 551
552 553
552 554
552 555
552 556
552 563
552 650
552 655
552 751
552 752
552 771
553 554
553 555
553 655
553 656
553 675
553 696
553 742
553 751
553 752
554 555
556 557
556 558
556 559
556 560
556 561
556 562
556 788
556 790
557 558
557 559
557 560
557 561
557 562
558 559
558 560
558 561
558 562
558 697
559 560
559 561
559 562
560 561
560 562
561 562
563 564
563 565
563 566
563 625
563 695
563 697
563 698
564 565
564 566
565 566
567 568
567 569
567 570
567 571
567 572
567 695
567 788
567 789
567 790
568 569
568 570
568 571
568 572
569 570
569 571
569 572
570 571
570 572
571 572
573 574
573 748
574 748
575 576
575 577
575 578
575 579
575 580
576 577
576 578
576 579
576 580
576 749
577 578
577 579
577 580
577 749
577 790
578 579
578 580
579 580
581 582
581 583
581 774
582 583
584 585
584 586
584 587
584 588
584 589
584 590
584 591
585 586
585 587
585 588
585 589
585 590
585 591
586 587
586 588
586 589
586 590
586 591
586 604
586 605
587 588
587 589
587 590
587 591
587 605
587 651
588 589
588 590
588 591
589 590
589 591
590 591
592 593
592 594
592 595
592 596
592 597
592 598
592 599
592 600
592 616
593 594
593 595
593 596
593 598
593 600
593 605
594 595
594 596
595 596
597 598
597 599
597 600
597 601
597 602
597 603
597 604
597 605
597 616
597 636
597 709
597 712
598 599
598 600
598 601
598 602
598 603
598 605
598 637
598 698
599 600
599 601
599 602
599 603
599 609
599 616
599 636
600 601
600 602
600 603
600 675
600 689
601 602
601 603
602 603
602 675
604 605
604 606
604 607
604 608
604 636
604 712
605 606
605 607
605 608
605 609
605 636
605 637
605 669
606 607
606 608
607 608
609 610
609 611
609 612
609 613
609 614
609 615
610 611
610 612
610 613
610 614
610 615
610 696
611 612
611 613
611 614
611 615
612 613
612 614
612 615
612 765
613 614
613 615
613 655
614 615
615 698
616 617
616 618
616 619
616 620
616 621
616 625
616 636
616 712
616 719
617 618
617 619
617 620
617 621
617 622
617 625
617 626
617 636
617 712
617 713
617 719
617 720
617 749
618 619
618 620
619 620
621 622
621 623
621 624
621 625
621 626
621 697
622 623
622 624
622 626
623 624
625 626
625 627
625 628
625 629
625 651
625 681
625 690
625 697
625 795
626 627
626 628
626 629
626 681
626 682
626 796
627 628
627 629
628 629
630 631
630 632
630 633
630 634
630 635
630 674
630 675
630 695
631 632
631 633
631 634
631 635
631 675
631 695
632 633
632 634
632 635
632 675
633 634
633 635
634 635
636 637
636 638
636 639
636 640
637 638
637 639
637 640
638 639
638 640
639 640
641 642
641 643
641 644
641 645
641 646
641 647
641 648
641 649
641 650
641 651
641 697
642 643
642 644
642 645
642 646
642 647
642 698
643 644
643 645
643 646
643 647
644 645
644 646
644 647
645 646
645 647
646 647
646 648
646 649
646 650
646 698
647 648
647 649
647 651
648 649
648 650
648 651
648 652
648 653
648 654
648 697
648 709
648 710
648 748
649 650
649 651
649 652
649 653
649 654
649 655
649 698
649 709
649 710
650 651
650 652
650 653
650 654
650 668
650 686
650 698
650 701
650 709
650 800
651 652
651 653
651 654
651 709
651 710
652 653
652 654
653 654
655 656
655 657
655 658
655 659
655 660
655 662
655 690
655 695
655 705
655 712
655 713
655 714
655 728
655 751
655 771
655 807
655 808
656 657
656 658
656 659
656 660
656 661
656 662
656 667
656 673
656 679
656 680
656 704
656 706
656 710
656 713
656 714
656 727
656 807
656 808
657 658
657 659
657 660
658 659
658 660
659 660
661 662
661 663
661 664
661 665
661 666
661 667
661 668
661 674
661 697
662 663
662 664
662 665
662 666
662 667
662 668
662 696
662 752
663 664
663 665
663 666
663 667
663 668
664 665
664 666
664 667
664 668
665 666
665 667
665 668
666 667
666 668
667 668
669 670
669 671
669 672
669 673
669 698
670 671
670 672
670 673
671 672
671 673
672 673
673 675
674 675
674 676
674 677
674 678
674 690
674 695
674 696
674 698
674 702
675 676
675 677
675 678
675 680
675 694
675 695
675 696
675 698
675 702
675 704
675 705
676 677
676 678
676 695
677 678
677 698
679 680
679 681
679 682
679 683
679 684
679 685
679 686
679 687
679 688
679 689
679 697
679 698
679 765
680 681
680 682
680 683
680 684
680 685
680 686
680 687
680 688
680 689
680 698
681 682
681 683
681 684
681 685
681 686
681 687
681 688
681 689
682 683
682 684
682 685
682 686
682 687
682 688
682 689
683 684
683 685
683 686
683 687
683 688
683 689
684 685
684 686
684 687
684 688
684 689
685 686
685 687
685 688
685 689
686 687
686 688
686 689
687 688
687 689
688 689
688 695
689 696
690 691
690 692
690 693
690 694
690 697
690 698
691 692
691 693
691 694
692 693
692 694
693 694
694 697
695 696
695 697
695 698
695 699
695 700
695 701
695 702
695 703
695 704
695 706
695 710
695 712
695 719
695 808
696 697
696 698
696 699
696 700
696 701
696 702
696 703
696 710
696 713
696 719
696 725
696 728
696 789
697 698
697 699
697 700
697 701
697 702
697 703
697 709
697 712
697 719
697 788
697 807
698 699
698 700
698 701
698 702
698 703
698 706
698 709
698 710
698 713
698 719
698 720
698 809
699 700
699 701
699 702
699 703
700 701
700 702
700 703
701 702
701 703
702 703
704 705
704 706
704 707
704 708
705 706
705 707
705 708
706 707
706 708
707 708
709 710
709 711
710 711
712 713
712 714
712 715
712 716
712 717
712 718
712 765
712 770
712 771
713 714
713 715
713 716
713 717
713 718
714 715
714 716
714 717
714 718
715 716
715 717
715 718
716 717
716 718
717 718
719 720
719 721
719 722
719 723
719 724
719 725
719 727
719 728
719 795
720 721
720 722
720 723
720 724
720 725
720 727
720 728
721 722
721 723
721 724
721 725
722 723
722 724
722 725
723 724
723 725
723 728
724 725
726 727
726 728
726 729
726 730
726 731
726 732
726 741
726 742
726 748
727 728
727 729
727 730
727 731
727 732
727 733
727 737
727 742
727 770
728 729
728 730
728 731
728 732
728 734
728 738
728 742
729 730
729 731
729 732
729 742
730 731
730 732
731 732
733 734
733 735
733 736
733 741
733 742
734 735
734 736
734 742
734 749
735 736
737 738
737 739
737 740
738 739
738 740
739 740
741 742
741 743
741 744
741 745
741 746
741 747
741 748
741 749
741 755
741 756
741 757
741 759
741 774
742 743
742 744
742 745
742 746
742 747
742 748
742 749
742 756
742 758
742 759
743 744
743 745
743 746
743 747
744 745
744 746
744 747
745 746
745 747
746 747
748 749
748 770
748 771
749 756
749 771
749 796
750 751
750 752
750 756
751 752
751 753
751 754
752 753
752 754
752 755
752 756
753 754
755 756
755 757
755 758
755 759
755 765
755 766
756 757
756 758
756 759
756 765
756 766
757 758
757 759
758 759
758 762
760 761
760 762
760 763
760 764
760 777
760 781
760 784
761 762
761 763
761 764
761 774
761 776
761 777
761 781
761 782
761 784
761 800
762 763
762 764
762 774
762 775
762 777
762 781
762 782
762 784
762 785
763 764
765 766
765 767
765 768
765 769
766 767
766 768
766 769
767 768
767 769
768 769
770 771
770 772
770 773
770 819
771 772
771 773
771 800
772 773
774 775
774 776
774 777
774 778
774 779
774 780
774 781
774 782
774 783
774 784
774 785
774 786
774 787
774 788
774 790
775 776
775 777
775 778
775 779
775 780
775 781
775 782
775 783
775 784
775 785
775 786
775 787
776 777
776 778
776 779
776 780
776 781
776 782
776 783
776 784
776 785
776 786
776 787
777 778
777 779
777 780
777 781
777 782
777 783
777 784
777 785
777 786
777 787
777 788
778 779
778 780
778 781
778 782
778 783
778 784
778 785
778 786
778 787
779 780
779 781
779 782
779 783
779 784
779 785
779 786
779 787
780 781
780 782
780 783
780 784
780 785
780 786
780 787
781 782
781 783
781 784
781 785
781 786
781 787
781 788
782 783
782 784
782 785
782 786
782 787
782 788
783 784
783 785
783 786
783 787
784 785
784 786
784 787
784 800
785 786
785 787
786 787
788 789
788 790
788 791
788 792
788 793
788 795
788 796
789 790
789 791
789 792
789 793
789 795
789 796
789 799
789 816
790 791
790 792
790 793
790 795
791 792
791 793
792 793
794 795
794 796
794 797
794 798
794 799
794 800
794 806
795 796
795 797
795 798
795 799
795 800
795 806
796 797
796 798
796 799
796 800
796 806
797 798
797 799
797 800
798 799
798 800
799 800
801 802
801 803
801 804
801 805
802 803
802 804
802 805
803 804
803 805
804 805
807 808
807 809
807 810
807 811
807 812
807 813
808 809
808 810
808 811
808 812
808 813
809 810
809 811
809 812
809 813
810 811
810 812
810 813
811 812
811 813
812 813
814 815
814 816
814 817
814 818
815 816
815 817
815 818
816 817
816 818
817 818
819 820
819 821
819 822
820 821
820 822
821 822
823 824
823 825
823 826
824 825
824 826
825 826
827 828
827 829
827 830
828 829
828 830
829 830
831 832
831 833
831 834
831 835
831 836
831 837
831 838
831 839
831 840
831 841
831 842
831 843
831 844
831 845
831 846
832 833
832 834
832 835
832 836
832 837
832 838
832 839
832 840
832 841
832 842
832 843
832 844
832 845
832 846
833 834
833 835
833 836
833 837
833 838
833 839
833 840
833 841
833 842
833 843
833 844
833 845
833 846
834 835
834 836
834 837
834 838
834 839
834 840
834 841
834 842
834 843
834 844
834 845
834 846
835 836
835 837
835 838
835 839
835 840
835 841
835 842
835 843
835 844
835 845
835 846
836 837
836 838
836 839
836 840
836 841
836 842
836 843
836 844
836 845
836 846
837 838
837 839
837 840
837 841
837 842
837 843
837 844
837 845
837 846
838 839
838 840
838 841
838 842
838 843
838 844
838 845
838 846
839 840
839 841
839 842
839 843
839 844
839 845
839 846
840 841
840 842
840 843
840 844
840 845
840 846
841 842
841 843
841 844
841 845
841 846
842 843
842 844
842 845
842 846
843 844
843 845
843 846
844 845
844 846
845 846
847 848
847 849
847 850
847 851
848 849
848 850
848 851
849 850
849 851
850 851
