0 1
0 2
0 3
0 4
0 5
0 35
0 62
0 76
0 86
0 91
0 117
0 223
0 313
0 314
1 2
1 3
1 4
1 5
1 35
1 47
1 55
1 92
1 223
1 314
1 318
1 320
2 3
2 4
2 5
3 4
3 5
3 22
3 23
3 34
3 317
4 5
4 22
4 23
4 495
6 7
6 8
6 46
7 8
7 35
7 372
7 495
9 10
9 11
9 12
9 13
9 14
9 15
9 16
9 21
9 23
9 39
9 104
9 114
9 117
10 11
10 12
10 13
10 14
10 40
10 105
10 107
10 110
10 115
10 118
11 12
11 13
11 14
12 13
12 14
13 14
13 40
14 297
15 16
15 17
15 18
15 19
15 20
15 21
15 23
15 24
15 26
15 34
15 35
15 39
15 331
16 17
16 18
16 19
16 20
16 21
16 22
16 23
16 24
16 26
16 29
16 34
16 35
16 40
16 107
16 110
16 115
17 18
17 19
17 20
18 19
18 20
19 20
19 22
19 39
19 77
19 104
19 254
20 39
20 40
20 77
20 255
20 257
21 22
21 23
21 24
21 25
21 26
21 34
21 35
21 39
21 40
21 62
21 76
21 150
21 330
21 368
21 550
22 23
22 24
22 25
22 26
22 27
22 28
22 34
22 39
22 40
22 46
22 230
22 272
22 300
22 327
22 328
23 24
23 25
23 26
23 27
23 28
23 35
23 39
23 134
23 272
23 327
23 328
24 25
24 26
24 29
24 30
24 35
24 39
24 40
24 151
24 207
26 27
26 28
26 29
26 30
26 31
26 34
26 35
26 40
26 123
26 124
26 254
27 28
27 29
27 30
27 31
27 124
28 29
28 30
28 31
28 35
29 30
29 31
29 35
29 40
30 31
32 33
32 77
34 35
34 36
34 37
34 38
34 39
34 46
34 104
35 36
35 37
35 38
35 39
35 40
35 368
35 550
36 37
36 38
37 38
39 40
39 41
39 42
39 43
39 44
39 46
39 104
39 218
39 304
40 41
40 42
40 43
40 44
40 50
41 42
41 43
41 44
42 43
42 44
43 44
45 46
45 47
45 48
45 49
45 50
45 51
45 52
45 53
45 54
45 55
45 56
45 57
46 47
46 48
46 49
46 50
46 51
46 52
46 53
46 54
46 55
46 56
46 57
46 58
46 76
46 86
46 91
46 96
46 97
46 99
46 103
46 104
46 110
46 114
46 123
46 132
46 145
46 158
46 182
46 185
46 254
46 269
46 279
46 290
46 291
46 292
46 297
46 298
46 299
46 304
46 308
46 309
46 318
47 48
47 49
47 50
47 51
47 52
47 53
47 54
47 55
47 56
47 57
47 298
47 318
47 320
48 49
48 50
48 51
48 52
48 53
48 54
48 55
48 56
48 57
49 50
49 51
49 52
49 53
49 54
49 55
49 56
49 57
50 51
50 52
50 53
50 54
50 55
50 56
50 57
51 52
51 53
51 54
51 55
51 56
51 57
52 53
52 54
52 55
52 56
52 57
53 54
53 55
53 56
53 57
54 55
54 56
54 57
54 114
55 56
55 57
55 372
56 57
58 59
58 60
58 61
58 86
58 91
58 92
59 60
59 61
59 63
59 86
59 87
59 91
59 92
59 150
59 372
60 61
62 63
62 64
62 65
62 66
62 67
62 68
62 69
62 72
62 81
62 82
62 83
62 86
62 117
62 150
62 181
62 182
62 198
62 206
63 64
63 65
63 66
63 67
63 68
63 69
63 72
63 77
63 81
63 82
63 86
63 97
63 182
63 189
64 65
64 66
64 67
65 66
65 67
66 67
68 69
68 70
68 71
68 96
68 181
68 193
69 70
69 71
69 96
69 97
70 71
72 73
72 74
72 75
72 96
73 74
73 75
73 87
73 97
73 118
74 75
76 77
76 78
76 79
76 80
76 81
76 99
76 104
76 114
76 117
77 78
77 79
77 80
77 115
77 182
77 403
77 495
78 79
78 80
79 80
81 82
81 83
81 84
81 85
81 317
82 83
82 84
82 85
82 317
83 84
83 85
83 110
84 85
86 87
86 88
86 89
86 90
86 91
86 92
86 96
86 99
86 316
86 317
86 320
86 372
87 88
87 89
87 90
87 91
87 92
87 96
87 100
87 314
87 317
87 318
87 320
88 89
88 90
89 90
91 92
91 93
91 94
91 95
91 425
92 93
92 94
92 95
92 115
92 372
93 94
93 95
94 95
96 97
96 98
96 103
96 114
96 117
96 269
96 270
96 454
97 98
97 103
97 107
97 110
97 115
97 118
99 100
99 101
99 102
99 103
100 101
100 102
100 103
100 318
100 320
101 102
101 103
102 103
103 104
103 123
103 254
104 105
104 106
104 107
104 108
104 109
104 110
104 111
104 112
104 113
104 114
104 115
104 116
104 117
104 118
104 119
104 120
104 121
104 122
104 123
104 124
104 150
104 151
104 158
104 159
104 164
104 174
104 175
104 181
104 185
104 250
104 297
104 418
104 539
105 106
105 107
105 108
105 109
105 110
105 111
105 112
105 113
105 114
105 115
105 116
105 117
105 118
105 119
105 120
105 121
105 122
105 123
105 145
105 150
105 151
105 158
105 159
105 165
105 175
105 182
105 194
105 198
106 107
106 108
106 109
106 110
106 111
106 112
106 113
106 114
106 115
106 116
106 117
106 118
106 119
106 120
106 121
106 122
106 123
106 147
106 159
106 168
106 169
106 537
107 108
107 109
107 110
107 111
107 112
107 113
107 114
107 115
107 116
107 117
107 118
107 119
107 120
107 121
107 122
107 123
107 151
107 158
107 175
107 182
107 193
107 194
107 207
107 221
107 403
108 109
108 110
108 111
108 112
108 113
108 114
108 115
108 116
108 117
108 118
108 119
108 120
108 121
108 122
109 110
109 111
109 112
109 113
109 114
109 115
109 116
109 117
109 118
109 119
109 120
109 121
109 122
110 111
110 112
110 113
110 114
110 115
110 116
110 117
110 118
110 119
110 120
110 121
110 122
110 123
110 128
110 151
110 158
110 221
110 252
110 272
110 373
110 403
110 472
111 112
111 113
111 114
111 115
111 116
111 117
111 118
111 119
111 120
111 121
111 122
112 113
112 114
112 115
112 116
112 117
112 118
112 119
112 120
112 121
112 122
113 114
113 115
113 116
113 117
113 118
113 119
113 120
113 121
113 122
114 115
114 116
114 117
114 118
114 119
114 120
114 121
114 122
114 123
114 150
114 158
114 159
114 168
114 193
114 206
114 309
114 325
114 326
114 361
114 362
115 116
115 117
115 118
115 119
115 120
115 121
115 122
115 123
115 128
115 151
115 158
115 159
115 182
115 194
115 207
115 221
115 269
115 272
115 309
115 326
115 403
116 117
116 118
116 119
116 120
116 121
116 122
117 118
117 119
117 120
117 121
117 122
117 123
117 159
117 168
117 361
118 119
118 120
118 121
118 122
118 123
118 159
118 182
118 194
119 120
119 121
119 122
120 121
120 122
121 122
121 123
121 124
121 151
121 175
121 176
121 181
121 182
121 189
121 190
121 191
123 124
123 125
123 126
123 127
123 128
123 145
123 146
123 147
123 150
123 158
123 159
123 162
123 164
123 193
123 254
123 255
123 257
124 125
124 126
124 127
124 128
124 146
124 147
124 158
124 159
124 165
124 194
124 255
125 126
125 127
125 128
126 127
126 128
127 128
129 130
129 131
129 132
129 242
130 131
130 132
130 139
130 140
130 146
130 147
130 155
130 210
130 211
130 217
131 132
132 139
132 140
132 145
132 146
132 210
132 211
132 324
133 134
133 135
133 136
133 137
133 138
134 135
134 136
134 137
134 138
134 186
135 136
135 137
135 138
136 137
136 138
137 138
139 140
139 141
139 142
139 143
139 144
139 230
139 243
139 255
139 256
139 257
139 280
140 141
140 142
140 143
140 144
140 243
140 255
140 257
140 282
141 142
141 143
141 144
142 143
142 144
143 144
145 146
145 147
145 148
145 149
145 154
145 158
145 162
145 168
145 230
145 242
145 243
145 246
145 284
145 467
146 147
146 148
146 149
146 150
146 151
146 154
146 155
146 158
146 159
146 162
146 163
146 169
146 231
146 243
146 468
147 148
147 149
147 150
147 158
147 159
148 149
150 151
150 152
150 153
150 154
150 155
150 158
150 159
150 168
150 169
150 181
150 218
151 152
151 153
151 154
151 155
151 158
151 159
151 169
151 181
151 182
151 218
152 153
154 155
154 156
154 157
154 158
154 159
154 181
154 194
154 230
155 156
155 157
156 157
158 159
158 160
158 161
158 162
158 163
158 164
158 165
158 168
158 169
158 182
158 193
158 269
158 468
159 160
159 161
159 162
159 163
159 164
159 165
159 166
159 178
159 185
159 186
159 193
159 221
160 161
160 162
160 163
161 162
161 163
162 163
163 324
164 165
164 166
164 167
164 168
164 169
164 174
164 177
164 178
164 181
164 198
164 199
164 280
165 166
165 167
165 168
165 169
165 174
165 177
165 178
165 181
165 182
165 198
165 199
165 221
166 167
166 168
166 169
166 174
166 177
166 178
166 190
166 198
166 199
168 169
168 170
168 171
168 172
168 173
168 174
168 175
168 177
168 198
168 199
168 220
168 221
168 508
169 170
169 171
169 172
169 173
169 174
169 175
169 177
169 198
169 199
169 221
170 171
170 172
170 173
171 172
171 173
172 173
174 175
174 176
175 176
175 340
177 178
177 179
177 180
178 179
178 180
178 257
179 180
181 182
181 183
181 184
181 185
181 186
181 188
181 193
181 194
181 254
181 269
181 276
182 183
182 184
182 185
182 186
182 188
182 189
182 193
182 194
182 254
182 430
182 563
183 184
185 186
185 187
185 188
185 193
185 194
185 207
185 254
185 330
186 187
186 188
186 193
186 194
186 207
188 189
188 190
188 191
188 192
188 193
188 345
189 190
189 191
189 192
189 193
189 346
190 191
190 192
191 192
193 194
193 195
193 196
193 197
193 206
193 207
193 292
194 195
194 196
194 197
194 206
194 207
194 279
194 292
195 196
195 197
196 197
198 199
198 200
198 201
198 202
198 203
198 204
198 205
198 206
198 207
198 208
198 209
199 200
199 201
199 202
199 203
199 204
199 205
199 206
199 207
199 208
199 209
200 201
200 202
200 203
200 204
200 205
200 206
200 207
200 208
200 209
201 202
201 203
201 204
201 205
201 206
201 207
201 208
201 209
202 203
202 204
202 205
202 206
202 207
202 208
202 209
203 204
203 205
203 206
203 207
203 208
203 209
204 205
204 206
204 207
204 208
204 209
205 206
205 207
205 208
205 209
206 207
206 208
206 209
207 208
207 209
207 254
208 209
210 211
210 212
210 213
210 214
210 215
210 216
210 217
210 218
210 219
211 212
211 213
211 214
211 215
211 216
211 217
211 218
211 219
212 213
212 214
212 215
212 216
212 217
212 218
212 219
212 254
213 214
213 215
213 216
213 217
213 218
213 219
213 242
214 215
214 216
214 217
214 218
214 219
215 216
215 217
215 218
215 219
216 217
216 218
216 219
217 218
217 219
217 257
217 282
218 219
218 280
218 304
220 221
220 222
220 223
220 224
220 225
221 222
221 223
221 224
221 225
221 255
221 280
222 223
222 224
222 225
222 256
223 224
223 225
223 372
224 225
226 227
226 228
226 229
226 230
227 228
227 229
227 230
227 231
228 229
230 231
230 232
230 233
230 234
230 242
230 243
230 280
230 289
230 290
230 291
230 292
230 298
230 304
230 305
230 308
230 309
231 232
231 233
231 234
231 243
231 274
231 275
231 289
231 290
231 298
232 233
232 234
233 234
235 236
235 237
235 238
235 239
235 240
235 241
235 243
236 237
236 238
236 239
236 240
236 241
237 238
237 239
237 240
237 241
238 239
238 240
238 241
239 240
239 241
240 241
240 242
240 243
240 279
240 281
240 282
240 284
240 484
241 243
241 284
241 484
242 243
242 244
242 245
242 246
242 284
242 287
242 298
242 509
243 244
243 245
243 284
243 287
243 288
243 568
243 569
244 245
246 247
246 248
246 249
246 250
246 251
246 252
246 253
246 254
246 255
246 256
246 257
246 281
246 292
246 297
246 298
247 248
247 249
247 250
247 251
247 252
247 253
247 254
247 257
247 298
247 326
248 249
248 250
248 251
248 252
248 253
249 250
249 251
249 252
249 253
250 251
250 252
250 253
251 252
251 253
252 253
253 305
254 255
254 256
254 257
254 258
254 259
254 260
254 261
254 269
254 280
254 282
254 289
255 256
255 257
255 258
255 259
255 260
255 261
255 263
255 269
255 270
255 287
256 257
256 258
256 259
256 260
256 261
256 265
256 269
256 290
257 258
257 259
257 260
257 261
257 269
257 270
257 290
257 291
257 309
258 259
258 260
258 261
259 260
259 261
260 261
262 263
262 264
262 269
262 270
262 279
262 289
262 290
262 291
262 292
262 297
262 298
262 299
262 300
262 304
262 305
262 308
262 309
263 264
263 269
263 270
263 282
263 289
263 290
263 292
263 298
263 299
263 300
263 304
263 305
264 281
265 266
265 267
265 268
265 281
265 299
266 267
266 268
266 270
266 300
267 268
269 270
269 271
269 272
269 273
269 279
269 281
269 289
269 290
269 291
269 292
269 297
269 298
269 299
269 300
269 304
269 305
269 308
269 309
269 482
269 483
270 271
270 272
270 273
270 274
270 281
270 290
270 291
270 297
270 298
270 299
270 300
270 309
271 272
271 273
272 273
274 275
274 276
274 277
274 278
274 282
274 289
274 290
274 291
274 292
275 276
275 277
275 278
275 280
276 277
276 278
276 281
277 278
277 281
277 284
279 280
279 281
279 282
279 283
279 284
279 285
279 286
279 287
279 288
279 289
279 293
279 297
279 299
280 281
280 282
280 283
280 284
280 285
280 286
280 287
280 288
280 289
280 290
281 282
281 283
281 284
281 285
281 286
281 292
281 308
281 472
281 568
281 569
282 283
282 284
282 285
282 286
282 287
282 288
282 291
283 284
283 285
283 286
284 285
284 286
284 287
284 288
284 447
284 568
284 569
285 286
287 288
289 290
289 291
289 292
289 293
289 294
289 295
289 296
289 297
289 300
289 305
289 308
289 309
289 456
290 291
290 292
290 293
290 294
290 295
290 296
290 297
290 298
290 305
290 309
290 452
290 456
291 292
291 293
291 294
291 295
291 296
291 298
291 299
291 300
291 305
291 309
291 477
292 293
292 294
292 295
292 296
292 299
292 304
292 305
293 294
293 295
293 296
293 300
293 305
294 295
294 296
295 296
297 298
297 299
297 300
297 301
297 302
297 303
297 304
297 305
297 306
297 307
297 308
297 309
297 310
297 311
297 312
298 299
298 300
298 301
298 302
298 303
298 304
298 305
298 306
298 307
298 308
298 309
298 310
298 311
298 312
299 300
299 301
299 302
299 303
299 304
299 305
299 306
299 307
299 308
299 309
299 310
299 311
299 312
299 417
300 301
300 302
300 303
300 304
300 305
300 306
300 307
300 308
300 309
300 310
300 311
300 312
300 380
301 302
301 303
301 304
301 305
301 306
301 307
301 308
301 309
301 310
301 311
301 312
302 303
302 304
302 305
302 306
302 307
302 308
302 309
302 310
302 311
302 312
303 304
303 305
303 306
303 307
303 308
303 309
303 310
303 311
303 312
304 305
304 306
304 307
304 308
304 309
304 310
304 311
304 312
305 306
305 307
305 308
305 309
305 310
305 311
305 312
305 435
305 510
306 307
306 308
306 309
306 310
306 311
306 312
307 308
307 309
307 310
307 311
307 312
308 309
308 310
308 311
308 312
308 417
308 479
309 310
309 311
309 312
310 311
310 312
311 312
313 314
313 315
313 316
314 315
314 316
314 495
315 316
317 318
317 319
317 320
317 321
317 322
317 323
318 319
318 320
318 321
318 322
318 323
319 320
319 321
319 322
319 323
320 321
320 322
320 323
321 322
321 323
322 323
324 325
324 326
324 331
324 337
324 365
325 326
325 327
325 542
325 543
325 554
325 555
326 327
326 328
326 332
326 543
326 554
326 555
327 328
327 329
327 330
328 329
328 330
328 346
329 330
331 332
331 333
331 334
331 335
331 336
331 338
331 361
331 364
331 365
332 333
332 334
332 335
332 337
332 339
332 340
332 362
332 365
333 334
333 335
334 335
336 337
336 338
336 339
336 340
336 361
336 364
336 390
336 562
337 339
337 340
337 362
337 365
337 562
337 563
338 339
338 340
338 341
338 354
338 364
339 340
339 341
339 354
339 355
339 362
339 365
340 341
340 365
342 343
342 344
342 345
342 346
343 344
343 346
345 346
345 347
345 348
345 349
345 351
346 347
346 348
346 349
346 350
346 352
347 348
349 350
349 351
349 352
349 353
350 351
350 352
350 353
351 352
351 353
352 353
354 355
354 356
354 357
354 358
354 359
354 360
355 356
355 357
355 358
355 359
355 360
356 357
356 358
356 359
356 360
357 358
357 359
357 360
358 359
358 360
359 360
361 362
361 363
361 364
362 363
362 365
364 365
364 366
364 367
365 366
365 367
366 367
368 369
368 370
368 371
368 408
368 417
368 494
368 534
368 542
368 545
368 546
368 547
368 550
368 559
369 370
369 371
369 545
369 546
369 547
369 560
370 371
372 528
372 555
372 557
373 374
373 375
373 376
373 377
373 378
373 405
373 476
373 477
373 478
373 499
373 534
374 375
374 376
374 377
374 378
374 477
374 478
374 479
375 376
375 377
375 378
376 377
376 378
377 378
379 380
379 381
379 382
379 383
379 384
379 390
379 391
379 408
379 532
379 534
380 381
380 382
380 383
380 384
380 391
380 393
380 394
380 405
380 415
380 533
380 535
381 382
381 383
381 384
381 414
381 415
381 478
382 383
382 384
382 415
383 384
385 386
385 387
385 388
385 389
385 390
385 391
385 408
386 387
386 388
386 389
386 391
386 393
387 388
387 389
388 389
390 391
390 392
390 393
390 395
390 430
390 554
391 392
391 393
391 394
391 430
391 431
391 554
393 394
393 395
393 555
394 453
394 555
395 396
395 397
395 408
395 532
396 397
398 399
398 400
398 401
398 499
398 538
398 564
399 400
399 401
399 500
399 539
399 551
399 565
400 401
402 403
402 404
402 494
403 404
403 539
404 414
404 550
405 406
405 407
405 408
405 410
405 414
405 415
405 476
405 477
405 478
405 479
405 489
405 500
405 510
406 407
408 410
408 414
408 415
408 430
408 431
408 509
408 526
409 410
409 411
409 412
409 413
410 411
410 412
410 413
410 418
411 412
411 413
412 413
414 415
414 416
414 417
414 488
414 494
414 516
414 523
415 416
415 418
415 517
417 418
417 419
417 420
417 446
417 467
417 476
417 488
417 494
417 499
417 503
417 508
417 519
417 538
417 542
417 543
417 545
417 546
417 547
417 551
417 564
418 419
418 420
418 438
418 441
418 447
418 452
418 456
418 489
418 495
418 500
418 504
418 542
418 543
418 545
418 547
418 551
418 555
419 420
419 495
419 542
419 545
419 546
419 551
419 555
421 422
421 423
421 424
421 425
421 426
421 467
421 476
422 423
422 424
422 425
422 426
422 468
423 424
423 425
423 426
423 446
423 523
423 527
424 425
424 426
424 524
425 426
427 428
427 429
427 430
427 431
427 432
427 433
427 523
428 429
428 430
428 431
428 432
428 433
428 438
429 430
429 431
429 432
429 433
430 431
430 432
430 433
431 432
431 433
431 447
431 489
432 433
434 435
434 436
434 437
434 438
434 441
434 446
434 447
435 436
435 437
435 438
435 441
435 447
435 510
436 437
438 439
438 440
438 441
438 442
438 443
438 444
438 445
438 446
438 447
438 471
438 477
438 557
438 558
439 440
439 441
439 442
439 443
439 444
439 445
440 441
440 442
440 443
440 444
440 445
441 442
441 443
441 444
441 445
441 446
441 447
441 471
441 477
441 557
442 443
442 444
442 445
443 444
443 445
444 445
445 446
445 447
445 535
446 447
446 448
446 449
446 450
446 451
446 452
446 456
446 476
446 494
446 499
446 523
446 534
447 448
447 449
447 450
447 452
447 456
447 471
447 477
448 449
448 450
449 450
451 452
451 453
451 454
451 455
451 456
451 457
451 484
451 488
451 527
451 550
452 453
452 454
452 455
452 456
452 457
452 465
452 468
452 483
452 485
452 523
452 524
453 454
453 455
453 456
453 457
454 455
454 456
454 457
455 456
455 457
456 457
456 465
456 489
456 524
458 459
458 460
458 461
458 462
458 463
458 464
458 465
458 466
459 460
459 461
459 462
459 463
459 464
459 465
459 466
460 461
460 462
460 463
460 464
460 465
460 466
461 462
461 463
461 464
461 465
461 466
462 463
462 464
462 465
462 466
463 464
463 465
463 466
464 465
464 466
465 466
465 524
467 468
467 469
467 470
467 478
467 499
467 550
467 554
468 469
468 470
468 500
468 524
468 551
469 470
471 472
471 473
471 474
471 475
471 488
471 489
472 473
472 474
472 475
472 484
473 474
473 475
473 534
474 475
476 477
476 478
476 479
476 480
476 481
476 484
476 499
476 527
477 478
477 479
477 480
477 481
477 485
477 489
477 499
477 500
477 532
477 533
477 535
478 479
478 480
478 481
478 533
478 534
479 480
479 481
479 533
480 481
480 534
482 483
482 524
483 489
484 485
484 486
484 487
484 488
484 499
484 500
484 503
484 504
484 545
485 486
485 487
485 489
485 499
485 500
485 503
485 504
485 528
486 487
487 527
487 532
487 533
487 535
488 489
488 490
488 491
488 494
488 499
488 503
488 523
488 542
488 545
488 550
489 490
489 491
489 494
489 495
489 500
489 535
490 491
492 493
492 494
492 495
493 495
494 495
494 496
494 497
494 498
494 557
495 496
495 497
495 498
496 497
496 498
497 498
499 500
499 501
499 502
499 503
499 508
499 532
499 533
499 534
499 545
499 557
500 501
500 502
500 503
500 504
500 509
500 510
500 524
500 533
500 535
501 502
503 504
503 505
503 506
503 507
503 527
503 534
503 542
504 505
504 506
504 507
504 509
505 506
505 507
506 507
506 534
508 509
508 510
508 511
508 512
508 513
508 516
508 519
509 510
509 511
509 512
509 516
509 519
509 533
509 543
509 550
509 551
509 554
509 565
510 511
510 512
510 513
510 516
510 517
510 519
510 520
510 551
510 565
511 512
513 514
513 515
514 515
516 517
516 518
517 518
517 547
517 565
519 520
519 521
519 522
519 550
520 521
520 522
520 528
520 547
521 522
523 524
523 525
523 526
523 527
523 528
523 532
523 533
523 538
523 542
523 550
523 564
524 525
524 526
524 527
524 528
524 535
524 547
524 551
525 526
526 527
527 528
527 529
527 530
527 531
527 532
527 533
527 534
527 535
527 542
527 545
527 554
528 529
528 530
528 531
528 533
528 535
528 539
528 555
529 530
529 531
530 531
532 533
532 534
532 535
532 536
532 537
533 534
533 535
533 536
533 537
534 535
534 536
534 537
534 550
534 554
535 536
535 537
535 539
535 547
536 537
538 539
538 540
538 541
538 557
539 540
539 541
539 543
539 554
540 541
542 543
542 544
542 545
542 546
542 547
542 550
542 551
542 554
542 559
542 560
543 544
543 545
543 546
543 547
543 551
543 555
543 560
545 546
545 547
545 548
545 549
545 550
545 551
545 554
545 557
546 547
546 548
546 549
546 550
546 551
546 554
546 555
547 548
547 549
547 554
547 555
548 549
550 551
550 552
550 553
550 554
550 559
550 560
550 564
551 552
551 553
551 554
551 555
551 560
552 553
554 555
554 556
554 557
554 558
554 564
555 556
555 557
555 558
556 557
556 558
557 558
559 560
559 561
559 562
559 563
559 564
559 565
559 568
560 561
560 562
560 563
561 562
561 563
562 563
564 565
564 566
564 567
565 566
565 567
566 567
568 569
568 570
568 571
569 570
569 571
570 571
