0 1
0 2
0 20
0 34
0 43
0 54
0 96
0 129
0 457
1 2
1 4
1 23
1 44
1 55
1 97
1 129
1 130
1 296
1 446
3 4
3 5
3 6
3 19
3 20
3 270
3 305
3 325
3 342
3 440
4 5
4 19
4 21
4 35
4 44
4 55
4 60
4 270
4 306
4 325
6 7
6 8
6 9
6 17
6 22
6 43
6 292
6 323
6 342
6 399
7 8
7 9
7 11
7 21
7 23
7 120
7 303
7 306
7 310
7 342
7 391
8 9
10 11
10 12
10 13
10 154
10 305
10 306
11 12
11 13
11 306
12 13
14 15
14 16
14 17
14 18
14 19
15 16
15 17
15 18
15 19
16 17
16 18
16 19
17 18
17 19
17 34
17 154
18 19
18 35
20 21
20 22
20 23
20 24
20 25
20 34
20 59
20 277
20 316
21 22
21 23
21 24
21 25
21 44
21 55
21 60
21 67
21 316
21 399
21 446
22 23
22 24
22 25
22 45
22 63
22 316
22 360
22 390
23 24
23 25
23 316
23 324
24 25
26 27
26 28
26 29
26 417
27 28
27 29
28 29
29 296
30 31
30 32
30 33
30 34
30 35
30 297
30 302
30 360
30 361
30 362
30 363
31 32
31 33
31 34
31 35
31 298
31 317
32 33
34 35
34 36
34 37
34 43
34 89
34 181
34 277
34 354
34 362
34 363
34 440
34 445
34 481
35 36
35 37
35 43
35 44
35 46
35 90
35 182
35 354
35 355
35 399
35 446
35 481
36 37
38 39
38 40
38 41
38 42
38 44
38 45
38 46
38 49
38 50
38 59
38 354
38 360
39 40
39 41
39 42
39 44
39 46
39 55
40 41
40 42
40 296
41 42
43 44
43 45
43 46
43 47
43 48
43 49
43 50
43 51
43 52
43 53
43 59
43 63
43 66
43 70
43 96
43 119
43 154
43 228
43 274
43 297
43 316
43 342
43 354
43 360
43 361
43 384
43 390
43 398
43 440
43 445
44 45
44 46
44 47
44 48
44 49
44 50
44 51
44 52
44 53
44 55
44 60
44 64
44 67
44 71
44 97
44 120
44 229
44 249
44 361
44 385
44 399
44 446
45 46
45 47
45 48
45 49
45 50
45 51
45 52
45 53
45 63
45 66
45 79
45 119
45 163
45 292
45 384
45 385
45 398
45 445
46 47
46 48
46 49
46 50
46 51
46 52
46 53
46 61
46 64
46 67
46 120
46 385
46 399
46 446
47 48
47 49
47 50
47 51
47 52
47 53
48 49
48 50
48 51
48 52
48 53
49 50
49 51
49 52
49 53
49 61
49 63
49 65
49 66
49 323
49 340
49 385
49 445
50 51
50 52
50 53
50 61
50 64
50 385
50 391
50 399
50 446
51 52
51 53
52 53
54 55
54 56
54 57
54 58
54 154
54 309
54 323
54 342
54 375
54 403
55 56
55 57
55 58
55 60
55 124
55 440
55 441
56 57
56 58
57 58
59 60
59 61
59 62
59 63
59 64
59 65
59 75
59 154
59 289
59 309
59 440
59 472
60 61
60 62
60 63
60 64
60 65
60 76
60 290
60 309
60 355
60 473
61 62
61 63
61 64
61 65
61 76
61 203
61 225
61 309
62 63
62 64
62 65
63 64
63 65
63 226
63 309
63 311
63 402
63 447
64 65
64 71
64 120
64 309
64 399
66 67
66 68
66 69
66 163
66 164
66 305
66 342
67 68
67 69
67 71
67 164
67 195
67 249
68 69
70 71
70 72
70 73
70 74
70 79
70 82
70 109
70 112
70 115
70 177
70 332
70 375
70 407
70 412
70 440
71 72
71 73
71 74
71 76
71 82
71 114
71 116
71 333
71 399
71 407
71 413
72 73
72 74
73 74
75 76
75 77
75 78
75 84
75 89
75 96
75 129
75 154
75 360
75 440
76 77
76 78
76 89
76 90
76 96
76 97
76 129
76 130
77 78
79 80
81 82
81 83
81 154
81 355
82 83
84 85
84 86
84 87
84 88
84 89
84 96
84 103
84 105
84 109
84 115
84 116
84 154
84 305
84 306
84 316
84 342
84 360
85 86
85 87
85 88
85 90
85 97
85 104
85 106
85 110
85 116
85 233
85 306
85 333
85 355
86 87
86 88
86 89
86 96
86 234
87 88
87 90
87 97
87 234
89 90
89 91
89 92
89 96
89 103
89 129
89 249
90 91
90 92
90 96
90 97
90 103
90 104
90 110
90 116
90 248
91 92
93 94
93 95
93 240
94 95
94 241
96 97
96 98
96 99
96 100
96 101
96 102
96 103
96 104
96 105
96 106
96 109
96 115
96 116
96 119
96 135
96 148
96 154
96 163
96 194
96 195
96 225
96 248
96 249
96 252
96 253
96 277
96 305
96 342
96 360
96 422
97 97
97 98
97 99
97 100
97 101
97 102
97 103
97 104
97 106
97 110
97 116
97 119
97 120
97 121
97 135
97 136
97 149
97 163
97 164
97 249
98 99
98 100
98 101
98 102
98 103
98 104
98 110
98 116
98 136
99 100
99 101
99 102
100 101
100 102
101 102
103 104
103 105
103 106
103 107
103 108
103 109
103 115
103 248
103 249
103 454
104 105
104 106
104 107
104 108
104 110
104 115
104 116
104 135
104 249
105 106
105 107
105 108
105 115
105 135
106 107
106 108
106 116
107 108
109 110
109 111
109 112
109 113
109 114
109 119
110 111
110 112
110 113
110 114
110 116
110 120
110 121
111 112
111 113
111 114
112 113
112 114
113 114
113 154
114 164
115 116
115 117
115 118
115 119
115 154
116 117
116 118
116 119
116 120
116 121
116 154
116 155
116 217
117 118
119 120
119 121
119 122
120 121
120 122
120 203
121 122
121 226
123 124
123 125
123 126
123 154
124 125
124 126
125 126
127 128
127 454
127 455
129 130
129 131
129 132
129 277
129 305
129 306
129 362
129 375
130 131
130 132
130 164
130 317
131 132
133 134
134 306
134 317
135 136
135 137
135 138
135 139
135 140
135 141
135 142
135 143
135 148
135 163
135 436
136 137
136 138
136 139
136 140
136 141
136 142
136 143
136 149
136 164
136 394
137 138
137 139
137 140
137 141
137 142
137 143
138 139
138 140
138 141
138 142
138 143
139 140
139 141
139 142
139 143
140 141
140 142
140 143
141 142
141 143
142 143
144 145
144 146
144 147
144 332
145 146
145 147
146 147
148 149
148 150
148 151
148 152
148 153
148 154
148 163
149 150
149 151
149 152
149 153
149 154
149 155
149 163
149 164
150 151
150 152
150 153
151 152
151 153
151 154
152 153
152 441
154 155
154 156
154 157
154 163
154 181
154 323
154 338
154 342
154 351
154 362
154 448
154 476
155 156
155 157
155 164
156 157
158 417
159 160
159 161
159 162
159 381
159 382
160 161
160 162
160 164
160 436
161 162
163 164
163 165
163 166
163 167
164 165
164 166
164 167
164 187
164 206
164 339
164 389
164 429
164 467
165 166
165 167
166 167
167 382
168 178
169 170
169 171
169 172
169 173
169 257
169 381
170 171
170 172
170 173
170 436
171 172
171 173
172 173
174 175
174 176
174 181
174 182
175 176
175 182
177 178
177 179
177 180
177 181
177 182
177 186
177 192
177 203
177 204
177 206
177 426
178 178
178 179
178 180
178 181
178 182
178 193
178 204
178 207
178 225
178 229
178 249
178 253
178 376
178 423
178 426
178 427
178 429
178 441
179 180
181 182
181 183
181 184
181 185
181 195
181 199
181 203
181 206
181 216
181 217
182 183
182 184
182 185
182 187
182 195
182 197
182 200
182 204
182 215
182 217
182 225
182 253
182 416
182 423
182 441
183 184
186 187
186 188
186 189
186 190
186 191
186 192
186 193
186 417
187 188
187 189
187 190
187 191
187 192
187 193
187 194
187 195
187 416
187 418
187 423
187 441
188 189
188 190
188 191
188 192
188 193
188 381
189 190
189 191
189 192
189 193
189 197
189 333
189 416
190 191
190 192
190 193
191 192
191 193
192 193
192 412
193 197
193 412
193 413
194 195
194 196
194 197
194 198
194 204
194 206
194 214
194 216
194 217
194 228
194 403
194 417
194 422
195 196
195 197
195 198
195 199
195 200
195 204
195 214
195 215
195 228
195 403
196 197
196 198
196 206
197 198
197 207
197 214
197 229
197 413
199 200
199 201
199 203
199 206
199 207
199 217
199 381
199 382
199 445
200 201
200 204
200 207
202 203
202 204
202 206
202 207
203 204
203 205
203 206
203 216
203 225
203 226
203 240
203 241
203 248
203 256
203 381
203 445
203 454
204 205
204 207
204 217
204 225
204 241
204 381
204 382
204 441
204 455
206 207
206 208
206 216
206 225
206 273
206 327
206 381
206 382
207 208
207 217
207 225
207 240
207 241
207 253
207 327
207 328
209 210
209 211
209 212
209 213
209 216
210 211
210 212
210 213
210 217
211 212
211 213
212 213
214 215
214 216
214 217
214 218
214 219
215 216
215 217
215 218
215 219
216 217
216 218
216 219
216 245
216 417
216 445
217 217
217 218
217 219
217 240
217 241
217 245
217 246
217 399
217 417
217 423
218 219
220 221
220 222
220 223
220 224
221 222
221 223
221 224
221 253
221 441
221 446
221 473
222 223
222 224
223 224
225 226
225 227
225 228
225 236
225 241
225 273
225 296
225 445
225 446
226 227
226 228
226 235
226 240
226 384
226 445
227 445
227 446
228 229
228 230
228 231
228 232
228 233
228 234
228 240
228 248
228 256
228 332
228 342
228 412
228 413
228 417
228 422
229 230
229 231
229 232
229 233
229 234
229 249
229 333
229 355
229 394
229 413
229 445
229 473
230 231
230 232
230 233
230 234
231 232
231 233
231 234
232 233
232 234
233 234
235 236
235 237
235 238
235 239
235 240
236 237
236 238
236 239
236 241
237 238
237 239
238 239
240 241
240 242
240 243
240 253
240 282
240 332
240 409
240 412
240 416
241 242
241 243
241 249
241 253
241 257
241 268
241 273
241 274
241 333
241 409
243 244
245 246
245 247
245 248
245 417
245 422
246 247
246 249
248 249
248 250
248 251
248 252
248 253
248 256
248 274
248 281
248 282
248 296
248 299
248 305
248 316
248 317
248 342
248 466
248 472
249 250
249 251
249 252
249 253
249 256
249 257
249 261
249 273
249 296
249 298
249 361
249 467
249 472
249 473
250 251
252 253
252 254
252 255
252 256
252 305
252 342
252 466
252 467
252 470
252 472
252 473
253 254
253 255
253 257
253 261
253 343
253 467
253 473
254 255
256 257
256 258
256 259
256 260
256 264
256 274
256 412
257 258
257 259
257 260
257 261
257 264
257 265
257 274
257 412
257 473
258 259
260 261
260 262
260 263
261 262
261 263
262 263
264 265
264 266
264 267
264 268
264 269
265 266
265 267
265 268
265 269
266 267
266 268
266 269
267 268
267 269
268 269
268 297
268 412
268 413
268 416
270 271
270 272
270 277
270 278
270 281
270 283
270 297
270 298
270 302
270 316
270 342
271 272
271 273
271 274
271 278
271 282
271 299
273 274
273 275
273 276
273 277
273 278
273 281
273 282
273 283
273 305
273 342
273 362
273 445
274 275
274 276
274 278
274 282
274 284
274 296
275 276
277 278
277 279
277 280
277 281
277 283
277 284
277 297
277 305
277 332
277 333
277 342
277 354
277 355
277 360
277 361
277 362
278 279
278 280
278 281
278 282
278 284
278 298
278 299
278 302
278 332
278 333
278 361
278 363
278 413
278 441
279 280
281 282
281 283
281 297
281 305
281 316
281 317
281 327
281 332
281 342
281 354
282 284
282 298
282 302
282 316
282 317
282 328
282 333
282 363
283 284
283 285
283 286
283 287
283 288
283 292
283 297
283 305
283 309
283 342
283 375
283 448
283 472
284 285
284 286
284 287
284 288
284 289
284 298
284 302
284 326
284 372
284 376
284 379
284 380
284 449
285 286
285 287
285 288
286 287
286 288
286 296
287 288
289 290
289 291
290 291
290 317
292 293
292 294
292 295
292 296
292 297
292 298
292 360
292 362
293 294
293 295
293 296
293 297
293 298
294 295
294 296
294 297
294 298
295 296
295 297
295 298
296 297
296 298
296 324
296 363
297 298
297 299
297 305
297 316
297 325
297 360
297 362
298 299
298 302
298 306
298 363
299 300
299 301
299 302
299 306
299 310
299 326
299 333
299 348
299 363
299 465
300 301
300 302
301 302
302 306
302 325
302 326
302 348
302 363
303 304
305 306
305 307
305 308
305 316
305 354
305 443
305 472
306 307
306 308
306 310
306 317
306 342
306 355
306 363
306 442
307 308
309 310
309 311
309 312
309 313
309 314
309 315
309 342
309 354
309 472
310 311
310 312
310 313
310 314
310 315
310 317
310 473
311 312
311 313
311 314
311 315
312 313
312 314
312 315
313 314
313 315
314 315
316 317
316 318
316 319
316 360
316 362
317 318
317 319
317 355
318 319
320 321
320 322
320 323
320 324
320 325
320 326
320 354
321 322
321 323
321 324
321 325
321 326
322 323
322 324
322 325
322 326
323 324
323 325
323 326
323 342
324 325
324 326
325 326
327 328
327 329
327 330
327 331
327 332
327 333
327 362
328 329
328 330
328 331
328 381
329 330
329 331
329 375
330 331
330 376
332 333
332 334
332 335
332 336
332 337
332 401
332 402
332 417
333 334
333 335
333 336
333 337
333 355
334 335
334 336
334 337
335 336
335 337
336 337
338 339
338 340
338 341
338 445
338 457
338 458
338 466
338 467
339 340
339 341
339 446
339 467
339 473
340 341
342 343
342 344
342 345
342 346
342 351
342 362
342 445
343 344
343 345
343 346
343 363
343 446
344 345
344 346
345 346
347 348
349 350
349 394
350 363
351 352
351 353
351 354
351 360
351 362
351 375
352 353
352 355
352 361
352 376
354 354
354 355
354 356
354 357
354 358
354 359
354 360
354 363
354 375
354 384
354 394
354 430
354 466
355 356
355 357
355 358
355 359
355 361
355 363
355 369
355 376
355 385
355 394
356 357
356 358
356 359
357 358
357 359
358 359
360 361
360 362
360 363
360 384
360 457
361 363
361 376
361 384
361 385
362 363
362 364
362 365
362 366
362 367
362 368
362 375
362 381
362 384
362 390
363 364
363 365
363 366
363 367
363 376
363 385
363 394
363 461
364 365
364 366
364 367
365 366
365 367
366 367
368 369
368 370
368 375
368 376
369 370
371 372
371 373
371 374
371 375
371 376
372 373
372 374
372 375
372 376
373 374
375 376
375 377
375 378
375 379
375 380
375 381
375 384
376 377
376 378
376 379
376 380
376 381
376 382
376 385
376 427
377 378
377 379
377 380
378 379
378 380
379 380
381 382
381 383
381 388
382 383
382 389
382 429
384 385
384 386
384 387
384 388
384 389
385 386
385 387
385 388
385 389
386 387
386 388
386 389
387 388
387 389
388 389
388 394
389 394
390 391
390 392
390 393
391 392
391 393
392 393
394 395
394 396
394 397
394 412
395 396
395 397
396 397
398 399
398 400
398 440
399 400
400 436
401 402
403 404
403 405
404 405
404 416
404 418
406 407
406 408
407 408
409 410
409 411
409 417
410 411
412 413
412 414
412 415
412 416
412 417
412 418
412 422
412 425
413 414
413 415
413 416
413 418
413 423
414 415
414 416
415 416
416 418
416 423
417 418
417 419
417 420
417 421
417 422
417 423
418 419
418 420
418 421
418 422
418 423
419 420
419 421
420 421
422 423
422 424
422 425
423 424
423 425
423 427
424 425
426 427
426 428
426 429
427 428
427 429
428 429
430 431
430 432
430 433
430 434
430 435
430 477
431 432
431 433
431 434
431 435
432 433
432 434
432 435
433 434
433 435
434 435
435 436
436 437
436 438
436 439
437 438
437 439
438 439
440 441
440 442
440 445
441 442
443 444
445 446
445 447
446 447
448 449
448 450
448 451
448 452
448 453
449 450
449 451
449 452
449 453
450 451
450 452
450 453
451 452
451 453
451 455
452 453
454 455
454 456
454 457
454 458
454 464
454 465
454 476
454 479
455 456
455 458
455 465
455 477
455 479
455 480
457 458
457 459
457 466
457 476
457 477
458 459
458 465
458 466
458 470
458 472
460 461
460 462
460 463
460 464
460 465
460 476
461 462
461 463
461 464
461 465
462 463
462 464
462 465
463 464
463 465
464 465
464 472
465 466
465 467
465 472
465 473
465 477
466 467
466 468
466 469
466 470
466 473
467 468
467 469
467 470
467 473
468 469
470 471
470 472
472 473
472 474
472 475
472 476
472 477
473 474
473 475
473 477
474 475
476 477
476 478
476 479
477 478
477 480
479 480
479 481
480 481
