0 1
0 2
0 3
0 4
0 15
0 19
0 24
0 46
0 50
0 51
0 147
0 198
0 539
0 653
0 759
0 817
1 2
1 3
1 5
1 13
1 14
1 16
1 19
1 20
1 25
1 29
1 32
1 40
1 47
1 50
1 68
1 89
1 186
1 198
1 243
1 246
1 254
1 325
1 787
1 865
1 887
1 890
2 3
2 8
2 9
2 14
2 25
2 29
2 45
2 54
2 198
2 786
2 806
3 9
3 14
3 25
3 29
3 45
3 198
3 199
3 786
3 787
4 5
4 6
4 7
4 24
4 29
4 39
4 40
4 46
4 50
4 295
4 521
4 539
4 811
5 6
5 7
5 25
5 29
5 40
5 50
6 7
7 737
8 9
8 10
8 11
8 12
8 13
9 10
9 11
9 12
9 29
10 11
10 12
11 12
13 13
13 14
13 15
13 16
13 17
13 18
13 19
13 24
13 28
13 35
13 44
13 72
13 74
13 75
13 662
13 751
14 15
14 16
14 17
14 18
14 19
14 20
14 24
14 25
14 36
14 45
14 50
14 75
14 142
14 148
14 219
14 220
14 249
14 250
14 804
15 16
15 17
15 18
15 19
15 24
15 35
15 39
15 46
15 72
15 78
15 163
15 653
15 800
15 804
15 866
15 886
16 17
16 18
16 19
16 20
16 24
16 25
16 36
16 45
16 73
16 130
16 131
16 143
16 148
16 220
16 249
16 250
16 805
17 18
19 20
19 21
19 35
19 74
19 75
19 386
19 441
20 21
20 50
20 75
20 682
20 685
21 24
21 35
21 257
21 386
22 23
22 258
23 46
23 50
23 257
23 258
23 296
24 25
24 26
24 27
24 31
24 35
24 39
24 46
24 50
24 51
24 52
24 245
24 272
24 716
25 26
25 27
25 31
25 35
25 36
25 40
25 47
25 50
25 52
25 246
26 27
28 29
28 30
28 35
28 54
28 147
28 219
28 220
28 249
28 293
28 413
28 438
28 552
29 30
29 46
29 52
29 54
29 67
29 249
31 32
31 33
31 34
31 35
31 39
31 40
31 46
31 50
31 74
31 75
31 295
32 33
32 34
32 40
32 47
32 75
33 34
35 36
35 37
35 38
35 39
35 46
35 50
35 51
35 52
35 386
35 492
35 499
35 567
36 37
36 38
36 40
36 47
36 54
36 871
37 38
39 40
39 41
39 42
39 43
39 44
39 239
39 309
39 328
39 342
39 392
39 830
39 857
40 41
40 42
40 43
40 68
40 195
40 239
40 258
40 310
40 427
40 623
40 858
40 887
41 42
41 43
42 43
43 194
44 45
46 47
46 48
46 49
46 50
46 51
46 68
46 215
46 239
46 603
47 48
47 49
47 50
47 238
47 239
47 249
47 325
48 49
48 50
48 257
49 50
50 51
50 887
51 52
51 539
51 780
51 795
52 540
53 54
53 55
53 56
53 57
53 58
53 59
53 64
53 65
53 68
53 72
53 92
53 104
53 125
53 264
53 413
53 653
54 55
54 56
54 57
54 58
54 60
54 65
54 68
54 73
54 79
54 93
54 105
54 142
54 265
54 413
54 414
54 461
54 654
55 56
55 57
55 58
56 57
56 58
57 58
58 806
59 60
59 61
59 62
59 63
59 65
60 61
60 62
60 63
60 68
60 138
61 62
61 63
62 63
64 65
64 66
64 67
64 68
64 72
64 73
64 74
64 76
64 83
64 88
64 104
64 133
64 135
64 264
64 293
64 294
64 441
64 460
64 783
64 886
65 66
65 67
65 68
65 73
65 76
65 81
65 136
65 143
65 275
65 294
65 441
65 442
65 461
65 886
65 887
66 67
68 72
68 77
68 105
68 109
68 111
68 265
68 273
68 413
68 414
68 654
69 70
69 71
69 72
70 71
70 73
71 72
71 73
71 577
72 73
72 76
72 83
72 88
72 120
72 151
72 309
72 449
72 576
72 657
73 76
73 77
73 120
73 121
73 309
73 310
73 450
74 75
74 76
74 219
74 300
74 403
74 460
74 576
74 734
74 836
74 853
75 76
75 219
75 220
75 286
75 403
75 404
75 461
75 734
75 735
75 764
75 816
76 77
76 78
76 79
76 804
76 806
77 78
77 79
77 126
77 217
77 806
78 79
80 81
80 82
81 82
81 559
81 645
81 646
81 647
83 84
83 85
83 86
83 87
83 88
83 89
83 92
83 93
83 101
83 125
83 274
84 85
84 86
84 87
84 88
84 89
84 93
84 101
84 105
84 427
84 455
84 461
85 86
85 87
86 87
86 219
88 89
88 90
88 91
88 100
88 101
88 125
88 219
88 274
88 751
88 815
89 90
89 91
89 93
89 96
89 97
89 101
89 105
89 111
89 114
89 117
89 214
89 690
89 691
90 91
92 93
92 94
92 95
92 101
92 104
92 113
92 328
92 329
92 582
92 690
93 94
93 95
93 101
93 105
94 95
96 97
96 98
96 99
97 98
97 99
98 99
100 101
100 102
100 103
100 104
100 110
100 113
100 147
101 102
101 103
101 109
101 110
101 111
101 117
101 134
102 103
104 105
104 106
104 107
104 108
104 109
104 694
104 767
105 106
105 107
105 108
105 109
106 107
106 108
106 109
107 108
107 109
108 109
108 274
108 275
108 324
108 325
110 111
110 112
110 125
110 126
110 133
110 274
110 275
110 324
110 325
111 112
111 126
113 114
113 115
113 116
113 194
113 264
113 295
113 328
113 329
113 377
113 681
113 815
114 115
114 116
114 264
114 329
115 116
117 118
117 119
117 123
117 126
117 275
117 816
118 119
120 121
120 122
120 123
120 124
120 194
120 328
120 329
121 122
121 123
121 124
121 162
121 197
122 123
122 124
122 866
123 124
125 126
125 127
125 128
125 129
125 130
125 131
125 132
125 133
125 134
125 137
125 147
125 180
125 185
125 186
125 190
125 398
125 403
125 413
125 507
125 580
125 597
125 745
125 804
126 127
126 128
126 129
126 130
126 131
126 132
126 133
126 134
126 138
126 143
126 186
126 442
126 580
126 597
126 665
126 777
126 805
127 128
127 129
127 130
127 131
127 132
127 133
127 134
128 129
128 130
128 131
128 132
128 133
128 134
129 130
129 131
129 132
129 133
129 134
130 131
130 132
130 133
130 134
131 132
131 133
131 134
131 871
132 133
132 134
133 134
133 136
133 137
133 138
133 186
133 191
133 227
133 394
133 580
133 663
135 136
136 437
137 138
137 139
137 140
137 141
137 168
137 171
137 180
137 244
137 264
137 268
137 309
137 321
137 436
137 582
137 640
137 745
138 139
138 140
138 141
138 162
138 172
138 183
138 191
138 254
138 291
138 310
138 394
138 717
138 827
139 140
139 141
140 141
142 143
142 144
142 145
142 146
142 147
142 181
142 353
142 869
143 144
143 145
143 146
143 181
143 540
143 870
144 145
144 146
145 146
147 148
147 149
147 150
147 151
147 156
147 215
147 216
147 219
147 227
147 300
147 301
147 342
147 345
147 357
147 359
147 386
147 426
147 474
147 489
147 558
147 572
147 644
147 734
147 745
147 775
147 779
147 780
147 800
147 817
148 149
148 150
148 151
148 152
148 162
148 169
148 181
148 183
148 191
148 195
148 216
148 300
148 301
148 322
148 357
148 359
148 413
148 573
148 734
148 735
148 780
148 818
149 150
149 359
151 152
151 153
151 154
151 155
151 156
151 157
151 182
151 190
151 194
151 215
151 224
151 227
151 234
151 300
151 328
151 329
151 353
151 354
151 357
151 366
151 386
151 387
151 804
151 817
152 153
152 154
152 155
152 156
152 157
152 183
152 191
152 220
152 411
153 154
153 155
153 156
153 157
154 155
154 156
154 157
155 156
155 157
156 157
156 353
156 357
156 386
157 387
158 159
158 160
158 191
158 321
158 322
159 160
161 162
161 168
161 176
161 219
161 227
161 274
161 334
161 796
161 804
161 806
161 811
161 816
161 817
161 845
161 853
161 861
162 164
162 169
162 191
162 216
162 746
162 791
162 796
162 801
162 804
162 805
162 806
162 811
162 812
162 815
162 817
162 818
163 164
163 165
163 166
163 167
163 168
163 176
163 694
163 766
163 795
163 811
164 165
164 166
164 167
164 169
164 604
164 682
164 700
164 766
164 796
164 801
165 166
165 167
166 167
167 191
167 812
168 169
168 170
168 176
168 181
168 182
168 183
168 190
168 194
168 215
168 281
168 334
168 348
168 554
168 590
168 690
168 694
168 711
168 779
168 804
168 817
168 820
168 821
169 170
169 172
169 178
169 181
169 183
169 191
169 195
169 214
169 220
169 228
169 234
169 343
169 690
169 691
169 694
169 695
169 698
169 712
169 805
169 816
169 818
169 820
169 821
171 172
171 173
171 174
171 175
171 176
171 178
171 182
171 183
171 348
171 613
171 618
171 664
171 694
171 711
171 712
172 173
172 174
172 175
172 178
172 181
172 183
172 645
172 663
172 700
173 174
173 175
174 175
176 177
176 178
176 179
176 180
176 182
176 183
176 190
176 194
176 214
176 215
176 309
176 334
176 345
176 476
176 664
176 681
176 711
176 712
177 178
177 179
177 181
177 183
178 179
178 181
178 182
178 191
178 195
178 199
178 214
178 216
178 220
178 354
178 477
178 577
178 712
178 804
178 818
179 217
180 181
180 182
180 183
180 184
180 334
180 342
180 405
180 413
180 536
180 539
180 590
180 594
180 613
180 618
180 644
180 711
180 804
181 182
181 183
181 184
181 195
181 214
181 234
181 240
181 334
181 354
181 414
181 439
181 663
181 665
181 712
181 715
181 721
181 724
181 735
181 817
182 183
182 184
182 233
182 257
182 268
182 274
182 594
182 644
182 646
182 664
182 711
182 713
182 775
183 184
183 191
183 269
183 522
183 647
183 665
183 712
183 717
185 186
185 187
185 188
185 189
185 190
185 767
185 768
186 187
186 188
186 189
186 760
186 768
186 796
187 188
187 189
188 189
190 191
190 192
190 193
190 194
190 215
190 219
190 278
190 293
190 295
190 304
190 345
190 353
190 387
190 603
190 734
190 815
191 192
191 193
191 195
191 216
191 217
191 220
191 234
191 354
191 387
191 600
191 601
191 610
191 613
191 614
191 734
191 735
191 780
191 818
192 193
194 195
194 196
194 197
194 198
194 214
194 215
194 219
194 227
194 245
194 249
194 268
194 300
194 328
194 342
194 345
194 353
194 357
194 377
194 413
194 441
194 484
194 576
194 653
194 734
194 796
194 800
194 804
194 817
195 196
195 197
195 199
195 202
195 203
195 214
195 216
195 217
195 219
195 220
195 227
195 228
195 234
195 249
195 250
195 301
195 325
195 342
195 346
195 353
195 354
195 601
195 675
195 734
195 735
195 796
195 805
195 806
195 817
195 866
195 867
196 197
197 198
197 199
197 217
197 220
197 250
197 258
197 343
197 354
197 365
197 571
197 735
197 757
197 806
198 199
198 200
198 201
198 202
198 203
198 257
199 200
199 201
199 202
199 203
199 217
199 644
200 201
200 202
200 203
201 202
201 203
201 214
202 203
202 215
202 219
202 644
202 795
203 354
204 205
204 206
204 214
205 206
207 208
207 209
207 210
207 211
207 227
208 209
208 210
208 211
208 214
208 217
208 228
209 210
209 211
210 211
212 213
212 214
212 215
212 216
212 220
212 346
214 215
214 216
214 220
214 228
214 334
214 342
214 343
214 346
214 373
214 413
214 414
214 804
214 805
214 818
215 216
215 217
215 218
215 219
215 220
215 224
215 227
215 233
215 245
215 249
215 257
215 268
215 334
215 342
215 345
215 353
215 386
215 734
215 755
215 866
215 867
216 217
216 218
216 220
216 228
216 234
216 238
216 338
216 343
216 346
216 347
216 354
216 439
216 734
216 735
216 756
216 817
216 818
216 866
216 867
217 218
217 219
217 220
217 228
217 238
217 329
217 338
217 343
217 354
217 615
219 220
219 221
219 222
219 223
219 224
219 225
219 226
219 227
219 234
219 249
219 253
219 268
219 285
219 342
219 664
219 734
219 817
219 867
220 221
220 222
220 223
220 224
220 225
220 226
220 228
220 249
220 343
220 346
220 354
220 735
221 222
221 223
221 224
221 225
221 226
221 734
221 735
222 223
222 224
222 225
222 226
222 441
222 735
223 224
223 225
223 226
224 225
224 226
225 226
227 228
227 229
227 230
227 231
227 232
227 233
227 234
227 321
227 322
227 328
227 342
227 345
227 351
227 353
227 694
227 734
227 739
227 795
227 811
227 852
227 853
228 229
228 230
228 231
228 232
228 234
228 305
228 321
228 322
228 329
228 338
228 342
228 343
228 346
228 352
228 354
228 734
229 230
229 231
229 232
230 231
230 232
231 232
233 234
233 235
233 236
233 237
233 238
233 268
234 235
234 236
234 237
234 238
234 258
234 294
234 329
234 764
234 815
235 236
235 237
235 238
236 237
236 238
237 238
239 240
239 241
239 242
239 243
239 866
240 241
240 242
240 243
241 242
241 243
242 243
243 869
244 348
244 644
244 776
244 795
245 246
245 247
245 248
245 257
245 258
245 274
245 293
245 295
245 296
245 324
246 247
246 248
246 296
246 322
246 325
246 329
247 248
247 258
248 257
249 250
249 251
249 252
249 295
250 251
250 252
250 329
251 252
253 254
253 255
253 256
253 257
253 258
253 279
253 324
253 328
253 662
254 255
254 256
254 296
254 325
254 328
254 329
254 662
255 256
255 258
257 258
257 259
257 264
257 268
257 293
257 295
257 296
257 304
257 305
257 324
257 328
257 334
257 499
258 259
258 261
258 265
258 269
258 275
258 282
258 294
258 296
258 316
258 319
258 325
258 329
258 335
259 294
259 295
260 261
260 324
260 334
260 357
261 269
261 275
261 325
262 263
262 264
262 265
263 305
264 265
264 266
264 267
264 268
264 282
264 295
264 321
264 328
264 334
264 357
264 364
264 441
265 266
265 267
265 269
265 275
265 279
265 282
265 325
265 329
265 335
265 343
265 354
265 359
265 364
266 267
268 269
268 270
268 271
268 274
268 278
268 304
268 755
269 270
269 271
269 272
269 275
269 279
269 282
269 329
269 335
269 347
270 271
272 273
272 334
272 335
273 275
273 279
273 335
273 866
274 275
274 276
274 277
274 278
274 300
274 321
274 324
274 325
274 328
274 334
274 441
274 502
274 590
274 869
275 276
275 277
275 279
275 282
275 321
275 322
275 324
275 325
275 329
275 335
275 477
276 277
278 279
278 280
278 281
278 293
278 321
278 324
278 328
278 337
279 280
279 281
279 282
279 289
279 294
279 322
279 325
279 329
279 335
279 347
281 282
281 283
281 284
281 285
281 286
281 293
282 283
282 284
282 285
282 286
282 296
282 359
283 284
283 285
283 286
284 285
284 286
285 286
286 735
287 288
287 289
288 289
290 291
290 292
291 292
291 293
292 434
293 294
293 295
293 296
293 297
293 298
293 299
293 300
293 304
293 321
293 324
293 357
293 795
294 295
294 296
294 297
294 298
294 299
294 301
294 322
294 325
294 329
294 346
294 387
294 391
294 459
294 639
294 841
295 296
295 297
295 298
295 299
295 304
295 305
295 321
295 679
295 745
295 775
295 811
296 297
296 298
296 299
296 301
296 305
296 319
296 322
296 325
296 387
297 298
297 299
298 299
299 759
300 301
300 302
300 303
300 304
300 309
300 321
300 324
300 354
300 357
300 359
300 364
300 366
300 371
300 386
300 387
300 418
300 422
300 554
301 302
301 303
301 305
301 309
301 319
301 322
301 325
301 357
301 359
301 367
301 386
301 387
301 429
301 477
301 780
302 303
302 359
304 305
304 306
304 307
304 308
304 321
304 357
304 364
304 386
304 398
304 403
304 790
305 306
305 307
305 308
305 310
305 322
305 354
305 359
305 386
305 387
305 398
305 403
305 404
305 414
306 307
306 308
307 308
309 310
309 311
309 312
309 313
309 314
309 315
309 316
310 311
310 312
310 313
310 314
310 315
310 316
310 325
310 354
310 387
311 312
311 313
311 314
311 315
311 316
312 313
312 314
312 315
312 316
313 314
313 315
313 316
314 315
314 316
315 316
317 318
317 319
317 320
317 321
317 322
317 353
318 319
318 320
319 320
319 871
321 322
321 323
321 324
321 325
321 328
321 345
321 357
321 390
322 323
322 324
322 325
322 346
322 359
322 477
322 724
324 325
324 326
324 327
324 328
324 357
324 558
324 644
325 326
325 327
325 329
325 359
326 327
328 329
328 330
328 331
328 332
328 333
328 334
328 337
328 800
328 857
328 861
329 330
329 331
329 332
329 333
329 335
329 337
329 338
329 347
329 477
329 857
330 331
330 332
330 333
331 332
331 333
332 333
334 335
334 336
334 342
334 345
334 347
334 348
334 353
334 354
334 530
334 711
334 712
334 804
334 817
335 336
335 338
335 345
335 346
335 347
335 359
335 373
335 409
335 619
337 338
337 339
337 340
337 341
338 339
338 340
338 341
339 340
339 341
340 341
340 502
342 343
342 344
342 345
342 348
342 357
342 410
342 474
342 664
343 344
343 345
343 346
343 347
343 354
345 346
345 347
345 348
345 349
345 350
345 351
345 352
345 353
345 357
345 476
345 780
346 347
346 348
346 349
346 350
346 351
346 352
346 354
346 359
346 387
346 413
346 711
346 712
346 734
346 818
347 348
347 349
347 350
347 351
347 352
347 354
348 349
348 350
348 351
348 352
348 357
348 366
348 618
348 664
348 694
349 350
349 351
349 352
350 351
350 352
351 352
353 354
353 355
353 356
353 386
353 387
353 438
353 489
353 644
353 804
353 836
354 355
354 356
354 359
354 386
354 439
354 804
355 356
357 358
357 359
357 360
357 361
357 362
357 363
357 370
357 374
357 380
357 386
358 359
358 360
358 361
358 362
358 363
358 409
359 360
359 361
359 362
359 363
359 365
359 367
359 387
359 601
359 664
359 796
360 361
360 362
360 363
361 362
361 363
362 363
364 365
366 367
366 368
366 369
366 370
366 371
366 377
366 441
366 811
367 368
367 369
367 370
367 371
367 415
368 369
368 370
368 371
369 370
369 371
370 371
370 434
372 373
372 869
372 870
372 871
373 870
373 871
374 375
374 376
374 377
375 376
375 870
376 410
377 378
377 379
377 380
377 381
377 386
377 681
377 702
377 869
378 379
378 380
378 381
379 380
379 381
380 381
381 764
381 870
382 383
382 384
382 385
382 869
383 384
383 385
383 645
383 663
384 385
385 647
386 387
386 388
386 389
386 398
386 597
386 657
387 388
387 389
387 409
388 389
390 391
390 392
390 590
390 591
390 593
390 644
391 392
391 409
391 475
391 591
391 593
392 467
392 734
392 779
393 394
393 395
393 396
393 397
393 414
393 711
394 395
394 396
394 397
394 414
394 429
394 712
395 396
395 397
396 397
398 399
398 400
398 401
398 402
398 403
398 404
398 467
398 521
398 644
399 400
399 401
399 402
399 403
399 404
399 411
399 414
399 415
399 522
399 647
400 401
400 402
400 403
400 404
401 402
401 403
401 404
401 433
402 403
402 404
403 404
403 414
403 441
403 576
403 644
405 406
405 407
405 408
405 779
405 780
406 407
406 408
406 780
407 408
409 410
409 413
409 434
409 490
410 411
410 412
410 413
410 414
410 415
410 416
410 417
410 426
410 433
410 438
410 476
410 499
410 502
410 521
410 526
410 554
410 622
410 753
410 759
411 412
411 413
411 414
411 415
411 416
411 417
411 419
411 423
411 475
411 477
411 522
412 413
412 414
412 415
412 416
412 417
413 414
413 415
413 416
413 417
413 426
413 429
413 434
413 438
413 467
413 474
413 476
413 484
413 489
413 492
413 521
413 554
413 653
413 662
414 415
414 416
414 417
414 419
414 423
414 429
414 434
414 437
414 439
414 454
414 485
414 493
414 503
414 507
414 508
414 521
414 522
414 675
414 811
415 416
415 417
415 419
415 423
415 434
415 491
415 522
415 593
416 417
418 419
418 420
418 421
418 438
418 467
419 420
419 421
419 434
419 436
420 421
422 423
422 424
422 425
422 426
422 467
423 424
423 425
423 426
423 433
423 434
423 436
423 437
424 425
424 426
425 426
425 801
426 429
426 433
426 434
426 436
426 437
426 438
426 439
426 442
427 428
427 436
429 430
429 431
429 432
429 433
429 434
429 436
429 437
429 439
429 441
429 442
429 455
430 431
430 432
431 432
433 434
433 435
433 436
433 437
433 438
433 463
433 476
433 514
434 435
434 436
434 437
434 438
434 439
434 455
434 461
434 477
434 482
434 485
435 436
435 437
436 437
436 438
436 439
436 441
436 454
436 460
436 474
436 552
436 570
436 626
437 438
437 439
437 441
437 442
437 448
437 461
437 500
437 519
438 439
438 440
438 441
438 474
438 499
438 638
439 440
439 442
439 500
439 540
440 441
441 442
441 443
441 444
441 445
441 446
441 476
441 477
441 492
441 544
441 640
441 644
441 681
441 734
441 745
441 771
441 811
442 443
442 444
442 445
442 446
442 475
442 682
442 685
442 746
442 764
442 808
443 444
443 445
443 446
444 445
444 446
445 446
447 448
447 449
447 450
447 451
447 452
447 453
448 449
448 450
448 451
448 452
448 453
449 450
449 451
449 452
449 453
450 451
450 452
450 453
451 452
451 453
452 453
454 455
454 456
454 457
455 456
455 457
455 473
455 577
456 457
458 459
458 502
458 780
460 461
460 462
460 463
460 464
460 465
460 466
460 484
460 489
460 499
460 502
460 576
460 590
461 462
461 463
461 464
461 465
461 466
461 473
461 555
461 576
461 577
461 579
462 463
462 464
462 465
462 466
462 559
463 464
463 465
463 466
464 465
464 466
465 466
467 468
467 469
467 470
467 471
467 472
467 473
467 474
467 476
467 481
467 502
467 653
468 469
468 470
468 471
468 472
468 473
468 474
468 477
468 482
468 485
468 503
468 712
469 470
469 471
469 472
469 473
469 474
469 477
469 482
469 491
469 503
470 471
470 472
470 473
471 472
471 473
472 473
473 474
473 489
473 508
473 577
474 475
474 476
474 477
474 478
474 479
474 480
474 499
474 552
474 572
474 711
474 712
475 476
475 477
475 478
475 479
475 480
475 485
475 490
475 500
475 522
475 555
476 477
476 478
476 479
476 480
476 484
476 489
476 499
476 563
476 603
476 628
476 632
476 638
476 694
476 795
476 815
477 478
477 479
477 480
477 485
477 490
477 503
477 639
478 479
478 480
479 480
481 482
481 483
482 483
482 491
482 503
484 485
484 486
484 487
484 488
484 489
484 490
484 491
484 499
484 502
484 503
484 554
484 576
484 745
484 873
485 486
485 487
485 488
485 489
485 490
485 491
485 500
485 503
485 508
485 522
485 746
486 487
486 488
487 488
489 490
489 491
489 499
489 502
489 503
489 512
489 570
489 644
489 688
489 716
489 734
490 491
490 500
490 571
490 581
491 494
491 508
492 493
492 494
492 495
492 496
492 497
492 498
492 539
492 558
493 494
493 495
493 496
493 497
493 498
493 870
494 495
494 496
494 497
494 498
495 496
495 497
495 498
496 497
496 498
497 498
499 500
499 501
499 502
499 507
499 527
499 558
499 644
499 704
499 745
499 751
500 501
500 512
500 522
500 573
500 574
500 595
500 645
500 676
500 756
502 503
502 504
502 505
502 506
502 554
502 637
502 653
502 699
502 759
503 504
503 505
503 506
503 700
503 862
504 505
504 506
505 506
507 508
507 509
507 510
507 511
507 512
507 513
508 509
508 510
508 511
508 512
508 513
509 510
509 511
509 512
509 513
510 511
510 512
510 513
511 512
511 513
512 513
514 515
514 516
514 517
514 518
514 519
514 520
514 521
514 644
514 646
514 765
515 516
515 517
515 518
515 519
515 520
515 645
515 647
516 517
516 518
516 519
516 520
517 518
517 519
517 520
518 519
518 520
519 520
521 522
521 523
521 524
521 525
521 526
521 527
521 528
521 554
521 558
521 751
521 759
521 766
521 767
522 523
522 524
522 525
522 526
522 527
522 528
522 559
522 574
522 643
522 644
522 645
522 745
522 746
522 751
522 752
522 756
522 759
522 760
522 766
522 768
523 524
523 525
523 526
523 527
523 528
524 525
524 526
524 527
524 528
525 526
525 527
525 528
526 527
526 528
527 528
527 572
527 645
527 646
527 647
527 745
527 746
528 573
528 645
528 746
529 539
529 540
530 531
530 532
530 533
530 534
530 535
530 539
530 540
530 552
530 554
530 570
530 576
530 595
530 755
530 775
531 532
531 533
531 534
531 535
531 540
531 553
531 564
531 583
531 595
531 598
531 614
531 728
532 533
532 534
532 535
533 534
533 535
534 535
536 537
536 538
536 539
536 540
537 538
537 559
539 540
539 541
539 542
539 543
539 552
539 554
539 558
539 570
539 572
539 576
539 590
539 591
539 594
539 595
539 714
539 715
540 541
540 542
540 543
540 552
540 553
540 570
540 571
540 573
540 574
540 577
540 590
540 591
540 594
540 595
540 601
540 604
540 614
540 617
540 618
540 619
540 727
540 764
541 542
541 543
542 543
542 558
542 618
544 545
544 546
544 547
544 548
544 549
544 550
544 551
544 552
544 553
545 546
545 547
545 548
545 549
545 550
545 551
545 552
545 553
545 590
545 613
545 664
546 547
546 548
546 549
546 550
546 551
546 552
546 553
546 555
546 559
546 591
547 548
547 549
547 550
547 551
547 552
547 553
548 549
548 550
548 551
548 552
548 553
549 550
549 551
549 552
549 553
550 551
550 552
550 553
551 552
551 553
552 553
552 554
552 555
552 558
552 559
552 572
552 576
553 555
553 559
553 573
553 574
553 576
553 579
554 555
554 556
554 557
554 558
554 559
554 560
554 561
554 562
554 563
554 570
554 578
554 590
554 786
555 556
555 557
555 558
555 559
555 560
555 561
555 562
555 570
555 571
555 579
555 591
555 593
556 557
556 558
556 559
556 560
556 561
556 562
557 558
557 559
557 560
557 561
557 562
558 559
558 560
558 561
558 562
558 570
558 578
558 586
558 590
558 609
558 670
559 560
559 561
559 562
559 564
559 570
559 571
559 576
559 577
559 579
559 590
560 561
560 562
561 562
561 572
562 573
562 574
562 604
563 564
563 565
563 566
563 567
563 568
563 569
563 570
563 571
563 800
564 565
564 566
564 567
564 568
564 569
564 570
564 571
564 574
565 566
565 567
565 568
565 569
565 570
565 571
566 567
566 568
566 569
566 570
566 571
567 568
567 569
567 570
567 571
568 569
568 570
568 571
569 570
569 571
570 571
572 573
572 574
572 575
572 576
572 578
572 834
573 574
573 575
573 576
573 577
573 834
574 575
574 577
574 591
574 614
574 653
575 644
576 577
576 578
576 579
576 590
576 599
576 601
577 578
577 579
577 601
577 604
577 641
577 645
577 776
578 579
578 590
578 603
578 618
578 628
578 629
579 601
579 606
579 615
580 581
580 582
580 583
580 584
580 585
580 586
580 587
580 588
580 589
581 582
581 583
581 584
581 585
581 586
581 587
581 588
581 589
581 617
582 583
582 584
582 585
582 586
582 587
582 588
582 589
582 590
582 632
583 584
583 585
583 586
583 587
583 588
583 589
583 591
583 593
584 585
584 586
584 587
584 588
584 589
585 586
585 587
585 588
585 589
586 587
586 588
586 589
586 590
587 588
587 589
587 591
587 593
587 605
587 629
588 589
590 591
590 592
590 593
590 594
590 873
591 592
591 593
591 594
591 595
591 854
592 593
593 594
593 595
593 605
593 615
594 595
594 596
595 596
595 604
597 598
597 599
598 599
598 605
598 615
600 601
600 602
600 603
600 604
600 605
600 606
600 613
600 614
600 617
600 618
600 619
600 734
600 735
600 869
601 602
601 603
601 604
601 605
601 606
601 613
601 614
601 615
601 617
601 619
601 724
601 735
603 604
603 605
603 606
603 607
603 608
603 609
603 613
603 614
603 615
603 617
603 618
603 628
603 632
603 644
604 605
604 606
604 607
604 608
604 613
604 614
604 615
604 617
604 618
604 619
604 629
604 740
604 776
605 606
605 607
605 608
605 613
605 614
605 615
605 617
605 629
605 672
605 777
606 607
606 608
606 613
606 614
606 615
606 617
606 718
606 726
606 737
606 777
607 608
608 777
609 610
609 611
609 612
609 628
610 611
610 612
610 629
611 612
613 614
613 615
613 616
613 617
613 618
613 619
613 640
613 675
613 775
614 614
614 615
614 616
614 617
614 619
614 756
615 616
615 617
615 623
615 629
615 772
615 777
616 618
617 618
617 619
617 620
617 621
617 721
618 619
618 620
618 621
619 620
619 621
620 621
622 623
622 624
622 625
622 626
622 627
622 628
622 629
623 624
623 625
623 626
623 627
623 629
624 625
624 626
624 627
625 626
625 627
626 627
628 629
628 630
628 657
628 675
628 786
628 800
628 869
628 873
629 630
629 631
629 641
629 669
630 631
630 745
631 746
632 633
632 634
632 635
632 636
632 640
632 644
632 657
632 681
632 755
632 765
633 634
633 635
633 636
633 640
633 641
633 654
633 658
633 682
633 755
633 756
633 805
634 635
634 636
635 636
637 638
637 639
638 639
638 644
638 694
638 699
639 645
640 641
640 642
640 644
640 662
640 694
640 734
640 755
641 642
641 645
641 665
641 755
641 756
641 874
644 645
644 646
644 647
644 648
644 649
644 650
644 651
644 652
644 653
644 745
644 746
645 646
645 647
645 648
645 649
645 650
645 651
645 652
645 745
645 746
646 647
646 648
646 649
646 650
646 651
646 652
646 657
646 745
646 747
646 807
646 820
646 845
646 853
647 648
647 649
647 650
647 651
647 652
647 654
647 745
648 649
648 650
648 651
648 652
649 650
649 651
649 652
650 651
650 652
650 745
651 652
653 654
653 655
653 656
653 657
653 658
653 659
653 660
653 661
653 662
653 664
653 681
653 759
654 655
654 656
654 657
654 658
654 659
654 660
654 661
654 663
654 665
654 682
655 656
655 657
655 658
655 659
655 660
655 661
656 657
656 658
656 659
656 660
656 661
657 658
657 659
657 660
657 661
657 662
657 664
658 659
658 660
658 661
658 663
658 665
658 682
658 700
659 660
659 661
660 661
660 685
662 663
662 664
662 665
662 666
662 667
662 694
663 664
663 665
663 666
663 667
663 681
664 665
664 666
664 667
664 801
664 812
664 866
665 666
665 667
665 710
665 806
665 867
666 667
668 669
668 670
669 670
671 672
671 673
671 674
671 695
671 724
671 764
672 673
672 674
672 769
672 777
673 674
675 676
675 677
675 678
675 679
675 680
676 677
676 678
676 679
676 680
677 678
677 679
677 680
678 679
678 680
679 680
681 682
681 683
681 684
681 685
681 686
681 687
681 688
681 689
681 702
681 759
681 766
681 815
682 682
682 683
682 684
682 685
682 686
682 687
682 688
682 689
682 700
682 703
682 801
682 871
683 684
683 685
683 686
683 687
683 688
683 689
684 685
684 686
684 687
684 688
684 689
685 686
685 687
685 688
685 689
685 791
685 874
686 687
686 688
686 689
687 688
687 689
688 689
688 800
690 691
690 692
690 693
690 694
690 695
691 692
691 693
691 695
691 724
692 693
694 695
694 696
694 697
694 698
694 720
694 819
694 820
695 696
695 697
695 698
695 705
695 721
695 724
695 820
695 821
696 697
696 698
697 698
699 700
699 701
699 702
699 703
699 734
699 739
699 775
699 800
699 866
699 867
699 873
700 701
700 702
700 703
700 735
700 740
700 776
700 867
700 873
700 874
701 702
701 703
702 703
702 765
702 767
702 800
703 760
703 768
704 705
704 706
704 707
704 708
704 709
704 710
705 706
705 707
705 708
705 709
705 710
706 707
706 708
706 709
706 710
706 711
706 712
707 708
707 709
707 710
708 709
708 710
709 710
711 712
711 713
711 716
711 873
712 713
712 717
712 724
714 715
715 764
716 717
716 718
716 719
716 800
717 718
717 719
718 719
718 737
720 721
720 722
720 723
720 745
721 722
721 723
722 723
724 725
724 726
724 728
724 730
725 726
727 728
728 735
729 730
729 731
729 732
729 733
729 734
729 735
729 737
729 779
729 869
730 731
730 732
730 733
730 735
730 780
731 732
731 733
732 733
734 735
734 736
734 737
734 738
734 739
734 745
734 776
734 804
734 805
734 877
735 736
735 737
735 738
735 740
735 746
735 760
735 776
735 804
735 805
735 878
736 737
736 738
737 738
737 777
737 784
737 804
737 805
737 882
739 740
739 741
739 742
739 743
739 744
739 745
739 775
739 815
740 741
740 742
740 743
740 744
740 745
740 746
740 766
740 769
740 776
740 777
740 801
740 805
740 816
741 742
741 743
741 744
741 777
742 743
742 744
743 744
745 746
745 747
745 748
745 749
745 750
745 751
745 752
745 755
745 759
745 763
745 764
745 765
745 766
745 771
745 817
745 831
746 747
746 748
746 749
746 750
746 751
746 752
746 756
746 760
746 764
746 766
746 768
746 769
746 772
746 818
747 748
747 749
747 750
747 769
748 749
748 750
749 750
751 752
751 753
751 754
751 767
751 768
752 753
752 754
753 754
754 767
755 756
755 757
755 758
755 765
755 775
756 757
756 758
757 758
759 760
759 761
759 762
759 764
759 765
759 775
759 806
760 761
760 762
760 763
760 764
760 768
760 771
760 772
761 762
763 764
763 765
763 766
763 767
763 768
763 769
763 770
763 775
763 776
763 800
763 804
764 765
764 766
764 767
764 768
764 769
764 770
764 775
765 766
765 767
765 768
765 769
765 770
765 771
765 775
765 779
765 811
765 817
765 869
766 767
766 768
766 769
766 770
766 771
766 805
767 768
767 769
767 770
767 775
768 769
768 770
768 775
768 776
769 770
769 771
769 776
769 777
769 784
771 772
771 773
771 774
771 775
772 773
772 774
772 776
773 774
775 776
775 777
775 778
775 790
775 853
776 777
776 778
776 791
776 834
777 778
777 791
779 780
779 781
779 782
779 783
780 781
780 782
780 784
780 791
780 805
780 877
780 887
781 782
783 784
783 785
784 785
786 787
786 788
786 789
787 788
787 789
788 789
790 791
790 792
790 793
790 794
790 795
790 800
791 792
791 793
791 794
791 796
791 801
792 793
792 794
793 794
795 796
795 797
795 798
795 799
795 800
795 801
795 804
795 812
795 815
795 817
795 866
796 797
796 798
796 799
796 801
796 804
796 805
796 812
797 798
797 799
798 799
800 801
800 802
800 803
800 804
800 807
800 808
800 812
800 815
800 817
800 835
800 853
800 854
800 857
801 802
801 803
801 805
801 806
801 808
801 812
801 854
802 803
804 805
804 806
804 811
804 815
804 817
804 820
804 833
804 845
804 853
804 869
805 806
805 812
805 817
805 818
805 821
805 846
805 854
805 867
806 811
806 817
806 818
807 808
807 809
807 810
807 815
807 831
807 832
807 833
807 834
807 845
807 850
807 853
808 809
808 810
808 812
808 816
808 832
808 833
808 834
808 845
808 846
808 851
808 854
809 810
811 812
811 813
811 814
811 815
811 816
811 817
811 818
811 819
811 833
811 845
811 853
812 813
812 814
812 815
812 816
812 817
812 818
812 819
812 821
812 842
812 854
813 814
813 815
813 816
813 817
813 818
813 819
814 815
814 816
814 817
814 818
814 819
815 816
815 817
815 818
815 819
815 841
815 845
815 853
816 817
816 818
816 819
816 834
816 854
816 870
817 818
817 819
817 866
817 867
818 819
818 867
820 821
820 822
820 823
821 822
821 823
821 854
822 823
824 825
824 826
824 827
824 828
824 829
824 830
825 826
825 827
825 828
825 829
825 830
825 834
826 827
826 828
826 829
826 830
827 828
827 829
827 830
827 834
828 829
828 830
829 830
831 832
832 834
833 834
833 835
833 845
833 853
834 835
834 837
834 842
836 837
836 838
836 839
836 840
837 838
837 839
837 840
838 839
838 840
839 840
841 842
841 843
841 844
841 854
842 843
842 844
842 854
843 844
845 846
845 847
845 848
845 849
845 850
845 851
845 852
845 854
846 847
846 848
846 849
846 850
846 851
846 852
847 848
847 849
847 850
847 851
847 852
848 849
848 850
848 851
848 852
849 850
849 851
849 852
850 851
850 852
851 852
851 854
853 854
853 855
853 856
853 866
853 869
854 855
854 856
855 856
857 858
857 859
857 860
857 861
857 862
857 863
857 864
857 865
858 859
858 860
858 861
858 862
858 863
858 864
858 865
859 860
859 861
859 862
859 863
859 864
859 865
860 861
860 862
860 863
860 864
860 865
861 862
861 863
861 864
861 865
862 863
862 864
862 865
863 864
863 865
864 865
865 866
865 867
866 867
866 868
866 873
867 868
867 870
867 874
869 870
869 871
869 872
870 871
870 872
871 872
873 874
873 875
873 876
874 875
874 876
875 876
877 878
877 879
877 880
877 881
878 879
878 880
878 881
879 880
879 881
880 881
882 883
882 884
882 885
883 884
883 885
884 885
886 887
886 888
886 889
886 890
887 888
887 889
887 890
888 889
888 890
889 890
