0 1
0 2
0 3
0 4
0 5
0 6
0 299
1 2
1 3
1 4
1 5
1 6
2 3
2 4
2 5
2 6
3 4
3 5
3 6
4 5
4 6
4 1089
5 6
7 8
7 9
7 10
7 11
7 12
7 45
7 46
7 75
7 79
7 1171
7 1227
8 9
8 10
8 11
8 12
8 46
8 64
8 76
8 79
8 80
8 802
9 10
9 11
9 12
9 46
9 76
9 80
9 745
9 801
9 802
10 11
10 12
11 12
13 14
13 15
13 16
13 23
14 15
14 16
15 16
17 18
17 19
17 20
17 21
17 23
18 19
18 221
20 21
20 22
20 23
20 32
20 36
20 39
20 43
20 49
20 73
20 106
20 142
20 143
20 146
20 155
20 156
20 636
20 1059
20 1090
20 1180
21 22
21 23
21 27
21 39
21 43
21 98
21 106
21 142
21 143
21 336
23 24
23 25
23 26
23 32
23 33
23 68
23 69
24 25
26 27
26 28
26 36
26 934
26 938
27 28
27 36
29 30
29 31
29 45
29 507
30 31
32 33
32 34
32 35
32 39
33 34
33 35
34 35
36 37
36 38
36 61
36 79
36 80
36 120
36 155
36 183
36 386
36 717
37 38
37 62
37 79
37 80
37 120
37 184
37 717
37 827
39 40
39 41
39 42
39 45
39 106
39 138
39 190
39 195
39 227
39 345
39 351
39 1059
40 41
40 42
40 44
40 45
40 46
40 143
40 190
40 191
40 306
40 345
40 677
40 678
41 42
43 44
43 192
43 193
43 195
43 227
43 1085
44 113
44 114
44 145
44 195
44 227
44 677
44 1084
45 46
45 47
45 48
45 49
45 50
45 155
45 156
45 157
45 174
46 47
46 48
46 50
46 98
46 151
46 152
46 155
46 156
46 157
46 408
46 409
47 48
49 50
49 51
49 52
49 53
49 54
49 73
49 247
49 1059
49 1125
50 51
50 52
50 53
50 54
50 74
50 104
50 185
50 186
50 247
50 248
50 387
51 52
51 53
51 54
52 53
52 54
53 54
55 56
55 57
55 58
55 59
55 60
55 73
55 151
55 243
55 252
55 258
55 265
55 267
55 268
55 308
55 315
56 57
56 58
56 59
56 60
56 105
56 142
56 259
56 268
56 1154
57 58
57 59
57 60
58 59
58 60
59 60
61 62
61 63
61 79
61 80
61 105
61 116
61 134
62 63
62 69
62 79
62 80
62 135
62 143
62 306
64 105
64 251
64 252
64 274
64 295
64 296
64 1035
65 66
65 67
65 68
65 69
65 73
65 74
65 75
65 76
65 88
65 100
65 101
65 105
65 329
65 484
65 550
65 960
65 962
65 963
65 1227
66 67
66 69
66 73
66 76
66 100
66 101
66 162
66 960
66 962
66 963
68 69
68 70
68 71
68 72
68 104
68 105
68 176
69 70
69 71
69 72
69 104
69 105
70 71
70 72
71 72
72 104
73 74
73 121
73 155
73 240
75 76
75 77
75 78
75 100
75 101
75 595
76 77
76 78
76 101
76 299
76 792
77 78
79 80
79 81
79 82
79 83
79 84
79 85
79 86
79 87
79 88
79 100
79 295
79 717
79 773
79 775
79 776
79 1017
79 1019
80 81
80 82
80 83
80 84
80 85
80 86
80 87
80 88
80 100
80 296
80 1018
80 1019
81 82
81 83
81 84
81 85
81 86
81 87
82 83
82 84
82 85
82 86
82 87
83 84
83 85
83 86
83 87
83 853
83 1265
84 85
84 86
84 87
84 151
84 594
85 86
85 87
85 545
85 595
85 934
86 87
88 89
88 90
88 91
88 92
88 93
88 94
88 95
88 96
88 97
88 100
88 104
88 144
88 145
88 158
88 166
88 279
88 659
88 1017
88 1018
88 1227
89 90
89 91
89 92
89 93
89 94
89 95
89 96
89 97
89 159
90 91
90 92
90 93
90 94
90 95
90 96
90 97
91 92
91 93
91 94
91 95
91 96
91 97
91 1089
92 93
92 94
92 95
92 96
92 97
92 254
93 94
93 95
93 96
93 97
94 95
94 96
94 97
94 490
95 96
95 97
96 97
98 99
98 125
98 155
98 156
100 101
100 102
100 103
100 104
100 124
100 125
100 144
100 145
100 244
100 279
100 329
100 677
100 933
100 983
100 1227
101 102
101 103
101 144
101 145
101 146
101 147
101 162
101 677
102 103
102 330
104 105
104 298
104 484
104 705
104 916
104 1227
104 1272
104 1273
105 106
105 427
105 428
105 484
105 579
105 677
105 877
105 889
105 891
105 892
105 1035
105 1078
106 107
106 108
106 109
106 110
106 111
106 112
106 240
106 295
106 1180
107 108
107 109
107 110
107 111
107 112
107 240
107 315
107 1075
108 109
108 110
108 111
108 112
108 162
108 1071
109 110
109 111
109 112
110 111
110 112
111 112
112 151
112 791
113 114
113 115
113 124
113 125
113 193
113 221
113 1060
113 1104
113 1108
114 115
114 218
115 218
116 117
116 118
116 119
116 120
116 121
116 122
116 123
117 118
117 119
117 120
117 121
117 122
117 123
117 151
117 218
118 119
118 120
118 121
118 122
118 123
118 207
119 120
119 121
119 122
119 123
120 121
120 122
120 123
120 124
120 257
120 791
121 122
121 123
121 220
121 568
122 123
124 125
124 126
124 127
124 128
124 174
124 192
124 193
124 257
124 279
124 281
124 298
124 548
125 126
125 127
125 128
125 192
125 193
125 219
125 282
126 127
126 128
127 128
129 130
129 131
129 132
129 133
129 218
130 131
130 132
130 133
130 218
131 132
131 133
132 133
134 135
134 136
134 137
135 136
135 137
135 348
136 137
136 303
136 304
137 221
138 139
138 140
138 141
138 152
138 157
138 345
138 346
138 347
138 348
138 1171
139 140
139 141
139 155
140 141
142 143
142 155
142 192
142 206
142 1071
143 191
143 193
143 218
143 677
144 145
144 146
144 147
144 148
144 149
144 150
144 152
145 146
145 147
145 148
145 149
145 150
145 152
145 157
146 147
146 148
146 149
146 150
147 148
147 149
147 150
147 156
148 149
148 150
149 150
149 152
151 152
151 153
151 154
151 155
151 156
151 157
151 163
151 198
151 249
151 263
151 1146
152 153
152 154
152 155
152 156
152 157
152 158
153 154
153 155
153 156
153 157
154 155
154 156
154 157
155 156
155 157
155 159
155 162
155 249
155 1059
156 157
157 162
157 196
157 345
157 346
158 159
158 160
159 160
161 162
161 163
161 164
161 165
161 166
161 167
161 168
161 169
162 163
162 164
162 165
162 166
162 167
162 168
162 169
162 180
162 193
162 196
162 240
162 1084
162 1269
163 164
163 165
163 166
163 167
163 168
163 169
163 176
163 192
163 307
164 165
164 166
164 167
164 168
164 169
165 166
165 167
165 168
165 169
166 167
166 168
166 169
167 168
167 169
168 169
170 171
170 172
170 173
170 174
170 175
171 172
171 173
171 174
171 175
172 173
174 175
174 176
174 177
174 178
174 240
174 518
175 176
175 177
175 178
175 238
175 321
175 523
176 177
176 178
176 237
176 238
176 292
176 321
176 420
176 1029
176 1146
177 178
179 180
179 181
179 182
179 187
179 268
179 275
179 1252
180 181
180 182
180 187
180 268
180 1172
181 182
182 254
182 265
183 184
183 251
183 257
183 263
184 243
184 252
184 258
184 259
184 264
184 265
184 268
185 186
185 187
186 315
186 1055
187 188
187 189
187 243
187 244
187 245
187 268
187 1060
187 1064
187 1198
188 189
190 191
190 206
190 408
191 207
191 254
192 193
192 194
192 195
192 196
192 210
192 243
192 1054
192 1099
192 1108
193 194
193 196
193 219
193 308
193 1086
195 196
195 197
195 198
195 199
195 251
195 1131
195 1171
196 197
196 198
196 199
196 1008
197 198
197 199
198 199
200 201
201 1035
202 203
202 204
202 205
202 207
203 204
203 205
204 205
204 221
206 207
206 208
206 209
206 220
206 221
206 227
206 228
206 243
206 301
206 951
206 1126
206 1127
206 1131
206 1151
207 208
207 209
207 211
207 218
207 220
207 233
207 244
207 248
207 287
207 1035
207 1113
207 1146
207 1227
208 209
208 608
210 211
210 212
210 213
210 214
210 215
210 216
210 217
210 219
210 220
210 222
211 212
211 213
211 214
211 215
211 216
211 217
211 219
211 220
211 222
212 213
212 214
212 215
212 216
212 217
213 214
213 215
213 216
213 217
214 215
214 216
214 217
215 216
215 217
216 217
218 219
218 221
218 287
218 677
218 687
218 803
219 220
219 221
219 1075
220 221
220 222
220 568
220 776
220 1099
220 1227
221 222
221 1099
221 1125
222 227
222 228
222 247
222 248
222 327
223 224
223 225
223 226
224 225
224 226
224 774
225 226
227 228
227 229
227 230
227 231
227 325
227 326
227 1035
227 1126
227 1131
227 1171
228 229
228 230
228 231
228 326
228 1031
228 1035
228 1075
228 1089
228 1131
228 1147
228 1154
229 230
229 231
230 231
232 233
232 234
232 235
232 236
233 234
233 235
233 236
233 315
233 1055
234 235
234 236
235 236
237 238
237 239
237 251
237 252
237 254
238 239
238 252
238 308
239 325
240 241
240 242
240 243
240 244
240 298
240 299
240 303
240 933
240 1071
240 1072
240 1074
240 1180
240 1191
241 242
242 303
242 1071
243 244
243 245
243 246
243 257
243 263
243 267
243 268
243 286
243 307
243 1227
244 245
244 246
244 258
244 259
244 263
244 264
244 265
244 286
244 287
244 315
244 336
245 246
247 248
247 249
247 250
247 252
248 249
248 250
248 252
248 330
249 250
249 307
251 252
251 253
251 254
251 255
251 256
251 263
251 264
251 274
251 298
251 301
251 351
251 651
251 659
251 1136
252 253
252 254
252 255
252 256
252 263
252 264
252 301
252 315
252 351
252 659
253 254
253 255
253 256
254 255
254 256
254 263
254 264
254 265
255 256
256 298
256 301
256 303
256 315
256 644
257 258
257 259
257 260
257 261
257 262
257 263
257 301
257 304
257 306
257 644
257 1035
257 1124
257 1171
258 259
258 260
258 261
258 262
258 264
258 265
258 268
258 303
258 545
259 260
259 261
259 262
259 264
259 265
259 267
260 261
260 262
261 262
263 264
263 265
263 266
263 267
263 274
263 275
263 295
263 296
263 307
263 325
263 335
263 336
263 337
263 341
263 368
263 659
263 1031
263 1035
263 1202
264 265
264 266
264 268
264 275
264 296
264 308
264 335
264 368
264 1202
265 266
265 275
265 327
265 335
267 268
267 269
267 274
267 279
267 351
267 1038
268 269
268 275
268 279
268 280
268 1038
268 1039
270 271
270 272
270 273
270 303
271 272
271 273
272 273
272 303
272 1136
274 275
274 276
274 277
274 278
274 279
274 295
274 325
274 326
274 1035
274 1044
275 276
275 277
275 278
275 279
275 280
275 295
275 296
275 299
275 306
275 308
275 326
275 1044
275 1045
276 277
276 278
277 278
279 280
279 281
279 282
279 283
279 284
279 285
279 298
279 299
279 304
279 1055
280 281
280 282
280 283
280 284
280 285
280 299
280 304
281 282
281 283
281 284
281 285
282 283
282 284
282 285
283 284
283 285
284 285
286 287
286 288
286 289
286 290
286 291
286 292
286 293
286 294
286 600
286 607
286 612
287 288
287 289
287 290
287 291
287 292
287 293
287 294
287 299
287 607
288 289
288 290
288 291
288 292
288 293
288 294
288 299
288 303
288 306
289 290
289 291
289 292
289 293
289 294
289 298
289 299
289 301
289 303
289 304
289 306
290 291
290 292
290 293
290 294
291 292
291 293
291 294
292 293
292 294
293 294
295 296
295 298
295 1035
296 1171
296 1172
297 303
297 304
298 299
298 300
298 301
298 302
298 303
298 304
298 305
298 306
298 307
298 308
298 319
298 418
298 452
298 484
298 502
298 705
298 728
298 768
298 1035
298 1123
299 300
299 301
299 302
299 303
299 304
299 305
299 306
299 308
299 314
299 315
299 319
299 320
299 677
299 1126
300 301
300 302
300 303
300 304
300 305
300 306
300 307
301 302
301 303
301 304
301 305
301 306
301 308
301 314
301 319
301 320
301 322
301 325
301 327
301 337
301 504
301 516
301 632
302 303
302 304
302 305
302 306
303 304
303 305
303 306
303 307
303 314
303 315
303 320
303 368
303 1071
303 1074
303 1126
304 305
304 306
304 308
304 315
304 320
304 327
304 1126
305 306
306 308
306 315
306 320
306 327
306 516
306 677
306 1126
306 1186
307 308
307 309
307 310
307 311
307 321
307 325
307 969
307 1085
308 309
308 310
308 311
308 313
308 315
308 326
308 606
308 607
308 1084
309 310
309 311
310 311
312 313
312 345
312 346
312 347
312 348
312 1171
313 315
313 346
313 1172
314 315
314 316
314 317
314 318
314 319
314 320
315 316
315 317
315 318
315 319
315 320
315 322
315 494
315 1140
316 317
316 318
316 319
316 320
317 318
317 319
317 320
318 319
318 320
319 320
321 322
321 323
321 324
321 325
321 326
321 1152
321 1154
321 1227
322 323
322 324
322 326
323 324
325 326
325 327
325 328
325 632
325 969
325 1252
326 327
326 328
326 587
326 613
326 631
326 825
326 827
326 1045
326 1265
327 328
327 631
327 1156
329 330
329 331
329 332
329 333
329 334
329 335
329 337
329 348
329 351
329 352
329 368
329 369
329 370
329 371
329 414
329 491
329 677
329 844
329 1035
329 1191
329 1209
329 1216
330 331
330 332
330 333
330 334
330 336
330 341
330 351
330 352
330 369
330 370
330 371
330 844
330 1035
330 1209
330 1265
331 332
331 333
331 334
331 1108
332 333
332 334
333 334
334 1172
335 336
335 337
335 338
335 339
335 340
335 341
335 345
335 380
335 688
335 1031
335 1035
335 1166
335 1202
336 337
336 338
336 339
336 340
336 341
336 346
336 688
336 689
336 844
336 1203
337 338
337 339
337 340
337 341
337 346
337 688
337 689
337 992
337 1203
338 339
338 340
338 341
339 340
339 341
340 341
340 348
341 346
341 688
341 689
341 1203
342 343
342 344
342 345
342 347
342 1031
343 344
345 346
345 347
345 348
345 349
345 350
345 636
345 819
345 998
345 1035
345 1171
345 1202
346 347
346 348
346 349
346 350
346 636
346 998
346 999
346 1035
346 1036
346 1203
347 348
347 349
347 350
347 1184
348 349
348 350
349 350
351 352
351 353
351 354
351 355
351 356
351 357
351 358
351 359
351 360
351 361
351 362
351 363
351 364
351 365
351 366
351 367
351 368
351 369
351 388
351 395
351 400
351 401
352 353
352 354
352 355
352 356
352 357
352 358
352 359
352 360
352 361
352 362
352 363
352 364
352 365
352 366
352 367
352 368
352 369
352 389
352 396
352 400
352 401
353 354
353 355
353 356
353 357
353 358
353 359
353 360
353 361
353 362
353 363
353 364
353 365
353 366
353 367
353 368
353 369
354 355
354 356
354 357
354 358
354 359
354 360
354 361
354 362
354 363
354 364
354 365
354 366
354 367
354 368
354 369
354 389
354 401
355 356
355 357
355 358
355 359
355 360
355 361
355 362
355 363
355 364
355 365
355 366
355 367
355 368
355 369
355 389
355 395
355 400
355 401
355 679
355 934
356 357
356 358
356 359
356 360
356 361
356 362
356 363
356 364
356 365
356 366
356 367
356 368
356 369
356 389
356 396
356 401
357 358
357 359
357 360
357 361
357 362
357 363
357 364
357 365
357 366
357 367
357 368
357 369
358 359
358 360
358 361
358 362
358 363
358 364
358 365
358 366
358 367
358 368
358 369
359 360
359 361
359 362
359 363
359 364
359 365
359 366
359 367
359 368
359 369
359 389
359 401
360 361
360 362
360 363
360 364
360 365
360 366
360 367
360 368
360 369
361 362
361 363
361 364
361 365
361 366
361 367
361 368
361 369
361 1030
362 363
362 364
362 365
362 366
362 367
362 368
362 369
362 389
362 396
362 401
362 519
363 364
363 365
363 366
363 367
363 368
363 369
364 365
364 366
364 367
364 368
364 369
365 366
365 367
365 368
365 369
365 388
365 400
365 401
366 367
366 368
366 369
367 368
367 369
368 369
368 379
368 386
368 507
369 387
370 371
370 372
370 373
370 374
370 379
370 380
370 1227
371 372
371 373
371 374
371 380
372 373
372 374
373 374
375 376
375 377
375 378
375 379
375 380
375 1252
376 377
376 378
376 380
377 378
379 380
379 518
379 801
379 819
379 969
379 998
379 1205
379 1248
380 386
380 404
380 405
381 382
381 383
381 384
381 385
381 1248
382 383
382 384
382 385
383 384
383 385
384 385
386 387
386 388
386 389
386 390
386 391
386 392
386 393
386 394
386 398
386 400
386 629
386 889
386 1249
387 388
387 389
387 390
387 391
387 392
387 393
387 394
387 401
387 489
387 508
387 1249
388 389
388 390
388 391
388 392
388 393
388 394
388 398
388 848
388 1085
388 1215
388 1248
388 1249
388 1252
389 390
389 391
389 392
389 393
389 394
389 399
389 1249
390 391
390 392
390 393
390 394
391 392
391 393
391 394
392 393
392 394
393 394
393 398
393 861
393 951
393 1248
393 1249
394 399
394 629
394 1249
395 396
395 397
395 398
395 1085
396 397
398 399
398 400
398 401
398 408
398 1014
400 401
400 402
400 403
400 408
400 409
400 413
400 415
401 402
401 403
401 408
401 409
401 414
401 415
401 416
402 403
404 405
404 406
404 407
405 406
405 407
406 407
408 409
408 410
408 411
408 412
408 413
408 414
408 415
408 416
408 418
408 419
408 427
408 507
408 548
408 673
408 677
408 697
408 728
408 1049
408 1090
409 410
409 411
409 412
409 413
409 414
409 416
409 418
409 419
409 428
409 677
409 728
409 1050
409 1091
409 1227
410 411
410 412
411 412
413 414
413 415
413 416
413 417
413 427
413 432
413 732
414 415
414 416
414 417
414 428
414 433
414 732
414 765
415 416
415 417
415 432
416 417
416 433
418 419
418 420
418 421
418 422
418 423
418 424
418 425
418 426
418 427
418 599
418 600
418 1252
419 420
419 421
419 422
419 423
419 424
419 425
419 426
419 428
419 600
419 602
419 607
419 609
419 678
420 421
420 422
420 423
420 424
420 425
420 426
420 717
421 422
421 423
421 424
421 425
421 426
422 423
422 424
422 425
422 426
423 424
423 425
423 426
424 425
424 426
425 426
427 428
427 429
427 430
427 431
427 748
427 749
428 429
428 430
428 431
429 430
429 431
429 769
430 431
430 476
430 749
430 753
432 433
432 655
432 659
432 844
434 435
434 436
434 437
434 438
434 439
434 484
434 518
434 522
434 696
434 699
434 702
434 722
434 769
434 857
434 949
434 951
434 960
434 973
434 983
434 984
435 436
435 437
435 438
435 443
435 453
435 518
435 519
435 700
435 703
435 706
435 858
435 970
435 983
436 437
436 438
437 438
438 973
439 440
439 441
439 518
439 519
439 541
439 692
439 705
439 775
440 441
440 706
442 443
442 444
442 445
442 446
442 447
442 791
443 444
443 445
443 446
443 447
443 674
444 445
444 446
444 447
445 446
445 447
445 679
446 447
448 449
448 450
448 451
448 452
448 453
448 454
448 455
448 456
448 457
448 458
448 459
448 460
448 461
448 462
448 463
448 466
448 467
448 470
448 471
448 473
448 548
448 844
448 845
448 848
448 849
448 854
448 861
449 450
449 451
449 452
449 453
449 454
449 455
449 456
449 457
449 458
449 459
449 461
449 467
449 471
449 474
449 476
450 451
450 452
450 453
450 454
450 455
450 456
450 457
450 458
450 459
451 452
451 453
451 454
451 455
451 456
451 457
451 458
451 459
451 696
452 453
452 454
452 455
452 456
452 457
452 458
452 459
453 454
453 455
453 456
453 457
453 458
453 459
454 455
454 456
454 457
454 458
454 459
454 490
454 561
455 456
455 457
455 458
455 459
456 457
456 458
456 459
457 458
457 459
458 459
458 561
460 461
460 462
460 463
460 464
460 465
460 466
460 467
460 468
460 469
460 470
460 471
460 472
460 473
460 478
460 518
460 522
460 659
460 661
460 673
460 677
460 830
460 834
460 844
460 845
460 848
460 849
460 854
460 861
461 462
461 463
461 464
461 465
461 466
461 467
461 468
461 469
461 470
461 471
461 472
461 474
461 476
461 545
461 831
461 858
462 463
462 464
462 465
462 466
462 467
462 468
462 469
462 470
462 471
462 472
462 473
462 839
462 844
462 853
462 857
462 905
463 464
463 465
463 466
463 467
463 468
463 469
463 470
463 471
463 472
463 476
463 831
463 845
463 866
464 465
464 466
464 467
464 468
464 469
464 470
464 471
464 472
465 466
465 467
465 468
465 469
465 470
465 471
465 472
466 467
466 468
466 469
466 470
466 471
466 472
466 830
466 853
466 865
467 468
467 469
467 470
467 471
467 472
467 831
467 866
468 469
468 470
468 471
468 472
469 470
469 471
469 472
470 471
470 472
470 545
470 830
471 472
471 476
471 545
471 831
473 474
473 475
473 476
473 477
473 844
474 475
474 476
474 477
474 845
474 849
474 854
475 476
475 477
475 748
476 477
476 845
478 479
478 480
478 481
478 482
478 483
478 484
478 490
478 491
478 495
478 518
478 844
478 849
478 1054
478 1152
478 1180
479 480
479 481
479 482
479 483
479 484
479 491
479 519
480 481
480 482
480 483
480 484
481 482
481 483
481 484
481 491
482 483
482 484
483 484
484 495
484 644
484 848
484 857
484 861
484 949
484 1227
485 486
485 487
485 488
485 489
485 490
485 491
485 651
485 791
485 973
486 487
486 488
486 489
486 491
487 488
487 489
488 489
490 491
490 492
490 493
490 494
490 501
490 528
490 636
490 691
490 944
490 1208
490 1215
490 1248
491 492
491 493
491 494
491 495
491 496
491 502
491 536
491 944
491 1216
491 1224
492 493
492 494
493 494
495 496
495 497
495 498
495 499
495 500
495 501
495 502
495 688
495 744
495 748
495 848
495 1180
496 497
496 498
496 499
496 500
496 501
496 502
496 745
497 498
497 499
497 500
497 501
497 502
498 499
498 500
498 501
498 502
499 500
499 501
499 502
500 501
500 502
501 502
503 504
503 505
503 506
504 505
504 506
504 566
504 696
505 506
507 508
507 509
507 510
507 515
507 517
507 518
507 522
507 659
507 673
507 685
507 695
507 697
507 720
507 826
507 1011
508 509
508 510
508 512
508 515
508 516
508 519
508 523
508 529
508 674
508 678
508 686
508 689
508 721
508 762
508 776
508 1012
509 510
509 608
511 512
511 513
511 514
511 518
511 519
511 679
512 513
512 514
512 691
513 514
515 516
515 517
515 602
515 673
515 695
516 517
516 695
518 519
518 520
518 521
518 522
518 532
518 534
518 548
518 561
518 644
518 655
518 659
518 673
518 677
518 691
518 692
518 705
518 807
518 839
518 844
518 849
518 974
518 1008
518 1166
519 520
519 521
519 522
519 523
519 525
519 528
519 529
519 534
519 562
519 674
519 678
519 679
519 688
519 692
519 695
519 696
519 706
519 839
519 849
519 1245
520 521
520 679
522 523
522 524
522 525
522 526
522 527
522 528
522 529
522 530
522 531
522 532
522 533
522 534
522 565
522 572
522 673
522 691
522 692
522 705
522 1008
522 1215
523 524
523 525
523 526
523 527
523 528
523 529
523 530
523 531
523 532
523 533
523 534
523 566
523 572
523 674
523 678
523 691
523 692
523 706
523 774
524 525
524 526
524 527
524 528
524 529
524 530
524 531
524 532
524 533
524 534
525 526
525 527
525 528
525 529
525 530
525 531
525 532
525 533
525 534
525 692
526 527
526 528
526 529
526 530
526 531
526 532
526 533
526 534
527 528
527 529
527 530
527 531
527 532
527 533
527 534
528 529
528 530
528 531
528 532
528 533
528 534
528 673
528 677
528 691
528 692
528 696
529 530
529 531
529 532
529 533
529 534
529 562
529 692
529 695
530 531
530 532
530 533
530 534
531 532
531 533
531 534
532 533
532 534
532 691
532 692
532 871
532 1227
533 534
533 572
534 679
535 536
535 537
535 538
535 844
536 537
536 538
536 678
537 538
539 549
540 541
540 542
540 543
540 544
541 542
541 543
541 544
541 545
541 548
541 549
541 561
541 567
541 830
541 1252
542 543
542 544
542 545
542 549
542 554
542 572
542 833
543 544
545 546
545 547
545 548
545 549
545 562
545 568
545 569
545 613
545 632
545 645
545 652
545 656
545 660
545 662
545 830
545 831
546 547
546 833
548 549
548 594
548 655
548 659
548 773
548 830
549 590
549 645
549 651
549 652
549 656
549 662
549 831
549 833
550 551
550 1262
552 553
552 554
552 555
552 556
552 557
552 558
552 559
552 560
552 590
552 606
553 554
553 555
553 556
553 557
553 558
553 559
553 560
553 561
553 565
553 599
553 612
553 644
553 651
553 652
553 655
553 1253
554 555
554 556
554 557
554 558
554 559
554 560
554 561
554 562
554 566
554 572
554 644
554 651
554 1253
554 1258
555 556
555 557
555 558
555 559
555 560
556 557
556 558
556 559
556 560
557 558
557 559
557 560
558 559
558 560
559 560
561 562
561 563
561 564
561 568
561 572
561 581
561 582
561 594
561 618
561 655
561 688
561 705
561 757
561 805
561 1264
562 563
562 564
562 581
562 582
562 595
562 618
562 705
562 906
562 1166
562 1276
563 564
565 566
565 567
565 568
565 569
565 570
565 606
565 607
565 609
565 645
565 652
565 659
565 661
565 678
565 790
565 807
565 830
566 567
566 568
566 569
566 570
566 582
566 613
566 790
566 808
566 831
566 1181
567 568
567 569
567 570
567 594
568 569
568 570
568 572
568 595
568 626
568 660
568 776
568 795
569 570
571 572
571 573
571 574
571 575
571 576
572 573
572 574
572 575
572 576
572 691
572 692
572 713
573 574
573 575
573 576
574 575
574 576
575 576
577 578
577 599
577 1131
579 580
579 581
579 582
579 583
579 584
579 585
579 586
579 599
579 1136
579 1216
579 1218
580 581
580 582
580 583
580 584
580 585
580 586
580 1216
581 582
581 583
581 584
581 585
581 586
581 652
582 583
582 584
582 585
582 586
582 602
582 656
583 584
583 585
583 586
584 585
584 586
585 586
587 588
587 589
587 590
587 591
587 628
587 629
587 636
587 637
587 659
587 880
587 896
587 897
588 589
590 591
590 592
590 593
590 628
590 697
590 757
591 592
591 593
591 595
591 629
591 698
592 593
594 595
594 596
594 597
594 598
594 600
594 606
594 608
594 612
594 618
594 655
594 659
594 790
594 792
594 794
594 824
594 839
594 933
595 596
595 597
595 598
595 600
595 602
595 613
595 632
595 660
595 790
595 792
595 794
595 795
595 825
596 597
596 598
597 598
599 600
599 601
599 602
599 603
599 604
599 605
599 606
599 607
599 608
599 609
599 612
599 659
599 661
599 683
599 688
599 757
599 973
599 1244
600 601
600 602
600 603
600 604
600 605
600 607
600 613
600 619
600 659
600 662
600 689
600 697
600 1054
601 602
601 603
601 604
601 605
601 606
602 603
602 604
602 605
602 606
602 607
602 609
602 612
602 613
602 619
603 604
603 605
604 605
606 607
606 608
606 609
606 610
606 611
606 612
606 659
606 683
606 757
606 814
606 839
606 844
606 917
607 608
607 609
607 610
607 611
607 613
607 619
607 844
608 609
608 610
608 611
608 612
608 613
608 618
608 631
608 655
608 865
608 1244
609 610
609 611
609 612
609 613
609 619
609 686
609 1244
610 611
612 613
612 614
612 615
612 616
612 617
612 618
612 631
612 655
612 659
612 732
612 757
612 830
612 865
612 905
613 614
613 615
613 616
613 617
613 619
613 660
613 697
613 758
613 1167
613 1193
614 615
614 616
614 617
615 616
615 617
616 617
618 619
618 620
618 621
618 622
618 623
618 624
618 655
619 620
619 621
619 622
619 623
619 624
620 621
620 622
620 623
620 624
621 622
621 623
621 624
622 623
622 624
622 1218
623 624
625 626
625 627
626 627
628 629
628 630
628 644
628 645
628 651
628 652
628 655
628 656
628 659
629 630
629 645
629 1172
631 632
631 633
631 634
631 635
632 633
632 634
632 635
633 634
633 635
634 635
636 637
636 638
636 639
636 640
636 641
636 642
636 643
636 644
636 645
636 651
636 652
636 655
636 656
636 659
637 638
637 639
637 640
637 641
637 642
637 643
637 644
637 645
637 651
637 652
637 656
638 639
638 640
638 641
638 642
638 643
639 640
639 641
639 642
639 643
640 641
640 642
640 643
641 642
641 643
642 643
644 645
644 646
644 647
644 648
644 649
644 650
644 651
644 652
644 653
644 654
644 655
644 656
644 657
644 658
644 659
644 660
644 661
644 662
644 763
644 844
644 1035
644 1099
645 646
645 647
645 648
645 649
645 650
645 651
645 652
645 653
645 654
645 655
645 656
645 657
645 658
645 659
645 660
645 661
645 662
646 647
646 648
646 649
646 650
646 651
646 652
646 653
646 654
646 655
646 656
646 657
646 658
646 659
646 660
647 648
647 649
647 650
647 651
647 652
647 653
647 654
647 655
647 656
647 657
647 658
647 659
647 660
648 649
648 650
648 651
648 652
648 653
648 654
648 655
648 656
648 657
648 658
648 659
648 660
649 650
649 651
649 652
649 653
649 654
649 655
649 656
649 657
649 658
649 659
649 660
650 651
650 652
650 653
650 654
650 655
650 656
650 657
650 658
650 659
650 660
651 652
651 653
651 654
651 655
651 656
651 657
651 658
651 659
651 660
651 661
651 662
651 722
651 763
652 653
652 654
652 655
652 656
652 657
652 658
652 659
652 660
652 661
652 671
653 654
653 655
653 656
653 657
653 658
653 659
653 660
654 655
654 656
654 657
654 658
654 659
654 660
655 656
655 657
655 658
655 659
655 660
655 661
655 670
655 1252
656 657
656 658
656 659
656 660
656 661
656 662
656 671
656 1253
657 658
657 659
657 660
658 659
658 660
659 660
659 661
659 673
659 683
659 844
659 889
659 921
659 1035
659 1047
659 1099
659 1163
660 678
660 706
661 662
661 663
661 664
661 665
661 666
661 667
661 668
661 669
661 670
661 671
661 672
662 663
662 664
662 665
662 666
662 667
662 668
662 669
662 670
662 671
662 672
663 664
663 665
663 666
663 667
663 668
663 669
663 670
663 671
663 672
664 665
664 666
664 667
664 668
664 669
664 670
664 671
664 672
665 666
665 667
665 668
665 669
665 670
665 671
665 672
666 667
666 668
666 669
666 670
666 671
666 672
667 668
667 669
667 670
667 671
667 672
668 669
668 670
668 671
668 672
669 670
669 671
669 672
670 671
670 672
671 672
673 674
673 675
673 676
673 677
673 678
673 679
673 680
673 681
673 682
673 691
673 699
673 705
673 733
673 1158
674 675
674 676
674 677
674 678
674 679
674 680
674 681
674 682
674 686
674 695
674 700
674 706
674 720
674 721
674 934
675 676
675 677
675 678
675 679
675 680
675 681
675 682
676 677
676 678
676 679
676 680
676 681
676 682
676 1136
677 678
677 679
677 680
677 681
677 682
677 699
677 705
677 732
677 733
677 933
677 1054
677 1055
677 1152
677 1208
677 1248
677 1261
677 1263
678 679
678 680
678 681
678 682
678 686
678 692
678 695
678 699
678 703
678 732
678 733
678 933
678 1262
679 680
679 681
679 682
679 686
679 721
679 723
679 739
679 835
679 1086
680 681
680 682
681 682
682 696
683 684
683 685
683 686
683 687
683 844
684 685
684 686
684 687
684 768
684 844
685 686
685 687
685 744
685 1261
685 1263
686 687
686 733
686 745
687 769
688 689
688 690
688 728
688 862
688 983
688 1031
689 690
689 692
689 729
689 774
689 1019
689 1031
689 1172
691 692
691 693
691 694
691 705
691 748
691 775
691 839
692 693
692 694
692 695
692 706
692 774
692 776
692 974
692 1139
693 694
695 696
695 697
695 698
695 700
695 703
695 705
695 706
695 735
696 697
696 699
696 700
696 702
696 703
696 705
696 706
696 733
697 698
697 699
697 700
697 701
697 702
697 703
697 704
697 705
697 732
697 733
697 735
698 699
698 700
698 701
698 702
698 703
698 704
698 733
699 700
699 701
699 702
699 703
699 704
699 705
699 706
699 733
699 736
700 701
700 702
700 703
700 704
700 706
700 733
701 702
701 703
701 704
702 703
702 704
702 705
702 733
702 736
702 1252
703 704
703 706
703 733
703 736
705 706
705 707
705 708
705 709
705 710
705 732
706 707
706 708
706 709
706 711
706 732
706 844
707 708
707 709
708 709
710 711
712 713
712 714
712 715
712 857
713 714
713 715
713 845
713 849
713 854
713 857
714 715
716 717
716 718
716 719
716 1248
717 718
717 719
717 749
717 1054
717 1055
718 719
719 735
720 721
720 722
720 723
720 728
720 729
720 1261
720 1262
720 1263
720 1264
720 1265
721 722
721 723
721 729
721 1262
721 1263
721 1265
722 723
722 1262
722 1264
723 857
724 725
724 726
724 727
724 773
725 726
725 727
726 727
728 729
728 730
728 731
728 773
728 775
728 776
728 790
728 791
728 1264
728 1265
729 730
729 731
729 774
729 776
729 790
729 792
729 1261
730 731
732 733
732 734
732 735
732 736
732 737
732 738
732 767
732 824
732 988
732 1202
732 1215
732 1227
733 734
733 735
733 736
733 745
733 1018
733 1024
734 735
734 736
735 736
736 758
736 831
736 833
737 738
737 739
737 740
737 741
737 742
737 743
738 739
738 740
738 741
738 742
738 743
738 749
739 740
739 741
739 742
739 743
739 748
740 741
740 742
740 743
740 749
741 742
741 743
742 743
744 745
744 746
744 747
744 748
744 749
744 1235
745 746
745 747
745 1236
746 747
748 749
748 750
748 751
748 769
748 775
748 853
748 871
748 933
748 1008
749 750
749 751
749 753
749 1018
749 1019
749 1021
750 751
752 753
752 754
752 755
752 756
752 960
752 983
752 1235
753 754
753 755
753 756
753 815
753 934
753 999
753 1010
753 1018
754 755
754 756
754 1019
754 1021
755 756
757 758
757 759
757 760
757 791
757 807
757 824
757 825
757 831
757 1035
758 759
758 760
758 824
758 825
758 831
759 760
761 762
761 763
761 764
761 765
761 766
761 807
762 763
762 764
762 765
762 766
763 764
763 765
763 766
764 765
764 766
765 766
767 768
767 769
767 770
767 771
767 772
767 773
767 807
767 938
768 769
768 770
768 771
768 772
768 807
768 808
768 928
768 929
768 934
768 950
768 959
769 770
769 771
769 772
769 807
769 808
769 928
769 949
769 950
769 951
769 1023
770 771
770 772
770 928
770 929
770 950
770 952
771 772
773 774
773 775
773 776
773 777
773 778
773 779
773 780
773 781
773 782
773 783
773 784
773 785
773 786
773 787
773 788
773 789
773 944
773 954
774 775
774 776
774 777
774 778
774 779
774 780
774 781
774 782
774 783
774 784
774 785
774 786
774 787
774 788
774 789
774 790
774 795
774 808
774 825
774 938
774 1009
774 1269
775 776
775 777
775 778
775 779
775 780
775 781
775 782
775 783
775 784
775 785
775 786
775 787
775 788
775 789
775 824
775 825
775 839
775 1009
775 1235
776 777
776 778
776 779
776 780
776 781
776 782
776 783
776 784
776 785
776 786
776 787
776 788
776 789
776 965
776 992
776 1008
776 1009
776 1235
776 1236
777 778
777 779
777 780
777 781
777 782
777 783
777 784
777 785
777 786
777 787
777 788
777 789
778 779
778 780
778 781
778 782
778 783
778 784
778 785
778 786
778 787
778 788
778 789
779 780
779 781
779 782
779 783
779 784
779 785
779 786
779 787
779 788
779 789
780 781
780 782
780 783
780 784
780 785
780 786
780 787
780 788
780 789
780 857
781 782
781 783
781 784
781 785
781 786
781 787
781 788
781 789
782 783
782 784
782 785
782 786
782 787
782 788
782 789
783 784
783 785
783 786
783 787
783 788
783 789
784 785
784 786
784 787
784 788
784 789
785 786
785 787
785 788
785 789
786 787
786 788
786 789
787 788
787 789
788 789
789 933
790 791
790 792
790 793
790 795
790 799
790 808
790 825
791 792
791 793
791 794
791 1009
792 793
792 794
792 795
794 795
794 796
794 797
794 798
794 807
794 824
794 826
795 796
795 797
795 798
795 807
795 824
795 825
796 797
796 798
797 798
799 800
800 992
801 802
801 803
801 804
801 805
801 806
801 807
801 808
801 1216
802 803
802 804
802 805
802 806
802 807
803 804
803 805
803 806
804 805
804 806
805 806
805 1253
805 1258
806 807
807 808
807 809
807 810
807 811
807 819
807 820
807 830
807 954
807 965
807 1227
807 1281
808 809
808 810
808 811
808 812
808 824
808 825
808 963
809 810
809 811
810 811
811 831
812 813
814 815
814 816
814 817
814 818
814 819
814 820
814 821
814 822
814 823
814 848
814 861
814 862
814 1180
815 816
815 817
815 818
815 819
815 820
815 821
815 822
815 823
815 845
815 848
815 849
815 854
815 861
816 817
816 818
816 819
816 820
816 821
816 822
816 823
817 818
817 819
817 820
817 821
817 822
817 823
818 819
818 820
818 821
818 822
818 823
819 820
819 821
819 822
819 823
819 944
819 1060
819 1215
819 1216
819 1218
820 821
820 822
820 823
820 1228
821 822
821 823
822 823
822 984
824 825
824 826
824 827
825 826
825 827
825 839
825 1049
826 827
826 828
826 829
827 828
827 829
827 831
828 829
830 831
830 832
830 833
830 848
830 949
830 1030
831 832
831 833
831 835
831 840
831 848
831 858
832 833
833 835
833 839
833 1168
834 835
834 836
834 837
834 838
834 848
834 857
835 836
835 837
835 838
835 1105
836 837
836 838
837 838
839 840
839 841
839 842
839 843
839 848
839 853
839 944
839 945
839 983
839 1227
840 841
840 842
840 843
840 945
840 983
841 842
841 843
842 843
844 845
844 846
844 847
844 848
844 849
844 850
844 851
844 852
844 853
844 854
844 855
844 856
844 857
844 858
844 859
844 860
844 861
844 862
844 863
844 864
844 865
844 871
844 872
844 905
844 945
844 949
844 1227
845 846
845 847
845 848
845 849
845 850
845 851
845 852
845 853
845 854
845 855
845 856
845 857
845 858
845 859
845 860
845 861
845 862
845 863
845 864
845 865
845 866
845 871
845 872
845 873
845 897
845 906
845 909
845 945
846 847
846 848
846 849
846 850
846 851
846 852
846 853
846 854
846 855
846 856
846 857
846 858
846 859
846 860
846 861
846 862
846 863
846 864
847 848
847 849
847 850
847 851
847 852
847 853
847 854
847 855
847 856
847 857
847 858
847 859
847 860
847 861
847 862
847 863
847 864
848 849
848 850
848 851
848 852
848 853
848 854
848 855
848 856
848 857
848 858
848 859
848 860
848 861
848 862
848 863
848 864
848 865
848 866
848 871
848 905
848 906
848 909
848 944
849 850
849 851
849 852
849 853
849 854
849 855
849 856
849 857
849 858
849 859
849 860
849 861
849 862
849 863
849 864
849 865
849 866
849 871
849 872
849 906
849 910
850 851
850 852
850 853
850 854
850 855
850 856
850 857
850 858
850 859
850 860
850 861
850 862
850 863
850 864
851 852
851 853
851 854
851 855
851 856
851 857
851 858
851 859
851 860
851 861
851 862
851 863
851 864
852 853
852 854
852 855
852 856
852 857
852 858
852 859
852 860
852 861
852 862
852 863
852 864
853 854
853 855
853 856
853 857
853 858
853 859
853 860
853 861
853 862
853 863
853 864
853 865
853 905
853 944
854 855
854 856
854 857
854 858
854 859
854 860
854 861
854 862
854 863
854 864
854 866
854 872
854 905
854 906
854 909
854 910
855 856
855 857
855 858
855 859
855 860
855 861
855 862
855 863
855 864
856 857
856 858
856 859
856 860
856 861
856 862
856 863
856 864
857 858
857 859
857 860
857 861
857 862
857 863
857 864
857 865
857 866
857 905
857 906
857 951
857 973
858 859
858 860
858 861
858 862
858 863
858 864
858 866
858 910
858 933
858 934
858 945
859 860
859 861
859 862
859 863
859 864
860 861
860 862
860 863
860 864
861 862
861 863
861 864
861 865
861 866
861 894
861 905
861 906
861 909
861 928
861 949
861 951
862 863
862 864
862 865
862 866
862 906
862 944
863 864
864 1008
865 866
865 867
865 868
865 869
865 870
865 905
866 867
866 868
866 869
866 870
866 906
867 868
867 869
867 870
868 869
868 870
869 870
871 872
871 873
871 874
871 875
871 876
871 905
871 906
871 1227
872 873
872 874
872 875
872 876
872 905
872 906
873 874
873 875
873 876
873 905
873 906
874 875
874 876
875 876
877 878
877 879
877 880
877 881
877 882
877 883
877 884
877 885
877 886
877 887
877 888
877 889
877 894
878 879
878 880
878 881
878 882
878 883
878 884
878 885
878 886
878 887
878 888
878 890
879 880
879 881
879 882
879 883
879 884
879 885
879 886
879 887
879 888
879 894
880 881
880 882
880 883
880 884
880 885
880 886
880 887
880 888
881 882
881 883
881 884
881 885
881 886
881 887
881 888
882 883
882 884
882 885
882 886
882 887
882 888
883 884
883 885
883 886
883 887
883 888
883 894
884 885
884 886
884 887
884 888
885 886
885 887
885 888
886 887
886 888
887 888
887 894
889 890
889 891
889 892
889 893
889 894
889 895
889 896
889 905
889 911
889 1227
890 891
890 892
890 893
890 894
890 895
890 897
890 906
890 911
890 912
891 892
891 893
891 894
891 895
892 893
892 894
892 895
893 894
893 895
894 895
894 898
894 911
894 912
894 914
895 897
895 912
896 897
896 898
896 899
896 900
897 898
897 899
897 900
897 912
897 918
897 933
897 938
898 899
898 900
899 900
901 902
901 903
901 904
901 1054
902 903
902 904
903 904
905 906
905 907
905 908
905 909
905 910
905 945
906 907
906 908
906 909
906 910
906 922
906 925
906 945
906 1024
907 908
907 909
907 910
908 909
908 910
909 910
909 1171
911 912
911 913
911 914
911 915
911 916
912 913
912 914
912 915
912 916
913 914
913 915
913 916
914 915
914 916
915 916
917 918
917 919
917 920
917 1008
918 919
918 920
918 933
918 934
918 938
918 1008
919 920
921 922
921 923
921 924
921 925
921 926
921 927
921 934
921 1227
922 923
922 924
922 925
922 926
922 927
922 931
922 933
922 934
922 938
922 1228
923 924
923 925
923 926
923 927
924 925
924 926
924 927
925 926
925 927
925 929
925 938
926 927
926 931
926 1258
927 1253
928 929
928 930
928 931
928 932
928 949
929 930
929 931
929 932
929 949
929 950
929 952
929 969
929 974
929 982
929 998
930 931
930 932
931 932
931 979
931 980
931 983
931 984
933 934
933 935
933 936
933 937
933 938
933 939
933 943
933 944
933 1009
933 1023
933 1025
934 935
934 936
934 937
934 938
934 939
934 940
934 1026
935 936
935 937
935 938
935 939
936 937
936 938
936 939
937 938
937 939
937 1025
938 939
938 941
938 1023
938 1026
940 941
940 942
940 943
941 942
941 943
942 943
943 1025
944 945
944 946
944 947
944 948
944 949
944 951
944 952
944 954
945 946
945 947
945 948
945 949
945 950
945 952
945 955
946 947
946 948
947 948
949 950
949 951
949 952
949 969
949 1025
949 1227
950 952
950 955
950 1018
950 1024
950 1026
951 952
951 953
951 954
951 1025
952 953
952 1024
952 1026
952 1228
954 955
954 956
954 957
954 958
954 959
955 956
955 957
955 958
955 959
956 957
956 958
956 959
957 958
957 959
958 959
960 961
960 962
960 963
961 962
961 963
962 963
964 965
964 966
965 966
966 1261
967 968
968 974
968 1228
969 970
969 971
969 972
969 973
969 983
970 971
970 972
970 983
970 984
971 972
973 974
973 975
973 976
973 977
973 978
973 983
974 975
974 976
974 977
974 978
974 979
974 980
974 982
974 983
975 976
975 977
975 978
976 977
976 978
977 978
978 1075
979 980
979 981
979 982
979 983
979 984
979 1227
980 981
980 982
980 983
980 984
981 982
983 984
983 985
983 986
983 987
983 1035
984 985
984 986
984 987
984 997
985 986
985 987
986 987
988 989
988 990
988 991
988 1008
989 990
989 991
989 1008
990 991
992 993
992 994
992 995
992 996
992 997
992 998
992 1005
992 1008
992 1260
993 994
993 995
993 996
993 997
993 999
993 1006
993 1008
994 995
994 996
994 997
995 996
995 997
996 997
996 1055
998 999
998 1000
998 1001
998 1002
999 1000
999 1001
999 1002
999 1008
1000 1001
1000 1002
1001 1002
1003 1004
1003 1005
1003 1006
1003 1007
1004 1005
1004 1006
1004 1007
1005 1006
1005 1007
1006 1007
1006 1008
1009 1010
1009 1011
1009 1012
1009 1013
1009 1014
1009 1015
1009 1016
1009 1017
1009 1019
1009 1021
1010 1011
1010 1012
1010 1013
1010 1014
1010 1015
1010 1016
1010 1018
1010 1019
1011 1012
1011 1013
1011 1014
1011 1015
1011 1016
1012 1013
1012 1014
1012 1015
1012 1016
1012 1072
1013 1014
1013 1015
1013 1016
1014 1015
1014 1016
1015 1016
1015 1019
1015 1021
1017 1018
1017 1019
1017 1020
1017 1021
1017 1022
1018 1019
1018 1020
1018 1021
1018 1022
1018 1227
1018 1264
1019 1020
1019 1021
1019 1022
1020 1021
1020 1022
1021 1022
1021 1054
1023 1024
1023 1025
1023 1026
1023 1027
1023 1028
1023 1029
1023 1035
1023 1126
1024 1025
1024 1026
1024 1027
1024 1028
1024 1029
1024 1035
1024 1036
1024 1137
1025 1026
1025 1027
1025 1028
1025 1029
1026 1027
1026 1028
1026 1029
1027 1028
1027 1029
1028 1029
1030 1031
1030 1032
1030 1033
1030 1034
1030 1035
1030 1036
1030 1037
1030 1104
1030 1146
1030 1147
1030 1163
1030 1191
1030 1248
1031 1032
1031 1033
1031 1034
1031 1035
1031 1036
1031 1037
1031 1137
1031 1146
1031 1147
1031 1154
1031 1194
1032 1033
1032 1034
1032 1035
1032 1036
1032 1037
1033 1034
1033 1035
1033 1036
1033 1037
1034 1035
1034 1036
1034 1037
1035 1036
1035 1037
1035 1071
1035 1075
1035 1085
1035 1126
1035 1146
1035 1147
1035 1191
1035 1227
1035 1248
1036 1037
1036 1039
1036 1055
1036 1072
1036 1074
1036 1075
1036 1147
1036 1191
1038 1039
1038 1040
1038 1041
1038 1042
1038 1043
1038 1146
1039 1040
1039 1041
1039 1042
1039 1043
1039 1055
1039 1152
1040 1041
1040 1042
1040 1043
1041 1042
1041 1043
1041 1154
1042 1043
1042 1146
1044 1045
1044 1046
1045 1046
1047 1048
1047 1049
1047 1050
1047 1051
1047 1052
1047 1053
1047 1055
1047 1127
1048 1049
1048 1050
1048 1051
1048 1052
1048 1053
1048 1126
1048 1127
1049 1050
1049 1051
1049 1052
1049 1053
1049 1060
1049 1141
1050 1051
1050 1052
1050 1053
1050 1060
1050 1075
1050 1126
1050 1127
1050 1141
1050 1152
1051 1052
1051 1053
1052 1053
1054 1055
1054 1056
1054 1057
1054 1058
1054 1060
1054 1065
1054 1068
1054 1090
1054 1091
1054 1126
1054 1141
1054 1142
1055 1056
1055 1057
1055 1058
1055 1060
1055 1065
1055 1069
1055 1075
1055 1084
1055 1090
1055 1091
1055 1141
1055 1142
1055 1152
1056 1057
1056 1058
1057 1058
1059 1060
1059 1061
1059 1062
1059 1063
1059 1126
1060 1061
1060 1062
1060 1063
1060 1067
1060 1068
1060 1069
1060 1119
1060 1123
1060 1137
1061 1062
1061 1063
1062 1063
1064 1065
1064 1066
1064 1067
1064 1068
1064 1069
1064 1070
1065 1066
1065 1067
1065 1068
1065 1069
1065 1070
1066 1067
1066 1068
1066 1069
1066 1070
1067 1068
1067 1069
1067 1070
1068 1069
1068 1070
1068 1141
1069 1070
1069 1141
1071 1072
1071 1073
1071 1074
1071 1075
1071 1076
1071 1077
1071 1078
1071 1139
1071 1183
1072 1073
1072 1074
1072 1075
1072 1076
1072 1077
1072 1078
1072 1089
1072 1137
1073 1074
1073 1075
1073 1076
1073 1077
1073 1078
1074 1075
1074 1076
1074 1077
1074 1078
1074 1131
1074 1136
1074 1146
1074 1158
1074 1171
1075 1076
1075 1077
1075 1078
1075 1084
1075 1139
1075 1140
1075 1158
1075 1192
1076 1077
1076 1078
1077 1078
1078 1089
1078 1265
1079 1080
1079 1081
1079 1082
1079 1083
1079 1085
1080 1081
1080 1082
1080 1083
1080 1085
1080 1086
1080 1109
1081 1082
1081 1083
1082 1083
1084 1085
1084 1086
1084 1087
1084 1088
1084 1089
1084 1099
1084 1100
1085 1086
1085 1087
1085 1088
1085 1089
1085 1099
1085 1100
1085 1227
1086 1087
1086 1088
1086 1089
1086 1096
1086 1099
1086 1101
1087 1088
1087 1089
1088 1089
1089 1099
1089 1101
1089 1103
1089 1128
1090 1091
1090 1092
1090 1093
1090 1094
1090 1095
1090 1096
1090 1097
1090 1098
1090 1099
1090 1100
1090 1101
1090 1102
1090 1103
1090 1104
1090 1108
1091 1092
1091 1093
1091 1094
1091 1095
1091 1096
1091 1097
1091 1098
1091 1099
1091 1100
1091 1101
1091 1102
1091 1103
1092 1093
1092 1094
1092 1095
1092 1096
1092 1097
1092 1098
1092 1099
1092 1100
1092 1101
1092 1102
1092 1103
1093 1094
1093 1095
1093 1096
1093 1097
1093 1098
1093 1099
1093 1100
1093 1101
1093 1102
1093 1103
1094 1095
1094 1096
1094 1097
1094 1098
1094 1099
1094 1100
1094 1101
1094 1102
1094 1103
1095 1096
1095 1097
1095 1098
1095 1099
1095 1100
1095 1101
1095 1102
1095 1103
1095 1104
1095 1105
1095 1108
1095 1109
1096 1097
1096 1098
1096 1099
1096 1100
1096 1101
1096 1102
1096 1103
1097 1098
1097 1099
1097 1100
1097 1101
1097 1102
1097 1103
1098 1099
1098 1100
1098 1101
1098 1102
1098 1103
1099 1100
1099 1101
1099 1102
1099 1103
1099 1104
1099 1105
1099 1108
1099 1109
1100 1101
1100 1102
1100 1103
1100 1105
1100 1109
1101 1102
1101 1103
1102 1103
1104 1105
1104 1106
1104 1107
1104 1108
1104 1109
1104 1110
1104 1111
1104 1112
1104 1113
1105 1106
1105 1107
1105 1108
1105 1109
1105 1110
1105 1111
1105 1112
1105 1113
1105 1119
1105 1124
1105 1142
1106 1107
1106 1108
1106 1109
1106 1110
1106 1111
1106 1112
1106 1113
1107 1108
1107 1109
1107 1110
1107 1111
1107 1112
1107 1113
1108 1109
1108 1110
1108 1111
1108 1112
1108 1113
1109 1110
1109 1111
1109 1112
1109 1113
1109 1225
1110 1111
1110 1112
1110 1113
1111 1112
1111 1113
1112 1113
1114 1115
1114 1116
1114 1117
1114 1118
1114 1119
1114 1120
1114 1121
1114 1122
1115 1116
1115 1117
1115 1118
1115 1119
1115 1120
1115 1121
1115 1122
1116 1117
1116 1118
1116 1119
1116 1120
1116 1121
1116 1122
1117 1118
1117 1119
1117 1120
1117 1121
1117 1122
1118 1119
1118 1120
1118 1121
1118 1122
1119 1120
1119 1121
1119 1122
1120 1121
1120 1122
1120 1126
1121 1122
1123 1124
1123 1125
1124 1125
1126 1127
1126 1128
1126 1129
1126 1130
1126 1131
1126 1136
1126 1141
1127 1128
1127 1129
1127 1130
1127 1131
1127 1136
1127 1137
1127 1140
1127 1141
1128 1129
1128 1130
1129 1130
1131 1132
1131 1133
1131 1134
1131 1135
1131 1136
1131 1146
1131 1153
1132 1133
1132 1134
1132 1135
1132 1137
1132 1152
1133 1134
1133 1135
1134 1135
1136 1137
1136 1138
1136 1139
1136 1140
1136 1146
1136 1153
1136 1166
1137 1138
1137 1139
1137 1140
1137 1152
1137 1172
1137 1185
1138 1139
1138 1140
1139 1140
1141 1142
1141 1143
1141 1144
1141 1145
1142 1143
1142 1144
1142 1145
1143 1144
1143 1145
1144 1145
1146 1147
1146 1148
1146 1149
1146 1150
1146 1153
1146 1154
1146 1180
1146 1191
1147 1148
1147 1149
1147 1150
1147 1152
1147 1154
1147 1171
1148 1149
1148 1150
1149 1150
1151 1152
1151 1153
1151 1154
1151 1155
1151 1156
1151 1157
1152 1153
1152 1154
1152 1155
1152 1156
1152 1157
1152 1175
1152 1180
1153 1154
1153 1155
1153 1156
1153 1157
1154 1155
1154 1156
1154 1157
1154 1159
1154 1165
1155 1156
1155 1157
1156 1157
1158 1159
1158 1160
1158 1161
1158 1162
1159 1160
1159 1161
1159 1162
1160 1161
1160 1162
1161 1162
1163 1164
1163 1165
1164 1165
1166 1167
1166 1168
1166 1169
1166 1170
1166 1171
1167 1168
1167 1169
1167 1170
1168 1169
1168 1170
1169 1170
1171 1172
1171 1173
1171 1174
1171 1175
1171 1176
1171 1177
1171 1178
1171 1179
1171 1180
1172 1173
1172 1174
1172 1175
1172 1176
1172 1177
1172 1178
1172 1179
1172 1180
1172 1181
1173 1174
1173 1175
1173 1176
1173 1177
1173 1178
1173 1179
1174 1175
1174 1176
1174 1177
1174 1178
1174 1179
1175 1176
1175 1177
1175 1178
1175 1179
1176 1177
1176 1178
1176 1179
1177 1178
1177 1179
1178 1179
1180 1181
1180 1182
1180 1183
1180 1184
1180 1185
1180 1227
1181 1182
1181 1183
1182 1183
1184 1185
1184 1186
1184 1187
1184 1188
1184 1189
1184 1190
1185 1186
1185 1187
1185 1188
1185 1189
1185 1190
1186 1187
1186 1188
1186 1189
1186 1190
1187 1188
1187 1189
1187 1190
1188 1189
1188 1190
1189 1190
1191 1192
1191 1193
1191 1194
1191 1195
1191 1196
1192 1193
1192 1194
1192 1195
1192 1196
1193 1194
1193 1195
1193 1196
1194 1195
1194 1196
1195 1196
1197 1198
1197 1199
1197 1200
1197 1201
1198 1199
1198 1200
1198 1201
1199 1200
1199 1201
1199 1253
1199 1258
1200 1201
1202 1203
1202 1204
1202 1205
1202 1206
1202 1207
1202 1208
1202 1209
1202 1210
1202 1211
1202 1212
1202 1213
1202 1214
1202 1215
1202 1216
1202 1261
1203 1204
1203 1205
1203 1206
1203 1207
1203 1208
1203 1209
1203 1210
1203 1211
1203 1212
1203 1213
1203 1214
1204 1205
1204 1206
1204 1207
1204 1208
1204 1209
1204 1210
1204 1211
1204 1212
1204 1213
1204 1214
1205 1206
1205 1207
1205 1208
1205 1209
1205 1210
1205 1211
1205 1212
1205 1213
1205 1214
1205 1264
1206 1207
1206 1208
1206 1209
1206 1210
1206 1211
1206 1212
1206 1213
1206 1214
1207 1208
1207 1209
1207 1210
1207 1211
1207 1212
1207 1213
1207 1214
1208 1209
1208 1210
1208 1211
1208 1212
1208 1213
1208 1214
1209 1210
1209 1211
1209 1212
1209 1213
1209 1214
1210 1211
1210 1212
1210 1213
1210 1214
1211 1212
1211 1213
1211 1214
1212 1213
1212 1214
1213 1214
1215 1216
1215 1217
1215 1218
1215 1219
1215 1220
1215 1221
1215 1222
1215 1223
1215 1224
1215 1225
1215 1226
1215 1227
1215 1248
1215 1261
1215 1268
1216 1217
1216 1218
1216 1219
1216 1220
1216 1221
1216 1222
1216 1223
1216 1224
1216 1225
1216 1226
1216 1228
1216 1260
1216 1261
1216 1262
1216 1263
1216 1265
1216 1268
1216 1269
1217 1218
1217 1219
1217 1220
1217 1221
1217 1222
1217 1223
1217 1224
1217 1225
1217 1226
1218 1219
1218 1220
1218 1221
1218 1222
1218 1223
1218 1224
1218 1225
1218 1226
1218 1258
1218 1261
1218 1268
1218 1269
1219 1220
1219 1221
1219 1222
1219 1223
1219 1224
1219 1225
1219 1226
1220 1221
1220 1222
1220 1223
1220 1224
1220 1225
1220 1226
1221 1222
1221 1223
1221 1224
1221 1225
1221 1226
1222 1223
1222 1224
1222 1225
1222 1226
1223 1224
1223 1225
1223 1226
1224 1225
1224 1226
1225 1226
1227 1228
1227 1229
1227 1230
1227 1231
1227 1232
1227 1248
1228 1229
1228 1230
1228 1231
1229 1230
1229 1231
1230 1231
1232 1233
1232 1234
1233 1234
1235 1236
1235 1237
1235 1238
1235 1239
1235 1240
1235 1241
1235 1242
1235 1243
1236 1237
1236 1238
1236 1239
1236 1240
1236 1241
1236 1242
1236 1243
1237 1238
1237 1239
1237 1240
1237 1241
1237 1242
1237 1243
1238 1239
1238 1240
1238 1241
1238 1242
1238 1243
1239 1240
1239 1241
1239 1242
1239 1243
1240 1241
1240 1242
1240 1243
1241 1242
1241 1243
1242 1243
1244 1245
1244 1246
1244 1247
1245 1246
1245 1247
1246 1247
1248 1249
1248 1250
1248 1251
1248 1252
1248 1253
1248 1254
1248 1255
1248 1256
1248 1257
1248 1258
1248 1259
1248 1260
1249 1250
1249 1251
1249 1252
1249 1253
1249 1254
1249 1255
1249 1256
1249 1257
1249 1258
1249 1259
1249 1260
1250 1251
1250 1252
1250 1253
1250 1254
1250 1255
1250 1256
1250 1257
1250 1258
1250 1259
1250 1260
1251 1252
1251 1253
1251 1254
1251 1255
1251 1256
1251 1257
1251 1258
1251 1259
1251 1260
1252 1253
1252 1254
1252 1255
1252 1256
1252 1257
1252 1258
1252 1259
1252 1260
1253 1254
1253 1255
1253 1256
1253 1257
1253 1258
1253 1259
1253 1260
1254 1255
1254 1256
1254 1257
1254 1258
1254 1259
1254 1260
1255 1256
1255 1257
1255 1258
1255 1259
1255 1260
1256 1257
1256 1258
1256 1259
1256 1260
1257 1258
1257 1259
1257 1260
1258 1259
1258 1260
1258 1265
1259 1260
1259 1264
1261 1262
1261 1263
1261 1264
1261 1265
1261 1266
1261 1267
1261 1268
1261 1269
1262 1263
1262 1264
1262 1265
1262 1266
1262 1267
1262 1268
1262 1269
1263 1264
1263 1265
1263 1266
1263 1267
1263 1269
1264 1265
1264 1266
1264 1267
1264 1268
1264 1269
1265 1266
1265 1267
1265 1269
1266 1267
1268 1269
1268 1270
1268 1271
1269 1270
1269 1271
1270 1271
1272 1273
1272 1274
1272 1275
1273 1274
1273 1275
1274 1275
1276 1277
1276 1278
1276 1279
1276 1280
1277 1278
1277 1279
1277 1280
1278 1279
1278 1280
1279 1280
1281 1282
1281 1283
1281 1284
1281 1285
1282 1283
1282 1284
1282 1285
1283 1284
1283 1285
1284 1285
