0 1
0 2
0 3
0 4
0 5
0 6
0 7
0 11
0 20
0 21
0 377
0 400
1 2
1 3
1 4
1 5
1 6
1 14
1 15
1 34
1 575
1 625
2 3
2 4
2 5
2 6
2 15
2 30
2 526
3 4
5 6
5 7
5 8
5 9
5 10
5 14
5 20
5 30
6 7
6 8
6 9
6 11
6 15
6 16
6 17
6 21
6 27
6 31
6 613
7 8
7 9
7 11
7 15
7 31
8 9
10 11
10 12
10 13
10 20
10 21
10 24
10 25
10 26
10 38
11 12
11 13
11 21
11 38
11 39
12 13
14 15
14 34
14 612
15 35
16 17
16 18
16 19
16 20
16 24
16 30
17 18
17 19
17 20
17 21
17 25
17 31
18 19
20 21
20 22
20 23
20 24
20 25
20 26
20 30
20 31
20 37
20 60
20 64
21 22
21 23
21 27
21 31
21 38
21 39
21 60
21 61
22 23
24 25
24 26
24 27
24 28
24 29
24 30
24 31
25 26
25 27
25 28
25 29
25 31
26 27
26 28
26 29
26 30
27 28
27 29
27 31
27 625
28 29
30 31
30 32
30 33
31 32
31 33
32 33
34 35
34 36
34 345
34 402
34 426
34 575
34 625
35 36
35 345
35 406
35 601
35 626
37 38
37 39
37 40
37 41
37 42
37 46
37 47
37 59
37 150
37 253
37 625
38 39
38 40
38 41
38 42
38 59
38 253
38 254
39 40
39 41
39 42
39 254
40 41
40 42
41 42
43 44
43 45
43 64
44 45
44 46
44 47
46 47
46 48
46 49
46 50
46 54
46 59
47 48
47 49
47 50
47 51
47 54
47 55
48 49
50 51
50 52
50 53
51 52
51 53
51 59
52 53
54 55
54 56
54 57
54 58
55 56
55 57
55 58
55 59
56 57
56 58
57 58
60 61
60 62
60 63
60 64
60 65
60 230
60 625
61 62
61 63
61 64
61 65
61 230
61 625
61 626
62 63
64 65
64 66
64 67
64 230
64 625
65 66
65 67
65 230
65 625
65 626
66 67
68 69
68 70
68 71
68 72
68 514
68 561
68 566
69 70
69 71
69 72
69 514
69 515
69 561
69 562
70 71
70 72
71 72
73 74
73 75
73 76
73 79
73 80
73 83
73 84
73 114
73 553
73 556
73 625
74 75
74 76
74 80
74 83
74 84
74 85
74 88
74 115
74 557
74 625
74 626
75 76
77 78
77 85
77 596
77 597
79 80
79 81
79 82
79 83
79 84
79 561
79 566
79 567
80 81
80 82
80 83
80 84
80 85
80 562
80 567
81 82
81 83
82 83
83 561
83 562
83 567
84 85
84 86
84 87
84 625
85 86
85 87
85 106
86 87
88 89
88 90
88 91
88 445
88 525
88 526
89 90
89 91
90 91
92 93
92 94
92 95
92 143
92 144
92 625
93 94
93 95
93 96
93 144
93 625
93 626
95 96
95 97
95 98
95 99
95 100
95 101
95 202
95 211
95 212
95 213
96 97
96 98
96 99
96 100
96 101
97 98
97 99
97 100
97 101
98 99
98 100
98 101
99 100
99 101
100 101
102 103
102 104
102 105
102 106
103 104
103 106
105 106
105 107
105 108
105 109
105 625
106 107
106 108
106 110
107 108
109 110
109 111
109 112
109 113
109 137
109 138
109 139
109 143
109 144
109 150
109 151
109 625
110 111
110 112
110 113
110 137
110 138
110 144
110 151
110 625
110 626
111 112
111 113
112 113
114 115
114 116
114 117
114 156
114 169
114 212
114 263
114 301
114 353
114 354
114 406
114 413
114 437
114 596
114 597
114 621
114 625
115 116
115 117
115 302
115 354
115 403
115 406
115 414
115 597
115 620
116 117
118 119
118 120
118 156
118 262
118 263
118 347
119 120
119 263
121 122
121 123
121 124
121 125
121 126
121 156
121 159
121 164
121 173
121 212
121 226
121 256
121 262
122 123
122 124
122 125
122 126
122 155
122 157
122 160
122 161
122 165
122 175
122 197
123 124
123 125
123 126
124 125
124 126
125 126
127 128
127 129
127 130
127 156
127 159
127 164
127 173
127 196
127 212
127 256
128 129
128 130
128 155
128 157
128 160
128 161
128 174
128 175
128 197
128 227
129 130
131 132
131 133
131 134
131 137
131 138
131 413
132 133
132 134
132 138
132 144
133 134
135 136
135 137
135 138
135 553
135 554
135 596
136 406
136 597
137 138
137 139
137 146
137 150
137 438
137 553
137 554
138 140
138 146
138 148
138 151
138 154
138 436
138 438
139 140
139 141
139 142
139 143
139 150
139 154
139 159
140 141
140 142
140 144
140 151
140 154
140 155
140 197
141 142
143 144
143 145
143 150
143 474
143 475
143 476
143 477
144 145
144 146
144 148
144 151
144 154
144 475
144 477
146 147
146 148
146 149
146 150
146 151
146 154
147 148
147 149
147 150
148 149
148 151
150 151
150 152
150 153
150 154
150 561
150 562
151 152
151 153
151 154
151 156
151 206
151 229
151 561
152 153
152 154
153 154
154 191
154 233
155 156
155 157
155 158
155 159
155 160
155 170
155 173
155 174
155 175
155 213
155 226
155 227
156 157
156 158
156 159
156 160
156 164
156 173
156 196
156 205
156 212
156 226
156 244
157 158
157 159
157 160
157 173
157 174
157 175
157 183
157 213
157 226
157 227
158 159
158 160
159 160
159 164
159 169
159 173
159 209
159 226
159 355
160 165
160 173
160 174
160 175
160 226
160 227
161 162
161 163
161 170
161 197
162 163
164 165
164 166
164 167
164 168
164 196
164 197
164 199
164 200
164 201
164 212
164 216
164 241
164 253
164 256
165 166
165 167
165 168
165 175
165 196
165 197
165 199
165 200
165 202
165 206
165 218
165 227
165 241
165 242
165 254
165 257
165 265
165 584
166 167
166 168
167 168
169 170
169 171
169 172
169 212
169 274
170 171
170 172
170 197
170 211
171 172
173 174
173 175
173 176
173 177
173 178
173 179
173 181
173 182
173 185
173 190
173 196
173 226
173 227
173 244
173 262
173 596
173 597
174 175
174 176
174 177
174 178
174 179
174 181
174 183
174 186
174 192
174 197
174 226
174 227
174 287
175 176
175 177
175 178
175 179
175 181
175 186
175 197
175 213
175 218
175 223
175 226
175 227
176 177
176 178
176 179
177 178
177 179
178 179
180 181
180 182
180 183
180 184
181 182
181 183
181 184
182 183
182 184
182 256
183 184
185 186
185 187
185 188
185 189
186 187
186 188
186 189
186 192
186 403
187 188
187 189
188 189
190 191
190 192
190 193
190 194
190 195
190 229
190 232
190 233
190 237
191 192
191 193
191 194
191 195
191 232
191 233
191 234
191 274
192 193
192 194
192 195
192 233
192 235
192 237
192 238
192 275
193 194
193 195
194 195
195 347
196 197
196 198
196 199
196 200
196 201
196 212
196 216
196 226
196 236
196 241
196 253
197 198
197 199
197 200
197 202
197 206
197 211
197 213
197 238
197 241
197 254
197 257
197 286
197 435
198 199
198 200
199 200
200 211
201 202
201 203
201 204
201 206
201 209
201 211
201 212
201 223
201 229
201 232
202 203
202 204
202 206
202 211
202 213
202 218
202 227
202 229
202 230
202 233
202 234
202 238
202 282
203 204
205 206
205 207
205 208
205 209
205 210
205 211
205 212
205 256
206 207
206 208
206 209
206 210
206 211
206 212
206 213
206 218
206 227
206 230
206 234
207 208
207 209
207 210
207 211
208 209
208 210
208 211
209 210
209 211
209 212
210 211
211 212
211 213
211 217
211 229
211 232
211 233
211 234
211 235
212 213
212 214
212 215
212 216
212 244
212 262
212 345
212 402
212 625
213 214
213 215
213 218
213 227
213 229
213 230
213 233
213 234
213 237
213 263
213 287
213 346
213 363
214 215
216 217
216 218
216 219
216 220
216 221
216 222
216 286
217 218
217 219
217 220
217 221
217 222
217 233
218 219
218 220
218 221
218 222
218 229
218 230
218 234
218 235
218 257
218 286
219 220
219 221
219 222
220 221
220 222
221 222
221 235
224 225
224 226
224 244
225 227
226 227
226 228
226 244
226 253
226 262
227 228
227 263
229 230
229 231
229 232
229 233
229 234
229 263
229 274
229 282
230 231
230 232
230 235
230 274
230 275
232 233
232 234
232 235
232 274
233 234
233 235
233 275
234 235
235 238
235 239
236 237
236 238
236 239
236 240
236 274
236 444
237 238
237 239
237 240
238 239
238 240
239 240
241 242
241 243
242 243
244 245
244 253
244 274
244 308
246 247
246 248
246 249
246 250
246 251
246 252
247 248
247 249
247 250
247 251
247 252
248 249
248 250
248 251
248 252
249 250
249 251
249 252
250 251
250 252
251 252
252 613
253 254
253 255
253 262
253 274
253 286
253 402
254 255
254 257
254 263
254 275
254 286
254 287
256 257
256 258
256 259
256 260
256 261
256 262
256 263
256 308
256 322
256 327
256 625
257 258
257 259
257 260
257 261
257 263
257 327
257 526
257 556
258 259
258 260
258 261
259 260
259 261
260 261
262 263
262 345
262 444
264 265
264 266
264 267
265 266
265 267
266 267
268 269
268 270
268 271
268 272
268 273
268 274
269 270
269 271
269 272
269 273
269 275
269 282
269 287
270 271
270 272
270 273
271 272
271 273
272 273
274 275
274 276
274 277
274 278
274 283
274 286
274 444
274 625
275 276
275 277
275 278
275 282
275 286
275 287
276 277
276 278
277 278
279 280
279 281
279 282
279 283
279 284
279 285
280 281
280 282
280 283
280 284
280 285
281 282
281 283
281 284
281 285
282 283
282 284
282 285
282 287
283 284
283 285
284 285
286 287
286 288
286 289
286 290
286 294
286 295
286 308
286 345
286 372
286 373
286 419
286 444
287 288
287 289
287 290
287 291
287 294
287 295
287 309
287 372
287 373
287 419
287 420
288 289
288 290
289 290
291 292
291 293
291 295
291 298
291 400
292 293
294 295
294 296
294 297
294 298
294 300
294 301
294 304
294 308
294 357
294 372
294 373
294 375
295 296
295 297
295 298
295 300
295 301
295 302
295 304
295 308
295 309
295 358
295 372
295 373
295 414
296 297
296 298
296 301
296 304
296 309
296 358
296 372
298 299
300 301
300 302
300 380
301 302
301 303
301 308
301 312
301 326
301 333
301 353
301 357
301 400
302 303
302 304
302 309
302 313
302 327
302 334
302 354
302 357
302 358
302 400
303 304
303 305
303 306
303 307
304 305
304 306
304 307
304 400
305 306
305 307
306 307
308 309
308 310
308 311
308 372
308 474
309 310
309 311
309 373
309 384
309 400
309 403
310 311
312 313
312 314
312 315
312 326
312 333
312 345
312 353
312 354
312 357
312 359
313 314
313 315
313 327
313 334
313 354
313 358
314 315
316 317
316 318
316 319
316 320
316 347
317 318
317 319
317 320
317 348
318 319
318 320
319 320
321 322
321 323
321 324
321 325
321 326
321 327
322 323
322 324
322 325
322 327
323 324
323 325
324 325
326 327
326 328
326 333
326 334
326 340
326 345
326 347
326 351
326 353
326 357
326 402
326 405
326 413
326 414
326 584
327 328
327 330
327 334
327 348
327 354
327 357
327 358
327 400
327 414
329 330
329 331
329 332
329 333
329 334
330 331
330 332
330 334
331 332
333 334
333 335
333 336
333 337
333 345
333 347
333 351
333 353
333 357
333 402
333 405
334 335
334 336
334 337
334 346
334 348
334 350
334 354
334 358
334 359
334 360
334 368
334 414
335 336
335 337
336 337
338 339
338 383
340 341
340 342
340 343
340 344
341 342
341 343
341 344
342 343
342 344
343 344
344 346
344 350
345 346
345 347
345 348
345 349
345 350
345 351
345 352
345 353
345 354
345 357
345 358
345 372
345 402
345 405
345 474
345 532
346 347
346 348
346 349
346 350
346 351
346 352
346 354
346 358
346 368
346 373
346 406
346 533
347 348
347 349
347 350
347 351
347 352
347 353
347 357
348 349
348 350
348 351
348 352
348 353
348 354
348 358
349 350
349 351
349 352
350 351
350 352
350 354
350 358
350 532
351 352
351 353
351 394
351 532
353 354
353 355
353 356
353 357
353 358
353 372
353 402
353 405
353 406
353 437
354 355
354 356
354 357
354 358
354 366
354 367
354 368
354 373
354 384
354 406
354 414
355 356
357 358
357 359
357 360
357 361
357 368
357 372
357 383
357 405
357 406
357 413
358 359
358 360
358 361
358 367
358 406
359 360
359 361
359 402
360 361
362 363
362 364
362 365
362 367
362 368
363 364
363 365
364 365
366 367
366 368
366 369
366 370
366 371
366 372
366 373
366 375
366 500
367 368
367 369
367 370
367 371
368 369
368 370
368 371
368 403
368 406
369 370
369 371
370 371
372 373
372 374
372 375
372 380
372 392
372 407
372 444
372 500
372 578
373 374
373 375
373 380
373 393
375 376
375 377
375 378
375 380
375 383
375 392
375 402
376 377
376 378
377 378
379 380
379 381
379 382
380 381
380 382
380 384
380 393
380 436
381 382
383 384
383 385
383 386
383 387
383 388
383 389
383 390
383 391
383 414
383 422
383 578
384 385
384 386
384 387
384 388
384 389
384 390
384 391
385 386
385 387
385 388
385 389
385 390
385 391
386 387
386 388
386 389
386 390
386 391
387 388
387 389
387 390
387 391
388 389
388 390
388 391
389 390
389 391
390 391
392 393
392 394
392 395
392 500
393 394
393 395
393 400
393 501
393 505
394 395
396 397
396 398
396 399
396 400
396 401
397 398
397 399
397 400
397 401
398 399
398 400
398 401
399 400
399 401
400 401
400 450
400 459
400 505
401 436
402 403
402 404
402 405
402 413
402 444
403 404
403 406
403 414
405 406
405 407
405 408
405 409
405 410
405 413
405 444
405 556
406 407
406 408
406 409
406 414
406 445
407 408
407 409
408 409
410 411
410 412
411 412
413 414
413 415
413 416
413 417
413 418
413 419
413 506
414 415
414 416
414 417
414 418
414 501
414 507
415 416
415 417
415 418
416 417
416 418
417 418
418 435
419 420
419 421
420 421
422 423
422 424
422 425
423 424
423 425
423 427
423 436
424 425
426 427
426 428
426 429
426 430
426 431
426 437
426 444
427 428
427 429
427 430
427 432
427 438
427 444
427 445
427 450
427 525
427 526
427 579
428 429
428 430
429 430
431 432
431 433
431 434
431 435
431 437
431 449
432 433
432 434
432 435
432 450
433 434
435 436
435 437
435 438
435 439
435 440
435 444
435 447
435 458
435 464
436 437
436 438
436 439
436 440
436 441
436 445
436 447
436 505
437 438
437 439
437 440
437 444
437 449
437 625
438 439
438 440
438 441
438 450
440 441
440 442
440 443
440 444
440 445
440 447
440 449
440 450
441 442
441 443
441 445
441 447
441 450
442 443
444 445
444 446
444 447
444 448
444 449
444 450
444 458
444 462
444 464
444 474
444 506
445 446
445 447
445 448
445 450
445 465
445 507
446 447
446 448
447 448
447 450
449 450
449 451
449 452
449 453
449 474
450 451
450 452
450 453
451 452
451 453
452 453
454 455
454 456
454 457
454 462
454 463
455 456
455 457
455 459
455 463
456 457
458 459
458 460
458 461
458 462
458 463
458 464
458 465
458 474
458 625
459 460
459 461
459 462
459 463
459 501
459 626
460 461
460 462
460 463
461 462
461 463
462 463
462 464
462 625
463 464
463 465
464 465
464 466
464 467
464 468
464 500
465 466
465 467
465 468
466 467
466 468
467 468
469 470
469 471
469 472
469 473
470 471
470 472
470 473
470 571
471 472
471 473
472 473
474 475
474 476
474 477
474 478
474 479
474 480
474 481
474 482
474 500
474 625
475 476
475 477
475 478
475 479
475 480
475 481
475 482
475 626
476 477
476 478
476 479
476 480
476 481
476 482
476 625
477 478
477 479
477 480
477 481
477 482
477 625
477 626
478 479
478 480
478 481
478 482
479 480
479 481
479 482
480 481
480 482
481 482
483 484
483 485
483 486
483 487
483 493
484 485
484 486
484 487
484 494
485 486
485 487
486 487
488 489
488 490
488 491
488 492
488 493
488 494
489 490
489 491
489 492
489 493
489 494
490 491
490 492
491 492
493 494
493 495
493 496
493 497
493 500
493 501
493 578
494 495
494 496
494 498
495 496
497 498
497 499
497 500
497 505
498 499
498 501
498 505
500 501
500 502
500 503
500 504
500 505
500 534
501 502
501 503
501 504
501 505
502 503
502 504
503 504
504 505
506 507
506 508
506 509
506 510
506 511
506 512
506 513
506 583
507 508
507 509
507 510
507 511
507 512
507 513
507 584
508 509
508 510
508 511
508 512
508 513
509 510
509 511
509 512
509 513
510 511
510 512
510 513
511 512
511 513
512 513
514 515
514 516
514 517
514 518
514 519
514 520
514 521
514 522
514 525
514 529
514 566
514 574
514 583
515 516
515 517
515 518
515 519
515 520
515 521
515 526
515 530
515 566
515 567
515 575
515 584
516 517
516 518
516 519
516 520
517 518
517 519
517 520
518 519
518 520
519 520
519 571
521 522
521 523
521 524
521 526
522 523
522 524
523 524
525 526
525 527
525 528
525 529
525 536
525 542
525 549
525 553
525 554
525 556
525 561
525 575
525 619
525 621
526 527
526 528
526 530
526 533
526 536
526 539
526 550
526 553
526 554
526 562
526 575
527 528
529 530
529 531
529 532
529 533
529 534
529 561
530 531
530 536
530 561
530 575
532 533
532 534
532 535
532 536
532 537
532 538
533 534
533 535
533 536
533 537
533 538
534 535
534 536
534 537
534 538
535 536
535 537
535 538
536 537
536 538
536 539
536 549
536 550
536 556
536 557
536 571
536 575
537 538
539 540
539 541
539 547
539 557
540 541
542 543
542 544
542 545
542 546
542 547
542 548
543 544
543 545
543 546
543 547
543 548
544 545
544 546
544 547
544 548
545 546
545 547
545 548
546 547
546 548
547 548
547 550
548 557
548 571
549 550
549 551
549 552
549 553
549 554
549 556
549 574
550 551
550 552
550 554
550 575
551 552
553 554
553 555
553 556
553 557
553 574
553 583
554 555
554 556
554 557
554 575
554 583
554 584
556 557
556 558
556 559
556 560
556 583
557 558
557 559
557 560
558 559
558 560
559 560
561 562
561 563
561 564
561 565
562 563
562 564
562 565
562 571
563 564
563 565
564 565
566 567
566 568
566 569
566 570
567 568
567 569
567 570
568 569
568 570
569 570
571 572
571 573
571 592
572 573
574 575
574 576
574 577
575 576
575 577
575 587
575 592
576 577
578 579
578 580
578 581
578 582
578 584
579 580
579 581
579 582
579 584
580 581
580 582
581 582
583 584
583 585
583 586
583 596
583 625
584 585
584 586
584 597
584 625
585 586
587 588
587 589
587 590
587 591
588 589
588 590
588 591
588 596
588 597
589 590
589 591
590 591
592 593
592 594
592 595
592 596
592 612
593 594
593 595
593 597
594 595
596 597
596 598
596 599
596 600
597 598
597 599
597 600
597 612
598 599
598 600
599 600
602 603
602 604
602 605
602 606
602 607
602 608
602 609
602 610
602 611
602 612
602 613
602 619
602 622
603 604
603 605
603 606
603 607
603 608
603 609
603 610
603 611
603 613
604 605
604 606
604 607
604 608
604 609
604 610
604 611
605 606
605 607
605 608
605 609
605 610
605 611
606 607
606 608
606 609
606 610
606 611
607 608
607 609
607 610
607 611
608 609
608 610
608 611
608 621
609 610
609 611
610 611
612 613
612 614
612 615
612 616
612 619
612 620
612 621
612 622
613 614
613 615
613 616
613 617
613 619
613 622
614 615
616 617
616 618
616 619
616 620
616 621
616 622
617 618
617 620
617 622
619 620
619 621
619 622
619 623
619 624
619 625
620 621
620 622
620 623
620 624
621 622
621 623
621 624
621 625
622 623
622 624
623 624
625 626
625 627
626 627
