0 1
0 2
0 3
0 4
0 5
0 6
0 7
0 13
0 33
1 2
1 3
1 4
1 5
1 6
1 7
1 13
1 14
1 33
2 3
2 4
2 5
2 6
2 7
3 4
3 5
3 6
3 7
4 5
4 6
4 7
5 6
5 7
6 7
6 14
6 24
6 25
6 32
6 112
6 113
7 25
7 26
7 44
8 9
8 10
8 11
8 12
9 10
9 11
9 12
9 14
10 11
10 12
11 12
13 14
13 15
13 16
13 17
13 27
13 28
13 32
13 33
13 68
13 108
13 202
13 204
13 209
13 357
14 15
14 16
14 21
14 28
14 33
14 36
14 72
14 202
14 208
15 16
17 18
17 19
17 43
17 44
17 376
17 384
18 19
18 31
18 43
18 142
20 21
20 22
20 23
20 47
20 48
20 53
20 59
20 63
20 85
20 86
20 313
21 22
21 23
21 47
21 48
22 23
22 49
24 25
24 26
24 74
24 105
25 26
25 27
25 28
25 31
25 34
25 115
26 31
26 36
26 409
27 28
27 29
27 30
27 31
27 33
27 43
28 29
28 30
28 31
28 33
29 30
29 31
30 31
31 33
32 33
32 34
32 35
32 105
32 217
32 218
33 34
33 35
33 44
33 303
33 353
33 409
34 35
36 37
36 38
37 38
39 40
39 41
39 42
39 85
40 41
40 42
40 44
40 49
41 42
41 407
42 43
42 44
42 57
42 59
42 60
43 44
43 45
43 46
43 112
43 113
43 115
43 118
43 122
43 123
43 124
43 125
43 128
43 129
43 142
43 253
43 363
43 394
44 45
44 46
44 52
44 60
44 113
44 125
44 142
44 221
44 375
44 401
45 46
47 48
47 49
47 50
47 51
47 52
47 54
47 56
47 106
47 112
47 118
47 128
47 179
47 180
48 49
48 50
48 51
48 52
48 106
48 179
49 50
49 51
49 106
49 179
50 51
52 53
52 54
52 55
52 56
52 57
52 58
52 59
52 60
52 122
52 377
52 402
52 407
53 54
53 55
53 56
53 57
53 58
53 59
53 63
53 64
53 86
53 118
53 249
53 376
53 377
53 401
53 407
54 55
54 56
54 57
54 58
54 64
54 376
55 56
55 57
55 58
56 57
56 58
56 63
56 64
56 86
56 112
56 128
56 220
56 221
56 249
56 266
56 267
56 294
56 376
57 58
57 59
57 63
57 64
57 129
57 377
57 402
57 407
59 60
59 61
59 62
59 63
59 64
59 85
59 86
59 112
59 115
59 118
59 122
59 123
59 124
59 125
59 128
59 129
59 338
59 365
59 379
59 438
60 61
60 62
60 63
60 64
60 80
60 108
60 113
60 115
60 125
60 129
60 274
60 376
60 377
60 384
60 402
60 406
60 421
61 62
63 64
63 67
63 85
63 221
63 372
63 374
63 384
64 67
64 132
64 245
64 377
65 66
65 67
65 68
65 69
65 70
65 71
65 112
66 67
66 68
66 69
66 70
66 71
66 104
66 113
67 68
67 69
67 70
67 71
67 104
67 124
67 249
67 359
68 69
68 70
68 71
68 104
68 123
68 125
68 274
69 70
69 71
70 71
72 73
72 74
72 75
72 76
72 77
72 78
72 79
73 74
73 75
73 76
73 77
73 78
73 79
74 75
74 76
74 77
74 78
74 79
75 76
75 77
75 78
75 79
76 77
76 78
76 79
77 78
77 79
78 79
80 81
80 82
80 83
80 84
81 82
81 83
81 84
82 83
82 84
82 86
82 101
83 84
85 86
85 87
85 88
85 91
85 94
85 108
85 118
85 128
85 160
85 224
85 407
85 411
86 87
86 88
86 90
86 91
86 94
86 95
86 101
86 103
86 109
86 112
86 150
86 153
86 165
86 175
87 88
88 95
88 146
89 90
89 91
89 92
89 93
90 91
90 92
90 93
91 92
91 93
91 95
91 104
91 197
91 236
92 93
94 95
94 96
94 97
94 98
94 99
94 100
94 101
94 118
94 128
94 204
94 409
94 413
94 415
95 96
95 97
95 98
95 99
95 115
95 129
95 150
95 163
95 180
95 204
95 205
95 289
95 409
95 410
96 97
96 98
96 99
97 98
97 99
98 99
100 101
100 102
100 103
100 108
100 145
100 156
100 165
100 209
101 102
101 103
101 108
101 118
101 145
101 146
101 150
101 156
102 103
102 179
104 105
104 267
105 145
105 228
105 236
106 107
106 108
106 109
106 110
106 111
106 112
106 179
107 108
107 109
107 110
107 111
107 205
108 109
108 110
108 111
108 112
108 124
108 132
108 133
108 134
108 179
108 180
108 236
108 245
108 360
109 110
109 111
109 119
110 111
112 113
112 114
112 115
112 116
112 117
112 118
112 119
112 120
112 121
112 122
112 123
112 124
112 125
112 126
112 127
112 128
112 129
112 130
112 131
112 179
112 203
112 353
112 357
112 359
112 360
112 372
112 374
112 384
112 438
113 114
113 115
113 116
113 117
113 118
113 119
113 120
113 121
113 122
113 123
113 124
113 125
113 126
113 127
113 128
113 129
113 130
113 131
113 196
113 249
113 250
113 284
113 358
113 373
114 115
114 116
114 117
114 118
114 119
114 120
114 121
114 122
114 123
114 124
114 125
114 126
114 127
114 128
114 129
114 130
114 131
115 116
115 117
115 118
115 119
115 120
115 121
115 122
115 123
115 124
115 125
115 126
115 127
115 128
115 129
115 130
115 131
115 132
115 133
115 138
115 155
115 212
116 117
116 118
116 119
116 120
116 121
116 122
116 123
116 124
116 125
116 126
116 127
116 128
116 129
116 130
116 131
117 118
117 119
117 120
117 121
117 122
117 123
117 124
117 125
117 126
117 127
117 128
117 129
117 130
117 131
118 119
118 120
118 121
118 122
118 123
118 124
118 125
118 126
118 127
118 128
118 129
118 130
118 131
118 132
118 134
118 137
118 145
118 155
118 409
119 120
119 121
119 122
119 123
119 124
119 125
119 126
119 127
119 128
119 129
119 130
119 131
119 133
119 359
119 360
120 121
120 122
120 123
120 124
120 125
120 126
120 127
120 128
120 129
120 130
120 131
121 122
121 123
121 124
121 125
121 126
121 127
121 128
121 129
121 130
121 131
121 170
121 183
121 259
121 432
122 123
122 124
122 125
122 126
122 127
122 128
122 129
122 130
122 131
122 132
122 155
122 225
122 360
122 373
123 124
123 125
123 126
123 127
123 128
123 129
123 130
123 131
123 132
123 155
123 225
123 360
123 373
124 125
124 126
124 127
124 128
124 129
124 130
124 131
124 132
124 155
124 224
124 359
124 372
124 409
125 126
125 127
125 128
125 129
125 130
125 131
125 132
125 155
125 373
126 127
126 128
126 129
126 130
126 131
127 128
127 129
127 130
127 131
128 129
128 130
128 131
128 132
128 134
128 137
128 155
128 359
128 409
129 130
129 131
129 132
129 146
129 155
129 237
129 385
130 131
132 133
132 134
132 135
132 136
132 137
132 176
132 179
132 185
132 192
132 193
132 198
132 202
132 204
132 215
132 228
132 236
132 358
133 134
133 135
133 136
133 137
133 138
133 177
133 192
133 193
133 203
133 204
133 205
133 210
133 237
133 358
133 360
134 135
134 136
134 137
134 192
134 204
134 215
134 409
135 136
135 377
136 138
137 138
137 139
137 140
137 141
137 179
137 187
137 192
138 139
138 140
138 141
138 202
139 140
139 141
140 141
142 143
142 144
142 228
143 144
145 146
145 147
145 148
145 150
145 164
145 179
145 192
145 308
145 409
145 417
146 147
146 148
146 150
146 157
146 163
147 148
149 150
149 151
149 152
149 153
149 154
149 155
150 151
150 152
150 153
150 154
150 155
151 152
151 153
151 154
151 155
152 153
152 154
152 155
153 154
153 155
154 155
156 157
156 158
156 159
156 160
156 161
156 162
156 163
157 158
157 159
157 160
157 161
157 162
157 163
158 159
158 160
158 161
158 162
158 163
159 160
159 161
159 162
159 163
160 161
160 162
160 163
160 237
160 407
161 162
161 163
162 163
164 165
164 166
164 167
165 166
165 167
166 167
168 169
168 170
168 171
169 170
169 171
170 171
172 173
172 174
172 175
172 236
173 174
173 175
173 221
173 245
174 175
176 177
176 178
176 179
176 224
177 178
177 193
179 180
179 181
179 182
179 185
179 193
179 197
179 198
179 388
180 181
180 182
180 209
180 388
180 389
181 182
183 184
184 193
184 225
185 186
185 187
185 188
185 189
185 190
185 191
185 192
185 202
186 187
186 188
186 189
186 190
186 191
186 198
187 188
187 189
187 190
187 191
188 189
188 190
188 191
188 193
188 198
189 190
189 191
190 191
192 193
192 194
192 195
192 196
192 197
192 198
192 202
192 215
192 219
192 236
193 194
193 195
193 196
193 198
193 205
193 224
193 225
194 195
194 196
194 358
195 196
197 198
197 199
197 200
197 201
197 202
197 219
197 353
197 384
198 199
198 200
198 201
198 205
198 210
198 224
198 225
198 228
198 358
198 366
199 200
199 201
199 358
200 201
202 203
202 204
202 205
202 206
202 207
202 209
202 316
202 357
202 438
203 204
203 205
203 206
203 207
203 210
203 358
204 205
204 206
204 207
204 208
204 224
204 236
204 245
204 409
204 427
205 206
205 207
205 210
205 225
205 274
205 385
206 207
208 209
208 210
208 211
209 210
209 211
209 245
209 246
209 407
210 211
212 213
212 214
212 215
212 219
212 220
212 221
212 224
212 225
212 237
212 246
212 358
212 374
212 421
213 214
215 216
215 217
215 218
215 224
215 225
216 217
216 218
216 225
216 237
217 218
219 220
219 221
219 222
219 223
219 224
219 357
220 221
220 222
220 223
220 224
220 232
220 236
220 251
220 253
220 357
220 358
221 222
221 223
221 225
221 232
221 237
221 357
221 358
221 375
221 377
221 421
222 223
224 225
224 226
224 227
224 231
224 236
224 237
224 249
224 250
224 256
225 225
225 226
225 227
225 232
225 235
225 237
225 250
225 254
225 257
225 389
226 227
228 229
228 230
228 261
228 262
228 263
228 266
228 267
228 268
228 274
228 281
228 282
228 341
228 342
228 429
229 230
231 232
231 233
231 234
231 235
231 236
231 245
231 249
231 266
231 359
231 360
232 233
232 234
232 235
232 267
233 234
233 235
234 235
236 237
236 238
236 239
236 245
236 246
236 249
236 250
236 259
236 307
237 238
237 239
237 246
237 250
237 253
237 267
237 301
237 357
237 360
238 239
240 241
240 242
240 243
240 244
241 242
241 243
241 244
242 243
242 244
242 246
243 244
245 246
245 247
245 248
245 249
245 250
245 359
245 372
245 384
246 247
246 248
246 250
246 358
246 359
246 360
246 366
247 248
249 250
249 251
249 252
249 253
249 256
249 266
249 294
249 307
249 353
249 354
249 355
249 372
250 251
250 252
250 253
250 257
250 296
250 358
250 364
251 252
251 253
252 253
254 255
254 256
254 257
254 258
254 259
254 260
255 256
255 257
255 258
255 259
255 260
256 257
256 258
256 259
256 260
256 307
257 258
257 259
257 260
258 259
258 260
259 260
259 339
260 339
261 262
261 263
261 264
261 265
261 266
261 294
261 295
262 263
262 264
262 265
262 267
262 274
262 294
262 295
262 296
262 301
263 264
263 265
263 295
264 265
266 267
266 268
266 269
266 270
266 271
266 272
266 273
266 277
266 294
266 295
266 307
266 308
266 321
266 326
266 337
266 338
266 339
267 268
267 269
267 270
267 271
267 272
267 274
267 277
267 295
267 296
267 301
267 308
267 312
267 314
267 326
267 338
267 409
268 269
268 270
268 271
268 272
268 295
268 339
269 270
269 271
269 272
269 295
270 271
270 272
271 272
273 274
273 275
273 276
273 294
273 295
274 275
274 276
274 294
274 296
274 301
274 312
274 313
274 314
274 350
275 276
277 278
277 279
277 280
277 281
277 282
277 295
277 321
277 325
277 338
278 279
278 280
278 281
278 282
278 338
278 340
279 280
279 281
279 282
280 281
280 282
281 282
281 347
281 348
282 295
283 284
283 285
283 286
283 287
283 295
284 285
284 286
284 287
285 286
285 287
286 287
288 289
288 290
288 291
288 292
288 293
288 295
288 319
288 325
289 290
289 291
289 292
289 293
289 295
290 291
290 292
290 293
291 292
291 293
292 293
293 338
294 295
294 296
294 297
294 298
294 299
294 300
294 301
294 320
294 363
295 296
295 297
295 298
295 299
295 300
295 301
295 306
295 343
295 349
295 352
296 297
296 298
296 299
296 300
296 301
297 298
297 299
297 300
298 299
298 300
299 300
299 313
301 302
301 303
301 304
301 305
301 306
301 340
302 303
302 304
302 305
302 306
303 304
303 305
303 306
304 305
304 306
305 306
307 308
307 309
307 310
307 311
307 312
307 313
307 314
307 319
307 321
307 322
307 326
307 328
307 337
307 347
307 348
307 384
308 309
308 310
308 311
308 319
308 320
308 338
308 354
309 310
309 311
310 311
310 313
312 313
312 314
312 315
312 321
312 322
312 325
313 314
313 315
313 337
313 348
313 384
313 429
314 315
315 325
316 317
316 318
316 319
316 320
316 322
317 318
319 320
319 321
319 322
319 323
319 324
319 325
319 326
319 347
319 348
320 321
320 322
320 323
320 324
320 325
320 327
320 347
320 348
321 322
321 323
321 324
321 325
321 326
321 337
321 339
321 348
322 323
322 324
322 325
322 326
322 327
322 338
323 324
323 325
324 325
325 333
325 337
325 351
325 353
326 327
326 328
326 329
326 330
326 331
326 337
326 338
326 339
326 340
326 347
327 328
327 329
327 330
327 331
327 340
327 348
328 329
328 330
328 331
329 330
329 331
330 331
331 338
332 333
332 334
332 335
332 336
332 338
332 339
333 334
333 335
333 336
334 335
334 336
334 347
335 336
337 338
337 339
337 340
337 341
337 342
337 347
337 348
338 339
338 340
338 341
338 342
338 347
338 348
338 352
338 372
339 340
339 341
339 342
339 347
339 348
339 349
340 341
340 342
340 347
340 348
340 350
341 342
343 344
343 345
343 346
343 347
343 348
344 345
344 346
344 347
344 348
345 346
345 347
345 348
346 347
346 348
347 347
347 348
347 349
347 350
347 384
348 349
348 350
349 350
349 351
349 352
350 351
350 352
351 352
353 354
353 355
353 356
354 355
354 356
355 356
355 407
357 358
358 426
359 360
359 361
359 362
359 363
359 364
359 372
359 384
360 361
360 362
360 363
360 364
360 372
361 362
361 363
361 364
362 363
362 364
363 364
365 366
365 367
365 368
365 369
365 370
365 371
365 372
365 373
366 367
366 368
366 369
366 370
366 371
366 372
366 373
367 368
367 369
367 370
367 371
367 372
367 373
368 369
368 370
368 371
368 372
368 373
369 370
369 371
369 372
369 373
370 371
370 372
370 373
371 372
371 373
372 373
374 375
374 417
376 377
376 378
376 392
376 397
376 401
376 406
376 407
377 378
377 398
377 406
377 407
377 439
379 380
379 381
379 382
379 383
380 381
380 382
380 383
381 382
381 383
382 383
384 385
384 388
384 392
384 405
384 417
386 387
386 388
386 392
386 393
387 389
387 392
387 393
388 389
388 390
388 391
388 392
388 420
388 427
389 390
389 391
389 393
389 421
390 391
392 393
392 394
392 395
392 396
392 401
393 394
393 395
393 396
393 397
394 395
397 398
397 399
397 400
398 399
398 400
399 400
401 402
401 403
401 404
401 406
402 403
402 404
402 406
402 407
403 404
405 406
405 407
405 408
406 407
406 408
407 408
407 438
409 410
409 411
409 412
409 413
409 414
409 415
409 416
409 418
410 411
410 412
410 413
410 414
410 415
410 416
410 418
411 412
411 413
411 414
411 415
411 416
411 417
412 413
412 414
412 415
412 416
412 418
413 414
413 415
413 416
413 417
414 415
414 416
414 418
415 416
415 417
417 418
417 419
418 419
420 421
420 422
420 423
420 424
421 422
421 423
421 424
422 423
422 424
423 424
425 426
425 427
425 428
426 427
426 428
427 428
429 430
429 431
430 431
432 433
432 434
432 435
432 436
432 437
433 434
433 435
433 436
433 437
434 435
434 436
434 437
435 436
435 437
436 437
438 439
