0 1
0 2
0 3
0 4
0 5
0 6
0 13
0 31
0 84
0 90
0 142
1 2
1 3
1 4
1 5
1 13
1 17
1 23
1 32
1 59
1 60
2 3
2 4
2 5
2 31
2 58
2 86
2 90
2 96
2 121
3 4
3 5
3 13
3 31
3 87
3 97
4 5
6 7
6 8
6 9
6 10
6 11
7 8
7 9
7 10
7 11
8 9
8 10
8 11
8 12
8 289
9 10
9 11
9 15
9 289
10 11
10 15
10 230
12 13
12 14
12 15
12 16
12 22
12 31
12 76
12 151
12 188
12 228
12 325
13 14
13 15
13 17
13 22
13 23
13 32
13 68
13 76
14 15
14 280
15 16
15 17
15 38
15 48
15 51
15 61
15 62
15 110
15 111
15 177
15 178
15 256
16 17
16 18
16 19
16 65
16 84
17 18
17 19
17 66
17 91
18 19
20 21
20 24
20 25
22 23
22 24
22 25
22 26
22 27
22 28
22 29
22 30
22 48
22 73
22 76
22 84
22 328
23 24
23 25
23 26
23 27
23 28
23 29
23 30
23 32
23 48
23 49
23 73
23 74
23 76
23 77
23 328
23 329
24 25
24 26
24 27
24 28
24 29
24 30
24 38
24 73
24 74
24 76
24 77
24 102
24 329
25 26
25 27
25 28
25 29
25 30
25 37
25 110
25 328
26 27
26 28
26 29
26 30
26 32
26 76
26 77
26 102
26 107
27 28
27 29
27 30
27 225
28 29
28 30
29 30
31 32
31 33
31 37
31 38
31 84
31 86
31 90
31 91
32 33
32 37
32 38
32 91
33 85
33 87
34 35
34 36
34 37
35 36
37 38
37 39
37 40
37 41
37 73
37 76
37 90
38 39
38 40
38 41
38 42
38 43
38 66
38 68
38 76
38 91
39 40
39 41
40 41
42 43
42 44
42 45
42 46
42 93
43 44
43 45
43 46
43 68
43 71
43 93
43 188
43 189
43 191
44 45
44 46
45 46
47 309
48 49
48 50
48 51
48 52
48 53
48 54
48 55
48 69
48 76
48 85
48 143
48 151
48 153
48 160
48 188
48 225
48 325
49 50
49 51
49 52
49 53
49 54
49 55
49 70
50 51
50 52
50 53
50 54
50 55
50 85
50 86
51 52
51 53
51 54
51 55
52 53
52 54
52 55
53 54
53 55
54 55
54 86
54 208
55 87
56 57
56 58
56 151
56 172
56 173
57 58
57 172
57 173
57 299
58 190
58 299
59 60
59 65
59 66
59 68
59 69
59 84
59 85
59 86
59 87
59 90
59 91
59 133
59 134
59 152
59 160
59 172
59 188
59 204
59 220
59 221
59 251
59 255
59 256
59 258
59 268
59 270
59 289
59 299
59 300
59 308
60 91
60 189
61 62
61 63
61 64
61 68
61 85
61 86
61 87
61 190
62 63
62 64
62 68
62 70
62 85
62 87
62 172
62 189
62 299
63 64
63 68
65 66
65 67
65 68
65 69
65 172
65 188
65 194
65 298
65 299
66 67
66 68
66 70
66 102
66 172
66 188
66 189
66 195
66 298
67 68
68 70
68 71
68 85
68 86
68 90
68 158
68 164
68 194
68 195
68 197
68 237
68 300
69 70
69 71
69 72
69 297
69 298
69 299
69 300
70 71
70 72
70 299
70 300
71 72
71 158
73 74
73 75
73 76
74 75
76 77
76 78
76 79
76 80
76 81
76 82
76 83
76 84
76 90
76 160
76 172
76 173
76 225
76 228
76 251
76 255
76 268
76 270
76 274
76 285
76 299
76 325
77 78
77 79
77 80
77 81
77 82
77 83
78 79
78 80
78 81
78 82
78 83
79 80
79 81
79 82
79 83
80 81
80 82
80 83
81 82
81 83
82 83
84 85
84 86
84 87
84 88
84 89
84 90
84 91
84 92
84 101
84 142
84 146
84 320
85 86
85 87
85 88
85 89
85 90
85 91
85 92
85 93
85 101
85 121
85 122
85 297
86 87
86 88
86 89
86 90
86 91
86 92
86 93
86 101
86 121
86 142
86 143
86 289
86 297
87 88
87 89
87 90
87 91
87 92
87 93
87 101
87 158
88 89
88 90
88 91
88 92
89 90
89 91
89 92
90 91
90 92
90 95
90 101
90 106
90 156
90 168
90 285
90 320
91 92
91 93
91 107
91 143
91 157
91 320
93 94
93 142
93 143
93 229
93 230
95 96
95 97
95 98
95 99
95 100
96 97
96 98
96 99
96 100
97 98
97 99
97 100
98 99
98 100
99 100
101 102
101 103
101 104
101 105
101 106
101 107
101 108
102 103
102 104
102 105
102 106
102 107
102 108
102 299
102 300
103 104
103 105
103 106
103 107
103 108
104 105
104 106
104 107
104 108
105 106
105 107
105 108
106 107
106 108
106 299
107 108
109 110
109 111
109 112
109 113
109 114
109 172
109 173
110 111
110 112
110 113
110 114
110 172
111 112
111 113
111 114
111 173
112 113
112 114
113 114
115 116
115 117
115 118
115 119
115 120
115 121
115 122
115 123
115 220
115 221
115 258
116 117
116 118
116 119
116 120
116 121
116 122
116 123
116 221
116 259
116 290
117 118
117 119
117 120
117 121
117 122
117 123
117 251
117 255
117 258
117 280
118 119
118 120
118 121
118 122
118 123
118 251
118 252
118 255
118 256
118 258
118 259
119 120
119 121
119 122
119 123
120 121
120 122
120 123
121 122
121 123
121 251
121 255
121 258
121 259
121 270
121 289
121 299
122 123
122 251
122 252
122 258
122 259
122 268
122 290
123 252
124 285
124 286
125 126
125 127
125 128
125 279
125 281
126 127
126 128
127 128
129 130
129 131
129 132
129 134
129 164
129 268
129 269
129 270
129 325
130 131
130 132
130 133
130 134
130 135
130 136
130 160
130 164
130 221
130 271
130 325
130 326
131 132
132 164
133 134
133 135
133 136
133 142
133 143
133 146
133 243
133 244
133 298
134 135
134 136
134 142
134 143
134 146
134 233
135 136
135 142
135 143
135 146
135 243
135 244
135 289
135 297
136 142
136 143
136 146
136 244
136 297
137 138
137 139
137 140
137 141
137 233
137 251
137 252
137 264
137 334
138 139
138 140
138 141
138 142
138 146
138 233
138 251
138 252
138 334
138 335
139 140
139 141
139 142
139 233
139 252
139 264
139 335
140 141
142 143
142 144
142 145
142 146
142 151
142 152
142 153
142 156
142 159
142 163
142 177
142 188
142 225
142 325
142 337
143 144
143 145
143 146
143 147
143 151
143 152
143 153
143 154
143 221
143 224
143 229
143 233
143 234
143 244
144 145
146 147
146 148
146 149
146 150
147 148
147 149
147 150
147 160
147 220
147 221
147 224
148 149
148 150
149 150
151 152
151 153
151 154
151 156
151 159
151 220
151 225
151 274
151 285
151 315
151 325
152 153
152 154
152 157
152 221
152 226
152 308
152 309
153 154
153 184
153 220
153 226
153 230
154 155
154 268
154 297
155 268
156 157
156 158
156 159
156 160
156 163
156 164
156 195
156 204
156 208
156 221
157 158
157 159
157 160
157 164
157 189
157 191
157 195
157 204
157 221
158 159
158 164
158 195
158 221
159 160
159 161
159 162
159 163
159 188
159 233
159 286
159 325
159 337
160 161
160 162
160 164
160 180
160 181
160 186
160 189
160 191
160 195
160 202
160 204
160 205
161 162
163 164
163 165
163 166
163 167
163 225
163 228
163 229
163 286
163 325
164 165
164 166
164 167
164 183
164 205
164 226
164 244
164 325
165 166
165 167
166 167
168 169
168 170
168 171
168 256
168 258
169 170
169 171
169 189
170 171
172 173
172 174
172 175
172 176
172 177
172 178
172 179
172 188
172 194
172 255
172 269
173 174
173 175
173 176
173 178
173 179
173 188
173 189
173 195
173 269
173 297
173 298
173 312
173 315
174 175
174 176
175 176
177 178
177 179
177 256
178 179
178 189
178 256
180 181
180 182
180 183
180 184
180 185
181 182
181 183
181 184
181 185
181 221
181 224
182 183
182 184
182 185
183 184
183 185
183 186
183 187
183 309
184 185
184 230
186 187
186 188
186 204
186 285
187 188
188 189
188 190
188 191
188 192
188 193
188 194
188 220
188 299
188 312
189 190
189 191
189 192
189 193
189 220
190 191
190 192
190 193
190 200
190 312
191 192
191 193
191 195
192 193
194 195
194 196
194 197
194 208
195 196
195 197
196 197
198 199
198 200
198 201
198 202
198 203
198 208
198 268
198 269
198 270
198 271
198 285
199 200
199 201
199 202
199 203
199 204
199 269
200 201
200 202
200 203
200 271
201 202
201 203
201 271
202 203
204 205
204 206
204 207
204 208
204 209
204 210
204 211
204 212
204 216
204 268
204 270
204 274
204 280
204 283
204 284
204 285
204 286
205 206
205 207
205 208
205 209
205 210
205 211
205 212
205 274
205 278
206 207
206 208
206 209
206 210
207 208
207 209
207 210
207 278
207 279
207 280
207 281
208 209
208 210
208 211
208 268
208 270
208 274
208 283
208 284
208 285
209 210
209 271
211 212
211 213
211 214
211 215
211 216
211 217
211 218
211 219
211 268
211 269
211 270
211 271
211 278
211 279
211 280
211 281
211 286
212 213
212 214
212 215
212 216
212 217
212 218
212 219
212 268
212 269
212 270
212 271
213 214
213 215
213 216
213 217
213 218
213 219
214 215
214 216
214 217
214 218
214 219
214 268
214 269
215 216
215 217
215 218
215 219
216 217
216 218
216 219
216 251
216 268
216 269
216 270
216 271
216 279
216 285
216 286
217 218
217 219
217 268
217 269
217 270
217 271
217 298
217 299
218 219
218 268
218 270
218 279
220 221
220 222
220 223
220 224
220 225
220 234
220 299
221 222
221 224
221 229
221 234
223 224
223 225
223 226
223 227
224 225
224 226
224 227
224 234
224 325
225 226
225 227
225 229
225 233
225 241
225 243
225 325
225 328
225 337
226 227
228 229
228 230
228 231
228 232
228 233
228 265
228 289
228 334
228 335
229 230
229 231
229 232
229 251
229 252
229 255
229 258
229 265
229 334
229 335
230 231
230 232
230 233
230 255
230 265
230 334
230 335
231 232
233 234
233 235
233 236
233 237
233 238
233 239
233 240
233 289
233 290
234 235
234 236
234 237
234 238
234 239
234 240
234 289
235 236
235 237
235 238
235 239
235 240
236 237
236 238
236 239
236 240
236 289
236 290
237 238
237 239
237 240
238 239
238 240
239 240
241 242
241 269
243 244
243 245
243 246
243 255
243 256
243 325
244 245
244 246
244 255
244 256
244 259
245 246
247 248
247 249
247 250
247 258
247 289
248 249
248 250
248 290
249 250
251 252
251 253
251 254
251 255
251 256
251 258
251 259
251 265
251 279
251 281
251 299
251 304
251 334
252 253
252 254
252 255
252 256
252 258
252 259
252 297
252 299
252 300
252 304
252 305
252 309
252 335
253 254
255 256
255 257
255 258
255 259
255 264
255 265
255 278
255 299
255 325
255 334
256 257
256 258
256 259
256 265
256 334
258 259
258 260
258 261
258 262
258 270
258 299
258 325
258 328
258 329
258 334
258 335
259 260
259 261
259 262
259 270
259 290
259 294
259 297
259 329
260 261
260 262
261 262
263 264
263 265
263 266
263 267
264 265
264 266
264 267
264 285
264 297
264 299
264 300
265 266
265 267
266 267
268 269
268 270
268 271
268 272
268 273
268 274
268 275
268 278
268 279
268 280
268 281
268 286
268 297
268 299
269 270
269 271
269 272
269 273
269 274
269 275
269 279
269 280
269 286
269 297
269 320
270 271
270 272
270 273
270 274
270 275
270 278
270 279
270 280
270 285
270 286
270 299
271 272
271 273
271 274
271 275
271 278
271 279
271 280
271 281
271 285
272 273
274 275
274 276
274 277
274 278
274 279
274 280
274 281
274 285
274 309
275 276
275 277
276 277
278 279
278 280
278 281
278 282
278 283
278 284
278 285
278 304
279 280
279 281
279 282
279 284
279 285
279 299
279 304
280 281
280 282
280 283
280 284
280 285
281 282
281 284
281 285
281 299
281 304
283 284
285 286
285 287
285 288
285 297
285 299
285 315
286 287
286 288
286 297
286 299
287 288
289 290
289 291
289 292
289 293
289 294
290 291
290 292
290 293
290 294
290 309
290 311
290 316
291 292
293 294
293 295
293 296
293 325
294 295
294 296
294 309
295 296
297 298
297 299
297 300
297 301
297 302
297 303
297 308
298 299
298 300
298 301
298 302
298 303
298 308
299 300
299 301
299 302
299 303
299 304
299 308
299 309
299 312
300 301
300 302
300 303
300 304
300 305
300 308
301 302
301 303
302 303
304 305
304 306
304 307
305 306
305 307
306 307
308 309
308 310
308 311
309 310
309 311
309 312
309 313
309 314
309 321
309 325
309 326
310 311
312 313
312 314
313 314
315 316
315 317
315 318
315 319
315 320
316 317
316 318
316 319
316 320
317 318
317 319
317 320
318 319
318 320
319 320
321 322
321 323
321 324
322 323
322 324
323 324
325 326
325 327
325 328
325 329
325 337
326 327
326 329
328 329
328 330
328 331
328 332
328 333
329 330
329 331
329 332
329 333
330 331
330 332
330 333
331 332
331 333
332 333
334 335
334 336
335 336
337 338
337 339
337 340
337 341
337 342
337 343
337 344
337 345
338 339
338 340
338 341
338 342
338 343
338 344
338 345
339 340
339 341
339 342
339 343
339 344
339 345
340 341
340 342
340 343
340 344
340 345
341 342
341 343
341 344
341 345
342 343
342 344
342 345
343 344
343 345
344 345
