0 1
0 2
0 3
0 4
0 5
0 11
0 12
0 13
0 17
0 20
0 27
0 28
0 70
1 2
1 3
1 4
1 5
1 12
1 13
1 20
2 3
2 4
2 5
3 4
3 5
4 5
6 7
6 8
6 9
6 10
6 27
6 229
7 8
7 9
7 10
8 9
8 10
9 10
11 12
11 13
11 14
11 15
11 16
11 17
11 20
11 21
11 27
11 50
11 58
11 59
11 60
11 65
11 66
11 172
11 216
11 425
12 13
12 14
12 15
12 16
12 18
12 21
12 22
12 28
12 31
12 71
12 73
12 211
12 217
13 14
13 15
13 16
13 18
13 20
13 21
13 22
13 27
13 28
13 32
13 51
13 60
13 61
13 66
13 101
13 211
13 216
14 15
14 16
15 16
17 18
17 19
17 20
17 21
17 548
17 559
18 19
18 20
18 21
18 22
18 549
18 560
19 20
19 92
19 93
19 99
20 21
20 22
20 58
20 549
21 22
21 23
21 24
21 25
21 26
21 108
22 23
22 24
22 25
22 26
23 24
23 25
23 26
24 25
24 26
25 26
27 28
27 29
27 30
27 31
27 37
27 65
27 75
27 80
27 83
28 29
28 30
28 31
28 32
28 75
28 80
29 30
31 32
31 33
31 119
32 33
32 119
32 496
34 35
34 36
34 119
35 36
37 38
37 39
37 40
37 41
37 119
37 120
38 39
38 40
38 41
38 58
38 120
38 159
39 40
39 41
40 41
42 43
42 44
42 45
42 119
42 120
43 44
43 45
43 58
43 120
44 45
46 47
46 48
46 49
46 91
46 102
46 103
46 290
47 48
47 49
47 103
47 291
48 49
50 51
50 54
50 55
50 57
50 91
50 131
50 425
50 521
51 55
51 57
51 58
51 60
51 61
51 131
51 132
51 426
51 521
51 522
52 53
52 54
52 55
52 56
52 57
52 58
52 414
53 54
53 55
53 56
53 120
54 55
54 56
54 65
54 99
54 102
55 56
55 66
55 71
55 73
55 101
55 103
56 99
57 58
57 59
57 60
57 65
57 66
57 70
57 73
57 208
57 382
57 614
58 61
58 66
58 209
58 383
58 615
59 60
59 61
59 62
59 63
59 64
59 65
59 70
59 71
59 73
59 99
59 102
59 673
60 61
60 62
60 63
60 64
60 65
60 66
60 70
60 71
60 84
60 103
60 132
60 389
61 62
61 63
61 64
61 65
61 66
61 70
61 71
61 73
61 84
61 101
61 103
61 389
62 63
62 64
63 64
64 390
65 66
65 67
65 68
65 69
65 70
65 71
65 73
65 229
65 673
66 67
66 68
66 69
66 70
66 71
66 73
66 91
66 103
66 229
66 425
66 674
67 68
67 69
68 69
70 71
70 72
70 73
70 74
70 99
70 102
70 172
70 204
70 425
70 476
70 673
71 72
71 73
71 74
71 100
71 101
71 425
71 673
72 73
72 74
72 99
73 74
73 99
73 100
73 102
75 76
75 77
75 78
75 79
75 80
75 92
75 93
76 77
76 78
76 79
76 80
77 78
77 79
77 80
78 79
78 80
79 80
80 532
81 82
81 83
81 84
81 85
81 86
81 87
81 88
81 89
81 90
81 92
81 93
81 120
82 83
82 84
82 85
82 86
82 87
82 88
82 89
82 90
83 84
83 85
83 86
83 87
83 88
83 89
83 90
84 85
84 86
84 87
84 88
84 89
84 90
85 86
85 87
85 88
85 89
85 90
86 87
86 88
86 89
86 90
87 88
87 89
87 90
88 89
88 90
89 90
91 99
91 100
91 102
91 103
91 425
91 614
92 93
92 94
92 95
92 96
92 97
92 98
92 102
92 108
92 431
93 94
93 95
93 96
93 97
93 98
93 102
93 103
93 109
93 641
94 95
94 96
94 97
94 98
95 96
95 97
95 98
95 100
96 97
96 98
96 148
97 98
99 100
99 101
99 113
99 529
99 673
100 101
100 113
100 114
100 115
100 267
100 642
100 649
101 113
101 114
101 673
102 103
102 104
102 105
102 106
102 108
102 119
102 673
103 104
103 105
103 106
103 120
103 425
103 673
104 105
104 106
105 106
107 108
108 109
108 110
108 111
108 119
108 124
108 204
109 110
111 112
113 114
113 115
113 116
113 117
113 118
114 115
114 116
114 117
114 118
115 116
115 117
115 118
116 117
116 118
117 118
119 120
119 121
119 122
119 123
119 138
119 148
119 168
119 172
119 283
119 425
120 121
120 122
120 123
120 168
120 425
120 528
121 122
121 123
122 123
124 125
124 126
124 127
124 128
124 131
124 137
124 140
124 144
124 148
124 296
124 297
124 299
125 126
125 128
125 132
125 138
125 145
125 149
125 300
125 335
127 128
127 129
127 130
127 131
127 148
127 296
127 297
127 299
127 326
127 363
127 414
127 633
128 129
128 130
128 132
128 300
128 327
128 364
129 130
129 629
130 149
131 132
131 133
131 137
131 144
131 382
131 412
131 488
131 521
131 524
131 554
132 133
132 138
132 145
132 149
132 201
132 272
132 489
132 522
132 555
134 135
134 136
134 137
134 255
134 279
134 561
134 562
134 576
134 673
135 136
135 561
137 138
137 139
137 140
137 144
137 187
137 260
137 548
137 554
137 561
137 576
138 139
138 140
138 141
138 144
138 425
138 548
138 549
139 242
139 255
139 561
139 562
139 631
139 673
140 141
140 142
140 143
140 224
140 225
140 554
140 576
141 142
141 143
141 225
141 555
141 577
142 143
142 255
143 562
144 145
144 146
144 147
144 496
144 559
144 560
145 146
145 147
145 497
145 560
146 147
148 149
148 150
148 151
148 172
148 200
148 382
148 388
148 502
148 506
149 150
149 151
149 388
149 389
149 390
149 489
149 504
149 543
149 544
150 151
152 153
152 154
152 155
152 156
152 157
152 159
152 176
153 154
153 155
153 156
153 157
153 159
154 155
154 156
154 157
154 159
155 156
155 157
155 159
156 157
158 159
158 160
159 160
161 162
161 163
161 164
161 165
161 166
161 167
161 176
162 163
162 164
162 165
162 166
162 167
163 164
163 165
163 166
163 167
164 165
164 166
164 167
165 166
165 167
166 167
168 169
168 170
168 171
169 170
169 171
169 182
170 171
172 173
172 174
172 175
172 176
172 181
172 183
172 200
172 216
172 673
173 174
173 175
173 176
173 177
173 182
173 194
173 195
173 201
173 205
173 217
174 175
176 177
176 178
176 179
176 182
176 195
176 205
177 178
179 180
181 182
181 183
181 184
181 185
181 186
181 187
181 192
181 194
181 200
181 593
181 673
182 183
182 184
182 185
182 186
182 187
182 188
182 194
182 195
182 200
182 673
183 184
183 185
183 186
183 187
183 192
183 194
183 200
183 224
183 240
183 368
183 591
184 185
184 186
184 188
184 195
184 201
185 186
187 188
187 189
187 190
187 191
187 192
187 193
187 201
187 673
188 189
188 190
188 191
188 192
188 193
188 201
188 673
189 190
189 191
189 192
189 193
190 191
190 192
190 193
191 192
191 193
192 193
194 195
194 196
194 197
194 198
194 199
194 201
194 673
195 196
195 197
195 198
195 199
195 201
196 197
196 198
196 199
197 198
197 199
198 199
200 201
200 202
200 203
200 204
200 516
200 673
201 202
201 203
201 673
202 203
204 205
204 206
204 207
204 208
204 209
204 210
204 614
204 673
205 206
205 207
205 208
205 209
205 210
205 614
206 207
206 208
206 209
206 210
207 208
207 209
207 210
208 209
208 210
209 210
211 212
211 213
211 214
211 220
211 221
211 378
212 213
212 214
212 221
213 214
215 216
215 217
215 218
215 219
216 217
216 218
216 219
216 220
216 221
216 286
217 218
217 219
217 221
217 225
217 237
217 287
217 288
217 291
217 292
218 219
220 221
220 222
220 223
220 224
220 225
220 229
220 240
220 286
220 321
220 378
220 407
220 584
221 222
221 223
221 225
221 379
222 223
224 225
224 226
224 227
224 228
224 229
224 230
224 231
224 240
224 319
224 350
224 351
224 425
224 488
224 521
224 548
224 618
224 665
225 226
225 227
225 228
225 229
225 240
225 241
225 353
225 425
225 426
225 476
225 522
225 548
225 549
226 227
226 228
226 413
227 228
229 230
229 231
229 232
229 233
229 234
229 235
229 247
229 319
229 350
229 351
229 521
229 522
230 231
230 232
230 233
230 234
230 235
230 344
230 347
230 351
230 352
230 353
231 232
231 233
231 234
231 235
231 347
231 351
232 233
232 234
232 235
233 234
233 235
234 235
236 237
236 238
236 239
237 238
237 239
237 277
237 330
237 615
238 239
238 277
238 629
240 241
240 242
240 243
240 244
240 245
240 301
240 319
240 402
240 431
240 478
240 630
241 242
241 243
241 244
241 245
241 337
241 344
241 347
241 376
241 403
242 243
242 244
242 245
242 301
242 315
242 316
242 340
242 343
242 344
242 447
242 594
242 629
243 244
243 245
243 345
243 347
244 245
244 629
244 631
246 247
246 248
246 249
246 250
246 251
246 252
246 253
246 254
247 248
247 249
247 250
247 251
247 252
247 253
247 254
248 249
248 250
248 251
248 252
248 253
248 254
249 250
249 251
249 252
249 253
249 254
250 251
250 252
250 253
250 254
251 252
251 253
251 254
251 279
251 618
252 253
252 254
252 256
253 254
255 256
255 257
255 258
255 259
255 260
255 261
255 265
255 266
255 336
255 337
255 559
255 561
256 257
256 258
256 259
256 260
256 261
256 265
256 266
256 339
256 560
257 258
257 259
258 259
259 315
259 379
260 261
260 262
260 263
260 264
260 554
260 559
260 560
261 262
261 263
261 264
261 560
262 263
262 264
263 264
265 266
265 267
265 268
265 269
265 559
265 561
266 267
266 268
266 269
266 278
266 280
266 306
266 310
266 312
266 560
266 562
267 268
267 269
267 280
267 310
267 427
268 269
270 271
270 330
272 273
272 274
272 275
272 276
272 278
272 280
272 306
272 307
272 310
272 311
272 312
272 330
272 496
272 497
273 274
273 275
273 276
273 278
273 280
273 312
273 497
274 275
274 276
274 279
275 276
275 307
277 278
277 279
277 280
277 281
277 282
277 283
277 284
277 285
277 315
277 316
277 330
277 331
277 336
277 337
277 554
277 594
278 279
278 280
278 281
278 282
278 283
278 284
278 285
278 330
278 555
278 560
279 280
279 281
279 282
279 283
279 284
279 285
279 315
279 316
279 330
279 331
279 561
280 281
280 282
280 283
280 284
280 285
280 292
281 282
281 283
281 284
281 285
282 283
282 284
282 285
283 284
283 285
284 285
286 287
286 288
286 289
286 290
286 291
286 292
286 293
286 294
286 295
286 301
286 302
286 319
286 425
286 476
286 477
286 478
287 288
287 289
287 290
287 291
287 292
287 293
287 294
287 295
287 301
287 302
287 316
287 320
287 353
287 426
287 435
287 437
287 477
287 479
287 483
287 622
288 289
288 290
288 291
288 292
288 293
288 294
288 295
288 302
288 307
288 310
288 316
288 353
288 435
288 437
288 569
288 622
289 290
289 291
289 292
289 293
289 294
289 295
290 291
290 292
290 293
290 294
290 295
290 296
290 301
290 319
290 665
291 292
291 293
291 294
291 295
291 301
291 316
291 319
291 320
291 435
291 437
292 293
292 294
292 295
292 307
292 310
292 353
292 435
292 437
292 440
292 569
292 622
293 294
293 295
294 295
296 297
296 298
296 326
296 447
296 490
296 676
297 298
297 327
297 448
297 455
297 490
297 599
297 677
299 300
299 452
299 460
300 453
300 455
300 460
301 302
302 455
302 477
303 304
303 305
303 350
303 623
303 624
303 625
303 633
304 305
304 352
306 307
306 308
306 309
306 310
306 311
306 312
306 313
306 314
306 319
306 425
306 452
306 476
306 506
307 308
307 309
307 310
307 311
307 312
307 313
307 314
307 322
307 426
307 470
308 309
308 310
308 311
308 312
308 313
308 314
309 310
309 311
309 312
309 313
309 314
310 311
310 312
310 313
310 314
310 427
310 609
311 312
311 313
311 314
311 319
311 506
312 313
312 314
312 320
313 314
315 316
315 317
315 318
315 326
315 327
315 618
315 629
315 631
316 317
316 318
316 319
316 320
316 327
316 328
316 438
317 318
319 320
319 321
319 322
319 323
319 324
319 325
319 326
319 327
319 328
319 629
320 321
320 322
320 323
320 324
320 325
320 438
321 322
321 323
321 324
321 325
321 496
322 323
322 324
322 325
322 328
322 497
323 324
323 325
324 325
326 327
326 328
326 329
326 407
326 516
326 618
327 328
327 329
327 408
327 413
327 516
327 517
328 329
328 343
330 331
330 332
330 333
330 334
330 435
330 454
330 459
330 469
330 478
330 496
330 559
330 594
330 618
331 332
331 333
331 334
331 344
331 436
331 479
331 483
332 333
332 334
333 334
336 337
336 338
336 339
336 340
336 341
336 342
336 447
336 496
336 631
337 338
337 339
337 340
337 341
337 342
337 532
337 533
338 339
338 340
338 341
338 342
339 340
339 341
339 342
340 341
340 342
341 342
343 344
343 345
343 388
343 425
343 426
343 427
343 435
343 478
344 345
344 389
344 448
344 477
344 479
344 483
346 347
346 348
346 349
347 348
347 349
347 379
348 349
350 351
350 352
350 353
350 354
350 355
350 359
350 368
350 378
350 412
350 623
350 627
350 633
351 352
351 353
351 354
351 360
351 369
351 582
352 353
352 354
352 356
352 624
352 634
353 354
353 360
353 362
353 369
353 379
353 627
355 356
355 357
355 358
355 375
355 521
356 357
356 358
356 522
357 358
359 360
359 361
359 362
359 368
359 376
359 388
359 561
359 562
360 361
360 362
360 369
360 376
360 389
360 390
360 408
360 562
361 362
363 364
363 365
363 366
363 367
363 368
363 618
364 365
364 366
364 367
364 369
365 366
365 367
366 367
368 369
368 370
368 371
368 375
368 382
368 388
368 407
368 579
368 615
369 370
369 372
369 376
369 383
369 389
369 390
369 408
369 538
369 539
371 372
371 373
371 374
371 375
371 388
371 402
371 407
371 476
371 478
371 482
371 559
372 373
372 374
372 376
372 403
372 408
372 477
372 478
372 479
372 483
372 532
372 533
373 374
375 376
375 377
375 388
375 407
375 476
375 478
375 482
375 604
376 377
376 389
376 408
376 477
376 479
376 483
378 379
378 380
378 381
378 559
378 560
378 562
378 665
379 380
379 381
379 489
379 536
380 381
382 383
382 384
382 385
382 386
382 387
382 521
383 384
383 385
383 386
383 387
383 522
384 385
384 386
384 387
385 386
385 387
386 387
388 389
388 390
388 391
388 392
388 407
388 502
388 540
388 543
389 390
389 391
389 392
389 408
389 503
389 541
389 544
390 391
390 392
390 503
390 541
390 544
391 392
393 394
393 395
393 396
393 397
393 398
393 399
393 400
393 401
393 412
393 413
394 395
394 396
394 397
394 398
394 399
394 400
394 401
395 396
395 397
395 398
395 399
395 400
395 401
396 397
396 398
396 399
396 400
396 401
397 398
397 399
397 400
397 401
398 399
398 400
398 401
399 400
399 401
400 401
401 413
402 403
402 404
402 405
402 406
402 673
403 404
403 405
403 406
404 405
404 406
405 406
406 408
407 408
407 409
407 410
407 411
407 412
407 414
407 420
407 559
407 618
408 409
408 410
408 411
408 412
408 413
408 415
408 421
408 477
408 479
408 483
408 532
408 533
409 410
409 411
410 411
412 413
412 478
412 488
412 507
412 554
412 567
412 568
413 425
413 488
413 489
413 555
413 568
414 415
414 416
414 417
414 418
414 419
414 420
414 492
414 502
414 506
414 623
414 633
414 673
415 416
415 417
415 418
415 419
415 420
415 493
415 503
415 507
415 623
415 624
416 417
416 418
416 419
417 418
417 419
418 419
420 421
420 422
420 423
420 424
421 422
421 423
421 424
422 423
422 424
423 424
425 426
425 427
425 428
425 429
425 430
425 548
426 427
426 428
426 429
426 430
426 472
426 549
427 428
427 429
427 430
427 444
428 429
428 430
429 430
431 432
431 433
431 434
431 584
431 585
432 433
432 434
432 449
432 585
433 434
435 436
435 437
435 439
435 440
435 452
435 453
435 455
435 460
435 476
436 437
436 438
436 439
436 440
436 448
436 449
436 453
436 455
436 460
436 477
437 438
437 439
437 440
437 441
437 442
437 454
437 459
437 469
437 502
437 618
437 619
438 439
438 440
438 441
438 442
438 455
438 619
438 622
439 440
439 441
439 442
439 470
439 503
440 441
440 442
440 470
440 475
440 503
440 630
441 442
441 618
443 444
443 445
443 446
444 445
444 446
445 446
447 448
447 449
447 450
447 451
447 452
447 453
447 454
447 476
447 673
448 449
448 450
448 451
448 453
448 454
448 455
448 460
448 472
448 512
449 450
449 451
449 455
450 451
452 453
452 454
452 455
452 456
452 457
452 458
452 459
452 460
452 461
452 462
452 602
452 604
453 454
453 455
453 456
453 457
453 458
453 459
453 460
453 461
453 462
453 602
454 455
454 456
454 457
454 458
454 459
454 460
454 461
454 462
454 476
454 602
455 456
455 457
455 458
455 459
455 460
455 461
455 462
455 472
455 475
455 602
455 603
456 457
456 458
456 459
456 460
456 461
456 462
457 458
457 459
457 460
457 461
457 462
457 475
458 459
458 460
458 461
458 462
459 460
459 461
459 462
459 476
459 584
459 602
459 614
460 461
460 462
460 585
460 602
460 603
461 462
463 464
463 465
463 466
463 467
463 468
464 465
464 466
464 467
464 468
464 472
465 466
465 467
465 468
466 467
466 468
467 468
469 470
470 584
471 472
471 473
471 474
471 475
471 478
471 482
472 473
472 474
472 475
472 479
472 483
473 474
473 475
474 475
476 477
476 478
476 479
476 480
476 481
476 482
476 483
476 484
476 485
476 486
476 487
476 488
477 478
477 479
477 480
477 481
477 482
477 483
477 484
477 485
477 486
477 487
477 489
477 497
478 479
478 480
478 481
478 482
478 483
478 484
478 485
478 486
478 487
478 488
478 489
478 496
478 497
479 480
479 481
479 482
479 483
479 484
479 485
479 486
479 487
479 497
480 481
480 482
480 483
480 484
480 485
480 486
480 487
481 482
481 483
481 484
481 485
481 486
481 487
482 483
482 484
482 485
482 486
482 487
482 491
482 492
482 648
482 659
482 660
483 484
483 485
483 486
483 487
483 497
484 485
484 486
484 487
485 486
485 487
486 487
488 489
488 490
488 491
489 490
489 491
490 491
492 493
492 494
492 495
492 496
492 497
493 494
493 495
493 497
494 495
496 497
496 498
496 499
496 500
496 501
496 554
497 498
497 499
497 500
497 501
497 555
498 499
498 500
498 501
499 500
499 501
500 501
501 640
502 503
502 504
502 505
503 504
503 505
504 505
506 507
506 508
506 509
506 510
507 508
507 509
507 510
508 509
508 510
509 510
511 512
511 513
511 514
511 515
512 513
512 514
512 515
513 514
513 515
514 515
516 517
516 518
516 519
516 520
516 673
517 518
517 519
517 520
518 519
518 520
519 520
519 522
519 631
521 522
521 523
521 524
521 525
521 526
521 579
522 523
522 524
522 525
522 526
522 532
522 579
523 524
523 525
523 526
524 525
524 526
525 526
527 528
527 529
527 530
527 531
528 529
528 530
528 531
529 530
529 531
530 531
532 533
532 534
532 542
532 548
533 534
533 535
533 536
533 555
535 536
535 537
536 537
538 539
539 618
540 541
540 542
541 542
542 641
543 544
543 545
543 546
543 547
544 545
544 546
544 547
545 546
545 547
546 547
548 549
548 550
548 551
548 552
548 553
548 554
548 559
548 561
548 640
549 550
549 551
549 552
549 553
549 560
550 551
550 552
550 553
550 631
551 552
551 553
551 561
551 562
552 553
554 555
554 556
554 557
554 558
554 559
555 556
555 557
555 558
556 557
556 558
557 558
559 560
559 561
559 562
559 563
559 564
559 565
559 566
560 561
560 562
560 563
560 564
560 565
560 566
560 577
561 562
561 563
561 564
561 565
561 566
561 577
561 673
562 563
562 564
562 565
562 566
562 577
563 564
563 565
563 566
564 565
564 566
565 566
567 568
567 569
567 570
567 571
568 569
568 570
568 571
569 570
569 571
570 571
572 573
572 574
572 575
572 633
572 634
572 641
573 574
573 575
573 634
574 575
576 577
576 578
576 579
576 582
576 594
576 640
576 641
577 578
577 579
577 582
577 595
577 642
579 580
579 581
579 582
580 581
582 583
583 584
584 585
584 586
584 587
584 592
584 618
585 586
585 587
585 594
586 587
588 589
588 590
588 591
588 592
588 593
589 590
589 591
589 592
589 593
590 591
590 592
590 593
590 640
591 592
591 593
592 593
594 595
594 596
594 597
594 614
594 631
594 633
595 596
595 597
595 634
596 597
598 599
598 600
598 601
598 602
598 603
599 600
599 601
599 602
599 603
600 601
600 602
600 603
601 602
601 603
602 603
604 605
606 607
606 608
606 609
606 610
606 618
606 619
607 608
607 609
607 610
608 609
608 610
609 610
609 625
611 612
611 613
611 615
612 613
613 615
614 615
614 616
614 617
614 618
614 623
615 616
615 617
615 619
616 617
618 619
618 620
618 621
618 622
619 620
619 621
619 622
619 637
620 621
620 622
621 622
623 624
623 625
623 626
623 629
623 633
624 625
624 626
624 630
624 633
624 634
624 670
624 671
625 626
625 630
625 633
627 628
629 630
629 631
630 631
630 632
631 632
631 641
633 634
633 635
633 636
633 637
633 638
633 639
633 670
634 635
634 636
634 637
634 638
634 639
634 671
635 636
635 637
635 638
635 639
636 637
636 638
636 639
637 638
637 639
638 639
640 641
640 642
640 643
640 644
641 642
641 643
641 644
641 673
642 643
642 644
643 644
645 646
645 647
646 647
646 648
647 663
648 649
648 650
648 651
648 652
648 653
649 650
649 651
649 652
649 653
650 651
650 652
650 653
651 652
651 653
652 653
654 655
654 656
654 657
654 658
654 659
655 656
655 657
655 658
656 657
656 658
657 658
659 660
659 662
660 662
661 662
662 663
663 664
665 666
665 667
665 668
665 669
666 667
666 668
666 669
667 668
667 669
668 669
670 671
670 672
671 672
673 674
673 675
674 675
676 677
676 678
676 679
676 680
676 681
677 678
677 679
677 680
677 681
678 679
678 680
678 681
679 680
679 681
680 681
