0 1
0 2
0 3
0 4
0 5
0 11
1 2
1 3
1 4
1 5
1 485
2 3
2 4
2 5
3 4
3 5
4 5
6 7
6 8
6 9
6 10
6 12
6 15
6 32
6 33
6 68
6 69
6 273
6 323
6 482
7 8
7 9
7 10
7 27
7 33
7 68
7 69
8 9
8 10
9 10
10 485
11 12
11 13
11 14
11 15
11 16
11 17
11 18
11 19
11 54
11 55
11 73
11 122
11 148
11 482
11 612
12 13
12 14
12 15
12 16
12 17
12 18
12 19
12 20
12 54
12 73
12 77
12 148
12 484
12 789
13 14
13 15
13 16
13 17
13 18
13 19
14 15
14 16
14 17
14 18
14 19
15 16
15 17
15 18
15 19
15 20
15 60
15 62
15 73
15 77
15 79
15 88
15 144
15 501
15 533
16 17
16 18
16 19
16 20
16 33
16 73
16 501
17 18
17 19
18 19
20 21
20 22
20 23
20 24
20 25
20 26
20 27
20 167
20 576
21 22
21 23
21 24
21 25
21 26
22 23
22 24
22 25
22 26
23 24
23 25
23 26
24 25
24 26
25 26
27 28
27 29
27 30
27 31
27 33
27 37
27 38
27 39
27 40
27 140
27 414
27 500
27 582
27 730
27 731
27 732
27 733
27 734
27 737
27 738
27 742
27 743
27 747
28 29
28 30
28 31
28 547
29 30
29 31
30 31
32 33
32 34
32 35
32 36
32 38
32 50
32 54
32 68
32 69
32 72
33 34
33 35
33 36
33 37
33 39
33 40
33 51
33 53
33 55
33 68
33 69
33 73
33 482
33 483
34 35
34 36
35 36
37 38
37 39
37 40
37 41
37 42
37 43
37 45
37 175
37 746
38 39
38 40
38 41
38 42
38 43
38 44
38 50
38 54
38 122
38 139
38 140
38 167
38 175
38 547
38 548
38 576
39 40
39 41
39 42
39 43
39 45
39 51
39 53
39 158
39 159
40 41
40 42
40 43
40 45
40 84
40 175
40 460
40 548
41 42
41 43
42 43
44 45
44 46
44 47
44 48
44 49
44 104
44 105
44 106
44 167
45 46
45 47
45 48
45 49
45 53
45 105
45 106
45 315
45 316
46 47
46 48
46 49
47 48
47 49
48 49
49 106
50 51
50 52
50 53
51 52
51 53
51 112
51 176
51 556
52 53
53 117
53 556
54 55
54 56
54 57
54 58
54 59
54 60
54 68
54 72
54 165
54 167
54 482
54 483
54 592
54 738
55 56
55 57
55 58
55 59
55 60
55 69
55 73
55 140
55 429
55 482
55 484
55 568
55 592
56 57
56 58
56 59
57 58
57 59
57 393
58 59
60 61
60 62
60 63
60 64
60 65
60 66
60 67
60 68
60 416
60 482
60 483
60 484
61 62
61 63
61 64
61 65
61 66
61 67
61 109
62 63
62 64
62 65
62 66
62 67
63 64
63 65
63 66
63 67
63 485
64 65
64 66
64 67
65 66
65 67
66 67
68 69
68 70
68 71
68 72
68 73
68 153
68 482
68 483
68 485
69 70
69 71
69 72
69 73
69 86
69 154
69 482
70 71
72 73
72 74
72 75
72 76
72 432
72 483
72 609
73 74
73 75
73 76
73 593
74 75
74 76
75 76
77 78
77 79
77 80
77 81
77 82
77 83
77 84
77 85
77 88
77 182
77 183
77 416
77 417
77 521
77 522
78 79
78 80
78 81
78 82
78 83
78 84
78 85
78 109
78 182
78 183
79 80
79 81
79 82
79 83
79 84
79 85
79 484
79 789
80 81
80 82
80 83
80 84
80 85
80 159
80 182
81 82
81 83
81 84
81 85
82 83
82 84
82 85
83 84
83 85
84 85
84 548
86 86
86 87
86 88
86 89
86 90
86 91
86 92
86 93
86 94
86 95
86 96
86 101
86 111
86 144
86 175
86 178
87 88
87 89
87 90
87 91
87 92
87 93
87 94
87 95
87 96
87 101
87 102
87 111
87 140
87 179
87 182
87 458
87 568
87 577
88 89
88 90
88 91
88 92
88 93
88 94
88 95
88 96
88 105
88 111
88 132
88 407
89 90
89 91
89 92
89 93
89 94
89 95
89 96
89 101
89 105
89 111
89 176
89 507
89 519
90 91
90 92
90 93
90 94
90 95
90 96
90 104
90 111
90 148
90 165
90 167
90 331
90 416
90 491
90 554
91 92
91 93
91 94
91 95
91 96
92 93
92 94
92 95
92 96
93 94
93 95
93 96
94 95
94 96
95 96
96 328
97 98
97 99
97 100
97 101
97 102
97 103
98 99
98 100
98 101
98 102
98 103
99 100
99 101
99 102
99 103
100 101
100 102
100 103
101 102
101 103
101 393
101 584
102 103
104 105
104 106
104 111
104 112
104 116
104 121
104 130
104 140
104 144
104 184
104 330
104 492
104 522
104 553
104 568
105 106
105 112
105 268
105 269
105 519
105 570
105 574
106 112
106 144
107 108
107 109
107 110
107 121
107 130
107 131
107 166
107 175
107 272
107 397
108 109
108 110
109 110
109 121
109 163
109 179
109 397
109 448
109 458
109 533
109 788
111 112
111 113
111 116
111 407
111 462
111 463
111 489
111 507
111 526
111 527
111 555
112 113
112 116
112 117
112 153
112 163
112 173
112 179
112 462
112 463
112 507
113 114
113 115
113 167
114 115
116 117
116 118
116 119
116 120
116 153
116 165
116 167
116 168
116 172
116 173
116 428
116 512
116 513
116 519
117 118
117 119
117 120
117 154
117 159
117 166
117 172
117 173
117 513
118 119
118 120
119 120
121 122
121 123
121 124
121 125
121 126
121 127
121 128
121 129
121 553
122 123
122 124
122 125
122 126
122 127
122 128
122 129
122 484
122 532
123 124
123 125
123 126
123 127
123 128
123 129
123 429
124 125
124 126
124 127
124 128
124 129
125 126
125 127
125 128
125 129
126 127
126 128
126 129
127 128
127 129
127 782
128 129
129 584
130 131
130 132
130 133
130 134
130 135
130 136
130 137
130 138
130 165
130 521
130 522
130 532
130 533
131 132
131 133
131 134
131 135
131 136
131 137
131 138
132 133
132 134
132 135
132 136
132 137
132 138
133 134
133 135
133 136
133 137
133 138
134 135
134 136
134 137
134 138
135 136
135 137
135 138
136 137
136 138
136 522
137 138
139 140
139 141
139 142
139 143
139 144
139 148
139 153
139 175
139 183
139 324
139 507
139 521
139 554
139 576
139 577
139 730
139 738
139 746
139 769
140 141
140 142
140 143
140 397
140 462
140 463
140 490
140 500
140 567
140 576
140 583
140 584
140 730
141 142
141 143
142 143
144 145
144 146
144 147
144 393
144 482
144 483
144 576
145 146
145 147
146 147
148 149
148 150
148 151
148 152
148 153
148 154
148 158
148 159
148 165
148 166
148 167
148 168
148 512
148 545
148 546
148 547
149 150
149 151
149 152
149 166
150 151
150 152
150 478
151 152
153 154
153 155
153 156
153 157
153 158
153 159
153 160
153 161
153 162
153 163
153 164
153 165
153 167
153 172
153 545
153 592
154 155
154 156
154 157
154 158
154 159
154 160
154 161
154 162
154 163
154 164
154 166
154 167
154 168
154 172
154 173
154 179
154 545
154 803
155 156
155 157
155 158
155 159
155 160
155 161
155 162
155 163
155 164
156 157
156 158
156 159
156 160
156 161
156 162
156 163
156 164
157 158
157 159
157 160
157 161
157 162
157 163
157 164
158 159
158 160
158 161
158 162
158 163
158 164
158 165
158 175
158 178
158 584
158 590
159 160
159 161
159 162
159 163
159 164
159 167
159 168
159 173
159 178
159 179
159 545
159 548
160 161
160 162
160 163
160 164
161 162
161 163
161 164
162 163
162 164
162 165
162 166
162 168
162 173
162 545
162 546
162 547
162 548
163 164
163 166
165 166
165 167
165 168
165 169
165 170
165 171
165 172
165 173
165 174
165 179
165 462
165 476
165 512
165 513
165 540
165 545
165 588
166 167
166 168
166 169
166 170
166 171
166 172
166 173
166 174
166 483
166 492
166 518
167 168
167 169
167 170
167 171
167 172
167 173
167 174
167 177
167 178
167 179
167 443
167 476
167 477
167 478
167 484
167 545
167 547
167 584
167 593
167 612
168 168
168 169
168 170
168 171
168 172
168 173
168 174
168 176
168 178
168 477
169 170
169 171
169 172
169 173
169 174
170 171
170 172
170 173
170 174
171 172
171 173
171 174
172 173
172 174
172 178
172 447
172 476
172 484
172 547
172 802
172 803
173 174
173 176
173 178
175 176
175 177
176 177
176 179
176 577
178 179
178 180
178 181
178 191
178 443
178 476
178 518
178 582
178 592
178 593
179 180
179 181
179 476
179 593
179 803
180 181
182 183
182 521
182 522
182 593
183 410
183 497
183 521
183 522
183 592
183 593
184 185
184 186
184 187
184 188
184 189
184 472
184 482
184 545
184 577
185 186
185 187
185 188
185 189
185 518
186 187
186 188
186 189
187 188
187 189
188 189
190 191
190 193
190 245
191 192
191 193
192 193
193 577
194 195
194 196
194 197
194 198
194 199
194 200
194 201
194 228
194 233
194 250
194 260
194 273
194 283
194 342
194 686
195 196
195 197
195 198
195 199
195 200
195 201
195 202
195 207
195 211
195 228
195 233
195 234
195 261
195 686
196 197
196 198
196 199
196 200
196 206
196 211
196 228
196 233
196 234
196 241
196 261
196 686
197 198
197 199
197 200
198 199
198 200
199 200
201 202
201 203
201 204
201 205
201 212
201 228
201 240
201 250
202 203
202 204
202 205
202 228
202 229
202 233
202 234
202 240
202 363
202 385
203 204
203 205
204 205
206 207
206 208
206 209
206 210
206 245
206 250
206 260
207 208
207 209
207 210
207 250
207 261
208 209
208 210
209 210
211 212
211 213
211 214
211 215
211 216
211 217
212 213
212 214
212 215
212 379
213 214
213 215
213 217
214 215
216 217
216 218
216 219
216 220
216 221
216 256
216 260
216 279
217 218
217 219
217 220
217 221
217 257
218 219
218 220
218 221
219 220
219 221
220 221
222 223
222 224
222 225
222 226
222 227
222 229
223 224
223 225
223 226
223 227
223 229
224 225
224 226
224 227
225 226
225 227
226 227
228 229
228 230
228 231
228 232
228 233
228 250
228 260
228 298
228 376
229 230
229 231
229 232
229 233
229 234
229 241
229 242
229 250
229 251
229 252
229 261
229 377
230 231
230 232
231 232
231 247
233 234
233 235
233 236
233 237
233 238
233 239
233 240
233 245
233 250
233 251
233 252
233 260
234 235
234 236
234 237
234 238
234 239
234 240
234 246
234 261
235 236
235 237
235 238
235 239
235 240
236 237
236 238
236 239
236 240
237 238
237 239
237 240
238 239
238 240
239 240
241 242
241 243
241 244
241 245
241 250
241 251
241 252
241 283
241 284
242 243
242 244
242 251
242 252
242 260
242 283
243 244
244 247
245 246
245 247
245 248
245 249
245 250
245 251
245 252
245 260
246 247
246 248
246 249
246 251
246 260
246 261
247 247
247 248
247 249
247 250
247 251
247 260
247 612
247 613
248 249
248 261
248 725
250 251
250 252
250 253
250 254
250 255
250 260
250 264
250 371
250 705
251 252
251 253
251 254
251 255
251 260
251 261
252 253
252 254
252 255
252 260
252 261
253 254
253 255
254 255
256 257
256 258
256 259
256 260
257 258
257 259
258 259
260 261
260 262
260 263
260 295
260 298
261 262
261 263
262 263
264 265
264 266
264 267
264 273
264 274
264 279
264 280
264 295
264 342
264 343
264 346
265 266
265 267
265 269
265 279
265 343
266 267
268 269
268 270
268 271
268 272
268 283
268 288
268 291
268 292
268 296
268 298
268 315
268 324
268 346
268 347
268 780
268 810
269 270
269 271
269 272
269 274
269 288
269 292
269 343
269 347
269 810
270 271
270 272
271 272
272 443
273 274
273 279
273 280
273 283
273 284
273 295
273 296
273 297
273 298
273 300
273 331
273 482
273 491
274 275
274 279
274 280
274 283
274 284
274 309
274 324
274 343
275 276
275 277
275 278
275 279
275 280
276 277
276 278
276 284
277 278
279 280
279 281
279 282
279 283
279 284
279 315
279 371
279 422
279 711
280 280
280 281
280 282
280 283
280 284
280 422
280 711
281 282
283 284
283 285
283 286
283 287
283 371
284 285
284 286
284 287
284 307
284 324
284 372
285 286
285 287
286 287
288 289
288 290
288 296
288 297
288 298
288 305
288 307
288 315
288 324
288 328
289 290
291 292
291 293
291 294
291 297
291 298
292 293
292 294
293 294
295 296
295 297
295 298
295 299
295 305
295 307
295 309
295 315
295 316
295 331
295 332
295 398
295 421
295 482
296 297
296 298
296 299
296 305
296 307
296 308
296 309
296 316
296 331
296 421
296 422
297 298
297 299
297 331
297 332
297 421
298 299
298 331
298 421
300 301
300 302
300 303
300 304
300 306
300 331
300 421
300 422
301 302
301 303
301 304
301 422
302 303
302 304
303 304
305 306
305 307
305 308
305 309
305 310
305 311
305 312
305 313
305 314
305 315
305 316
305 324
305 359
306 307
306 308
306 309
306 310
306 311
306 312
306 313
306 314
306 315
306 316
306 319
306 323
307 308
307 309
307 310
307 311
307 312
307 313
307 314
307 315
307 316
307 324
307 337
307 711
308 309
308 310
308 311
308 312
308 313
308 314
308 315
308 809
309 310
309 311
309 312
309 313
309 314
309 315
309 343
310 311
310 312
310 313
310 314
311 312
311 313
311 314
312 313
312 314
313 314
315 316
315 317
315 318
315 323
315 324
315 746
315 747
316 317
316 318
316 324
316 711
316 746
316 747
317 318
319 320
319 321
319 322
319 323
320 321
320 322
320 324
321 322
323 324
323 325
323 326
323 328
324 325
324 328
324 521
324 522
324 809
326 327
326 328
326 329
326 330
326 332
326 476
327 328
327 329
327 330
327 332
327 476
328 329
328 330
328 332
329 330
331 332
331 333
331 334
331 335
331 676
332 333
332 334
332 335
333 334
333 335
334 335
336 337
336 338
336 339
336 340
336 341
337 338
337 339
337 340
337 341
338 339
338 340
338 341
339 340
339 341
340 341
342 343
342 344
342 345
342 346
342 350
342 376
342 647
342 713
343 344
343 345
343 346
343 371
343 377
343 421
343 422
343 648
344 345
344 376
346 347
346 348
346 349
346 350
346 376
346 379
346 428
346 724
347 348
347 349
347 380
347 429
347 588
348 349
350 351
350 352
350 364
350 371
350 379
350 706
350 724
351 352
351 380
353 354
353 355
353 356
353 357
354 355
354 356
354 357
355 356
355 357
356 357
356 610
357 421
357 422
358 359
358 360
358 361
358 362
358 363
358 376
358 377
358 421
359 360
359 361
359 362
359 363
359 376
359 377
360 361
360 362
360 363
360 376
360 379
361 362
361 363
361 376
362 363
362 376
362 377
362 610
364 365
364 366
364 367
364 368
364 379
364 421
365 366
365 367
365 368
365 380
366 367
366 368
367 368
369 370
369 376
370 377
371 372
371 373
371 374
371 375
371 379
372 373
372 374
372 375
372 377
373 374
373 375
374 375
376 377
376 378
376 379
376 380
376 381
376 382
377 378
377 379
377 380
377 381
377 382
377 390
377 610
378 379
378 380
378 381
378 382
379 380
379 381
379 382
380 381
380 382
380 725
381 382
383 384
383 385
383 386
383 387
383 388
383 389
383 390
383 391
383 392
384 385
384 386
384 387
384 388
384 389
384 390
384 391
384 392
385 386
385 387
385 388
385 389
385 390
385 391
385 392
386 387
386 388
386 389
386 390
386 391
386 392
387 388
387 389
387 390
387 391
387 392
388 389
388 390
388 391
388 392
389 390
389 391
389 392
390 391
390 392
391 392
393 394
393 395
393 396
393 397
393 407
393 408
393 414
393 432
393 458
393 459
393 463
393 507
393 576
393 578
393 582
393 583
393 584
393 585
393 588
394 395
394 396
394 397
394 398
394 399
394 407
394 408
394 414
394 457
394 588
394 589
395 396
395 397
396 397
397 533
397 583
398 399
398 400
398 401
398 402
398 403
398 404
398 405
398 406
398 407
398 414
398 416
398 506
398 507
398 545
398 592
399 400
399 401
399 402
399 403
399 404
399 405
399 406
399 414
399 417
400 401
400 402
400 403
400 404
400 405
400 406
401 402
401 403
401 404
401 405
401 406
402 403
402 404
402 405
402 406
402 432
402 506
402 532
402 547
402 554
402 612
403 404
403 405
403 406
404 405
404 406
405 406
407 408
407 409
407 410
407 411
407 412
407 413
407 414
407 415
407 416
407 489
407 555
408 409
408 410
408 411
408 412
408 413
408 414
408 415
408 448
408 555
408 556
408 560
409 410
409 411
409 412
409 413
409 414
409 415
410 411
410 412
410 413
410 414
410 415
411 412
411 413
411 414
411 415
412 413
412 414
412 415
413 414
413 415
414 415
414 416
414 417
414 448
414 472
414 473
414 476
414 553
414 555
414 556
414 560
415 483
416 417
416 418
416 419
416 420
416 443
416 476
416 482
416 592
417 418
417 419
417 420
417 477
417 478
417 482
417 781
418 419
418 420
419 420
421 422
421 423
421 424
421 425
421 426
421 427
422 423
422 424
422 425
422 426
422 427
422 594
423 424
423 425
423 426
423 427
424 425
424 426
424 427
425 426
425 427
426 427
428 429
428 430
428 431
428 432
428 433
428 434
428 435
428 436
428 437
428 443
428 444
428 473
428 526
428 533
428 787
429 430
429 431
429 432
429 433
429 434
429 435
429 436
429 437
429 440
429 441
429 444
429 448
429 473
429 513
429 769
430 431
430 432
430 433
430 434
430 435
431 432
431 433
431 434
431 435
432 433
432 434
432 435
432 436
432 437
432 443
432 444
432 512
432 538
432 539
433 434
433 435
433 436
433 437
433 443
433 444
433 447
433 448
434 435
436 437
436 438
436 439
436 440
436 441
436 442
436 443
436 444
436 512
437 438
437 439
437 440
437 441
437 442
437 444
438 439
438 440
438 441
438 442
439 440
439 441
439 442
440 441
440 442
441 442
443 444
443 445
443 446
443 489
443 519
443 592
444 445
444 446
444 458
444 532
444 533
445 446
447 448
447 449
447 450
447 451
447 452
447 453
447 454
447 455
447 456
447 512
448 449
448 450
448 451
448 452
448 453
448 454
448 455
448 456
449 450
449 451
449 452
449 453
449 454
449 455
449 456
449 513
450 451
450 452
450 453
450 454
450 455
450 456
451 452
451 453
451 454
451 455
451 456
452 453
452 454
452 455
452 456
453 454
453 455
453 456
454 455
454 456
455 456
457 458
457 459
457 460
457 461
457 582
457 584
457 731
457 732
457 733
457 734
457 737
457 742
457 743
457 747
458 459
458 460
458 461
458 519
458 532
458 533
458 732
458 733
458 734
459 460
459 461
460 461
460 507
460 548
462 463
462 464
462 465
462 466
462 467
462 468
462 469
462 506
463 464
463 465
463 466
463 467
463 468
463 469
463 478
463 522
463 553
464 465
464 466
464 467
464 468
464 469
465 466
465 467
465 468
465 469
466 467
466 468
466 469
467 468
467 469
468 469
468 553
468 554
469 483
470 471
470 507
472 473
472 474
472 475
472 476
472 477
472 491
472 518
472 554
472 771
473 474
473 475
473 489
473 490
473 553
473 770
474 475
474 476
474 477
476 477
476 478
476 479
476 480
476 481
476 482
476 483
476 484
476 486
476 491
476 492
476 521
476 803
477 478
477 479
477 480
477 481
477 483
477 491
477 492
477 803
478 479
478 480
478 481
478 483
478 492
478 499
478 521
478 522
478 803
479 480
479 481
480 481
482 483
482 484
482 485
482 486
482 487
482 488
482 540
482 554
482 588
482 612
483 484
483 485
483 486
483 487
483 488
483 512
483 519
483 553
483 588
484 485
484 486
484 487
484 488
484 532
484 582
485 486
485 487
485 488
486 487
486 488
486 584
487 488
487 584
488 518
489 490
489 491
489 492
489 493
489 494
489 495
489 496
489 497
489 498
489 499
489 500
489 553
489 582
490 491
490 492
490 493
490 494
490 495
490 496
490 497
490 498
490 499
490 500
490 732
491 492
491 493
491 494
491 495
491 496
491 497
491 498
491 499
491 500
491 518
491 554
491 582
491 612
491 614
491 771
492 493
492 494
492 495
492 496
492 497
492 498
492 499
492 500
492 545
492 546
492 547
492 548
492 553
492 554
493 494
493 495
493 496
493 497
493 498
493 499
493 500
494 495
494 496
494 497
494 498
494 499
494 500
495 496
495 497
495 498
495 499
495 500
496 497
496 498
496 499
496 500
497 498
497 499
497 500
497 518
497 782
498 499
498 500
499 500
500 554
501 502
501 503
501 504
501 505
502 503
502 504
502 505
503 504
503 505
504 505
506 507
506 508
506 509
506 510
506 511
506 512
506 518
507 508
507 509
507 510
507 511
507 512
507 519
507 547
508 509
508 510
508 511
509 510
509 511
510 511
512 513
512 514
512 515
512 516
512 517
512 518
512 519
512 520
513 514
513 515
513 516
513 517
513 518
513 519
513 520
514 515
514 516
514 517
514 518
514 519
514 520
515 516
515 517
515 518
515 519
515 520
516 517
516 518
516 519
516 520
517 518
517 519
517 520
518 518
518 519
518 520
518 540
518 562
518 575
519 520
519 555
519 570
521 522
521 523
521 524
521 525
521 532
521 592
521 593
521 612
522 523
522 524
522 525
523 524
523 525
523 532
524 525
526 527
526 528
526 529
526 530
526 531
526 532
527 528
527 529
527 530
527 531
528 529
528 530
528 531
529 530
529 531
530 531
532 533
532 534
532 535
532 536
532 537
532 540
533 534
533 535
533 536
533 537
533 540
534 535
534 536
534 537
535 536
535 537
536 537
538 539
540 541
540 542
540 543
540 544
540 582
541 542
541 543
541 544
541 546
541 548
541 577
542 543
542 544
543 544
545 546
545 547
545 548
545 549
545 550
545 551
545 589
546 547
546 548
546 549
546 550
546 551
546 552
546 583
546 589
547 548
547 549
547 550
547 551
547 582
547 589
547 629
547 803
548 549
548 550
548 551
548 589
549 550
549 551
550 551
553 554
553 556
553 588
553 753
554 560
554 588
555 556
555 557
555 558
555 559
555 609
555 629
556 557
556 558
556 559
557 558
557 559
558 559
560 561
560 562
560 563
560 564
560 565
560 566
561 562
561 563
561 564
561 565
561 566
562 563
562 564
562 565
562 566
563 564
563 565
563 566
564 565
564 566
565 566
567 568
567 569
567 570
567 571
567 572
567 573
567 574
567 575
568 569
568 570
568 571
568 572
568 573
568 574
568 575
569 570
569 571
569 572
569 573
569 574
569 575
570 571
570 572
570 573
570 574
570 575
571 572
571 573
571 574
571 575
572 573
572 574
572 575
573 574
573 575
574 575
576 577
576 578
576 579
576 580
576 581
576 582
576 584
576 588
576 787
577 578
577 579
577 580
577 581
577 582
577 588
577 589
577 752
578 579
578 580
578 581
578 583
579 580
579 581
580 581
582 583
582 584
582 585
582 586
582 587
582 588
582 769
583 584
583 585
583 586
583 587
583 588
583 589
583 590
583 591
583 593
584 585
584 586
584 587
584 588
585 586
585 587
586 587
588 589
588 590
588 591
589 590
589 591
590 591
592 593
592 787
593 787
594 595
594 596
594 597
594 598
594 599
594 689
594 690
595 596
595 597
595 598
595 599
595 613
595 653
595 689
596 597
596 598
596 599
597 598
597 599
598 599
600 601
600 602
600 603
600 604
600 608
600 609
600 610
600 614
600 629
600 630
601 602
601 604
601 608
601 609
601 610
601 630
601 706
603 604
603 605
603 606
603 607
603 608
603 609
603 612
603 614
603 624
603 629
603 689
603 720
604 605
604 606
604 607
604 608
604 609
604 610
604 612
604 614
604 615
604 629
604 630
604 641
604 664
605 606
605 607
606 607
608 609
608 610
608 611
608 612
608 613
608 614
608 615
608 629
608 630
608 689
608 709
609 610
609 611
609 629
610 611
610 615
610 629
610 630
612 613
612 614
612 615
612 616
612 617
612 618
612 619
612 620
612 621
612 623
612 629
612 635
612 689
612 690
612 705
612 725
613 614
613 615
613 616
613 617
613 618
613 619
613 620
613 621
613 623
613 635
613 648
613 655
613 665
613 688
613 689
613 690
614 615
614 616
614 617
614 618
614 619
614 620
614 621
614 629
614 685
614 689
614 690
615 616
615 617
615 618
615 619
615 620
615 621
615 630
615 642
615 677
615 690
616 617
616 618
616 619
616 620
616 621
617 618
617 619
617 620
617 621
618 619
618 620
618 621
619 620
619 621
620 621
622 623
622 624
622 625
622 626
622 627
622 628
623 624
623 625
623 626
623 627
623 628
623 724
624 625
624 626
624 627
624 628
624 724
625 626
625 627
625 628
626 627
626 628
627 628
629 630
629 631
629 632
629 633
629 634
629 690
629 705
630 631
630 632
630 633
630 634
630 675
630 688
630 689
630 706
631 632
631 633
631 634
632 633
632 634
633 634
635 636
635 637
635 638
635 639
635 640
635 654
635 688
635 689
635 706
636 637
636 638
636 639
636 640
637 638
637 639
637 640
638 639
638 640
639 640
641 642
641 643
641 644
641 645
641 646
642 643
642 644
642 645
642 646
643 644
643 645
643 646
644 645
644 646
645 646
647 648
647 649
647 650
647 651
647 652
647 653
647 660
647 665
647 674
647 675
648 649
648 650
648 651
648 652
648 653
648 654
648 675
648 689
649 650
649 651
649 652
650 651
650 652
651 652
653 654
653 655
653 656
653 657
653 658
653 659
653 689
653 720
654 655
654 656
654 657
654 658
654 659
654 688
654 690
654 704
655 656
655 657
655 658
655 659
656 657
656 658
656 659
657 658
657 659
658 659
660 661
660 662
660 663
660 688
660 710
661 662
661 663
662 663
662 711
662 724
662 725
664 665
664 666
664 667
664 668
664 669
664 670
664 671
664 672
664 673
664 705
665 666
665 667
665 668
665 669
665 670
665 671
665 672
665 673
665 688
666 667
666 668
666 669
666 670
666 671
666 672
666 673
666 710
666 711
667 668
667 669
667 670
667 671
667 672
667 673
667 711
668 669
668 670
668 671
668 672
668 673
669 670
669 671
669 672
669 673
670 671
670 672
670 673
670 711
671 672
671 673
671 705
672 673
672 710
674 675
674 676
674 677
674 678
674 679
674 680
674 681
674 682
674 683
674 684
674 685
674 686
674 687
674 724
675 676
675 677
675 678
675 679
675 680
675 681
675 682
675 683
675 684
675 685
675 686
675 687
675 688
675 705
675 706
676 677
676 678
676 679
676 680
676 681
676 682
676 683
676 684
676 685
676 686
676 687
677 678
677 679
677 680
677 681
677 682
677 683
677 684
677 685
677 686
677 687
677 706
678 679
678 680
678 681
678 682
678 683
678 684
678 685
678 686
678 687
679 680
679 681
679 682
679 683
679 684
679 685
679 686
679 687
680 681
680 682
680 683
680 684
680 685
680 686
680 687
681 682
681 683
681 684
681 685
681 686
681 687
682 683
682 684
682 685
682 686
682 687
682 706
683 684
683 685
683 686
683 687
684 685
684 686
684 687
685 686
685 687
685 705
685 710
686 687
686 706
688 689
689 690
689 691
689 692
689 693
689 697
689 710
689 725
690 691
690 693
690 698
692 693
692 694
692 695
692 696
693 694
693 695
693 696
694 695
694 696
695 696
697 698
697 699
697 700
697 701
697 702
697 703
697 704
698 699
698 700
698 701
698 702
698 703
698 704
699 700
699 701
699 702
699 703
699 704
700 701
700 702
700 703
700 704
701 702
701 703
701 704
702 703
702 704
703 704
705 706
705 707
705 708
705 709
706 707
706 708
706 709
707 708
707 709
708 709
710 711
710 712
711 712
711 720
711 721
711 725
711 727
713 714
713 715
713 716
713 717
713 718
713 719
714 715
714 716
714 717
714 718
714 719
715 716
715 717
715 718
715 719
716 717
716 718
716 719
717 718
717 719
718 719
720 721
720 722
720 723
721 722
721 723
722 723
724 725
724 726
725 726
725 812
725 813
727 728
727 729
728 729
730 731
730 732
730 733
730 734
730 735
730 736
730 737
730 738
730 739
730 740
730 741
730 742
730 743
730 744
730 745
730 746
730 747
730 748
730 749
730 750
730 765
730 771
730 776
730 777
731 732
731 733
731 734
731 735
731 736
731 737
731 738
731 739
731 740
731 741
731 742
731 743
731 744
731 745
731 746
731 747
731 748
731 749
731 750
731 765
731 776
731 777
732 733
732 734
732 735
732 736
732 737
732 738
732 739
732 740
732 741
732 742
732 743
732 744
732 745
732 746
732 747
732 748
732 749
732 765
732 769
732 776
732 777
733 734
733 735
733 736
733 737
733 738
733 739
733 740
733 741
733 742
733 743
733 744
733 745
733 746
733 747
733 748
733 749
733 750
733 765
733 776
733 777
734 735
734 736
734 737
734 738
734 739
734 740
734 741
734 742
734 743
734 744
734 745
734 746
734 747
734 748
734 749
734 750
734 751
734 765
734 776
734 777
734 787
735 736
735 737
735 738
735 739
735 740
735 741
735 742
735 743
735 744
735 745
735 746
735 747
735 748
735 749
736 737
736 738
736 739
736 740
736 741
736 742
736 743
736 744
736 745
736 746
736 747
736 748
736 749
737 738
737 739
737 740
737 741
737 742
737 743
737 744
737 745
737 746
737 747
737 748
737 749
737 750
737 765
737 776
737 777
737 789
738 738
738 739
738 740
738 741
738 742
738 743
738 744
738 745
738 746
738 747
738 748
738 749
738 750
738 765
738 776
738 789
739 740
739 741
739 742
739 743
739 744
739 745
739 746
739 747
739 748
739 749
740 741
740 742
740 743
740 744
740 745
740 746
740 747
740 748
740 749
741 742
741 743
741 744
741 745
741 746
741 747
741 748
741 749
742 743
742 744
742 745
742 746
742 747
742 748
742 749
742 750
742 765
742 776
743 744
743 745
743 746
743 747
743 748
743 749
743 750
743 765
743 776
743 777
744 745
744 746
744 747
744 748
744 749
745 746
745 747
745 748
745 749
746 747
746 748
746 749
746 750
746 751
746 765
746 769
746 776
746 777
747 748
747 749
747 765
747 769
747 776
748 749
748 751
748 765
748 766
748 776
748 777
748 779
749 769
750 751
750 752
750 753
750 754
750 755
750 756
750 757
750 758
750 759
750 760
750 761
750 762
750 763
750 764
750 771
750 787
751 752
751 753
751 754
751 755
751 756
751 757
751 758
751 759
751 760
751 761
751 762
751 763
751 764
751 766
751 788
752 753
752 754
752 755
752 756
752 757
752 758
752 759
752 760
752 761
752 762
752 763
752 764
753 754
753 755
753 756
753 757
753 758
753 759
753 760
753 761
753 762
753 763
753 764
754 755
754 756
754 757
754 758
754 759
754 760
754 761
754 762
754 763
754 764
755 756
755 757
755 758
755 759
755 760
755 761
755 762
755 763
755 764
756 757
756 758
756 759
756 760
756 761
756 762
756 763
756 764
757 758
757 759
757 760
757 761
757 762
757 763
757 764
757 789
758 759
758 760
758 761
758 762
758 763
758 764
759 760
759 761
759 762
759 763
759 764
760 761
760 762
760 763
760 764
761 762
761 763
761 764
762 763
762 764
763 764
765 766
765 767
765 768
765 769
765 770
765 771
765 772
765 776
765 780
765 781
765 782
765 787
765 788
765 789
766 767
766 768
766 769
766 772
766 777
766 779
766 781
766 787
767 768
769 770
769 771
769 772
769 773
769 774
769 775
769 792
770 771
770 772
770 773
770 774
770 775
770 792
770 796
771 771
771 772
771 773
771 774
771 775
771 780
771 782
771 792
772 772
772 773
772 774
772 775
772 792
772 793
773 774
773 775
774 775
775 776
775 777
775 792
775 793
776 777
776 778
776 779
776 780
776 781
776 782
777 778
777 779
777 781
777 783
777 788
778 779
778 789
779 783
779 788
780 781
780 782
780 783
780 784
780 785
780 786
780 787
781 781
781 782
781 783
781 784
781 785
781 786
782 783
782 784
782 785
782 786
783 784
783 785
783 786
784 785
784 786
785 786
787 788
787 789
787 790
787 791
788 789
788 790
788 791
789 790
789 791
789 796
790 791
792 793
792 794
792 795
793 794
793 795
794 795
796 797
796 798
796 799
796 800
796 801
797 798
797 799
797 800
797 801
798 799
798 800
798 801
799 800
799 801
800 801
802 803
802 804
802 805
802 806
802 807
802 808
803 804
803 805
803 806
803 807
803 808
804 805
804 806
804 807
804 808
805 806
805 807
805 808
806 807
806 808
807 808
809 810
809 811
810 811
812 813
812 814
812 815
812 816
812 817
812 818
813 814
813 815
813 816
813 817
813 818
814 815
814 816
814 817
814 818
815 816
815 817
815 818
816 817
816 818
817 818
