0 1
0 2
0 3
0 24
0 30
0 91
0 136
0 145
0 169
0 794
1 2
1 3
1 17
1 137
1 162
1 170
1 794
1 795
2 3
4 5
5 16
6 7
6 8
6 9
6 10
6 11
6 16
6 24
6 30
6 32
6 41
6 335
6 778
7 8
7 9
7 10
7 17
7 31
7 720
8 9
8 10
9 10
11 12
11 13
11 14
11 15
11 549
12 13
12 14
12 15
12 16
12 17
13 14
13 15
14 15
16 17
16 18
16 19
16 27
16 100
16 181
16 378
16 537
17 18
17 19
17 200
17 500
17 659
17 716
18 19
20 21
20 22
20 23
20 51
20 52
20 58
21 22
21 23
21 25
21 27
22 23
24 25
24 81
24 100
24 104
24 149
24 186
24 190
24 195
24 196
25 31
25 91
25 116
25 794
26 27
26 28
26 29
26 30
26 32
26 33
26 78
26 80
26 85
26 89
26 127
26 136
26 789
27 28
27 29
27 59
27 86
27 90
27 109
27 116
27 178
27 187
27 194
27 659
27 788
27 790
28 29
30 31
30 32
30 98
30 101
30 115
30 169
30 787
30 788
30 790
31 32
31 187
31 788
31 790
33 34
33 35
33 36
33 37
33 106
33 167
33 169
33 796
34 35
34 36
34 37
34 168
34 797
35 36
35 37
36 37
38 39
38 40
39 40
39 63
41 42
41 43
41 44
41 45
41 47
41 51
41 178
41 776
42 43
42 44
42 45
42 46
42 48
42 145
42 774
42 777
43 44
45 46
45 78
45 79
45 80
45 789
45 796
46 797
47 48
47 49
47 50
47 89
47 96
47 796
48 49
48 50
48 797
49 50
51 52
51 53
51 54
51 58
51 59
51 73
51 104
51 136
51 157
51 158
51 162
51 172
51 190
51 193
51 230
51 742
52 53
52 54
52 58
52 59
52 101
52 158
52 162
52 173
52 191
52 194
53 54
55 56
55 57
56 57
56 59
56 96
56 98
56 106
57 59
57 99
58 59
58 60
58 73
58 92
58 100
58 162
58 167
58 169
58 172
59 60
59 61
59 137
59 162
59 167
59 168
62 63
62 64
62 65
62 66
62 73
62 79
62 106
62 111
62 115
62 119
62 132
62 133
62 157
62 158
62 167
62 190
62 191
63 64
63 65
63 66
63 70
63 74
63 119
63 121
63 158
64 65
64 66
65 66
66 774
66 775
66 776
67 68
67 69
67 70
67 71
67 72
68 69
68 70
68 71
68 72
68 97
68 98
68 99
69 70
69 71
69 72
70 71
70 72
70 74
71 72
73 74
73 75
73 76
73 77
73 107
73 132
73 133
73 154
73 157
73 158
73 162
74 75
74 76
74 77
74 121
74 155
75 76
75 77
76 77
78 79
78 80
78 81
78 82
78 83
78 84
78 85
78 86
78 89
78 90
78 96
78 193
78 757
78 763
78 779
78 796
78 797
79 80
79 81
79 82
79 83
79 84
79 85
79 86
79 90
79 796
79 797
80 81
80 82
80 83
80 84
80 85
80 86
80 89
80 90
80 779
80 796
81 82
81 83
81 84
81 86
81 90
82 83
82 84
83 84
85 86
85 87
85 88
85 89
85 90
85 96
85 108
85 149
86 87
86 88
86 89
86 90
86 92
86 116
86 126
86 194
86 790
87 88
89 90
89 91
89 149
89 763
89 764
89 769
89 773
90 97
90 150
90 191
90 194
90 764
91 92
91 93
91 94
91 95
91 100
91 106
91 108
91 591
92 93
92 94
92 95
92 99
92 107
92 108
92 109
92 110
92 133
93 94
93 95
93 157
94 95
94 101
94 133
94 158
96 97
96 98
96 99
96 100
96 108
96 111
96 112
96 125
96 186
96 794
96 796
97 98
97 99
97 101
97 110
97 112
97 191
97 794
97 796
97 797
98 99
98 100
98 104
98 145
98 794
98 796
98 797
99 121
99 794
99 796
99 797
100 101
100 102
100 103
100 104
100 105
100 108
100 119
100 122
100 187
101 102
101 103
101 104
101 105
101 107
101 112
101 116
101 787
102 103
102 104
102 105
103 104
103 105
104 105
104 111
104 115
104 116
104 132
104 186
105 107
105 109
105 110
106 107
106 108
106 109
106 110
106 111
106 112
106 115
106 116
106 186
106 787
106 796
107 108
107 109
107 110
107 112
107 115
107 116
108 109
108 110
108 111
108 112
108 115
108 132
108 133
108 196
108 789
109 110
109 112
109 183
110 112
110 115
111 112
111 113
111 114
111 115
111 116
111 119
111 121
111 132
111 149
111 783
112 113
112 114
112 115
112 116
112 121
112 131
112 146
112 794
112 795
113 114
115 116
115 117
115 118
115 119
115 125
115 149
115 787
116 117
116 118
116 149
116 796
117 118
119 120
119 121
119 122
119 123
119 124
119 154
119 157
119 779
119 789
120 121
120 122
120 123
120 124
121 122
121 123
121 124
121 155
121 158
122 123
122 124
123 124
125 126
125 127
125 128
125 129
125 130
125 131
126 127
126 128
126 129
126 130
126 131
127 128
127 129
127 130
127 131
128 129
128 130
128 131
128 764
129 130
129 131
130 131
132 133
132 134
132 135
132 136
132 137
132 138
132 149
133 134
133 135
133 136
133 137
133 138
133 144
133 149
133 150
133 794
134 135
134 136
134 137
135 136
135 137
136 137
136 186
136 203
137 187
138 139
138 140
138 141
138 142
138 143
138 144
139 140
139 141
139 142
139 143
139 144
140 141
140 142
140 143
140 144
141 142
141 143
141 144
142 143
142 144
143 144
145 146
145 147
145 148
146 147
146 148
147 148
149 150
149 151
149 152
149 153
149 186
149 187
149 535
150 151
150 152
150 153
150 158
151 152
151 153
152 153
154 155
154 156
154 157
154 158
154 659
154 733
154 734
154 745
154 746
154 757
154 758
154 763
154 774
154 776
154 787
154 796
155 156
155 734
155 746
155 758
155 769
155 773
155 775
155 777
155 788
157 158
157 159
157 160
157 162
157 167
157 190
158 159
158 160
158 162
158 168
158 191
159 160
161 162
161 163
161 164
161 165
161 166
162 163
162 164
162 165
162 166
162 501
163 164
163 165
163 166
164 165
164 166
165 166
167 168
167 169
167 170
168 170
168 179
169 170
169 178
169 557
169 763
171 172
171 173
171 174
171 175
171 176
171 177
172 173
172 174
172 175
172 176
172 177
173 174
173 175
173 176
173 177
174 175
174 176
174 177
175 176
175 177
176 177
178 179
178 180
179 180
179 796
181 182
181 183
181 184
181 185
181 535
182 183
182 184
182 185
183 184
183 185
184 185
186 187
186 188
186 189
186 190
186 193
187 188
187 189
187 191
187 194
188 189
190 191
190 192
191 192
193 194
195 196
197 198
197 199
197 200
197 201
197 202
197 204
197 244
197 630
197 721
198 199
198 200
198 201
198 202
198 561
198 562
199 200
199 201
199 202
200 201
200 202
201 202
203 204
203 205
203 206
203 273
203 274
203 278
203 367
203 371
203 446
203 698
204 205
204 206
204 273
204 278
204 279
204 367
204 368
204 371
205 206
207 208
207 209
207 210
207 211
207 212
207 304
207 389
207 527
207 577
207 610
207 641
207 715
207 721
208 209
208 210
208 211
208 212
208 389
208 390
209 210
209 211
209 212
210 211
210 212
210 643
211 212
212 414
212 416
212 419
213 214
213 215
213 216
213 217
213 218
213 219
213 220
213 581
213 589
213 591
214 215
214 216
214 217
214 218
214 219
214 220
214 581
214 582
215 216
215 217
215 218
215 219
215 220
216 217
216 218
216 219
216 220
217 218
217 219
217 220
218 219
218 220
219 220
221 222
221 223
221 224
221 225
221 354
221 361
221 446
221 468
222 223
222 224
222 226
222 231
222 265
222 279
222 343
222 360
223 224
223 225
225 226
225 227
225 228
225 229
225 230
225 231
225 232
225 233
225 234
225 338
225 342
225 343
225 367
225 518
225 519
225 694
225 695
225 696
226 227
226 228
226 229
226 231
226 343
226 346
226 359
226 367
227 228
227 229
228 229
230 231
230 338
230 342
230 346
231 339
231 343
231 346
231 376
232 233
232 234
232 235
232 338
233 338
233 339
234 235
234 236
234 237
234 242
234 253
234 338
234 727
234 728
235 236
235 237
235 239
235 242
235 243
235 253
235 254
235 338
235 339
235 601
236 237
238 239
238 240
238 241
238 242
238 243
238 328
239 240
239 241
239 242
239 243
239 652
240 241
240 242
240 243
241 242
241 243
242 243
242 328
244 245
244 246
244 247
244 248
244 249
244 250
244 251
244 252
244 284
244 318
244 328
244 333
244 490
244 493
244 565
244 656
245 246
245 247
245 248
245 249
245 250
245 251
245 252
246 247
246 248
246 249
246 250
246 251
246 252
247 248
247 249
247 250
247 251
247 252
248 249
248 250
248 251
248 252
248 314
248 561
248 562
249 250
249 251
249 252
249 562
250 251
250 252
251 252
254 255
254 256
254 257
254 258
254 259
254 260
254 310
254 609
254 613
255 256
255 257
255 258
255 259
255 260
255 310
255 311
255 315
256 257
256 258
256 259
256 260
257 258
257 259
257 260
257 759
257 769
258 259
258 260
259 260
261 262
261 263
261 273
261 274
261 315
262 263
264 265
264 266
264 267
264 278
264 284
264 296
264 310
264 314
265 266
265 267
265 279
265 283
265 296
265 297
266 267
267 346
268 269
268 270
268 271
268 272
268 282
269 270
269 271
269 272
270 271
270 272
271 272
273 274
273 275
273 276
273 277
273 278
273 279
273 282
273 296
273 297
273 307
273 314
273 336
273 337
274 275
274 276
274 277
274 278
274 279
274 282
274 283
274 293
274 296
274 297
274 307
274 315
275 276
275 277
276 277
278 279
278 280
278 281
278 282
278 283
278 284
278 292
278 296
278 310
278 328
279 280
279 281
279 282
279 283
279 293
279 296
279 297
279 305
279 307
279 311
279 329
280 281
282 283
282 284
282 285
282 286
282 287
282 288
282 289
282 290
282 291
282 292
282 293
282 296
282 297
282 307
282 310
282 328
283 284
283 285
283 286
283 287
283 288
283 289
283 290
283 291
283 293
283 297
283 300
283 302
283 307
283 310
283 311
283 329
283 582
284 285
284 286
284 287
284 288
284 289
284 290
284 291
284 296
284 307
284 310
284 733
285 286
285 287
285 288
285 289
285 290
285 291
285 327
286 287
286 288
286 289
286 290
286 291
287 288
287 289
287 290
287 291
288 289
288 290
288 291
289 290
289 291
290 291
292 293
292 294
292 295
292 296
292 297
292 298
292 299
292 300
292 301
292 302
292 304
292 305
292 314
293 294
293 295
293 296
293 297
293 298
293 299
293 300
293 302
293 307
294 295
294 296
294 297
294 298
294 299
294 300
295 296
295 297
295 298
295 299
295 300
296 297
296 298
296 299
296 300
296 314
296 367
297 298
297 299
297 300
297 490
297 643
298 299
298 300
299 300
301 302
301 303
301 310
302 303
302 307
302 315
302 327
302 329
304 305
304 306
304 310
305 306
305 307
307 308
307 309
307 310
307 311
307 315
307 326
307 327
307 329
307 447
307 485
308 309
310 311
310 312
310 313
310 314
310 326
310 342
310 343
310 346
310 508
310 542
310 543
310 603
310 604
310 613
310 635
311 312
311 313
311 327
311 329
311 343
311 444
311 569
311 570
311 603
311 604
312 313
314 315
314 316
314 317
314 322
314 328
314 669
315 316
315 317
315 435
315 650
315 658
315 669
316 317
318 319
318 320
318 321
319 320
319 321
320 321
322 323
322 324
322 325
322 326
322 327
323 324
323 325
323 326
323 327
324 325
324 326
324 327
325 326
325 327
326 327
326 328
326 329
326 459
326 577
326 581
326 776
327 328
327 329
327 581
327 582
327 587
328 329
328 330
328 331
328 332
328 333
328 334
328 335
328 506
328 507
329 330
329 331
329 332
329 333
329 577
330 331
330 332
330 333
331 332
331 333
332 333
334 335
334 506
335 338
335 339
335 643
336 337
337 346
338 339
338 340
338 341
338 342
338 347
338 349
338 358
338 591
339 340
339 341
339 342
339 343
339 346
339 347
339 350
339 358
339 368
339 589
340 341
342 343
342 344
342 345
342 346
342 347
342 348
342 350
342 359
342 360
342 396
342 581
343 344
343 345
343 346
343 347
343 348
343 350
343 360
343 396
343 490
343 582
343 650
343 695
344 345
344 346
344 347
344 348
345 346
345 347
345 348
346 347
346 348
346 360
346 396
347 348
349 350
349 351
349 352
349 353
349 610
350 351
350 352
350 353
351 352
351 353
352 353
354 355
354 356
354 357
354 358
354 359
354 360
354 591
354 733
354 734
355 356
355 357
355 358
355 359
355 360
355 589
356 357
356 358
356 359
356 360
357 358
357 359
357 360
358 359
358 360
359 360
360 365
360 549
360 550
361 362
361 363
361 364
362 363
362 364
363 364
365 366
365 367
365 368
365 369
365 370
365 377
365 715
367 368
367 369
367 370
367 371
367 377
367 434
367 518
367 535
367 536
367 537
367 538
368 370
368 372
368 377
368 518
368 519
368 537
368 538
369 370
370 371
370 372
370 376
370 550
371 372
371 373
371 374
371 375
371 376
371 377
371 387
371 549
371 596
371 641
372 373
372 374
372 375
372 376
372 377
372 388
372 550
372 723
373 374
373 375
373 376
373 377
374 375
374 376
374 377
375 376
375 377
376 377
376 385
376 490
376 550
376 650
377 550
377 603
378 379
378 380
378 381
378 382
379 380
379 381
379 382
379 598
380 381
380 382
381 382
382 569
383 384
383 385
383 386
383 387
383 388
384 385
384 386
384 387
384 388
385 386
385 387
385 388
386 387
386 388
387 388
389 390
389 391
389 392
389 393
389 394
389 395
389 512
389 513
389 519
389 528
389 535
389 536
389 537
389 538
389 542
389 543
389 578
389 597
390 391
390 392
390 395
390 512
390 513
390 528
391 392
391 395
391 512
391 513
391 528
391 534
391 538
391 578
393 394
393 395
393 396
393 406
393 414
393 423
393 527
393 528
393 538
394 395
394 396
394 397
394 406
394 423
394 435
394 528
394 538
395 397
395 406
395 414
395 416
395 423
395 528
395 538
396 397
396 398
397 398
399 400
399 401
399 402
399 403
399 404
399 405
400 401
400 402
400 403
400 404
400 405
401 402
401 403
401 404
401 405
402 403
402 404
402 405
403 404
403 405
404 405
405 598
406 407
406 408
406 409
406 410
406 411
406 412
406 519
406 581
406 582
407 408
407 409
407 410
407 411
407 412
408 409
408 410
408 411
408 412
409 410
409 411
409 412
410 411
410 412
411 412
413 414
413 415
413 416
413 417
413 418
413 419
413 420
413 423
413 424
413 455
413 459
413 474
414 415
414 416
414 417
414 418
414 419
414 421
414 425
414 456
414 458
414 509
415 416
415 417
415 418
415 419
415 453
415 455
416 417
416 418
416 419
416 425
416 448
416 456
416 458
416 735
417 418
417 419
418 419
419 423
419 425
419 715
419 716
420 421
420 422
421 422
424 425
424 426
424 427
424 428
424 434
424 489
424 495
424 504
424 506
424 518
425 426
425 427
425 428
425 435
425 447
425 460
425 462
425 473
425 475
425 485
425 489
425 506
425 507
425 518
425 519
426 427
426 428
427 428
429 430
429 431
429 432
429 433
429 434
430 431
430 432
430 433
430 506
431 432
431 433
432 433
432 643
434 435
434 436
434 437
434 438
434 461
434 495
434 601
435 436
435 437
435 438
435 447
435 460
435 485
435 490
435 495
435 507
435 561
435 574
436 437
436 438
437 438
437 453
439 440
439 441
439 442
439 443
439 444
440 441
440 442
440 443
440 444
441 442
441 443
441 444
442 443
442 444
443 444
445 501
446 447
446 448
446 449
446 450
446 451
446 452
446 459
446 461
446 472
446 474
446 479
446 484
446 630
446 658
446 694
447 448
447 449
447 450
447 451
447 452
447 453
447 462
447 475
447 480
447 485
447 696
448 449
448 450
448 452
448 453
448 455
448 458
448 460
448 462
448 464
448 475
448 480
449 450
451 452
451 472
451 473
451 654
453 454
453 455
453 456
453 457
453 458
453 459
453 460
453 461
453 474
453 618
454 455
454 456
454 457
454 458
454 459
454 460
455 456
455 457
455 458
455 459
455 460
455 461
455 469
455 473
455 642
456 457
456 458
456 459
456 460
456 461
456 462
456 464
456 475
456 501
456 652
457 458
457 459
457 460
458 459
458 460
458 461
458 462
458 475
458 652
459 460
459 461
459 462
459 468
459 472
459 474
459 581
459 698
460 461
460 462
460 469
460 473
460 475
460 489
460 659
461 462
461 463
461 464
461 465
461 466
461 467
461 468
461 474
462 463
462 464
462 465
462 466
462 467
462 473
462 475
462 480
463 464
463 465
463 466
463 467
464 465
464 466
464 467
465 466
465 467
466 467
468 469
468 470
468 471
468 518
468 589
468 591
468 592
468 649
468 692
469 470
469 471
469 591
469 592
469 650
470 471
470 651
472 473
472 474
472 475
472 476
472 477
472 478
472 479
472 691
473 474
473 475
473 476
473 477
473 478
473 480
473 483
473 485
473 691
474 475
474 476
474 477
474 478
474 479
474 518
474 577
474 602
474 630
474 635
474 644
474 649
474 691
475 476
475 477
475 478
475 480
475 691
476 477
476 478
477 478
479 480
479 481
479 482
479 483
479 490
479 658
479 659
480 481
480 482
480 483
480 644
480 645
481 482
481 483
482 483
483 549
484 485
484 486
484 487
484 488
484 489
484 490
484 491
484 630
484 658
485 486
485 487
485 488
485 489
485 490
485 491
486 487
486 488
487 488
489 490
489 491
489 492
489 493
489 494
489 549
489 561
489 715
489 758
489 803
490 491
490 492
490 493
490 494
490 803
491 492
491 493
491 494
491 561
491 715
491 802
491 803
492 493
492 494
493 494
493 656
495 496
495 497
495 498
495 499
495 500
495 654
495 670
496 497
496 498
496 499
496 500
497 498
497 499
497 500
498 499
498 500
499 500
501 502
501 503
501 504
501 505
501 506
501 574
502 503
502 504
502 505
503 504
503 505
504 505
504 506
504 507
505 506
505 507
506 507
506 518
506 519
506 566
506 609
506 613
506 671
506 720
507 519
507 609
508 509
508 510
508 511
508 549
508 561
508 589
508 654
508 658
509 510
509 511
509 550
509 655
509 657
509 659
510 511
512 513
512 514
512 515
512 516
512 517
513 514
513 515
513 516
513 517
514 515
514 516
514 517
515 516
515 517
516 517
518 519
518 520
518 521
518 522
518 523
518 524
518 525
518 526
518 538
518 565
518 581
518 609
518 658
519 520
519 521
519 522
519 523
519 524
519 525
519 526
519 538
520 521
520 522
520 523
520 524
520 525
520 526
521 522
521 523
521 524
521 525
521 526
521 745
521 746
522 523
522 524
522 525
522 526
522 745
522 746
523 524
523 525
523 526
524 525
524 526
525 526
527 528
527 529
527 530
527 531
527 535
528 529
528 530
528 531
528 549
528 550
528 570
529 530
529 531
530 531
532 533
532 534
533 534
534 538
535 536
535 537
535 538
535 539
535 540
535 541
535 549
535 550
535 558
535 569
535 570
536 537
536 538
536 539
536 540
536 541
536 549
536 550
536 569
536 570
536 591
536 604
536 612
536 613
536 615
536 616
536 703
536 715
537 538
537 539
537 540
537 541
537 549
537 550
537 570
537 592
537 612
537 615
537 616
537 702
538 539
538 540
538 541
538 543
538 549
538 550
538 569
538 570
538 612
538 615
538 702
538 715
539 540
539 541
540 541
542 543
542 544
542 545
542 546
542 548
542 549
542 550
542 569
542 570
542 603
543 544
543 545
543 546
543 548
543 549
543 550
543 569
543 570
544 545
544 546
545 546
546 644
546 645
547 548
548 581
548 582
548 592
549 550
549 551
549 552
549 553
549 570
549 582
549 591
549 725
549 726
549 796
550 551
550 552
550 553
550 562
550 570
550 592
550 613
550 725
551 552
551 553
552 553
554 555
554 556
554 569
555 556
557 558
557 559
557 560
557 561
557 562
558 559
558 560
558 562
559 560
561 562
561 563
561 564
561 565
561 566
561 567
561 569
561 581
561 582
561 591
561 609
561 610
561 613
561 630
561 715
561 721
562 563
562 564
562 565
562 566
562 567
562 569
562 613
563 564
563 565
564 565
566 567
566 568
566 609
566 613
567 568
567 569
567 609
567 613
568 596
569 570
569 571
569 572
569 573
569 589
569 591
569 603
569 604
569 612
569 715
570 571
570 572
570 573
570 597
570 603
570 604
570 715
570 716
571 572
571 573
572 573
574 575
574 576
575 576
575 598
577 578
577 579
577 580
577 581
577 582
578 579
578 580
578 581
578 582
578 722
579 580
581 582
581 583
581 584
581 585
581 586
581 587
582 583
582 584
582 585
582 586
582 587
582 742
583 584
583 585
583 586
583 587
584 585
584 586
584 587
585 586
585 587
586 587
586 610
588 589
588 590
588 591
588 592
588 593
588 594
588 595
588 610
589 590
589 591
589 592
589 593
589 594
589 595
589 601
589 604
589 609
589 613
589 619
589 621
589 702
589 715
589 733
589 734
589 739
590 591
590 592
590 593
590 594
590 595
591 592
591 593
591 594
591 595
591 596
591 601
591 604
591 613
591 619
591 621
591 702
591 715
591 721
591 734
591 739
592 593
592 594
592 595
592 603
592 604
592 613
592 619
592 620
592 702
592 715
593 594
593 595
594 595
596 597
596 598
596 599
596 600
596 601
596 602
596 641
596 702
596 715
596 721
596 723
596 733
597 598
597 599
597 600
597 601
597 602
597 604
597 703
597 716
597 722
597 723
597 728
597 734
598 599
598 600
598 601
598 602
598 716
598 722
598 728
598 734
598 735
599 600
599 601
599 602
600 601
600 602
601 602
601 610
603 604
603 605
603 606
603 607
603 608
603 609
603 610
603 613
603 715
604 605
604 606
604 607
604 608
604 609
604 610
604 613
604 715
604 716
605 606
605 607
605 608
606 607
606 608
607 608
609 610
609 611
609 612
609 613
609 614
610 611
610 612
610 613
610 614
610 615
610 618
610 663
610 730
611 612
611 613
611 614
612 613
612 614
613 614
613 619
615 616
615 617
615 618
615 619
615 620
615 641
616 617
616 618
616 619
616 620
617 618
617 619
617 620
618 619
618 620
619 620
619 702
621 622
621 623
621 624
621 630
621 692
622 623
622 624
623 624
625 702
626 627
626 628
626 629
626 630
626 694
627 628
627 629
627 631
627 695
627 696
628 629
630 631
630 632
630 633
630 634
630 635
630 641
630 644
630 645
630 649
630 651
630 670
630 676
630 692
630 694
630 721
631 632
631 633
631 634
631 636
631 643
631 657
631 671
631 677
631 691
631 693
631 695
631 696
632 633
632 634
633 634
635 636
635 637
635 638
635 639
635 640
635 641
635 658
635 670
635 671
635 692
635 693
635 787
636 637
636 638
636 639
636 640
636 643
636 659
636 693
637 638
637 639
637 640
638 639
638 640
639 640
641 642
641 643
641 654
641 670
641 676
641 681
641 685
641 698
641 721
642 643
643 652
643 671
643 676
643 685
644 645
644 646
644 647
644 648
644 650
644 651
644 659
644 664
645 646
645 647
645 648
645 651
645 652
645 659
645 664
646 647
646 648
647 648
647 650
648 650
649 650
649 651
649 652
649 653
649 658
649 663
649 670
650 651
650 652
650 653
650 655
650 658
650 659
650 715
651 652
651 653
651 658
651 659
651 664
652 653
652 658
652 659
654 655
654 656
654 657
654 658
654 670
654 671
654 715
655 656
655 657
655 659
655 677
655 692
656 657
656 658
656 670
657 670
657 677
658 659
658 660
658 661
658 662
658 663
658 671
658 692
658 796
659 659
659 660
659 661
659 662
659 663
659 664
659 693
659 757
660 661
660 662
661 662
663 664
663 665
663 666
663 667
663 668
663 669
664 665
664 666
664 667
664 668
664 669
665 666
665 667
665 668
665 669
666 667
666 668
666 669
667 668
667 669
668 669
670 671
670 672
670 673
670 674
670 675
671 672
671 673
671 674
671 675
671 693
671 694
672 673
672 674
672 675
673 674
673 675
674 675
676 677
676 678
676 679
676 680
676 681
676 682
676 683
676 684
676 685
676 686
676 687
676 688
676 689
676 690
677 678
677 679
677 680
677 681
677 682
677 683
677 684
677 685
677 686
677 687
677 688
677 689
677 690
678 679
678 680
678 681
678 682
678 683
678 684
678 685
678 686
678 687
678 688
678 689
678 690
679 680
679 681
679 682
679 683
679 684
679 685
679 686
679 687
679 688
679 689
679 690
680 681
680 682
680 683
680 684
680 685
680 686
680 687
680 688
680 689
680 690
681 682
681 683
681 684
681 685
681 686
681 687
681 688
681 689
681 690
682 683
682 684
682 685
682 686
682 687
682 688
682 689
682 690
683 684
683 685
683 686
683 687
683 688
683 689
683 690
684 685
684 686
684 687
684 688
684 689
684 690
685 686
685 687
685 688
685 689
685 690
686 687
686 688
686 689
686 690
687 688
687 689
687 690
688 689
688 690
689 690
692 693
692 694
692 721
693 694
693 695
694 695
694 696
694 697
694 702
694 725
695 696
695 697
695 701
696 697
696 701
698 699
698 700
698 701
698 757
698 787
698 789
699 700
699 701
700 701
702 703
702 704
702 705
702 706
702 707
702 721
703 704
703 705
703 706
703 707
703 716
703 740
704 705
704 706
705 706
707 708
707 709
707 710
707 721
708 709
708 710
709 710
711 712
711 713
711 714
711 733
711 734
711 763
711 776
711 789
712 713
712 714
712 722
712 769
712 775
712 777
712 788
713 714
715 716
715 717
715 718
715 719
715 720
715 721
715 722
715 723
715 733
715 734
715 745
715 746
715 757
715 758
715 774
715 796
715 797
716 717
716 718
716 719
716 720
716 722
716 723
716 734
716 746
716 764
716 773
716 797
717 718
717 719
717 720
718 719
718 720
719 720
721 722
721 723
721 724
721 725
721 726
721 763
721 773
722 723
722 724
722 725
722 726
722 734
722 757
722 764
722 766
722 769
722 796
723 724
723 725
723 726
723 734
723 757
723 758
723 759
723 764
723 767
723 769
723 780
724 725
724 726
725 726
727 728
727 729
727 730
727 731
727 732
727 733
727 734
728 729
728 730
728 731
728 732
729 730
729 731
729 732
730 731
730 732
731 732
733 734
733 735
733 736
733 737
733 738
733 739
733 745
733 746
734 735
734 736
734 737
734 738
734 739
734 740
734 746
734 769
735 736
735 737
735 738
736 737
736 738
737 738
739 740
739 741
740 741
742 743
742 744
743 744
744 745
745 746
745 747
745 748
745 749
745 750
745 751
745 752
746 747
746 748
746 749
746 750
746 751
746 753
746 784
746 788
747 748
747 749
747 750
747 751
748 749
748 750
748 751
749 750
749 751
750 751
752 753
752 754
752 755
752 756
753 754
753 755
753 756
754 755
754 756
755 756
757 758
757 759
757 760
757 761
757 762
757 763
757 764
757 766
757 769
757 773
757 774
757 776
757 779
757 789
757 794
757 796
758 759
758 760
758 761
758 762
758 764
758 766
758 767
758 769
758 773
758 775
758 777
758 780
758 788
758 790
758 797
759 760
759 761
759 762
759 763
759 764
759 766
759 769
759 773
759 777
759 780
759 790
760 761
760 762
761 762
763 764
763 765
763 766
763 767
763 768
763 769
763 770
763 771
763 772
763 773
763 776
763 779
763 780
763 789
764 765
764 766
764 767
764 768
764 769
764 770
764 771
764 772
764 773
764 777
764 780
764 790
764 797
765 766
765 767
765 768
765 769
765 770
765 771
765 772
765 773
766 767
766 768
766 769
766 770
766 771
766 772
766 773
766 774
766 787
766 789
767 768
767 769
767 770
767 771
767 772
767 773
767 775
767 777
767 788
768 769
768 770
768 771
768 772
768 773
769 770
769 771
769 772
769 773
769 777
769 780
770 771
770 772
770 773
771 772
771 773
772 773
773 777
773 780
774 775
774 776
774 777
774 778
774 796
775 776
775 777
775 778
775 796
775 797
776 777
776 778
776 779
776 789
776 796
777 778
777 780
777 790
777 796
777 797
779 780
779 781
779 782
779 783
779 784
779 785
779 786
779 789
780 781
780 782
780 783
780 784
780 785
780 786
780 790
781 782
781 783
781 784
781 785
781 786
782 783
782 784
782 785
782 786
783 784
783 785
783 786
784 785
784 786
785 786
787 788
787 789
787 790
787 791
787 792
787 793
787 794
787 796
788 789
788 790
788 791
788 792
788 793
788 794
788 795
788 797
789 790
789 791
789 792
789 793
789 794
789 796
790 791
790 792
790 793
790 797
791 792
791 793
792 793
794 795
794 796
794 797
795 797
796 797
796 798
796 799
796 800
796 801
797 798
797 799
797 800
797 801
798 799
798 800
798 801
799 800
799 801
800 801
802 803
802 804
803 804
