0 1
0 2
0 3
0 4
0 5
0 12
0 17
0 22
0 24
0 99
0 124
0 205
0 219
0 239
0 276
0 356
0 425
0 532
0 557
0 561
0 879
0 950
0 955
1 2
1 3
1 4
1 6
1 8
1 18
1 22
1 33
1 53
1 124
1 125
1 165
1 196
1 205
1 206
1 216
1 277
1 365
1 515
1 553
1 955
2 3
2 4
2 6
2 18
2 25
2 49
2 74
2 86
2 196
2 206
2 332
2 370
2 515
2 553
3 4
3 71
3 254
5 6
5 7
5 8
5 9
5 10
5 11
5 12
5 23
5 32
5 68
5 164
5 231
5 297
5 327
5 328
5 333
5 339
5 368
5 436
5 801
5 829
5 842
5 931
6 7
6 8
6 9
6 10
6 11
6 23
6 33
6 48
6 58
6 69
6 74
6 81
6 100
6 104
6 216
6 232
6 328
6 339
6 344
6 349
6 368
6 369
6 377
7 8
7 9
7 10
7 11
8 9
8 10
8 11
8 33
8 49
8 54
8 231
8 327
8 328
8 331
8 339
8 379
8 589
8 593
9 10
9 11
10 11
12 13
12 14
12 15
12 16
12 71
12 88
12 561
13 14
13 15
13 16
13 25
13 52
13 274
13 275
13 562
13 574
14 15
14 16
15 16
17 18
17 19
17 20
17 21
17 99
17 100
17 179
17 233
17 400
18 19
18 20
18 21
18 25
18 33
18 44
18 52
18 53
18 112
18 179
18 181
18 656
19 20
19 21
20 21
21 311
22 23
22 24
22 25
22 26
22 27
22 28
22 32
22 231
22 272
22 274
22 363
22 530
22 532
22 552
22 955
22 970
23 24
23 25
23 26
23 27
23 28
23 29
23 30
23 32
23 33
23 164
23 165
23 231
23 566
24 25
24 26
24 27
24 28
24 29
24 119
24 249
24 343
24 382
25 26
25 27
25 28
25 29
25 44
25 272
25 365
25 955
26 27
26 28
27 28
29 30
29 31
30 31
30 220
32 33
32 34
32 35
32 36
32 37
32 38
32 68
32 69
32 71
32 99
32 103
32 111
32 315
32 316
32 317
32 539
32 567
32 669
32 791
33 34
33 35
33 36
33 37
33 39
33 216
33 315
33 539
33 565
33 568
33 571
34 35
34 36
34 37
34 414
35 36
35 37
36 37
38 39
38 40
38 327
38 567
39 40
39 328
41 42
41 43
41 44
41 45
41 46
41 103
41 151
41 215
41 231
41 296
41 325
41 343
41 794
42 43
42 44
42 45
42 46
42 103
42 164
42 215
42 216
42 225
42 231
42 274
42 286
42 305
42 321
42 365
42 577
42 655
42 843
43 44
43 45
43 46
44 45
44 46
44 71
44 103
44 112
44 220
44 225
44 231
44 234
44 289
44 321
44 325
44 576
44 843
45 46
47 48
47 49
47 50
47 51
48 49
48 50
48 51
48 52
48 53
49 50
49 51
49 415
50 51
52 53
52 54
52 55
52 56
52 62
52 78
52 104
52 137
52 179
52 185
52 192
52 215
52 671
52 791
52 801
52 803
52 964
53 54
53 55
53 56
53 95
53 189
53 369
53 974
54 55
54 56
55 56
57 58
57 59
57 60
57 61
57 63
57 64
57 73
57 87
57 95
57 119
57 200
57 215
57 231
57 338
58 59
58 60
58 61
58 64
58 65
58 71
58 74
58 100
58 120
58 185
58 196
58 200
58 201
59 60
59 61
60 61
62 63
62 119
63 65
63 69
64 65
64 66
64 67
64 73
64 74
64 87
64 119
64 124
64 127
64 200
64 205
64 209
64 215
64 247
64 349
65 66
65 67
65 69
65 71
65 73
65 74
65 75
65 86
65 181
65 185
65 220
65 228
65 231
65 234
66 67
68 69
68 70
68 71
68 72
68 73
68 174
68 175
68 191
68 192
68 205
68 215
68 255
68 565
69 70
69 71
69 72
69 172
69 175
69 188
69 189
69 190
69 192
69 565
70 71
70 72
70 174
71 72
71 116
71 128
71 175
71 190
71 296
71 565
71 740
71 827
71 879
71 928
72 190
73 74
73 75
73 76
73 77
73 87
73 119
73 124
73 125
74 75
74 76
74 77
74 88
74 120
74 124
74 125
74 181
75 76
75 77
75 88
76 77
78 79
79 119
79 567
80 81
80 82
80 83
80 84
80 85
80 86
80 119
81 82
81 83
81 84
81 85
81 86
82 83
82 84
82 85
82 86
82 191
83 84
83 85
83 86
84 85
84 86
85 86
86 88
87 88
87 89
87 90
87 222
88 89
88 90
88 201
88 202
88 220
88 231
88 843
89 90
91 92
91 93
91 94
91 305
91 349
91 354
92 93
92 94
92 112
92 192
93 94
95 96
95 97
95 98
95 643
96 97
96 98
96 220
96 784
97 98
97 119
97 120
97 570
99 100
99 101
99 102
99 103
99 110
99 119
99 179
99 215
99 233
99 234
99 265
99 400
100 101
100 102
100 103
100 112
100 116
100 120
100 185
100 206
100 210
100 216
100 220
100 233
100 234
100 321
100 339
100 365
100 429
100 802
101 102
101 567
101 570
101 802
103 104
103 105
103 106
103 107
103 108
103 109
103 110
103 111
103 119
103 179
103 216
103 233
103 234
103 400
103 473
103 495
103 497
103 672
104 105
104 106
104 107
104 108
104 109
104 110
104 206
104 220
104 257
105 106
105 107
105 108
105 109
105 110
106 107
106 108
106 109
106 110
107 108
107 109
107 110
107 151
108 109
108 110
108 112
109 110
111 112
111 113
111 114
111 184
111 389
111 425
111 483
111 573
111 587
112 113
112 114
112 206
112 220
112 234
112 459
112 566
112 971
113 114
115 116
115 117
115 118
115 120
115 124
115 125
115 219
116 117
116 118
116 124
116 125
116 559
117 118
119 120
119 121
119 122
119 123
119 124
119 125
119 196
119 205
119 209
119 215
119 219
119 220
119 233
119 567
119 843
120 121
120 122
120 123
120 125
120 196
120 201
120 206
120 209
120 219
120 220
120 378
120 843
121 122
121 123
122 123
124 125
124 126
124 349
124 376
124 558
125 126
125 181
125 349
125 350
125 376
125 418
125 558
125 559
127 128
127 129
127 130
127 191
127 215
127 219
128 129
128 130
128 192
128 206
128 210
129 130
131 132
131 133
131 134
131 135
131 191
131 407
132 133
132 134
132 135
132 156
132 429
133 134
133 135
134 135
135 429
136 137
136 138
136 139
136 140
136 179
136 191
136 802
136 803
137 138
137 139
137 140
137 181
137 803
138 139
138 140
138 802
139 140
140 181
140 803
141 142
141 143
141 144
141 152
141 156
141 159
141 191
141 448
141 452
142 143
142 144
142 152
142 156
142 159
142 452
142 453
143 144
145 146
145 147
145 148
145 149
145 150
146 147
146 148
146 149
146 150
146 216
147 148
147 149
147 150
148 149
148 150
149 150
149 191
151 152
151 153
151 154
151 155
151 171
151 172
151 174
151 448
151 452
151 453
151 488
151 497
151 605
151 607
151 608
151 612
151 669
151 727
151 755
151 781
151 791
151 829
152 153
152 154
152 156
152 164
152 165
152 172
152 453
152 458
152 515
152 588
152 607
152 610
152 669
153 154
155 156
155 157
155 158
155 159
155 160
155 161
155 162
155 163
155 164
155 171
155 179
155 452
155 510
155 511
155 514
155 670
155 761
155 762
155 783
156 157
156 158
156 159
156 160
156 161
156 162
156 163
156 164
156 165
156 172
156 453
156 511
156 515
156 521
156 671
156 735
156 778
156 837
156 842
157 158
157 159
157 160
157 161
157 162
157 163
158 159
158 160
158 161
158 162
158 163
159 160
159 161
159 162
159 163
160 161
160 162
160 163
161 162
161 163
162 163
164 165
164 166
164 167
164 168
164 169
164 170
164 327
164 328
164 330
164 457
165 166
165 167
165 168
165 169
165 170
165 175
165 257
165 331
165 373
165 511
166 167
166 168
166 169
166 170
167 168
167 169
167 170
168 169
168 170
169 170
171 172
171 173
171 174
171 179
171 612
172 173
172 175
172 189
172 604
172 613
172 802
172 918
174 175
174 176
174 177
174 178
174 452
174 535
174 607
174 612
175 176
175 177
175 178
175 452
175 520
176 177
176 178
177 178
179 180
179 181
179 182
179 183
179 184
179 220
179 520
179 597
179 667
179 671
179 817
180 181
180 182
180 183
180 802
181 182
181 183
181 185
181 201
181 210
181 216
181 220
181 234
181 344
181 369
181 951
182 183
184 185
184 186
184 187
185 186
185 187
185 216
186 187
188 189
188 190
188 192
188 257
188 327
188 457
188 520
188 703
188 791
189 190
189 191
189 192
189 201
189 206
189 210
189 365
189 434
189 457
189 459
189 488
189 496
189 521
189 533
190 192
190 196
190 198
190 200
190 201
190 202
190 209
190 298
190 788
190 961
191 192
191 193
191 194
191 257
191 297
191 468
191 526
192 193
192 194
192 196
192 200
192 206
192 209
192 210
192 220
192 257
192 459
193 194
195 196
195 197
195 198
195 199
195 414
196 197
196 198
196 199
196 209
196 210
196 274
196 275
197 198
197 199
197 506
198 199
200 201
200 202
200 203
200 204
200 205
200 219
200 220
201 202
201 203
201 204
201 206
201 210
202 203
202 204
203 204
205 206
205 207
205 208
205 209
205 215
205 233
205 272
205 276
205 308
205 428
205 552
205 955
206 207
206 208
206 216
206 220
206 225
206 321
206 339
207 208
209 210
209 211
209 212
209 213
209 214
209 215
209 216
209 219
209 239
209 257
209 362
209 750
210 211
210 212
210 213
210 214
210 215
210 257
211 212
211 213
211 214
212 213
212 214
213 214
214 356
214 357
215 216
215 217
215 218
215 219
215 233
215 239
215 356
215 357
215 364
215 382
215 417
215 428
215 478
215 514
215 532
215 610
216 217
216 218
216 220
216 339
216 362
216 429
216 607
217 218
219 220
219 221
219 222
219 223
219 224
219 231
219 818
219 842
219 970
220 221
220 222
220 223
220 231
220 233
220 234
220 275
220 647
220 843
220 960
220 971
221 222
221 223
222 223
224 225
224 226
224 227
224 228
224 229
224 230
225 226
225 227
225 228
225 229
225 230
225 234
226 227
226 228
226 229
226 230
227 228
227 229
227 230
228 229
228 230
229 230
231 232
233 234
233 235
233 236
233 237
233 238
233 333
233 334
233 374
233 382
233 389
233 395
233 396
233 398
233 400
233 414
233 420
233 425
233 428
233 545
234 235
234 236
234 237
234 238
234 298
234 317
234 330
234 357
234 383
234 390
234 397
234 400
234 401
234 421
235 236
235 237
235 238
236 237
236 238
237 238
239 240
239 241
239 242
239 243
239 244
240 241
240 242
240 243
240 244
240 328
240 330
240 332
240 559
241 242
241 243
241 244
242 243
242 244
243 244
245 246
245 247
245 248
245 315
245 316
245 894
246 247
246 248
247 248
249 250
249 251
249 252
249 253
249 254
249 255
249 256
249 276
249 277
249 316
249 320
249 565
249 587
250 251
250 252
250 253
250 254
250 255
250 256
250 277
250 282
250 321
250 587
251 252
251 253
251 254
251 255
251 256
252 253
252 254
252 255
252 256
252 261
253 254
253 255
253 256
254 255
254 256
254 271
254 277
254 282
254 283
254 325
254 358
254 565
254 587
254 594
254 898
255 256
255 276
255 281
255 325
255 565
255 587
255 588
255 881
256 589
256 590
257 258
257 259
257 260
257 273
257 274
257 275
257 282
257 286
257 295
257 365
257 417
257 418
257 429
257 434
257 457
257 458
257 459
257 533
257 550
257 555
257 667
257 816
257 950
258 259
258 260
258 570
259 260
261 262
261 263
261 264
261 265
261 352
261 364
261 411
261 436
261 437
261 438
261 440
261 441
261 445
261 514
261 526
261 557
262 263
262 264
262 265
262 267
262 273
262 426
262 436
262 437
262 440
262 441
262 535
262 539
262 562
262 589
262 593
263 264
263 265
264 265
266 267
266 268
266 269
266 270
266 271
266 272
266 305
267 268
267 269
267 270
267 271
267 272
267 273
268 269
268 270
268 271
268 272
269 270
269 271
269 272
270 271
270 272
271 272
273 310
273 311
273 332
273 354
273 377
274 275
274 280
274 326
274 373
274 488
274 566
274 583
274 598
274 607
275 280
275 325
275 326
275 566
275 583
275 592
275 598
276 277
276 278
276 279
276 280
276 281
277 278
277 279
277 280
277 282
277 415
277 515
277 588
278 279
278 280
279 280
281 282
281 283
281 284
281 285
281 703
281 894
282 283
282 284
282 285
282 311
282 317
282 426
282 533
282 574
282 704
282 778
282 843
283 284
283 285
284 285
286 287
286 288
286 311
286 372
286 417
286 418
287 288
289 290
289 291
289 292
289 293
289 294
289 295
289 296
289 297
289 417
290 291
290 292
290 293
290 294
290 295
290 296
290 297
290 334
291 292
291 293
291 294
291 295
291 296
291 297
292 293
292 294
292 295
292 296
292 297
293 294
293 295
293 296
293 297
294 295
294 296
294 297
295 296
295 297
295 305
296 297
297 301
297 418
298 299
298 300
298 305
298 310
298 311
298 400
298 417
298 418
299 300
301 302
301 303
301 305
301 308
301 334
301 415
301 417
301 418
301 488
301 570
301 588
301 758
301 955
302 303
302 570
304 305
304 306
304 307
304 400
305 306
305 307
305 321
305 357
305 667
305 689
305 704
305 778
306 307
308 309
310 311
310 312
310 313
310 314
310 364
310 372
310 610
310 791
310 842
310 950
311 312
311 313
311 314
311 350
311 364
311 373
311 401
312 313
312 314
313 314
315 316
315 317
315 318
315 319
315 325
315 331
315 356
315 362
315 565
316 317
316 318
316 319
316 325
316 356
316 362
316 565
316 836
316 842
317 318
317 319
317 326
317 357
317 363
317 565
318 319
320 321
320 322
320 323
320 324
320 325
320 326
320 356
320 407
320 428
320 486
321 322
321 323
321 324
321 325
321 326
321 330
321 357
322 323
322 324
322 325
322 326
323 324
323 325
323 326
324 325
324 326
325 326
326 328
326 332
327 328
327 329
327 330
327 331
327 332
327 333
327 338
327 787
327 791
327 950
328 329
328 330
328 333
328 334
328 338
328 339
329 330
330 338
330 339
331 332
331 333
331 334
331 335
331 336
331 337
331 338
331 345
331 483
331 514
331 581
331 929
332 333
332 334
332 335
332 336
332 337
332 338
332 434
332 479
332 484
332 496
332 673
333 334
333 335
333 336
333 337
333 338
333 374
333 616
333 669
334 335
334 336
334 337
334 339
334 402
334 479
334 539
334 671
334 843
335 336
335 337
336 337
338 339
338 340
338 341
338 342
339 340
339 341
339 342
340 341
340 342
341 342
343 344
345 346
345 347
345 348
345 354
346 347
346 348
346 350
346 354
347 348
347 354
347 961
349 350
349 351
349 352
349 353
349 354
349 355
349 368
349 397
349 597
349 829
350 351
350 352
350 353
350 354
350 355
350 369
350 373
350 778
350 837
351 352
351 353
351 354
351 355
352 353
352 354
352 355
353 354
353 355
354 355
354 368
354 369
354 557
354 837
356 357
356 358
356 359
356 360
356 361
356 362
356 363
356 368
356 376
356 532
356 554
357 358
357 359
357 360
357 361
357 362
357 363
358 359
358 360
358 361
358 362
358 363
359 360
359 361
359 362
359 363
360 361
360 362
360 363
361 362
361 363
362 363
364 365
364 366
364 367
364 396
364 478
364 670
365 366
365 367
365 671
366 367
368 369
368 370
368 371
368 483
369 370
369 371
370 371
372 373
372 374
372 375
372 532
372 597
372 667
372 817
372 847
373 374
373 375
373 546
373 592
373 597
373 818
374 375
374 558
376 377
376 378
376 379
376 380
376 381
377 378
377 379
377 380
377 381
378 379
378 380
378 381
379 380
379 381
380 381
382 383
382 384
382 385
382 386
382 387
382 388
382 444
382 510
383 384
383 385
383 386
383 387
383 388
383 751
384 385
384 386
384 387
384 388
385 386
385 387
385 388
386 387
386 388
387 388
388 672
389 390
389 391
389 392
389 393
389 414
390 391
390 392
390 393
391 392
391 393
392 393
394 396
394 400
395 396
395 397
395 398
395 399
395 400
395 433
395 573
396 397
396 398
396 399
396 400
396 401
396 402
396 925
397 398
397 399
398 399
400 401
400 402
400 576
400 689
402 958
403 404
403 405
404 405
404 694
405 694
406 573
407 408
407 409
407 410
407 411
407 412
407 428
407 703
407 777
407 791
407 866
407 867
407 893
408 409
408 410
408 411
408 412
408 415
408 861
408 867
408 872
409 410
411 412
411 413
411 478
411 678
411 703
411 777
411 786
411 787
411 791
411 850
412 413
412 415
412 867
412 879
412 885
413 697
413 847
413 848
414 415
414 416
414 420
414 425
414 570
414 612
414 787
414 950
415 416
415 420
415 425
415 426
415 453
415 944
415 950
415 951
417 418
417 777
417 829
417 842
417 918
418 419
418 566
418 573
420 421
420 422
420 423
420 424
420 669
421 422
421 423
421 424
421 588
421 589
421 590
421 671
422 423
422 424
423 424
425 426
425 427
426 427
426 542
428 429
428 430
428 431
428 432
428 433
428 436
428 444
428 445
428 514
429 430
429 431
429 432
429 437
429 444
429 445
429 488
429 542
430 431
430 432
431 432
433 434
433 435
433 436
433 437
433 559
433 561
433 562
433 894
434 435
434 441
434 539
434 542
434 562
434 568
436 437
436 438
436 439
436 440
436 441
436 444
436 506
436 520
436 532
436 787
436 791
437 438
437 439
437 440
437 441
437 445
437 521
437 532
437 542
437 607
437 784
437 800
438 439
440 441
440 442
440 443
440 506
440 514
440 532
440 535
440 538
440 603
440 604
440 612
440 787
440 791
440 793
440 969
441 442
441 443
441 533
441 539
441 542
441 562
441 592
441 604
442 443
444 445
444 446
444 447
444 495
444 497
444 505
444 514
444 532
445 446
445 447
445 515
445 521
445 533
445 542
445 562
445 566
445 607
446 447
448 449
448 450
448 451
448 452
448 453
448 607
448 639
448 643
448 646
449 450
449 451
449 452
449 453
449 457
449 459
449 463
449 600
449 639
449 643
449 646
449 647
449 851
450 451
452 453
452 454
452 455
452 456
452 457
452 495
452 497
452 510
452 514
452 612
453 454
453 455
453 456
453 458
453 459
453 486
453 488
453 496
453 498
453 511
453 515
453 542
453 604
453 613
454 455
454 456
454 538
455 456
457 458
457 459
457 460
457 461
457 462
457 478
457 479
457 495
457 497
457 507
457 510
457 511
457 538
457 667
457 669
457 672
457 819
458 459
458 460
458 461
458 467
458 474
458 479
458 496
458 498
458 574
458 646
459 460
459 461
459 463
459 479
459 498
459 511
459 515
460 461
460 507
462 463
462 464
462 465
462 466
462 467
462 486
463 464
463 465
463 466
463 467
463 479
463 488
463 511
464 465
464 466
464 467
465 466
465 467
466 467
467 474
467 479
467 484
467 496
468 469
468 470
468 471
468 472
469 470
469 471
469 472
470 471
470 472
471 472
471 484
471 538
472 479
473 474
473 475
473 476
473 478
473 479
473 616
473 623
473 667
473 669
473 860
473 866
474 475
474 476
474 479
474 492
474 493
474 592
474 616
474 623
474 668
474 669
474 670
474 671
474 861
474 866
476 477
476 479
478 479
478 480
478 481
478 482
478 483
478 484
478 495
478 520
478 612
478 693
478 777
478 783
478 847
478 856
478 857
479 480
479 481
479 482
479 483
479 484
479 488
479 496
479 613
479 711
479 784
479 791
479 798
479 830
479 857
479 875
480 481
480 482
481 482
481 486
483 484
483 485
483 721
483 722
483 727
483 866
484 485
484 498
484 613
484 694
486 487
486 488
486 489
486 490
486 492
486 666
486 769
486 791
486 850
487 488
487 489
487 490
487 493
488 489
488 490
488 492
488 493
488 496
488 498
488 613
488 667
488 739
488 740
488 759
488 769
488 770
488 774
488 847
488 856
490 491
490 603
490 612
490 613
490 759
492 493
492 494
492 866
493 494
493 496
493 498
493 588
495 496
495 497
495 498
495 499
495 500
495 501
495 502
495 503
495 504
495 505
495 506
495 507
495 508
495 509
495 510
495 520
495 538
495 610
495 631
495 667
495 669
495 693
495 769
496 497
496 498
496 499
496 500
496 501
496 502
496 503
496 504
496 505
496 506
496 507
496 508
496 509
496 511
496 521
496 530
496 632
496 636
496 671
496 673
496 784
496 875
496 918
497 498
497 499
497 500
497 501
497 502
497 503
497 504
497 505
497 506
497 507
497 508
497 509
497 511
497 520
497 769
497 771
498 499
498 500
498 501
498 502
498 503
498 504
498 505
498 506
498 507
498 508
498 509
498 511
498 521
498 542
499 500
499 501
499 502
499 503
499 504
499 505
499 506
499 507
499 508
499 509
500 501
500 502
500 503
500 504
500 505
500 506
500 507
500 508
500 509
501 502
501 503
501 504
501 505
501 506
501 507
501 508
501 509
502 503
502 504
502 505
502 506
502 507
502 508
502 509
503 504
503 505
503 506
503 507
503 508
503 509
504 505
504 506
504 507
504 508
504 509
505 506
505 507
505 508
505 509
505 802
506 507
506 508
506 509
506 511
506 520
506 786
506 787
506 793
506 842
506 969
507 508
507 509
507 511
507 513
507 521
507 522
508 509
510 511
510 512
510 513
510 514
510 599
510 759
510 761
510 762
510 783
510 791
510 842
511 512
511 513
511 515
511 521
511 566
511 783
512 513
514 515
514 516
514 517
514 518
514 519
514 520
514 526
514 559
514 612
514 791
515 516
515 517
515 518
515 519
515 521
515 527
515 559
515 792
516 517
516 518
516 519
517 518
517 519
518 519
520 521
520 522
520 523
520 524
520 525
520 603
520 612
520 838
521 522
521 523
521 524
521 525
521 566
521 655
521 837
522 523
522 524
522 525
523 524
523 525
524 525
526 527
526 528
526 529
526 530
526 531
526 558
527 528
527 529
527 530
527 531
528 529
528 530
528 531
529 530
529 531
530 531
532 533
532 534
532 535
532 536
532 537
532 558
532 587
532 894
532 944
533 534
533 535
533 536
533 537
533 538
533 539
533 542
533 604
533 926
534 535
534 536
534 537
535 536
535 537
536 537
538 539
538 540
538 541
538 542
538 543
538 544
538 559
538 561
538 565
538 567
538 570
538 608
539 540
539 541
539 542
539 543
539 544
539 559
539 562
539 566
539 568
539 571
539 588
539 589
539 590
539 604
539 702
539 843
540 541
540 542
540 543
540 544
541 542
541 543
541 544
542 543
542 544
542 559
542 562
542 604
543 544
545 546
545 547
545 548
545 549
546 547
546 548
546 549
547 548
547 549
548 549
549 790
550 551
550 559
552 553
552 554
552 555
552 556
552 557
553 554
553 555
553 556
553 557
553 566
554 555
554 556
554 557
555 556
555 557
556 557
558 559
558 560
558 561
558 565
558 567
558 603
558 616
558 620
559 560
559 562
559 566
559 567
559 568
559 571
559 574
559 575
559 588
559 589
559 590
559 604
561 562
561 563
561 564
561 565
561 567
561 573
561 603
562 563
562 564
562 566
562 568
562 570
562 571
562 574
562 575
562 588
562 589
562 590
563 564
565 566
565 567
565 568
565 569
565 570
565 571
565 572
565 573
565 575
565 587
565 588
565 603
565 607
565 672
565 769
566 567
566 568
566 569
566 570
566 571
566 572
566 574
566 587
566 588
566 589
566 590
566 607
566 613
566 758
566 766
566 895
566 958
567 568
567 569
567 570
567 571
567 572
567 587
567 588
567 607
567 610
567 777
567 780
568 569
568 570
568 571
568 572
568 574
568 588
568 589
568 590
568 604
568 611
569 570
569 571
569 572
570 571
570 572
570 590
570 931
571 572
571 574
571 588
571 611
571 766
573 574
573 575
573 587
573 603
573 612
573 672
573 752
573 821
573 829
573 830
573 832
573 835
574 575
574 588
574 589
574 590
574 603
574 612
574 613
574 670
574 795
574 807
574 818
574 822
574 930
575 587
575 588
575 603
575 612
575 777
575 822
575 836
576 577
576 578
576 579
576 580
576 581
576 582
576 800
577 578
577 579
577 580
577 581
577 582
577 784
577 800
578 579
578 580
578 581
578 582
579 580
579 581
579 582
580 581
580 582
581 582
583 584
583 585
583 586
584 585
584 586
584 702
585 586
587 588
587 589
587 590
587 591
587 592
587 603
587 672
588 589
588 590
588 591
588 592
588 604
588 617
588 722
588 913
588 956
589 590
589 591
589 592
589 744
589 836
590 591
590 592
592 593
592 594
592 595
592 596
592 597
592 598
592 612
592 613
592 800
593 594
593 595
593 596
593 597
593 598
594 595
594 596
594 597
594 598
595 596
595 597
595 598
596 597
596 598
597 598
599 600
599 601
599 602
599 603
599 643
599 750
600 601
600 602
600 644
601 602
603 604
603 605
603 606
603 610
603 612
603 613
603 669
603 693
603 777
603 787
604 605
604 606
604 607
604 617
604 630
604 670
604 778
604 788
604 843
604 875
604 888
605 606
607 608
607 609
607 610
607 611
607 612
607 613
607 644
607 770
608 609
608 610
608 611
608 674
609 610
609 611
610 611
610 612
610 669
612 613
612 614
612 615
612 617
612 791
613 614
613 615
613 647
613 670
613 704
613 712
613 759
613 766
613 792
614 615
616 617
616 618
616 619
616 625
616 643
617 618
617 619
617 626
618 619
620 621
620 622
620 669
621 622
623 624
623 625
623 626
624 655
624 711
625 626
625 627
625 628
625 629
625 630
625 703
625 817
626 627
626 628
626 629
626 630
626 636
626 646
626 655
626 704
626 818
627 628
627 629
627 630
628 629
628 630
629 630
630 636
630 656
630 670
631 632
631 633
631 634
631 635
631 636
631 643
631 693
631 697
631 783
632 633
632 634
632 635
632 636
632 646
632 655
632 656
632 670
633 634
633 635
634 635
636 637
636 638
636 644
636 646
636 655
636 670
637 638
639 640
639 641
639 642
639 643
639 644
639 656
640 641
640 642
640 644
640 646
641 642
641 643
643 644
643 645
643 646
643 647
643 750
643 761
644 645
644 646
644 647
644 670
645 646
646 652
646 655
646 702
647 648
647 649
647 650
647 655
647 656
648 649
648 650
649 650
651 652
651 653
651 654
651 655
651 656
651 697
651 746
652 653
652 654
652 838
653 654
653 879
655 656
655 746
655 747
655 832
655 887
656 698
656 702
657 658
657 659
657 660
657 661
657 662
657 663
657 664
657 665
657 666
657 667
657 668
657 669
657 702
657 769
658 659
658 660
658 661
658 662
658 663
658 664
658 665
658 666
658 667
658 668
659 660
659 661
659 662
659 663
659 664
659 665
659 666
659 667
659 668
660 661
660 662
660 663
660 664
660 665
660 666
660 667
660 668
661 662
661 663
661 664
661 665
661 666
661 667
661 668
662 663
662 664
662 665
662 666
662 667
662 668
663 664
663 665
663 666
663 667
663 668
664 665
664 666
664 667
664 668
665 666
665 667
665 668
666 667
666 668
666 673
667 668
667 671
667 672
667 674
667 769
668 670
669 670
669 671
669 672
669 673
669 697
669 702
669 711
669 735
669 814
670 671
670 673
670 675
670 701
670 736
671 672
671 673
671 674
671 730
671 736
672 673
672 674
672 675
672 676
672 677
672 678
672 679
672 689
672 697
672 731
672 817
672 918
673 674
673 675
673 676
673 677
673 678
673 679
673 728
673 730
673 731
673 732
673 780
673 784
673 875
674 675
674 676
674 677
674 678
674 679
674 697
674 721
674 727
674 731
674 935
675 676
675 677
675 678
675 679
675 698
675 728
675 730
675 736
675 759
676 677
676 678
676 679
677 678
677 679
678 679
679 800
680 681
680 682
680 683
680 684
680 685
680 686
680 687
680 688
680 689
680 690
680 691
680 692
681 682
681 683
681 684
681 685
681 686
681 687
681 688
681 689
681 690
681 691
681 692
682 683
682 684
682 685
682 686
682 687
682 688
682 689
682 690
682 691
682 692
683 684
683 685
683 686
683 687
683 688
683 689
683 690
683 691
683 692
684 685
684 686
684 687
684 688
684 689
684 690
684 691
684 692
685 686
685 687
685 688
685 689
685 690
685 691
685 692
686 687
686 688
686 689
686 690
686 691
686 692
687 688
687 689
687 690
687 691
687 692
687 694
688 689
688 690
688 691
688 692
689 690
689 691
689 692
689 693
689 697
689 698
689 701
689 702
690 691
690 692
690 697
690 698
690 895
691 692
693 694
693 695
693 696
693 697
693 701
693 702
693 783
693 791
693 829
694 695
694 696
694 697
694 698
694 901
695 696
697 698
697 699
697 700
697 701
697 702
697 719
697 721
697 727
697 765
697 850
698 699
698 700
698 702
698 722
698 728
699 700
701 702
701 721
701 783
701 884
702 719
702 966
703 704
703 705
703 706
703 707
703 708
703 709
703 710
703 711
703 712
703 787
703 836
703 874
703 929
704 705
704 706
704 707
704 708
704 709
704 710
704 711
705 706
705 707
705 708
705 709
705 710
705 771
706 707
706 708
706 709
706 710
707 708
707 709
707 710
708 709
708 710
708 711
709 710
711 712
711 713
711 714
711 715
711 716
711 787
711 793
711 836
711 866
712 713
712 714
712 715
712 716
712 728
712 732
712 867
713 714
713 715
713 716
714 715
714 716
715 716
717 718
717 719
717 720
717 750
718 719
718 720
719 720
721 722
721 723
721 724
721 725
721 726
722 723
722 724
722 725
722 726
723 724
723 725
723 726
724 725
724 726
725 726
725 751
727 728
727 729
728 729
728 762
730 875
731 732
731 733
731 734
731 836
731 838
732 733
732 734
733 734
735 736
735 737
735 761
735 856
736 737
736 738
736 739
736 740
736 762
738 739
738 740
738 741
738 742
738 743
738 750
738 755
738 771
739 740
739 741
739 742
739 743
739 751
739 755
739 758
739 759
739 766
739 771
740 741
740 742
740 743
740 755
740 767
740 815
740 832
741 742
741 743
741 752
742 743
744 745
744 746
744 747
744 750
744 751
744 752
744 759
744 800
744 801
746 747
746 748
746 749
746 750
746 758
746 777
746 783
746 836
747 748
747 749
747 751
747 758
748 749
750 751
750 752
750 753
750 754
750 758
750 766
750 791
750 798
750 800
750 817
750 819
750 829
750 830
750 832
750 835
750 887
751 752
751 753
751 754
751 758
751 766
751 801
751 817
752 753
752 754
752 756
752 767
752 797
752 817
752 822
752 829
753 754
755 756
755 757
755 758
755 836
756 757
756 758
757 758
758 759
758 798
758 892
759 760
759 761
759 762
759 777
759 783
759 784
761 762
761 763
761 764
761 781
761 783
761 785
761 786
762 763
762 764
762 767
762 783
763 764
765 766
765 767
765 768
765 769
765 770
766 767
766 768
767 768
767 772
767 775
767 832
769 770
769 771
769 772
769 773
769 774
769 775
769 776
769 777
769 787
769 788
769 790
769 791
769 836
770 771
770 772
770 773
770 774
770 775
770 776
770 777
770 787
770 791
770 792
770 836
770 837
771 772
771 773
771 774
771 775
771 776
771 779
771 787
771 788
771 791
771 793
772 773
772 774
772 775
772 776
772 777
772 787
772 791
772 793
773 774
773 775
773 776
774 775
774 776
774 779
774 781
774 787
774 789
774 791
774 793
774 836
775 776
775 787
775 791
775 837
777 778
777 779
777 780
777 781
777 782
777 783
777 784
777 798
777 836
777 837
777 838
777 847
777 929
778 779
778 780
778 781
778 782
778 784
778 800
778 837
778 838
779 780
779 781
779 782
779 838
780 781
780 782
780 838
781 782
781 787
783 784
783 785
783 786
783 791
783 829
783 842
783 847
783 894
784 785
784 786
784 836
784 838
784 842
784 848
784 875
785 786
787 788
787 789
787 790
787 791
787 819
787 829
787 835
787 836
787 837
787 838
787 842
787 847
788 789
788 790
788 791
788 819
788 830
788 835
788 836
788 837
788 838
788 843
789 790
790 791
790 819
790 830
790 835
790 843
791 792
791 793
791 798
791 800
791 847
791 918
792 793
792 798
792 837
794 795
794 796
794 797
795 796
795 797
795 837
796 797
796 926
798 799
798 800
798 801
798 836
798 837
798 838
798 842
798 875
798 892
799 800
800 801
800 807
800 832
800 837
801 836
802 803
802 804
802 805
802 806
802 807
803 804
803 805
803 807
803 818
804 805
806 807
806 808
806 809
807 808
807 809
808 809
810 811
810 812
810 813
810 814
810 815
810 816
810 817
810 818
811 812
811 813
811 814
811 815
811 816
811 817
811 818
812 813
812 814
812 815
812 816
812 817
812 818
813 814
813 815
813 816
813 817
813 818
814 815
814 816
814 817
814 818
815 816
815 817
815 818
816 817
816 818
817 818
817 829
817 830
817 832
817 835
818 830
818 960
818 961
819 820
819 821
819 822
819 823
819 824
819 825
819 826
819 827
819 828
819 837
819 874
820 821
820 822
820 823
820 824
820 825
820 826
820 827
820 828
820 837
821 822
821 823
821 824
821 825
821 826
821 827
821 828
822 823
822 824
822 825
822 826
822 827
822 828
823 824
823 825
823 826
823 827
823 828
824 825
824 826
824 827
824 828
825 826
825 827
825 828
826 827
826 828
827 828
829 830
829 831
829 832
829 833
829 834
829 835
829 836
829 837
829 838
829 842
830 831
830 832
830 833
830 834
830 835
830 836
830 837
830 842
830 843
830 851
830 919
831 832
831 833
831 834
831 835
832 833
832 834
832 835
832 836
832 837
832 838
832 842
832 843
832 851
833 834
833 835
834 835
835 836
835 837
835 842
835 843
836 837
836 838
836 839
836 840
836 841
836 847
836 857
837 838
837 839
837 840
837 841
837 857
838 839
838 840
838 841
839 840
839 841
840 841
842 843
842 844
842 845
842 846
842 847
843 844
843 845
843 846
843 919
844 845
844 846
845 846
847 848
847 849
847 850
847 881
848 849
848 851
848 875
848 882
850 851
850 852
850 853
850 854
850 855
850 856
850 857
851 852
851 853
851 854
851 855
851 857
851 892
852 853
852 854
852 855
853 854
853 855
854 855
856 857
856 858
856 859
856 860
856 881
857 858
857 859
857 887
857 888
858 859
860 861
860 862
860 863
860 864
860 865
860 866
860 867
861 862
861 863
861 864
861 865
861 867
862 863
862 864
862 865
863 864
863 865
864 865
866 867
866 868
866 869
866 874
866 881
866 887
866 891
867 868
867 869
867 870
867 872
868 869
870 871
870 872
870 873
870 918
870 919
871 872
871 873
872 873
874 875
874 876
874 877
874 878
874 879
874 880
874 881
874 887
874 891
874 892
875 876
875 877
875 878
875 879
875 880
875 882
875 887
875 891
875 892
876 877
876 878
876 879
876 880
877 878
877 879
877 880
878 879
878 880
879 880
879 882
879 887
879 888
879 891
881 882
881 883
881 884
881 885
881 886
881 891
881 892
882 883
882 884
882 885
882 886
883 884
883 885
883 886
884 885
884 886
885 886
887 888
887 889
887 890
887 891
887 892
888 889
888 890
889 890
891 892
891 893
891 929
891 939
891 950
892 893
894 895
894 896
894 897
894 898
894 899
894 905
894 906
894 912
894 918
894 926
894 929
894 930
894 944
894 958
894 960
894 961
895 896
895 897
895 898
895 899
895 905
895 906
895 912
895 918
895 919
895 926
895 929
895 930
896 897
896 898
896 899
897 898
897 899
898 899
898 961
900 901
900 902
900 903
900 904
901 902
901 903
901 904
902 903
902 904
903 904
905 930
906 907
906 908
906 909
906 910
906 911
906 958
907 908
907 909
907 910
907 911
908 909
908 910
908 911
909 910
909 911
910 911
912 913
912 914
912 915
912 916
912 917
912 918
912 919
912 958
913 914
913 915
913 916
913 917
914 915
914 916
914 917
915 916
915 917
916 917
916 919
918 919
918 920
918 921
918 922
918 923
918 924
918 958
919 920
919 921
919 922
919 923
919 924
920 921
920 922
920 923
920 924
921 922
921 923
921 924
922 923
922 924
923 924
926 927
926 928
926 929
926 930
926 931
926 935
926 936
926 944
926 950
927 928
929 930
929 931
929 932
929 935
929 944
929 950
929 951
929 960
929 961
930 931
930 932
930 936
930 956
930 960
931 932
933 934
933 935
933 936
933 937
933 938
933 939
933 940
933 941
933 942
933 943
933 944
934 935
934 936
934 937
934 938
934 939
934 940
934 941
934 942
934 943
935 936
935 937
935 938
935 939
935 940
935 941
935 942
935 943
936 937
936 938
936 939
936 940
936 941
936 942
936 943
937 938
937 939
937 940
937 941
937 942
937 943
938 939
938 940
938 941
938 942
938 943
939 940
939 941
939 942
939 943
940 941
940 942
940 943
941 942
941 943
942 943
944 945
944 946
944 947
944 948
944 949
944 951
944 956
945 946
945 947
945 948
945 949
946 947
946 948
946 949
947 948
947 949
948 949
950 951
950 952
950 953
950 954
950 955
950 956
950 957
950 958
950 961
951 952
951 953
951 954
951 955
951 956
951 957
951 958
951 961
952 953
952 954
952 955
952 956
952 957
953 954
953 955
953 956
953 957
954 955
954 956
954 957
955 956
955 957
956 957
958 959
960 961
960 962
960 963
960 976
961 962
961 963
962 963
965 966
965 967
965 968
966 967
966 968
967 968
970 971
970 972
970 973
971 972
971 973
972 973
974 975
