0 1
0 2
0 3
0 20
0 212
0 305
0 315
0 323
0 333
0 348
0 353
0 728
0 760
1 2
1 3
1 334
1 339
1 348
1 349
1 353
1 354
2 3
4 5
4 6
4 7
4 8
4 9
4 14
4 208
4 680
4 808
5 6
5 7
5 8
5 9
5 14
5 15
5 68
5 502
6 7
6 8
6 9
6 15
6 16
6 62
6 348
6 350
6 352
6 502
7 8
7 9
8 9
10 11
10 12
10 13
10 34
10 223
10 238
10 489
10 594
10 603
10 740
10 787
10 872
10 888
10 892
10 901
11 12
11 13
11 223
11 361
11 459
11 489
11 741
11 788
11 843
11 888
11 892
11 902
12 13
14 15
14 16
14 17
14 25
14 26
14 138
14 146
14 147
14 154
14 163
14 164
14 168
14 225
14 259
14 661
15 16
15 17
15 26
15 154
15 250
16 17
16 225
16 226
18 19
18 29
18 30
18 31
18 32
18 44
18 48
18 49
18 901
19 30
19 32
19 329
19 330
19 354
19 773
19 902
20 21
20 22
20 23
20 458
21 22
21 23
22 23
24 25
24 26
24 27
24 28
24 84
24 191
24 271
24 315
24 404
24 563
24 603
24 631
25 26
25 27
25 28
25 40
25 272
25 585
25 591
25 603
25 621
25 632
26 27
26 28
26 280
26 494
26 603
26 604
26 621
26 622
27 28
27 817
29 30
29 31
29 34
29 261
29 442
30 31
30 32
30 33
30 34
31 32
31 34
31 40
31 901
32 35
32 354
32 902
34 35
34 36
34 37
34 38
34 39
34 40
34 48
34 49
34 80
34 109
34 116
34 323
34 418
34 593
34 643
34 644
34 895
34 902
35 36
35 37
35 38
35 44
35 339
35 676
35 768
35 902
36 37
36 38
36 43
36 48
36 62
36 333
36 780
36 901
36 937
37 38
37 40
37 49
37 339
37 347
37 644
37 902
37 903
39 40
39 41
39 42
39 130
39 614
39 902
39 937
40 41
40 42
40 44
40 324
40 644
40 785
40 902
41 42
43 44
43 45
43 46
43 47
43 48
44 45
44 46
44 47
44 49
45 46
45 47
46 47
48 49
48 50
48 51
48 52
48 671
48 784
49 50
49 51
49 52
49 775
50 51
50 52
51 52
53 54
53 55
53 56
54 55
54 56
54 108
54 334
54 741
54 792
54 797
54 834
54 835
55 56
57 58
57 59
57 60
57 61
57 63
57 718
58 59
58 60
58 61
58 63
58 134
58 718
58 883
59 60
59 61
59 63
60 61
60 62
60 63
60 64
60 65
60 66
60 84
60 85
60 301
60 402
60 504
60 718
60 889
61 62
61 63
61 64
61 65
61 66
61 67
61 68
61 718
61 750
62 63
62 64
62 65
62 66
63 64
63 65
63 66
63 68
63 588
63 718
63 903
64 65
64 66
64 296
65 66
67 68
67 69
67 70
67 71
67 265
67 316
67 627
67 628
67 635
67 636
67 718
67 832
68 69
68 70
68 71
68 85
68 266
68 316
68 635
68 719
68 830
68 832
68 833
69 70
69 71
70 71
72 73
72 74
72 75
72 76
72 202
72 203
72 249
72 327
72 684
72 809
73 74
73 75
73 76
73 691
74 75
74 76
74 686
75 76
77 78
77 79
77 83
77 107
77 108
77 113
77 116
77 117
77 118
77 418
78 79
80 81
80 82
80 83
80 103
80 143
80 255
80 593
80 718
80 918
81 82
81 83
81 139
81 255
81 593
81 690
81 719
81 916
82 83
83 103
83 690
83 691
83 718
84 85
84 86
84 103
84 104
84 585
84 635
84 640
84 719
84 722
85 86
85 109
85 349
87 88
87 89
87 90
87 91
87 92
87 101
87 103
87 250
88 89
88 90
88 91
88 92
88 101
88 239
88 310
89 90
89 91
89 92
89 103
89 796
90 91
90 92
90 104
90 796
91 92
93 94
93 95
93 96
93 133
93 135
93 891
94 95
94 96
95 96
97 98
97 99
97 100
97 101
98 99
98 100
99 100
101 102
101 374
101 916
101 917
103 104
103 105
103 106
103 223
103 224
103 225
103 227
103 249
103 376
103 916
104 105
104 106
104 276
104 376
104 377
104 378
104 513
104 632
104 662
104 680
104 917
105 106
107 108
107 109
107 110
107 111
107 112
107 113
107 114
107 115
107 116
107 117
107 249
107 292
107 305
107 888
107 901
108 109
108 110
108 111
108 112
108 113
108 114
108 115
108 116
108 118
108 292
108 306
108 593
108 742
109 110
109 111
109 112
109 113
109 114
109 115
109 116
109 121
109 288
109 298
109 593
110 111
110 112
110 113
110 114
110 115
110 116
111 112
111 113
111 114
111 115
111 116
112 113
112 114
112 115
112 116
112 238
112 291
112 327
112 883
112 916
112 918
113 114
113 115
113 116
113 121
113 298
113 306
113 593
114 115
114 116
115 116
115 118
115 888
116 120
116 121
116 238
116 298
116 593
116 762
116 852
117 118
117 297
117 581
117 650
117 881
117 931
118 139
118 650
118 651
118 653
118 826
119 120
119 121
119 122
119 123
120 121
120 122
120 123
120 275
120 291
120 292
120 295
120 296
120 745
120 846
120 895
121 122
121 123
121 292
121 295
121 296
122 123
124 125
124 126
124 127
124 128
124 301
124 863
125 126
125 127
125 129
125 296
125 863
126 127
128 129
128 130
128 131
128 132
128 133
128 134
128 154
128 276
128 587
129 130
129 131
129 132
129 133
129 135
130 131
130 132
130 370
130 385
131 132
133 134
133 135
133 136
133 137
133 191
133 891
133 892
134 135
134 136
134 137
134 191
134 303
134 891
134 906
135 136
135 137
135 191
135 304
135 628
135 741
135 891
135 892
136 137
138 139
138 140
138 141
138 142
138 799
139 140
139 141
139 142
139 809
140 141
140 142
141 142
143 144
143 145
143 842
143 843
143 846
143 895
143 896
144 145
144 215
144 892
146 147
146 148
146 149
146 150
146 151
146 202
146 215
146 238
146 353
146 386
146 842
146 883
147 148
147 149
147 150
147 151
147 215
147 223
147 241
147 438
147 448
147 449
148 149
148 150
148 151
148 354
149 150
149 151
150 151
150 386
152 153
152 202
152 203
152 249
152 254
152 255
152 679
153 178
153 250
154 208
154 266
154 276
154 517
154 705
154 740
154 741
155 156
155 157
155 158
155 284
155 377
155 378
155 404
155 593
155 686
155 690
155 910
155 914
156 157
156 158
156 250
156 593
156 648
156 649
156 659
156 687
156 691
156 910
156 914
157 158
159 160
159 161
159 162
159 503
159 504
160 161
160 162
160 386
161 162
163 164
163 165
163 166
163 167
163 309
164 165
164 166
164 167
164 636
164 700
164 701
165 166
165 167
166 167
166 377
168 169
168 170
168 171
168 249
168 681
169 170
169 171
170 171
170 295
172 173
172 174
172 175
172 176
172 684
173 174
173 175
173 176
173 681
173 684
173 685
173 686
173 687
174 175
174 176
174 226
175 176
177 178
177 179
177 202
177 203
177 205
177 208
177 262
177 380
177 594
177 652
177 681
178 179
178 205
178 208
178 209
178 463
178 557
178 687
180 181
180 182
180 183
181 182
181 183
181 202
181 203
182 183
184 185
184 228
184 239
184 612
184 613
184 675
184 704
185 192
185 239
185 301
185 675
185 704
185 896
186 187
186 188
186 189
186 190
186 846
187 188
187 189
187 190
188 189
188 190
189 190
191 192
191 193
191 194
191 195
191 202
191 301
191 319
191 327
191 353
191 650
191 651
191 653
191 690
192 193
192 194
192 195
193 194
193 195
194 195
194 651
196 197
196 198
196 199
196 200
196 201
196 796
197 198
197 199
197 200
197 201
198 199
198 200
198 201
199 200
199 201
200 201
202 203
202 204
202 223
202 658
202 888
203 204
203 421
205 206
205 207
205 684
205 687
206 207
208 209
208 210
208 211
209 210
209 211
209 760
210 211
212 213
212 214
212 353
212 354
212 685
212 686
212 884
212 891
213 214
213 741
215 216
215 217
215 218
215 358
215 593
215 659
216 217
216 218
216 377
217 218
218 883
219 220
219 221
219 222
219 643
220 221
220 222
220 227
221 222
223 224
223 225
223 226
223 227
223 370
223 371
223 374
223 413
223 452
223 490
223 635
223 636
223 669
223 690
223 815
224 225
224 226
224 227
224 635
224 669
224 691
225 226
225 227
225 259
225 593
225 690
225 740
225 744
226 227
226 231
226 690
226 691
226 692
227 231
227 235
227 536
227 594
227 690
228 229
228 230
228 231
228 232
228 233
228 234
228 235
228 236
228 237
228 315
228 380
228 635
228 832
228 846
228 895
229 230
229 231
229 232
229 233
229 234
229 235
229 236
229 237
230 231
230 232
230 233
230 234
230 235
230 236
230 237
230 839
231 232
231 233
231 234
231 235
231 236
231 237
232 233
232 234
232 235
232 236
232 237
233 234
233 235
233 236
233 237
234 235
234 236
234 237
234 846
235 236
235 237
236 237
238 239
238 240
238 241
238 242
238 301
238 302
238 333
238 386
238 658
238 659
238 691
238 740
238 741
238 742
238 889
238 935
239 240
239 241
239 242
239 255
239 386
239 690
239 691
239 742
239 760
239 896
240 241
240 242
241 242
241 244
241 740
241 920
243 244
243 245
243 246
243 247
243 248
244 245
244 246
244 247
244 248
244 661
244 662
244 742
245 246
245 247
245 248
246 247
246 248
247 248
249 250
249 251
249 252
249 253
249 265
249 269
249 547
249 842
249 851
249 888
249 905
250 251
250 252
250 253
250 255
250 266
250 681
250 682
250 703
250 842
250 843
251 252
251 253
251 460
252 253
254 255
254 256
254 257
254 258
254 259
254 260
254 700
254 883
254 888
255 256
255 257
255 258
255 260
255 265
255 653
255 665
255 700
256 257
256 258
257 258
259 260
259 261
259 262
259 263
259 264
259 315
259 316
259 370
259 371
259 380
259 504
259 643
259 652
259 690
259 700
259 701
260 261
260 262
260 263
260 264
260 298
260 301
260 425
260 682
260 685
260 687
260 700
260 746
260 877
261 262
261 263
261 264
261 839
262 263
262 264
262 462
262 686
262 883
263 264
265 266
265 267
265 268
265 275
265 327
266 267
266 268
266 276
267 268
267 883
269 270
269 271
269 272
269 273
269 274
270 271
270 272
270 273
270 274
271 272
271 273
271 274
271 809
272 273
272 274
272 291
272 292
272 816
273 274
275 276
275 277
275 278
275 279
275 284
275 291
275 327
275 593
275 638
275 700
275 722
276 277
276 278
276 279
276 280
276 284
276 292
276 593
277 278
279 280
279 281
279 282
279 283
279 504
279 745
280 281
280 282
280 283
281 282
281 283
282 283
282 295
283 370
284 285
284 286
284 287
284 288
284 289
284 290
284 296
284 380
284 740
285 286
285 287
285 288
285 289
285 290
285 292
286 287
286 288
286 289
286 290
287 288
287 289
287 290
288 289
288 290
288 296
288 817
289 290
291 292
291 293
291 294
291 295
291 296
292 293
292 294
292 295
292 296
293 294
293 295
293 296
294 295
294 296
295 296
295 297
295 298
295 593
296 297
297 298
297 301
297 327
297 328
298 328
299 300
299 700
299 701
300 703
300 762
301 302
301 333
301 334
301 503
301 547
301 635
301 823
302 333
302 504
302 823
302 896
303 304
303 305
303 306
303 307
303 308
303 353
304 305
304 306
304 307
304 308
305 306
305 307
305 308
305 309
305 310
305 319
305 323
306 307
306 308
306 316
306 320
306 324
307 308
309 310
309 311
309 312
309 313
309 314
309 593
310 311
310 312
310 313
310 314
310 593
310 826
311 312
311 313
311 314
312 313
312 314
313 314
315 316
315 317
315 318
315 320
315 323
315 327
315 328
315 675
315 832
316 317
316 318
316 327
316 347
316 354
316 378
316 687
316 823
316 946
317 318
317 460
319 320
319 321
319 322
319 323
319 324
319 327
319 328
319 333
319 361
319 507
319 740
320 321
320 322
320 323
320 327
320 334
321 322
323 324
323 325
323 326
323 327
323 328
323 333
323 732
324 325
324 326
324 327
324 334
325 326
327 328
327 348
327 946
328 945
329 330
329 331
329 332
330 331
330 332
331 332
333 334
333 335
333 336
333 337
333 338
333 469
333 728
333 732
333 740
333 742
333 823
333 846
334 335
334 336
334 337
334 473
334 480
334 728
334 732
334 823
335 336
335 337
336 337
338 339
338 340
338 341
338 342
339 340
339 341
339 342
340 341
340 342
341 342
343 344
343 345
343 346
343 347
344 345
344 346
344 347
344 742
345 346
345 347
346 347
347 353
347 354
347 685
348 349
348 350
348 351
348 352
348 603
348 883
349 350
349 351
349 352
350 351
350 352
351 352
353 354
353 355
353 356
353 820
353 823
354 355
354 356
354 760
354 823
355 356
357 358
357 359
357 360
357 774
357 792
357 793
357 797
358 359
358 360
358 752
358 799
358 809
359 360
360 752
360 809
361 362
361 363
361 364
361 365
361 775
361 793
361 902
361 918
362 363
362 364
362 365
362 902
362 938
363 364
365 366
365 774
365 775
365 792
365 793
367 368
367 369
367 472
367 835
368 369
368 371
368 374
368 835
370 371
370 372
370 373
370 374
370 375
370 394
370 430
370 480
370 503
370 535
370 536
370 593
370 800
370 803
371 372
371 373
371 374
371 375
371 376
371 386
371 388
371 396
371 503
371 535
371 847
372 373
372 374
372 375
373 374
373 375
374 375
374 395
374 535
374 578
374 593
376 377
376 378
376 379
376 680
376 681
376 690
376 926
377 378
377 379
377 619
377 638
377 680
377 910
378 379
378 680
378 896
378 910
378 926
380 381
380 382
380 385
380 397
380 430
380 499
380 593
380 612
380 669
380 679
380 684
380 792
380 793
380 895
380 927
380 954
381 382
381 597
381 869
381 927
383 384
383 414
383 461
383 504
383 559
383 597
383 895
384 888
384 889
385 386
385 387
385 388
385 389
385 394
385 585
385 801
386 387
386 388
386 389
386 394
386 503
386 557
386 649
386 719
387 388
387 389
388 389
388 512
388 513
388 557
389 462
390 391
390 392
390 393
390 740
390 741
391 392
391 393
391 740
391 741
392 393
394 395
394 396
394 397
394 834
395 396
395 429
397 398
397 399
397 402
397 419
397 425
397 426
397 444
397 479
397 480
397 484
397 503
397 832
398 399
398 400
398 403
398 404
398 414
398 426
398 479
398 480
398 523
398 557
398 582
398 815
398 816
398 817
398 832
399 400
399 401
399 402
399 404
399 413
399 414
399 417
399 418
399 419
399 423
399 425
399 437
399 442
399 458
399 459
399 460
399 461
399 563
399 564
400 401
400 403
400 404
400 414
400 417
400 419
400 423
400 426
400 429
400 431
400 437
401 418
401 565
402 403
402 404
402 405
402 406
402 407
402 408
402 409
402 410
402 411
402 412
402 414
402 421
402 425
402 426
402 433
402 458
402 742
403 404
403 405
403 406
403 407
403 408
403 409
403 410
403 411
403 412
403 414
403 484
403 510
404 405
404 406
404 407
404 408
404 409
404 410
404 411
404 412
404 413
404 414
404 425
404 442
404 472
405 406
405 407
405 408
405 409
405 410
405 411
405 412
405 414
405 421
405 426
405 429
406 407
406 408
406 409
406 410
406 411
406 412
407 408
407 409
407 410
407 411
407 412
408 409
408 410
408 411
408 412
408 414
408 421
408 426
409 410
409 411
409 412
410 411
410 412
411 412
413 414
413 415
413 416
413 417
413 418
413 419
413 420
413 421
413 423
413 425
413 426
413 437
413 438
413 444
413 472
413 537
413 547
413 684
413 801
414 415
414 416
414 417
414 418
414 419
414 421
414 425
414 426
414 429
414 431
414 437
414 439
414 445
414 582
414 801
414 815
414 816
414 817
415 416
415 417
415 418
415 419
416 417
416 418
416 419
417 418
417 419
417 460
418 419
418 421
418 423
418 424
418 425
418 512
418 565
418 593
418 787
419 420
419 421
419 423
419 424
419 434
419 513
419 563
419 703
420 421
420 422
420 423
420 424
420 430
420 438
421 422
421 423
421 424
421 425
421 426
421 437
421 582
422 423
422 424
423 424
423 547
423 564
424 809
425 426
425 427
425 428
425 430
425 435
425 480
425 484
425 499
426 427
426 428
426 429
426 431
426 434
426 435
426 480
427 428
429 430
429 431
429 432
429 439
429 445
429 513
429 529
429 626
429 659
429 797
430 431
430 432
430 438
430 444
430 448
430 512
430 528
430 614
431 432
431 439
431 444
431 512
431 513
431 517
431 529
433 434
433 435
433 436
433 452
433 547
434 435
434 436
435 436
437 438
437 439
437 440
437 441
437 442
437 507
437 513
437 517
437 519
437 523
438 439
438 440
438 441
438 442
438 528
438 711
439 440
439 441
439 442
439 496
439 922
440 441
440 442
441 442
442 453
442 462
442 485
442 490
443 445
443 449
443 452
443 453
443 454
443 458
443 512
443 513
443 541
443 542
443 572
443 573
444 445
444 446
444 447
444 448
444 542
444 556
444 557
444 591
445 446
445 447
445 448
445 449
445 538
445 542
445 556
446 447
448 449
448 450
448 451
448 504
448 537
448 541
448 542
448 547
448 548
448 557
448 593
448 643
449 450
449 451
449 542
449 548
449 593
449 852
450 451
450 888
452 453
452 454
452 455
452 456
452 457
452 496
452 537
452 541
452 542
452 556
452 557
452 852
453 454
453 455
453 456
453 457
453 537
453 541
453 542
453 556
454 455
454 456
454 457
454 542
454 544
454 548
454 556
454 557
455 456
455 457
456 457
458 459
458 460
458 461
458 467
458 469
458 473
458 490
459 460
459 461
459 462
459 463
459 466
459 467
459 469
459 472
459 473
459 491
460 461
460 462
460 463
460 469
460 472
460 476
460 490
460 528
460 560
461 463
461 469
461 472
461 473
461 476
461 529
461 560
462 463
462 464
462 469
462 473
462 483
462 512
462 528
462 560
462 643
463 464
463 473
463 484
463 486
463 513
463 557
463 560
465 469
465 480
465 484
465 486
466 467
467 469
467 472
467 473
467 484
467 486
467 557
468 469
468 470
468 471
469 470
469 471
470 471
472 473
472 474
472 475
472 480
472 524
472 563
473 474
473 475
473 518
474 475
476 477
476 478
476 564
476 565
477 478
479 483
479 486
479 559
479 560
480 481
480 482
480 483
480 484
480 485
480 486
480 553
481 482
481 485
483 484
483 485
483 486
483 504
483 512
483 559
484 485
484 486
484 557
484 560
484 832
485 486
485 490
485 505
485 529
485 567
486 528
486 529
487 488
487 489
487 891
488 489
490 491
490 492
490 493
490 494
490 559
490 566
490 585
490 593
490 597
490 665
491 492
491 493
491 494
491 566
491 585
491 593
491 665
492 493
492 494
493 494
495 496
495 497
495 498
495 503
495 506
496 497
496 498
496 896
497 498
499 500
499 501
499 502
499 581
499 582
499 658
499 815
500 501
500 502
500 816
500 817
501 502
503 504
503 505
503 506
503 619
504 505
504 553
504 619
506 507
506 508
506 509
506 512
506 619
507 508
507 509
507 512
507 513
508 509
510 511
512 513
512 514
512 515
512 516
513 514
513 515
513 516
513 557
514 515
514 516
515 516
517 518
517 519
517 520
517 521
517 522
517 523
517 761
518 519
518 520
518 521
518 522
518 523
519 520
519 521
519 522
519 523
520 521
520 522
520 523
521 522
521 523
522 523
522 581
524 525
524 526
524 527
524 528
524 529
524 530
524 531
524 532
524 533
524 534
524 535
524 536
525 526
525 527
525 528
525 529
525 530
525 531
525 532
525 533
525 534
525 535
525 536
526 527
526 528
526 529
526 530
526 531
526 532
526 533
526 534
526 535
526 536
527 528
527 529
527 530
527 531
527 532
527 533
527 534
527 535
527 536
528 529
528 530
528 531
528 532
528 533
528 534
528 535
528 536
529 530
529 531
529 532
529 533
529 534
529 535
529 536
530 531
530 532
530 533
530 534
530 535
530 536
531 532
531 533
531 534
531 535
531 536
531 548
532 533
532 534
532 535
532 536
533 534
533 535
533 536
534 535
534 536
535 536
535 603
535 631
537 538
537 539
537 540
537 547
537 548
538 539
538 540
539 540
541 542
541 543
541 544
541 545
541 546
541 547
541 548
541 559
541 892
542 543
542 544
542 545
542 546
542 548
543 544
543 545
543 546
544 545
544 546
545 546
545 659
547 548
547 549
547 550
547 551
547 563
547 832
548 549
548 550
548 551
548 563
548 564
548 851
548 896
549 550
549 551
550 551
552 553
552 554
552 555
553 554
553 555
554 555
556 557
556 558
556 636
557 558
557 560
557 573
557 626
557 655
559 560
559 561
559 562
560 561
560 562
560 564
560 582
560 826
561 562
563 564
563 565
563 566
563 568
563 575
563 581
563 587
563 593
563 612
563 621
563 658
563 700
564 565
564 566
564 568
564 575
564 587
564 592
564 665
564 700
564 701
565 566
565 568
565 612
567 568
567 569
567 570
567 571
567 627
567 635
568 569
568 570
568 571
568 883
569 570
569 571
570 571
572 573
574 575
574 576
575 576
577 578
577 579
577 580
578 579
578 580
579 580
581 582
581 583
581 584
581 815
581 816
581 817
581 883
582 583
582 584
582 815
582 816
582 817
583 584
585 586
585 587
585 588
585 589
585 590
585 597
585 598
585 603
585 608
585 679
586 587
586 588
586 589
586 590
586 598
587 588
587 589
587 590
587 597
587 627
588 589
588 590
588 598
589 590
591 592
591 593
591 594
591 595
591 596
591 598
592 593
592 594
592 595
592 596
592 598
593 594
593 595
593 596
593 597
593 598
593 603
593 604
593 608
593 643
593 690
593 888
593 895
594 595
594 596
594 598
594 604
594 608
594 665
595 596
597 598
597 599
597 600
597 603
597 621
598 599
598 600
598 622
598 665
598 687
598 703
599 600
601 602
601 661
601 662
602 623
602 624
602 637
602 661
602 662
603 604
603 605
603 606
603 607
603 608
603 609
603 621
603 627
603 631
603 711
603 740
603 891
604 605
604 606
604 607
604 608
604 609
604 621
604 622
604 628
604 632
604 643
605 606
605 607
605 608
606 607
606 608
607 608
608 609
608 621
608 622
608 628
609 610
609 611
610 611
612 613
612 614
612 615
612 616
612 617
612 618
612 619
612 620
612 658
612 679
613 614
613 615
613 616
613 617
613 618
613 619
613 620
614 615
614 616
614 617
614 618
614 619
614 620
615 616
615 617
615 618
615 619
615 620
615 632
616 617
616 618
616 619
616 620
617 618
617 619
617 620
618 619
618 620
619 620
621 622
621 623
621 624
621 625
621 626
621 627
621 631
621 632
622 623
622 624
622 625
622 626
622 628
622 632
622 643
622 644
622 665
623 624
623 625
623 626
624 625
624 626
624 632
625 626
626 690
627 628
627 629
627 630
627 631
627 635
627 636
627 659
627 669
627 704
627 832
628 629
628 630
628 643
628 644
628 659
628 665
628 682
628 832
629 630
631 632
631 633
631 634
631 635
631 659
631 728
631 842
632 633
632 634
632 729
633 634
635 636
635 637
635 638
635 639
635 640
635 641
635 642
635 658
635 666
635 832
635 857
636 637
636 638
636 639
636 640
636 641
636 642
636 712
636 832
637 638
637 639
637 640
637 641
637 642
637 682
638 639
638 640
638 641
638 642
639 640
639 641
639 642
640 641
640 642
641 642
643 644
643 645
643 646
643 647
643 722
643 723
643 832
644 645
644 646
644 647
644 722
644 723
645 646
645 647
646 647
648 649
648 753
648 799
649 703
649 799
650 651
650 652
650 653
650 654
650 675
650 861
651 652
651 653
651 655
651 667
651 675
651 896
652 653
652 686
653 655
653 666
653 667
653 675
653 737
653 861
654 655
654 656
654 657
655 656
655 657
656 657
658 659
658 660
658 669
658 670
658 675
658 710
659 660
659 667
659 669
659 675
659 710
659 842
661 662
661 663
661 664
661 665
661 681
661 690
662 663
662 664
662 665
662 833
663 664
665 816
665 881
666 667
666 668
666 796
667 668
669 670
669 834
671 672
671 673
671 674
672 673
672 674
673 674
675 676
675 677
675 678
676 677
676 678
677 678
679 680
679 681
679 682
679 683
679 700
679 729
679 851
679 945
679 955
680 681
680 682
680 683
680 684
680 685
680 686
680 687
680 729
681 682
681 683
681 686
681 691
682 683
682 687
682 691
684 685
684 686
684 687
684 688
684 689
685 686
685 687
685 688
685 689
685 697
686 687
686 688
686 689
686 753
687 688
687 689
687 691
687 703
688 689
688 884
690 691
690 692
690 693
690 694
690 695
690 696
690 697
690 699
690 704
690 705
690 706
691 692
691 693
691 694
691 695
691 696
691 697
691 699
692 693
692 694
692 695
692 696
693 694
693 695
693 696
694 695
694 696
695 696
697 698
700 701
700 702
700 703
700 710
700 832
701 702
701 703
701 710
701 712
701 835
702 703
704 705
704 706
704 707
704 708
704 709
704 796
704 834
704 847
704 895
705 706
705 707
705 708
705 709
705 796
705 835
705 847
705 896
706 707
706 708
706 709
706 843
706 846
707 708
707 709
708 709
711 712
711 713
711 714
711 715
711 716
712 713
712 714
712 715
712 716
713 714
713 715
713 716
714 715
714 716
715 716
717 718
717 719
717 720
717 721
718 719
718 720
718 721
718 815
719 720
719 721
720 721
722 723
722 724
722 725
722 726
722 727
722 937
723 724
723 725
723 726
723 727
724 725
724 726
724 727
725 726
725 727
726 727
728 729
728 730
728 731
728 740
728 741
728 761
729 730
729 731
730 731
732 733
732 734
732 735
733 734
733 735
733 741
734 735
736 737
736 738
736 739
737 738
737 739
738 739
740 741
740 742
740 743
740 744
740 901
741 742
741 743
741 744
741 833
742 743
742 744
743 744
745 746
745 747
745 748
745 749
745 750
745 756
745 761
745 774
745 851
745 895
746 747
746 748
746 749
746 751
746 756
746 757
746 808
746 809
747 748
747 749
748 749
750 751
750 756
751 756
751 757
752 753
752 754
752 755
752 761
752 762
752 775
752 778
752 787
752 788
753 754
753 755
753 761
753 762
753 763
753 764
753 784
753 785
753 787
754 755
756 757
756 758
756 759
757 758
757 759
758 759
760 761
760 762
760 778
760 784
760 785
760 787
760 788
761 762
761 763
761 787
761 788
761 792
761 793
761 832
762 763
762 764
762 778
762 781
762 788
762 809
763 764
763 765
763 766
763 774
763 775
764 765
764 766
764 774
764 775
765 766
767 768
767 769
767 770
767 771
767 772
767 773
768 769
768 770
768 771
768 772
768 773
769 770
769 771
769 772
769 773
770 771
770 772
770 773
771 772
771 773
772 773
774 775
774 776
774 777
774 778
775 776
775 777
775 778
775 788
776 777
778 779
778 808
778 809
780 781
780 782
780 783
781 782
781 783
782 783
784 785
784 786
785 786
787 788
787 789
787 790
787 791
787 895
788 789
788 790
788 791
788 799
788 809
788 826
789 790
789 791
790 791
791 883
792 793
792 794
792 795
792 796
792 902
793 794
793 795
793 902
794 795
796 797
796 798
796 799
796 803
796 804
796 839
797 798
797 799
797 809
797 847
798 799
799 808
800 801
800 802
801 802
803 804
803 805
803 806
803 807
804 805
804 806
804 807
804 808
805 806
805 807
806 807
808 809
808 810
808 906
809 810
811 812
811 813
811 814
811 815
811 816
811 839
812 813
812 814
813 814
815 816
815 817
815 818
815 819
816 817
816 818
816 819
816 873
817 818
817 819
818 819
820 821
820 822
820 832
821 822
823 824
823 832
823 842
824 825
824 826
825 826
825 827
825 828
825 829
825 900
826 827
826 828
826 829
826 833
827 828
827 829
828 829
830 831
830 832
830 833
831 832
831 833
832 833
832 834
832 839
832 840
832 842
833 835
834 835
834 836
834 837
834 838
834 839
834 840
834 846
834 863
835 836
835 837
835 838
835 839
835 840
836 837
836 838
837 838
839 840
839 841
840 841
842 843
842 844
842 845
842 846
842 895
843 844
843 845
843 846
843 895
843 896
843 900
844 845
844 846
846 847
846 848
846 849
846 850
846 851
846 852
846 895
846 896
846 900
847 848
847 849
847 850
847 852
847 864
847 895
847 896
847 900
848 849
848 850
849 850
851 852
851 853
851 854
851 855
851 856
852 853
852 854
852 855
852 856
853 854
853 855
853 856
854 855
854 856
855 856
857 858
857 859
857 860
857 861
857 862
857 863
857 864
858 859
858 860
858 861
858 862
858 863
859 860
859 861
859 862
860 861
860 862
861 862
863 864
863 865
863 866
863 867
863 868
863 869
864 865
864 866
864 867
864 869
864 917
865 866
865 867
866 867
868 869
868 870
868 871
869 870
869 871
870 871
872 873
872 874
872 875
872 876
873 874
873 875
873 876
874 875
874 876
875 876
877 878
877 879
877 880
877 881
877 882
877 883
878 879
878 880
878 881
878 882
878 883
879 880
879 881
879 882
880 881
880 882
881 882
881 884
881 889
883 884
883 885
883 886
883 887
883 927
884 885
884 886
884 887
884 889
885 886
885 887
886 887
888 889
888 890
888 905
888 931
889 890
889 905
889 932
891 892
891 893
891 894
892 893
892 894
892 918
893 894
895 896
895 897
895 898
895 899
895 900
896 897
896 898
896 899
896 900
897 898
897 899
897 900
898 899
898 900
899 900
901 902
901 903
901 904
902 903
902 904
903 904
905 906
905 907
905 908
905 909
906 907
906 908
906 909
907 908
907 909
908 909
910 911
910 912
910 913
910 914
910 915
911 912
911 913
911 914
911 915
912 913
912 914
912 915
913 914
913 915
914 915
916 917
916 918
916 919
916 920
917 918
917 919
917 920
918 919
918 920
919 920
921 922
921 923
921 924
921 925
922 923
922 924
922 925
923 924
923 925
924 925
926 927
926 928
926 929
926 930
926 931
926 932
926 933
926 934
927 928
927 929
927 930
927 931
927 932
927 933
927 934
928 929
928 930
928 931
928 932
928 933
928 934
929 930
929 931
929 932
929 933
929 934
930 931
930 932
930 933
930 934
931 932
931 933
931 934
932 933
932 934
933 934
935 936
937 938
937 939
937 940
937 941
937 942
937 943
937 944
938 939
938 940
938 941
938 942
938 943
938 944
939 940
939 941
939 942
939 943
939 944
940 941
940 942
940 943
940 944
941 942
941 943
941 944
942 943
942 944
943 944
945 946
945 947
945 948
945 949
946 947
946 948
946 949
947 948
947 949
948 949
950 951
950 952
950 953
950 954
950 955
950 956
951 952
951 953
951 954
951 955
951 956
952 953
952 954
952 955
952 956
953 954
953 955
953 956
954 955
954 956
955 956
