0 1
0 2
0 3
0 4
0 6
0 9
0 10
0 14
0 15
0 27
0 32
0 92
0 174
0 248
0 350
0 355
0 356
0 619
0 669
0 673
1 2
1 3
1 4
1 15
1 25
1 350
1 355
1 408
1 567
1 631
1 670
1 673
1 696
1 715
1 727
2 3
2 4
3 4
5 6
5 7
5 8
5 15
5 19
5 39
5 61
5 131
5 169
5 282
5 350
5 352
5 355
5 356
5 408
5 441
5 498
5 678
5 705
5 725
5 727
6 7
6 8
6 14
6 15
6 85
6 131
6 498
6 678
6 692
6 695
6 696
6 725
7 8
9 10
9 11
9 12
9 13
10 11
10 12
10 13
10 37
10 56
11 12
11 13
12 13
14 15
14 16
14 17
14 18
14 19
14 20
14 21
14 22
14 23
14 68
14 170
14 270
14 619
14 701
14 702
14 703
15 16
15 17
15 18
15 19
15 20
15 21
15 22
15 23
15 43
15 67
15 68
15 670
15 702
15 703
16 17
16 18
16 19
16 20
16 21
16 22
16 23
17 18
17 19
17 20
17 21
17 22
17 23
18 19
18 20
18 21
18 22
18 23
19 20
19 21
19 22
19 23
20 21
20 22
20 23
21 22
21 23
22 23
24 25
24 26
25 26
27 28
27 29
27 32
27 33
27 67
27 391
27 407
27 411
27 412
27 619
28 29
28 33
28 37
30 31
30 648
31 648
32 33
32 34
32 35
32 36
32 386
32 411
32 412
32 443
33 34
33 35
33 36
33 37
33 68
33 411
33 567
33 670
34 35
34 36
35 36
36 498
37 38
37 39
37 40
37 41
37 43
37 55
37 56
37 64
37 446
37 451
37 479
38 39
38 40
38 41
39 40
39 41
40 41
42 43
42 44
42 45
42 46
42 48
42 52
42 55
42 60
42 68
42 71
42 105
42 159
42 162
42 166
42 167
42 219
42 577
43 44
43 45
43 46
43 48
43 52
43 55
43 60
43 68
43 74
43 80
44 45
44 46
45 46
47 48
47 49
47 50
47 51
47 55
47 56
47 68
47 141
47 142
47 159
47 161
47 162
47 218
47 436
47 437
47 678
48 49
48 50
48 51
48 52
48 55
48 56
48 201
49 50
49 51
49 55
49 56
49 201
50 51
52 53
52 54
52 55
52 56
52 646
53 54
54 178
55 56
55 57
55 58
55 59
55 60
55 63
55 71
55 116
55 159
55 161
55 166
55 167
55 184
55 306
56 57
56 58
56 59
56 60
56 64
56 159
56 468
56 587
57 58
57 59
57 60
58 59
58 60
59 60
60 159
60 160
60 162
60 678
61 62
61 63
61 64
61 65
61 66
61 131
61 134
61 174
61 372
61 386
61 495
61 568
61 743
61 748
62 63
62 64
62 65
62 66
63 64
63 65
63 66
63 131
63 524
63 586
63 743
63 748
64 65
64 66
64 85
64 131
64 372
64 386
64 743
64 748
65 66
67 68
67 69
67 70
67 71
67 73
67 80
67 148
67 238
67 248
67 710
68 69
68 70
68 73
68 74
68 89
68 105
68 148
68 149
68 150
68 154
68 238
68 315
68 325
68 636
69 70
71 72
71 73
71 79
71 106
71 209
71 329
71 360
71 436
71 635
71 657
73 74
73 75
73 76
73 77
73 78
73 79
73 148
74 75
74 76
74 77
74 78
74 80
74 99
74 223
75 76
75 77
75 78
76 77
76 78
77 78
79 80
79 81
79 82
79 83
79 98
79 161
79 258
79 739
79 741
80 81
80 82
80 83
80 93
80 99
80 106
80 117
80 436
80 636
81 82
81 83
82 83
84 85
84 86
84 87
84 619
84 677
84 678
85 86
85 87
85 677
85 678
86 87
88 89
88 90
88 91
89 90
89 91
89 499
89 673
90 91
92 93
92 94
92 95
92 96
92 97
92 174
93 94
93 95
93 96
93 97
93 99
93 106
94 95
94 96
94 97
95 96
95 97
96 97
97 227
98 99
98 100
98 101
98 102
98 103
98 104
98 105
98 106
98 130
98 218
98 225
99 100
99 101
99 102
99 103
99 104
99 106
99 116
99 117
99 224
100 101
100 102
100 103
100 104
101 102
101 103
101 104
102 103
102 104
103 104
105 106
105 107
105 108
105 148
105 218
105 528
105 741
105 742
106 107
106 108
106 117
106 677
107 108
109 110
109 111
109 112
109 113
109 114
109 115
109 142
109 456
109 662
110 111
110 112
110 113
110 114
110 115
110 116
111 112
111 113
111 114
111 115
112 113
112 114
112 115
113 114
113 115
114 115
114 142
114 146
116 117
116 118
116 119
116 120
116 121
116 137
116 306
117 118
117 119
117 120
117 122
117 124
118 119
118 120
119 120
121 122
121 123
121 124
121 125
121 137
121 200
121 386
122 123
122 124
122 125
122 137
122 677
123 124
123 125
124 125
126 127
126 128
126 129
126 616
126 619
127 128
127 129
127 575
128 129
130 131
130 132
130 133
130 134
130 498
130 499
130 619
130 630
130 647
130 652
130 669
130 670
130 673
130 701
130 702
130 703
131 132
131 133
131 134
131 499
131 502
131 628
131 648
131 653
131 670
131 703
132 133
132 134
133 134
135 136
135 137
135 148
135 468
135 469
136 179
136 184
136 185
137 138
137 139
137 140
137 178
137 179
137 184
137 185
137 196
137 197
137 200
137 218
137 307
137 468
137 469
138 139
138 140
139 140
139 160
139 178
140 366
141 142
141 143
141 144
141 145
141 146
141 159
141 161
141 166
141 227
141 228
141 461
142 143
142 144
142 146
142 148
142 150
142 160
142 162
142 175
142 245
143 144
144 145
144 146
144 148
144 149
144 342
144 677
144 678
145 146
145 147
145 225
145 551
145 601
146 147
146 174
146 175
146 601
148 149
148 150
148 151
148 152
148 265
148 266
149 150
149 151
149 152
149 266
150 151
150 152
151 152
153 154
153 155
153 156
153 157
153 158
153 159
154 155
154 156
154 157
154 158
155 156
155 157
155 158
156 157
156 158
157 158
159 160
159 161
159 162
159 163
159 164
159 165
159 166
159 167
159 168
159 188
159 189
159 457
159 514
159 586
159 587
159 601
159 603
159 607
159 608
159 615
159 619
159 677
160 161
160 162
160 163
160 164
160 165
160 166
160 167
160 168
160 369
160 370
160 608
161 162
161 163
161 164
161 165
161 166
161 167
161 168
161 451
161 457
161 559
161 677
162 163
162 164
162 165
162 166
162 167
162 168
162 369
162 608
163 164
163 165
163 166
163 167
163 168
164 165
164 166
164 167
164 168
165 166
165 167
165 168
166 167
166 168
166 174
166 306
167 168
167 306
169 170
169 171
169 172
169 173
169 174
169 244
169 386
169 408
169 414
169 415
169 416
169 421
169 675
169 724
170 171
170 172
170 173
170 265
170 266
170 267
170 279
170 280
170 281
170 373
170 379
170 387
170 392
170 409
170 414
170 415
170 421
170 428
170 468
170 469
170 593
170 644
171 172
171 173
172 173
173 414
174 175
174 176
174 177
174 188
174 282
174 293
174 344
174 369
174 474
174 524
174 561
174 586
174 601
174 602
174 677
174 724
174 731
175 176
175 177
175 280
175 342
175 502
175 601
175 602
175 630
176 177
177 647
177 652
178 179
178 180
178 181
178 182
178 183
178 184
178 185
178 197
178 201
179 180
179 181
179 182
179 183
179 185
179 189
179 201
180 181
180 182
180 183
181 182
181 183
182 183
184 185
184 186
184 187
184 188
184 189
184 196
184 197
184 540
185 186
185 187
186 187
188 189
188 190
188 191
188 192
188 193
188 194
188 195
188 196
188 218
188 225
188 235
188 244
188 309
188 369
188 661
189 190
189 191
189 192
189 193
189 194
189 195
189 196
189 218
189 225
189 306
189 310
189 398
189 661
190 191
190 192
190 193
190 194
190 195
191 192
191 193
191 194
191 195
191 493
192 193
192 194
192 195
193 194
193 195
193 225
193 306
193 310
193 735
194 195
194 225
194 306
194 307
194 310
195 226
195 244
195 306
195 310
196 197
196 198
196 199
196 200
196 201
196 226
196 500
196 514
196 579
196 661
197 198
197 199
197 200
197 201
197 226
197 231
197 232
197 579
198 199
200 201
200 202
200 203
200 204
200 205
200 209
200 218
200 219
200 274
200 366
200 483
200 539
200 540
200 579
201 202
201 205
201 208
201 209
201 218
201 219
201 225
201 226
201 228
201 275
201 483
201 484
201 540
201 579
203 204
203 205
203 206
203 207
203 208
203 213
203 225
203 239
203 592
203 677
204 205
204 206
204 207
204 208
204 219
204 226
204 239
204 592
205 206
205 207
205 208
205 209
205 225
205 226
205 239
205 475
205 592
205 601
206 207
208 209
208 210
208 211
208 212
209 210
209 211
209 212
209 263
210 211
210 212
211 212
213 214
213 215
213 216
213 217
214 215
214 216
214 217
214 677
215 216
215 217
216 217
218 219
218 220
218 221
218 222
218 223
218 224
218 225
218 227
218 346
218 456
218 579
218 661
219 220
219 221
219 222
219 223
219 224
219 226
219 228
219 239
219 306
219 577
220 221
220 222
220 223
220 224
221 222
221 223
221 224
222 223
222 224
223 224
223 306
223 310
223 580
225 226
225 227
225 235
225 245
225 247
225 258
225 677
226 227
226 245
226 677
226 678
227 228
227 229
227 244
227 330
227 378
227 528
227 619
228 236
228 330
229 230
229 231
229 232
229 233
229 234
229 238
229 239
229 240
229 241
229 244
229 245
229 247
230 231
230 232
230 233
230 234
230 245
230 247
231 232
231 233
231 234
231 366
232 233
232 234
233 234
235 236
235 237
235 306
235 536
236 237
236 244
236 245
236 335
236 456
238 239
238 240
238 241
238 242
238 243
238 244
238 245
238 248
238 474
238 601
238 602
238 731
239 240
239 241
239 242
239 243
239 244
239 245
239 255
239 258
239 259
239 265
239 270
239 731
239 735
240 241
240 242
240 243
240 244
240 245
240 248
240 255
240 652
240 731
240 735
241 242
241 243
241 244
241 248
241 475
241 602
241 731
241 734
241 735
242 243
244 245
244 246
244 247
244 255
244 265
244 269
244 279
244 288
244 389
244 398
244 404
244 414
244 498
244 524
244 571
244 586
244 615
244 731
244 743
245 246
245 247
245 248
245 255
245 386
245 498
245 499
245 502
245 615
245 731
245 735
246 247
246 411
247 248
247 255
247 279
247 280
247 327
247 524
247 572
247 586
247 620
247 662
248 249
248 250
248 251
248 252
248 253
248 254
248 341
248 640
248 701
249 250
249 251
249 252
249 253
249 254
250 251
250 252
250 253
250 254
251 252
251 253
251 254
252 253
252 254
253 254
254 499
254 560
255 256
255 257
256 257
258 259
258 260
258 261
258 262
258 372
258 443
258 464
258 586
258 686
258 727
259 260
259 261
259 735
260 261
262 263
262 264
262 396
262 398
262 401
262 404
262 489
263 264
263 311
263 396
263 399
263 406
263 407
265 266
265 267
265 268
265 269
265 272
265 273
265 274
266 267
266 268
266 273
266 275
266 499
267 268
268 270
269 270
269 271
269 272
269 279
270 271
270 273
270 280
270 387
270 464
270 562
270 733
272 273
272 274
272 275
272 276
272 277
272 278
272 411
273 274
273 275
273 276
273 277
273 278
273 411
273 412
273 528
274 275
274 276
274 277
274 278
274 279
275 276
275 277
275 278
275 280
276 277
276 278
277 278
279 280
281 282
281 283
281 284
281 391
281 392
281 395
281 398
281 465
281 499
282 283
282 284
282 391
282 392
282 398
282 403
282 404
282 468
282 502
283 284
283 502
285 286
285 287
285 288
286 287
286 288
287 288
289 290
289 291
289 292
289 366
289 370
290 291
290 292
290 367
290 370
291 292
293 294
293 295
293 296
293 297
293 341
293 345
293 414
293 415
293 669
293 673
294 295
294 296
294 297
294 342
294 465
294 669
294 670
294 673
295 296
295 297
296 297
297 416
298 299
298 300
298 301
298 302
298 307
298 314
298 369
298 468
298 701
298 702
298 703
299 300
299 301
299 302
299 702
299 703
300 301
300 302
301 302
301 306
303 304
303 305
303 314
303 366
303 370
304 305
306 307
306 308
306 309
306 310
306 456
306 528
306 604
306 608
306 661
307 308
307 309
307 319
307 321
307 604
308 309
310 311
310 312
310 313
310 396
310 399
310 407
310 456
310 661
310 662
311 312
311 313
311 315
312 313
314 315
314 316
314 317
314 344
314 366
314 367
314 369
314 370
314 382
314 386
314 395
314 398
314 414
314 415
314 416
314 422
314 439
314 701
315 316
315 317
315 319
315 370
315 383
315 398
315 411
315 465
315 620
315 630
315 645
315 652
315 721
316 317
318 319
318 320
318 321
318 322
318 323
318 386
319 320
319 321
319 322
319 323
319 387
320 321
320 322
320 323
321 322
321 323
322 323
324 325
326 327
326 328
326 366
326 369
327 328
327 370
327 678
329 330
329 331
329 332
329 333
329 334
329 382
330 331
330 332
330 333
330 334
330 356
330 567
331 332
331 333
331 334
332 333
332 334
333 334
335 386
336 337
336 338
336 339
336 340
336 341
336 344
336 355
337 338
337 339
337 340
337 342
337 345
337 346
337 347
337 356
337 367
337 370
337 383
338 339
338 340
338 384
339 340
341 342
341 343
341 344
341 345
341 347
341 355
341 367
341 559
341 601
342 343
342 345
342 347
342 356
342 366
342 367
342 370
342 379
342 602
344 345
344 346
344 347
344 348
344 349
344 355
344 379
345 346
345 347
345 348
345 349
345 350
345 351
345 356
345 379
345 383
345 601
345 715
346 347
346 348
346 349
346 395
346 401
346 715
347 348
347 349
347 351
347 367
347 379
347 383
347 715
348 349
350 351
350 352
350 353
350 354
350 355
350 701
350 702
350 703
351 352
351 353
351 354
351 355
351 356
351 370
352 353
352 354
352 407
352 561
353 354
355 356
355 357
355 358
355 359
355 369
355 416
355 474
355 615
355 702
356 357
356 358
356 359
356 367
356 370
356 409
356 702
357 358
357 359
358 359
358 367
360 361
360 362
360 363
360 364
360 365
361 362
361 363
361 364
361 365
361 529
362 363
362 364
362 365
363 364
363 365
364 365
366 367
366 368
366 369
366 370
366 371
366 411
366 415
367 368
367 369
367 370
367 371
367 411
367 422
368 369
368 370
368 371
369 370
369 371
369 398
369 559
369 561
370 371
370 411
370 415
370 721
371 395
372 373
372 374
372 375
372 376
372 377
372 382
372 383
372 384
372 386
372 387
372 586
373 374
373 375
373 376
373 377
373 382
373 383
373 387
374 375
374 376
374 377
375 376
375 377
376 377
378 379
378 380
378 381
378 382
379 380
379 381
380 381
382 383
382 384
382 385
382 386
382 387
382 427
382 446
382 489
382 645
382 648
382 743
383 384
383 386
383 387
384 386
384 387
384 388
384 586
384 676
384 743
384 748
385 387
386 387
386 388
386 389
386 390
386 398
386 414
386 415
386 421
386 616
386 670
386 697
386 743
387 388
387 389
387 390
387 519
387 520
387 616
387 645
388 389
388 390
389 390
390 469
390 567
391 392
391 393
391 394
391 395
391 396
391 398
391 399
391 403
391 404
391 406
391 407
391 408
391 411
391 615
391 727
391 755
392 393
392 394
392 398
392 403
392 406
392 407
392 408
392 411
392 727
393 394
395 396
395 397
395 398
395 399
395 400
395 401
395 402
395 403
395 556
396 397
396 398
396 399
396 400
396 401
396 402
396 403
396 502
396 703
397 398
397 399
397 400
397 401
397 402
398 399
398 400
398 401
398 402
398 403
398 404
398 406
398 407
398 414
398 499
398 502
398 640
398 677
398 697
398 698
399 400
399 401
399 402
399 403
399 465
399 498
399 697
400 401
400 402
401 402
403 404
403 405
403 406
403 407
403 408
403 727
404 405
404 406
404 407
404 408
405 406
405 407
406 407
406 408
406 727
406 728
408 409
408 410
408 411
408 412
409 410
411 412
411 413
411 648
411 727
412 413
412 503
412 648
412 727
414 415
414 416
414 417
414 418
414 419
414 420
414 421
414 465
414 630
415 416
415 417
415 418
415 419
415 420
415 421
416 417
416 418
416 419
416 420
416 421
417 418
417 419
417 420
418 419
418 420
419 420
421 422
421 423
421 424
421 425
421 426
422 423
422 424
422 425
422 426
423 424
423 425
423 426
424 425
424 426
425 426
427 428
427 429
427 430
427 431
427 432
427 586
427 587
427 588
428 429
428 430
428 431
428 432
429 430
429 431
429 432
430 431
430 432
431 432
433 434
433 435
433 436
433 437
433 587
433 588
434 435
434 436
434 437
436 437
436 438
436 444
436 451
436 452
436 468
437 438
437 439
439 440
439 441
439 442
439 701
440 441
440 442
441 442
443 444
443 445
444 445
446 447
446 448
446 449
446 450
446 456
447 448
447 449
447 450
448 449
448 450
449 450
451 452
451 453
451 454
451 455
451 456
452 453
452 454
452 455
453 454
453 455
454 455
456 457
456 458
456 459
456 460
456 483
457 458
457 459
457 460
457 586
457 603
458 459
458 460
459 460
461 462
461 463
462 463
465 469
465 499
466 467
466 568
468 469
468 470
468 471
468 472
468 473
468 579
468 677
468 759
469 470
469 471
469 472
469 473
469 579
469 580
469 759
470 471
470 472
470 473
471 472
471 473
472 473
474 475
474 476
474 477
474 478
474 489
474 490
474 493
474 494
474 496
474 497
474 498
474 586
474 601
474 720
474 728
475 476
475 477
475 478
475 494
475 496
475 497
475 499
475 586
475 587
475 588
475 601
475 721
475 728
476 477
476 478
477 478
479 480
479 481
479 482
480 481
480 482
481 482
483 484
483 485
483 486
483 487
483 488
484 485
484 486
484 487
484 488
485 486
485 487
485 488
486 487
486 488
487 488
489 490
489 491
489 492
489 493
489 494
489 497
489 498
489 499
489 514
489 515
489 517
489 518
489 524
489 627
489 630
490 491
490 492
490 494
490 496
490 497
490 498
490 499
490 502
490 514
490 515
490 517
490 518
490 524
491 492
493 494
493 495
493 496
493 497
493 498
493 697
493 705
494 495
494 496
494 497
494 498
494 499
494 518
494 697
494 705
495 496
495 497
496 497
496 498
496 499
497 498
497 499
498 499
498 500
498 501
498 502
498 514
498 515
498 517
498 518
498 519
498 524
498 525
498 677
499 500
499 501
499 502
499 505
499 506
499 514
499 515
499 520
499 634
499 666
499 701
499 705
500 501
500 502
500 630
501 502
502 506
502 514
502 515
502 516
502 517
502 518
502 519
502 520
502 524
502 527
502 701
502 703
503 504
503 505
503 506
503 507
503 508
503 559
503 561
503 641
503 653
504 505
504 506
504 507
504 508
504 559
504 560
504 677
505 506
505 507
505 508
505 640
506 507
506 508
507 508
509 510
509 511
509 512
509 513
509 514
509 515
509 517
509 518
510 511
510 512
510 513
510 514
510 518
511 512
511 513
512 513
514 515
514 516
514 517
514 518
514 519
514 524
514 525
514 559
515 516
515 517
515 518
516 517
516 518
517 518
518 696
519 520
519 521
519 522
519 523
519 586
519 697
519 701
519 702
519 703
520 521
520 522
520 523
520 604
520 702
520 703
521 522
521 523
522 523
524 525
524 526
524 527
524 568
524 571
524 574
524 586
524 587
525 526
525 527
525 572
525 574
526 527
528 529
528 530
528 531
528 532
528 533
528 534
528 535
528 568
528 573
528 577
528 612
528 691
529 530
529 531
529 532
529 533
529 534
529 535
529 565
529 567
529 568
529 572
529 573
529 574
529 576
529 692
529 695
530 531
530 532
530 533
530 534
530 535
531 532
531 533
531 534
531 535
532 533
532 534
532 535
533 534
533 535
534 535
536 537
536 538
536 567
537 538
539 540
539 541
539 542
540 541
540 542
540 576
541 542
543 544
543 545
543 546
543 547
543 568
544 545
544 546
544 547
544 568
545 546
545 547
545 568
546 547
546 568
548 559
548 560
548 562
548 567
548 677
549 550
549 551
549 552
549 553
549 554
549 555
549 556
549 557
549 558
549 567
549 568
550 551
550 552
550 553
550 554
550 555
550 556
550 557
550 558
551 552
551 553
551 554
551 555
551 556
551 557
551 558
552 553
552 554
552 555
552 556
552 557
552 558
553 554
553 555
553 556
553 557
553 558
554 555
554 556
554 557
554 558
555 556
555 557
555 558
556 557
556 558
556 561
557 558
557 560
557 562
559 560
559 561
559 562
559 563
559 640
559 645
559 646
559 647
559 652
559 653
559 701
559 702
559 743
559 751
560 561
560 562
560 563
560 641
560 646
560 648
560 652
560 653
560 695
560 701
560 751
561 562
561 563
561 645
561 648
561 652
561 673
561 675
562 563
562 568
562 630
562 631
562 646
562 652
562 653
562 654
562 673
564 565
564 566
564 567
564 568
564 569
564 570
565 566
565 567
565 568
565 569
565 570
565 571
565 573
565 576
565 616
566 567
566 568
566 569
566 570
567 568
567 569
567 570
568 569
568 570
568 586
568 645
568 646
569 570
571 572
571 573
571 574
571 575
571 576
571 586
571 628
572 573
572 574
572 575
572 576
572 577
573 574
573 575
573 576
574 575
574 576
574 586
574 628
575 576
575 586
575 701
576 630
576 631
577 578
577 612
577 613
579 580
579 581
579 582
579 583
579 584
579 585
580 581
580 582
580 583
580 584
580 585
580 677
581 582
581 583
581 584
581 585
582 583
582 584
582 585
583 584
583 585
584 585
586 587
586 588
586 589
586 590
586 591
586 607
586 608
586 612
586 670
586 673
586 695
586 701
586 702
586 703
586 740
586 743
587 588
587 589
587 590
587 591
587 602
587 670
587 673
587 739
587 740
587 743
588 589
588 590
588 591
588 602
588 604
588 607
588 741
589 590
589 591
590 591
592 593
592 594
592 595
592 596
593 594
593 595
593 596
594 595
594 596
595 596
597 598
597 599
597 600
597 601
597 602
598 599
598 600
598 601
598 602
598 673
599 600
599 601
599 602
600 601
600 602
601 602
603 604
603 605
603 606
603 607
603 608
603 609
604 605
604 606
604 607
604 608
604 609
604 611
604 662
604 739
605 606
605 607
605 608
605 609
606 607
606 608
606 609
607 608
607 609
608 609
610 611
610 612
610 613
610 614
611 612
611 613
611 614
612 613
612 614
613 614
615 616
615 617
615 618
615 619
615 627
615 628
615 630
615 631
615 652
615 727
616 617
616 618
616 627
616 630
616 631
616 647
617 618
619 620
619 621
619 622
619 623
619 624
619 625
619 626
619 630
619 665
619 669
619 675
619 677
619 678
619 685
620 621
620 622
620 623
620 624
620 625
620 626
620 678
620 685
621 622
621 623
621 624
621 625
621 626
622 623
622 624
622 625
622 626
623 624
623 625
623 626
624 625
624 626
625 626
627 628
627 629
627 630
627 631
627 636
627 727
628 629
628 630
628 631
628 636
628 644
628 646
628 652
630 631
630 632
630 633
630 634
630 636
630 662
630 669
630 701
630 727
631 632
631 633
631 634
631 636
631 646
631 669
632 633
632 634
633 634
635 636
635 637
635 638
635 639
636 637
636 638
636 639
636 677
636 678
637 638
637 639
638 639
640 641
640 642
640 643
640 644
640 647
640 648
640 652
640 653
640 665
640 669
641 642
641 643
641 644
641 647
641 648
641 652
641 653
641 670
642 643
642 644
643 644
645 646
645 647
646 677
647 648
647 649
647 650
647 651
647 652
647 653
647 654
647 655
647 669
647 677
647 697
648 649
648 650
648 651
648 652
648 653
648 654
648 655
648 657
648 666
648 669
648 670
648 677
648 698
649 650
649 651
649 652
649 653
649 654
649 655
650 651
650 652
650 653
650 654
650 655
651 652
651 653
651 654
651 655
651 661
652 653
652 654
652 655
652 656
652 677
653 654
653 655
653 657
653 666
653 677
653 678
653 698
654 655
656 657
656 658
656 659
656 660
657 658
657 659
657 660
658 659
658 660
659 660
661 662
661 663
661 664
661 666
661 669
661 673
662 663
662 664
662 666
662 669
662 670
663 664
665 666
665 667
665 668
665 669
665 670
665 673
666 667
666 668
666 669
666 670
666 673
667 668
669 670
669 671
669 672
669 673
670 671
670 672
670 673
671 672
671 673
672 673
674 675
674 676
674 677
674 678
675 676
675 677
677 678
677 679
677 680
677 681
677 682
677 683
677 684
677 685
677 695
677 734
677 741
678 679
678 680
678 681
678 682
678 683
678 684
678 685
678 695
678 724
678 725
678 741
679 680
679 681
679 682
679 683
679 684
679 685
680 681
680 682
680 683
680 684
680 685
681 682
681 683
681 684
681 685
682 683
682 684
682 685
683 684
683 685
684 685
685 691
685 692
686 687
686 688
686 689
686 690
686 691
686 692
686 695
687 688
687 689
687 690
687 691
688 689
688 690
689 690
691 692
691 693
691 694
691 695
691 696
691 714
691 715
692 693
692 694
692 695
692 696
693 694
693 695
693 696
694 695
694 696
695 696
697 698
697 699
697 700
697 701
698 699
698 700
698 702
698 703
699 700
701 702
701 703
701 704
701 705
702 703
702 704
702 705
702 706
703 704
703 705
703 706
705 706
705 707
705 708
705 709
706 707
706 708
706 709
707 708
707 709
708 709
710 711
710 712
710 713
711 712
711 713
712 713
714 715
714 716
714 717
714 718
715 716
715 717
715 718
716 717
716 718
717 718
719 720
719 721
719 722
719 723
720 721
720 722
720 723
721 722
721 723
722 723
724 725
724 726
725 726
727 728
727 729
727 730
728 729
728 730
729 730
731 732
734 735
734 736
734 737
734 738
735 736
735 737
735 738
736 737
736 738
737 738
739 740
741 742
743 744
743 745
743 746
743 747
744 745
744 746
744 747
745 746
745 747
746 747
748 749
748 750
749 750
751 752
751 753
751 754
752 753
752 754
753 754
755 756
755 757
755 758
755 759
756 757
756 758
756 759
757 758
757 759
758 759
