0 1
0 2
0 3
0 4
0 5
0 6
0 7
0 8
0 9
0 14
0 10
0 17
0 16
1 2
1 3
1 4
1 5
1 6
1 7
1 8
1 9
1 13
1 11
1 12
1 10
2 3
2 4
2 5
2 6
2 7
2 8
2 9
2 17
2 11
2 14
2 19
3 4
3 5
3 6
3 7
3 8
3 9
3 18
4 5
4 6
4 7
4 8
4 9
4 15
4 13
4 14
4 19
4 12
4 10
5 6
5 7
5 8
5 9
5 14
5 17
5 13
6 7
6 8
6 9
6 10
6 16
6 12
6 13
7 8
7 9
7 12
7 19
7 18
7 15
7 17
7 14
8 9
8 19
8 10
8 12
9 19
9 16
9 14
10 11
10 12
10 13
10 14
10 15
10 16
10 17
10 18
10 19
10 23
10 20
10 28
10 22
10 27
11 12
11 13
11 14
11 15
11 16
11 17
11 18
11 19
11 25
12 13
12 14
12 15
12 16
12 17
12 18
12 19
12 26
12 21
12 20
12 22
13 14
13 15
13 16
13 17
13 18
13 19
13 22
13 23
13 26
14 15
14 16
14 17
14 18
14 19
14 26
14 29
15 16
15 17
15 18
15 19
15 23
15 28
15 24
15 29
15 21
16 17
16 18
16 19
16 20
17 18
17 19
17 26
17 27
17 29
17 23
17 21
18 19
18 22
18 25
18 24
18 27
19 21
19 25
19 23
19 29
19 28
20 21
20 22
20 23
20 24
20 25
20 26
20 27
20 28
20 29
20 36
20 38
21 22
21 23
21 24
21 25
21 26
21 27
21 28
21 29
21 35
21 36
21 38
21 37
21 31
22 23
22 24
22 25
22 26
22 27
22 28
22 29
22 32
22 34
22 30
23 24
23 25
23 26
23 27
23 28
23 29
23 37
24 25
24 26
24 27
24 28
24 29
24 37
24 30
24 36
24 38
24 35
25 26
25 27
25 28
25 29
25 36
25 30
26 27
26 28
26 29
26 38
26 39
26 37
26 30
27 28
27 29
27 30
28 29
28 35
28 37
28 31
28 38
28 32
29 36
29 34
30 31
30 32
30 33
30 34
30 35
30 36
30 37
30 38
30 39
30 47
31 32
31 33
31 34
31 35
31 36
31 37
31 38
31 39
31 41
31 46
31 47
32 33
32 34
32 35
32 36
32 37
32 38
32 39
32 42
32 44
32 45
32 40
32 49
33 34
33 35
33 36
33 37
33 38
33 39
33 40
33 48
33 43
33 42
34 35
34 36
34 37
34 38
34 39
34 40
34 45
34 47
34 49
35 36
35 37
35 38
35 39
35 47
35 45
35 44
35 41
35 40
35 42
35 46
36 37
36 38
36 39
36 40
36 44
36 49
36 43
37 38
37 39
37 47
37 41
37 45
37 42
37 44
38 39
39 41
39 42
40 41
40 42
40 43
40 44
40 45
40 46
40 47
40 48
40 49
40 59
40 52
40 57
41 42
41 43
41 44
41 45
41 46
41 47
41 48
41 49
41 59
41 55
41 53
42 43
42 44
42 45
42 46
42 47
42 48
42 49
42 55
42 52
42 50
42 54
42 56
42 57
43 44
43 45
43 46
43 47
43 48
43 49
43 51
43 52
43 59
43 58
43 54
44 45
44 46
44 47
44 48
44 49
44 56
44 58
44 52
44 50
45 46
45 47
45 48
45 49
45 52
45 57
45 59
46 47
46 48
46 49
46 55
47 48
47 49
47 51
47 52
48 49
48 51
48 50
48 58
48 55
49 58
49 51
49 54
50 51
50 52
50 53
50 54
50 55
50 56
50 57
50 58
50 59
50 63
51 52
51 53
51 54
51 55
51 56
51 57
51 58
51 59
51 69
51 68
51 64
52 53
52 54
52 55
52 56
52 57
52 58
52 59
52 68
52 64
52 63
53 54
53 55
53 56
53 57
53 58
53 59
53 66
53 65
53 61
53 69
53 63
54 55
54 56
54 57
54 58
54 59
54 62
54 69
54 65
55 56
55 57
55 58
55 59
55 66
55 62
56 57
56 58
56 59
56 67
56 62
56 69
56 61
57 58
57 59
57 67
57 63
57 68
58 59
58 64
58 67
58 68
58 63
58 65
59 61
59 66
60 61
60 62
60 63
60 64
60 65
60 66
60 67
60 68
60 69
60 78
60 77
61 62
61 63
61 64
61 65
61 66
61 67
61 68
61 69
61 79
61 75
61 77
62 63
62 64
62 65
62 66
62 67
62 68
62 69
62 73
62 76
62 77
62 72
63 64
63 65
63 66
63 67
63 68
63 69
63 70
63 75
63 77
63 73
63 78
64 65
64 66
64 67
64 68
64 69
64 70
64 72
64 79
65 66
65 67
65 68
65 69
65 76
65 79
65 74
66 67
66 68
66 69
66 73
66 76
66 79
66 74
67 68
67 69
67 75
67 72
67 79
68 69
68 75
68 77
68 70
68 72
69 70
69 75
70 71
70 72
70 73
70 74
70 75
70 76
70 77
70 78
70 79
70 89
70 88
70 86
71 72
71 73
71 74
71 75
71 76
71 77
71 78
71 79
71 85
71 82
71 86
71 87
71 88
72 73
72 74
72 75
72 76
72 77
72 78
72 79
72 81
72 86
73 74
73 75
73 76
73 77
73 78
73 79
73 87
73 84
73 81
73 85
74 75
74 76
74 77
74 78
74 79
74 88
74 82
74 80
74 87
74 85
75 76
75 77
75 78
75 79
75 81
76 77
76 78
76 79
76 81
76 80
77 78
77 79
77 86
77 88
77 85
78 79
78 83
78 81
78 89
78 86
79 87
79 83
79 85
80 81
80 82
80 83
80 84
80 85
80 86
80 87
80 88
80 89
80 92
80 90
80 97
81 82
81 83
81 84
81 85
81 86
81 87
81 88
81 89
81 98
81 97
81 93
81 94
82 83
82 84
82 85
82 86
82 87
82 88
82 89
82 91
82 94
82 96
82 98
82 95
82 90
82 92
83 84
83 85
83 86
83 87
83 88
83 89
83 93
83 91
83 98
84 85
84 86
84 87
84 88
84 89
84 90
84 91
85 86
85 87
85 88
85 89
85 90
85 91
85 97
85 94
86 87
86 88
86 89
86 95
86 93
86 91
86 90
86 92
87 88
87 89
87 99
87 91
87 92
88 89
88 99
88 94
89 97
89 91
90 91
90 92
90 93
90 94
90 95
90 96
90 97
90 98
90 99
90 102
90 108
90 103
91 92
91 93
91 94
91 95
91 96
91 97
91 98
91 99
91 100
91 102
91 106
91 104
91 108
92 93
92 94
92 95
92 96
92 97
92 98
92 99
93 94
93 95
93 96
93 97
93 98
93 99
93 107
93 106
93 102
93 100
94 95
94 96
94 97
94 98
94 99
94 105
94 102
94 100
94 106
94 103
95 96
95 97
95 98
95 99
95 104
95 101
95 107
95 105
95 109
95 106
96 97
96 98
96 99
96 109
96 100
97 98
97 99
97 101
97 107
97 103
98 99
98 109
98 100
98 107
98 102
98 108
99 101
99 104
99 106
99 107
100 101
100 102
100 103
100 104
100 105
100 106
100 107
100 108
100 109
100 112
100 116
101 102
101 103
101 104
101 105
101 106
101 107
101 108
101 109
101 112
101 113
101 110
102 103
102 104
102 105
102 106
102 107
102 108
102 109
102 112
102 113
102 116
102 118
102 117
103 104
103 105
103 106
103 107
103 108
103 109
103 112
103 110
104 105
104 106
104 107
104 108
104 109
104 111
104 115
104 112
105 106
105 107
105 108
105 109
105 119
105 116
105 110
105 111
106 107
106 108
106 109
106 114
106 111
107 108
107 109
107 112
107 110
107 113
108 109
108 116
108 112
108 115
109 113
109 114
109 111
109 117
109 118
109 110
110 111
110 112
110 113
110 114
110 115
110 116
110 117
110 118
110 119
110 121
110 122
110 124
110 126
111 112
111 113
111 114
111 115
111 116
111 117
111 118
111 119
111 127
111 128
111 120
111 123
111 122
112 113
112 114
112 115
112 116
112 117
112 118
112 119
112 124
112 122
113 114
113 115
113 116
113 117
113 118
113 119
113 129
113 125
113 120
113 122
113 126
113 127
114 115
114 116
114 117
114 118
114 119
114 125
114 124
114 126
115 116
115 117
115 118
115 119
115 124
115 126
115 120
115 123
115 129
116 117
116 118
116 119
116 127
116 123
117 118
117 119
117 124
117 127
118 119
118 127
118 124
119 129
119 126
119 127
120 121
120 122
120 123
120 124
120 125
120 126
120 127
120 128
120 129
120 139
120 135
120 138
120 133
121 122
121 123
121 124
121 125
121 126
121 127
121 128
121 129
121 131
121 134
121 136
121 139
122 123
122 124
122 125
122 126
122 127
122 128
122 129
122 139
122 132
122 134
123 124
123 125
123 126
123 127
123 128
123 129
123 139
123 130
123 137
123 131
123 132
124 125
124 126
124 127
124 128
124 129
124 139
124 135
124 134
124 133
124 136
124 130
125 126
125 127
125 128
125 129
125 135
125 137
125 136
126 127
126 128
126 129
126 139
126 135
126 131
127 128
127 129
127 135
127 132
127 137
127 136
128 129
128 138
128 131
128 134
129 130
129 133
129 137
129 132
130 131
130 132
130 133
130 134
130 135
130 136
130 137
130 138
130 139
130 145
130 143
130 140
131 132
131 133
131 134
131 135
131 136
131 137
131 138
131 139
131 142
131 149
131 145
131 147
131 144
132 133
132 134
132 135
132 136
132 137
132 138
132 139
132 140
132 146
132 148
133 134
133 135
133 136
133 137
133 138
133 139
133 147
133 141
133 144
134 135
134 136
134 137
134 138
134 139
134 140
134 149
134 141
134 147
135 136
135 137
135 138
135 139
135 147
135 146
136 137
136 138
136 139
136 140
136 145
136 143
136 149
136 144
136 147
137 138
137 139
137 143
137 144
137 148
137 141
137 145
138 139
138 144
138 145
138 148
138 149
139 141
139 149
140 141
140 142
140 143
140 144
140 145
140 146
140 147
140 148
140 149
140 157
140 156
140 153
140 150
140 158
140 152
141 142
141 143
141 144
141 145
141 146
141 147
141 148
141 149
141 155
141 154
142 143
142 144
142 145
142 146
142 147
142 148
142 149
142 152
142 150
142 158
142 157
143 144
143 145
143 146
143 147
143 148
143 149
143 151
143 155
144 145
144 146
144 147
144 148
144 149
144 155
144 152
144 157
144 151
144 154
145 146
145 147
145 148
145 149
145 150
145 159
145 151
145 157
145 155
146 147
146 148
146 149
146 154
146 159
146 155
147 148
147 149
147 156
147 158
147 155
147 157
148 149
148 152
148 157
148 159
148 158
149 152
150 151
150 152
150 153
150 154
150 155
150 156
150 157
150 158
150 159
150 161
151 152
151 153
151 154
151 155
151 156
151 157
151 158
151 159
151 163
151 160
151 162
151 168
152 153
152 154
152 155
152 156
152 157
152 158
152 159
152 165
152 162
152 160
152 164
153 154
153 155
153 156
153 157
153 158
153 159
153 161
153 169
153 166
153 164
154 155
154 156
154 157
154 158
154 159
154 167
154 163
154 164
154 162
154 169
154 165
155 156
155 157
155 158
155 159
155 165
155 166
155 160
155 169
156 157
156 158
156 159
156 162
156 166
156 167
156 160
157 158
157 159
157 167
157 161
157 168
158 159
158 161
159 163
159 160
159 168
160 161
160 162
160 163
160 164
160 165
160 166
160 167
160 168
160 169
160 172
160 174
161 162
161 163
161 164
161 165
161 166
161 167
161 168
161 169
161 176
162 163
162 164
162 165
162 166
162 167
162 168
162 169
162 170
162 178
163 164
163 165
163 166
163 167
163 168
163 169
163 170
163 171
163 175
163 178
164 165
164 166
164 167
164 168
164 169
164 175
164 171
165 166
165 167
165 168
165 169
165 179
165 178
165 173
165 177
165 174
165 171
166 167
166 168
166 169
166 179
166 172
166 170
166 171
166 174
167 168
167 169
167 172
167 179
167 173
167 177
168 169
168 179
168 173
168 174
168 175
168 172
169 177
169 170
169 178
169 171
170 171
170 172
170 173
170 174
170 175
170 176
170 177
170 178
170 179
170 182
171 172
171 173
171 174
171 175
171 176
171 177
171 178
171 179
171 186
171 184
171 189
171 182
171 180
171 187
172 173
172 174
172 175
172 176
172 177
172 178
172 179
172 182
172 189
172 187
172 186
173 174
173 175
173 176
173 177
173 178
173 179
173 184
173 189
173 183
173 181
173 185
173 182
174 175
174 176
174 177
174 178
174 179
174 181
174 183
175 176
175 177
175 178
175 179
175 186
175 181
175 185
175 183
175 182
175 184
176 177
176 178
176 179
176 181
177 178
177 179
177 185
177 183
177 187
178 179
178 188
178 181
178 186
179 180
179 185
179 183
180 181
180 182
180 183
180 184
180 185
180 186
180 187
180 188
180 189
180 197
180 191
180 198
180 192
181 182
181 183
181 184
181 185
181 186
181 187
181 188
181 189
181 196
181 191
181 197
182 183
182 184
182 185
182 186
182 187
182 188
182 189
182 196
183 184
183 185
183 186
183 187
183 188
183 189
183 197
183 199
183 192
183 193
184 185
184 186
184 187
184 188
184 189
184 190
184 198
184 195
184 194
185 186
185 187
185 188
185 189
185 192
186 187
186 188
186 189
186 199
186 198
186 190
186 194
186 193
187 188
187 189
187 193
187 190
187 195
188 189
188 197
188 190
188 199
188 192
188 194
190 191
190 192
190 193
190 194
190 195
190 196
190 197
190 198
190 199
190 200
190 206
190 208
190 204
191 192
191 193
191 194
191 195
191 196
191 197
191 198
191 199
191 209
191 208
191 203
191 200
191 201
192 193
192 194
192 195
192 196
192 197
192 198
192 199
192 207
192 203
192 208
192 204
192 205
192 201
192 209
192 206
192 202
193 194
193 195
193 196
193 197
193 198
193 199
193 205
193 209
194 195
194 196
194 197
194 198
194 199
194 200
194 205
195 196
195 197
195 198
195 199
195 202
195 204
195 201
196 197
196 198
196 199
196 206
196 202
197 198
197 199
197 202
197 207
198 199
198 205
198 200
198 202
200 201
200 202
200 203
200 204
200 205
200 206
200 207
200 208
200 209
200 217
200 211
201 202
201 203
201 204
201 205
201 206
201 207
201 208
201 209
201 219
201 210
202 203
202 204
202 205
202 206
202 207
202 208
202 209
202 211
202 217
202 216
202 212
203 204
203 205
203 206
203 207
203 208
203 209
203 217
203 215
203 211
203 218
203 213
204 205
204 206
204 207
204 208
204 209
204 215
204 219
204 213
204 217
204 218
205 206
205 207
205 208
205 209
205 219
205 210
205 218
205 213
205 211
205 215
205 214
206 207
206 208
206 209
206 214
206 219
206 211
206 210
207 208
207 209
207 215
207 217
207 216
207 212
207 213
208 209
208 218
209 212
210 211
210 212
210 213
210 214
210 215
210 216
210 217
210 218
210 219
210 228
210 225
210 229
210 224
211 212
211 213
211 214
211 215
211 216
211 217
211 218
211 219
211 224
211 221
211 226
212 213
212 214
212 215
212 216
212 217
212 218
212 219
212 223
213 214
213 215
213 216
213 217
213 218
213 219
213 223
213 221
214 215
214 216
214 217
214 218
214 219
214 221
214 223
214 222
214 225
214 229
215 216
215 217
215 218
215 219
215 229
216 217
216 218
216 219
216 227
216 222
216 224
217 218
217 219
217 229
217 222
217 225
218 219
218 220
218 228
218 229
219 222
219 227
219 224
219 228
219 226
220 221
220 222
220 223
220 224
220 225
220 226
220 227
220 228
220 229
220 230
220 233
220 235
220 234
221 222
221 223
221 224
221 225
221 226
221 227
221 228
221 229
221 236
221 238
221 235
221 232
222 223
222 224
222 225
222 226
222 227
222 228
222 229
222 232
222 230
222 231
223 224
223 225
223 226
223 227
223 228
223 229
223 236
223 230
223 239
223 232
223 234
223 238
224 225
224 226
224 227
224 228
224 229
224 232
224 239
225 226
225 227
225 228
225 229
225 238
225 234
226 227
226 228
226 229
227 228
227 229
227 239
227 238
227 234
227 236
227 233
228 229
228 231
228 230
228 234
229 237
230 231
230 232
230 233
230 234
230 235
230 236
230 237
230 238
230 239
230 241
231 232
231 233
231 234
231 235
231 236
231 237
231 238
231 239
231 245
231 240
231 248
232 233
232 234
232 235
232 236
232 237
232 238
232 239
232 242
232 245
232 247
232 248
233 234
233 235
233 236
233 237
233 238
233 239
233 243
233 240
233 242
234 235
234 236
234 237
234 238
234 239
234 241
234 247
234 249
235 236
235 237
235 238
235 239
235 242
235 248
235 241
235 246
235 245
236 237
236 238
236 239
236 246
236 245
236 241
237 238
237 239
237 240
237 244
237 245
237 246
238 239
238 243
238 240
238 241
238 249
239 245
239 247
239 240
239 242
240 241
240 242
240 243
240 244
240 245
240 246
240 247
240 248
240 249
240 258
240 250
240 257
241 242
241 243
241 244
241 245
241 246
241 247
241 248
241 249
241 252
241 251
241 253
241 254
241 256
241 257
242 243
242 244
242 245
242 246
242 247
242 248
242 249
242 257
242 258
242 252
242 255
243 244
243 245
243 246
243 247
243 248
243 249
243 257
243 251
243 255
243 250
244 245
244 246
244 247
244 248
244 249
245 246
245 247
245 248
245 249
245 258
245 254
245 252
246 247
246 248
246 249
246 259
246 256
246 252
246 255
247 248
247 249
247 255
247 257
247 254
248 249
248 251
248 259
248 258
249 251
249 252
249 254
249 259
250 251
250 252
250 253
250 254
250 255
250 256
250 257
250 258
250 259
250 263
250 262
250 266
250 264
251 252
251 253
251 254
251 255
251 256
251 257
251 258
251 259
251 267
251 265
252 253
252 254
252 255
252 256
252 257
252 258
252 259
252 262
252 267
252 269
252 261
253 254
253 255
253 256
253 257
253 258
253 259
253 269
253 264
253 261
253 262
254 255
254 256
254 257
254 258
254 259
254 266
254 263
254 269
254 267
254 262
255 256
255 257
255 258
255 259
255 260
255 263
255 268
255 266
255 265
256 257
256 258
256 259
256 262
256 267
257 258
257 259
257 265
257 266
257 267
258 259
258 262
259 267
259 263
259 264
259 266
259 262
260 261
260 262
260 263
260 264
260 265
260 266
260 267
260 268
260 269
260 278
260 270
260 277
261 262
261 263
261 264
261 265
261 266
261 267
261 268
261 269
261 273
261 278
262 263
262 264
262 265
262 266
262 267
262 268
262 269
262 272
262 278
262 273
262 277
263 264
263 265
263 266
263 267
263 268
263 269
263 272
263 278
263 274
264 265
264 266
264 267
264 268
264 269
264 275
264 270
264 272
264 277
265 266
265 267
265 268
265 269
265 273
265 274
266 267
266 268
266 269
266 277
266 279
266 270
267 268
267 269
267 270
267 276
267 278
268 269
268 279
268 274
268 271
268 272
269 277
269 274
269 270
270 271
270 272
270 273
270 274
270 275
270 276
270 277
270 278
270 279
270 283
270 281
271 272
271 273
271 274
271 275
271 276
271 277
271 278
271 279
271 280
271 285
271 282
271 286
272 273
272 274
272 275
272 276
272 277
272 278
272 279
272 286
272 282
272 283
273 274
273 275
273 276
273 277
273 278
273 279
273 288
273 281
273 285
273 283
274 275
274 276
274 277
274 278
274 279
274 283
274 285
274 281
274 284
274 287
275 276
275 277
275 278
275 279
275 283
275 286
276 277
276 278
276 279
276 285
276 282
276 280
277 278
277 279
277 284
277 281
278 279
278 289
278 284
278 280
279 286
279 283
279 282
279 289
279 288
280 281
280 282
280 283
280 284
280 285
280 286
280 287
280 288
280 289
280 293
281 282
281 283
281 284
281 285
281 286
281 287
281 288
281 289
281 290
281 297
281 299
281 292
281 294
282 283
282 284
282 285
282 286
282 287
282 288
282 289
282 295
282 293
282 292
283 284
283 285
283 286
283 287
283 288
283 289
283 291
283 298
283 296
284 285
284 286
284 287
284 288
284 289
284 293
284 291
284 292
285 286
285 287
285 288
285 289
285 294
285 295
286 287
286 288
286 289
286 295
286 293
286 291
287 288
287 289
287 292
287 294
287 298
288 289
288 291
288 299
288 295
289 290
289 298
289 295
290 291
290 292
290 293
290 294
290 295
290 296
290 297
290 298
290 299
290 301
290 305
290 302
290 304
290 303
290 300
290 309
291 292
291 293
291 294
291 295
291 296
291 297
291 298
291 299
291 300
291 301
291 309
291 306
292 293
292 294
292 295
292 296
292 297
292 298
292 299
292 305
292 306
293 294
293 295
293 296
293 297
293 298
293 299
293 309
293 302
293 308
294 295
294 296
294 297
294 298
294 299
294 301
294 303
294 306
294 308
294 300
295 296
295 297
295 298
295 299
295 309
296 297
296 298
296 299
296 309
296 306
296 303
297 298
297 299
297 308
297 303
297 304
298 299
298 309
298 300
298 306
299 309
300 301
300 302
300 303
300 304
300 305
300 306
300 307
300 308
300 309
300 318
301 302
301 303
301 304
301 305
301 306
301 307
301 308
301 309
301 315
301 317
301 312
301 314
302 303
302 304
302 305
302 306
302 307
302 308
302 309
303 304
303 305
303 306
303 307
303 308
303 309
303 319
303 317
303 313
303 314
303 315
304 305
304 306
304 307
304 308
304 309
304 312
304 319
304 317
304 314
304 316
305 306
305 307
305 308
305 309
305 310
305 316
305 314
306 307
306 308
306 309
306 313
306 315
306 316
307 308
307 309
307 315
307 311
307 313
308 309
308 310
308 317
308 311
308 314
308 315
309 319
309 316
309 314
309 318
309 313
309 317
310 311
310 312
310 313
310 314
310 315
310 316
310 317
310 318
310 319
310 320
310 329
310 322
311 312
311 313
311 314
311 315
311 316
311 317
311 318
311 319
311 327
311 320
311 324
312 313
312 314
312 315
312 316
312 317
312 318
312 319
312 320
312 321
313 314
313 315
313 316
313 317
313 318
313 319
313 321
313 328
314 315
314 316
314 317
314 318
314 319
314 329
314 326
314 327
314 328
314 324
314 325
315 316
315 317
315 318
315 319
315 326
316 317
316 318
316 319
316 322
316 326
316 328
316 324
317 318
317 319
317 326
317 325
317 329
317 322
318 319
318 327
318 321
318 328
318 320
318 325
319 326
319 328
319 329
320 321
320 322
320 323
320 324
320 325
320 326
320 327
320 328
320 329
320 334
320 339
320 332
320 338
321 322
321 323
321 324
321 325
321 326
321 327
321 328
321 329
321 331
321 336
321 339
321 332
321 338
321 334
321 330
322 323
322 324
322 325
322 326
322 327
322 328
322 329
322 338
323 324
323 325
323 326
323 327
323 328
323 329
323 339
323 336
324 325
324 326
324 327
324 328
324 329
324 330
324 336
324 338
325 326
325 327
325 328
325 329
325 333
325 334
325 332
325 338
326 327
326 328
326 329
326 332
326 331
326 336
327 328
327 329
327 336
327 337
327 331
327 339
327 335
328 329
328 335
328 331
328 330
328 339
329 334
329 337
329 339
330 331
330 332
330 333
330 334
330 335
330 336
330 337
330 338
330 339
330 342
330 346
330 349
331 332
331 333
331 334
331 335
331 336
331 337
331 338
331 339
331 341
331 346
331 349
331 343
332 333
332 334
332 335
332 336
332 337
332 338
332 339
332 344
332 346
332 349
332 341
332 340
333 334
333 335
333 336
333 337
333 338
333 339
333 345
333 340
333 341
334 335
334 336
334 337
334 338
334 339
334 342
334 347
334 341
335 336
335 337
335 338
335 339
335 342
335 345
335 348
335 340
336 337
336 338
336 339
336 346
336 343
336 342
337 338
337 339
337 346
337 340
338 339
338 340
338 349
339 340
339 342
339 346
339 345
339 347
340 341
340 342
340 343
340 344
340 345
340 346
340 347
340 348
340 349
340 352
340 358
340 357
341 342
341 343
341 344
341 345
341 346
341 347
341 348
341 349
341 359
341 351
342 343
342 344
342 345
342 346
342 347
342 348
342 349
342 353
342 351
342 359
342 350
343 344
343 345
343 346
343 347
343 348
343 349
343 355
343 354
344 345
344 346
344 347
344 348
344 349
344 355
344 350
345 346
345 347
345 348
345 349
345 354
345 357
345 355
346 347
346 348
346 349
346 353
346 355
346 350
346 351
347 348
347 349
347 354
347 351
348 349
348 353
348 350
348 354
349 358
349 355
349 359
349 352
349 350
349 354
349 356
349 353
350 351
350 352
350 353
350 354
350 355
350 356
350 357
350 358
350 359
350 367
350 360
351 352
351 353
351 354
351 355
351 356
351 357
351 358
351 359
351 362
351 369
352 353
352 354
352 355
352 356
352 357
352 358
352 359
352 365
352 366
352 364
353 354
353 355
353 356
353 357
353 358
353 359
353 369
353 360
353 362
353 364
354 355
354 356
354 357
354 358
354 359
354 365
354 362
354 364
354 369
354 367
355 356
355 357
355 358
355 359
355 361
355 368
356 357
356 358
356 359
356 369
356 364
356 363
357 358
357 359
357 368
357 360
357 369
357 366
357 361
358 359
358 367
358 368
358 360
358 369
358 364
359 365
359 362
359 363
359 364
360 361
360 362
360 363
360 364
360 365
360 366
360 367
360 368
360 369
360 374
360 378
360 372
361 362
361 363
361 364
361 365
361 366
361 367
361 368
361 369
361 377
362 363
362 364
362 365
362 366
362 367
362 368
362 369
362 379
362 376
362 377
363 364
363 365
363 366
363 367
363 368
363 369
363 378
363 376
363 370
363 373
364 365
364 366
364 367
364 368
364 369
364 372
364 370
364 374
364 378
364 371
364 376
365 366
365 367
365 368
365 369
365 371
365 370
366 367
366 368
366 369
366 370
366 378
366 374
366 375
367 368
367 369
367 379
367 376
368 369
368 377
368 371
369 378
369 379
370 371
370 372
370 373
370 374
370 375
370 376
370 377
370 378
370 379
370 387
370 382
371 372
371 373
371 374
371 375
371 376
371 377
371 378
371 379
371 385
371 381
371 389
372 373
372 374
372 375
372 376
372 377
372 378
372 379
372 385
372 388
373 374
373 375
373 376
373 377
373 378
373 379
373 386
373 382
373 380
373 389
374 375
374 376
374 377
374 378
374 379
374 383
374 381
374 385
375 376
375 377
375 378
375 379
375 383
375 380
375 382
375 389
376 377
376 378
376 379
376 381
376 385
376 388
376 382
377 378
377 379
377 387
377 383
377 385
377 380
378 379
378 383
378 388
378 389
379 385
379 382
379 380
380 381
380 382
380 383
380 384
380 385
380 386
380 387
380 388
380 389
380 391
380 396
380 398
380 392
380 390
381 382
381 383
381 384
381 385
381 386
381 387
381 388
381 389
381 392
381 399
381 393
381 397
381 391
382 383
382 384
382 385
382 386
382 387
382 388
382 389
382 390
382 393
382 391
382 392
383 384
383 385
383 386
383 387
383 388
383 389
383 393
383 396
384 385
384 386
384 387
384 388
384 389
384 396
384 398
384 392
384 390
384 397
385 386
385 387
385 388
385 389
385 399
385 390
385 398
385 391
386 387
386 388
386 389
386 398
386 393
387 388
387 389
387 390
387 396
388 389
388 391
388 396
388 392
388 399
389 394
389 397
389 398
390 391
390 392
390 393
390 394
390 395
390 396
390 397
390 398
390 399
390 400
390 406
390 408
391 392
391 393
391 394
391 395
391 396
391 397
391 398
391 399
391 405
391 402
391 409
391 403
392 393
392 394
392 395
392 396
392 397
392 398
392 399
392 404
392 401
392 408
393 394
393 395
393 396
393 397
393 398
393 399
393 400
393 406
393 401
394 395
394 396
394 397
394 398
394 399
394 402
394 405
394 401
394 403
395 396
395 397
395 398
395 399
395 409
395 406
396 397
396 398
396 399
396 406
396 408
397 398
397 399
397 400
397 404
397 403
397 408
398 399
398 403
398 405
398 400
398 401
399 403
399 405
399 407
399 400
399 409
399 401
400 401
400 402
400 403
400 404
400 405
400 406
400 407
400 408
400 409
400 419
400 417
400 418
401 402
401 403
401 404
401 405
401 406
401 407
401 408
401 409
401 412
401 414
401 417
401 419
402 403
402 404
402 405
402 406
402 407
402 408
402 409
402 411
402 410
402 419
402 414
403 404
403 405
403 406
403 407
403 408
403 409
403 413
404 405
404 406
404 407
404 408
404 409
404 413
404 412
404 418
404 410
405 406
405 407
405 408
405 409
405 412
406 407
406 408
406 409
406 414
406 412
406 416
406 411
406 415
407 408
407 409
407 413
407 416
407 419
407 414
407 411
408 409
408 412
408 418
408 417
409 417
409 410
409 419
409 415
409 418
409 416
410 411
410 412
410 413
410 414
410 415
410 416
410 417
410 418
410 419
410 422
410 428
410 427
411 412
411 413
411 414
411 415
411 416
411 417
411 418
411 419
411 426
411 427
411 420
411 421
412 413
412 414
412 415
412 416
412 417
412 418
412 419
412 423
412 425
412 426
412 428
413 414
413 415
413 416
413 417
413 418
413 419
413 423
413 426
413 421
413 428
414 415
414 416
414 417
414 418
414 419
414 424
414 425
415 416
415 417
415 418
415 419
415 421
416 417
416 418
416 419
416 422
416 427
416 421
416 426
417 418
417 419
417 427
417 424
417 421
417 425
418 419
418 420
418 427
418 426
419 423
419 421
419 426
419 424
419 425
420 421
420 422
420 423
420 424
420 425
420 426
420 427
420 428
420 429
420 435
420 433
420 437
421 422
421 423
421 424
421 425
421 426
421 427
421 428
421 429
421 437
421 430
421 432
422 423
422 424
422 425
422 426
422 427
422 428
422 429
422 433
423 424
423 425
423 426
423 427
423 428
423 429
423 439
423 431
423 434
423 430
423 438
423 435
424 425
424 426
424 427
424 428
424 429
424 436
424 433
424 439
424 434
425 426
425 427
425 428
425 429
425 434
425 430
425 432
426 427
426 428
426 429
426 430
427 428
427 429
427 439
427 432
427 438
428 429
428 439
428 431
428 436
428 432
429 436
429 438
430 431
430 432
430 433
430 434
430 435
430 436
430 437
430 438
430 439
430 440
430 443
430 449
431 432
431 433
431 434
431 435
431 436
431 437
431 438
431 439
431 442
431 449
432 433
432 434
432 435
432 436
432 437
432 438
432 439
432 447
432 441
433 434
433 435
433 436
433 437
433 438
433 439
433 449
433 440
433 444
433 442
433 446
434 435
434 436
434 437
434 438
434 439
434 448
434 440
435 436
435 437
435 438
435 439
435 447
435 443
435 444
435 441
435 445
436 437
436 438
436 439
436 449
436 444
436 445
436 443
436 442
437 438
437 439
438 439
438 441
438 444
438 442
438 449
439 447
440 441
440 442
440 443
440 444
440 445
440 446
440 447
440 448
440 449
441 442
441 443
441 444
441 445
441 446
441 447
441 448
441 449
441 454
441 457
441 453
441 456
442 443
442 444
442 445
442 446
442 447
442 448
442 449
442 451
442 452
442 457
443 444
443 445
443 446
443 447
443 448
443 449
443 452
443 453
444 445
444 446
444 447
444 448
444 449
444 452
444 458
444 455
444 451
444 459
444 450
445 446
445 447
445 448
445 449
445 450
445 456
445 453
445 452
446 447
446 448
446 449
446 455
446 452
446 459
446 457
446 458
447 448
447 449
447 459
447 454
448 449
448 454
448 455
448 457
448 458
448 451
448 459
449 452
449 453
450 451
450 452
450 453
450 454
450 455
450 456
450 457
450 458
450 459
450 469
450 468
450 464
451 452
451 453
451 454
451 455
451 456
451 457
451 458
451 459
451 469
451 461
451 462
451 466
451 463
452 453
452 454
452 455
452 456
452 457
452 458
452 459
452 462
452 463
453 454
453 455
453 456
453 457
453 458
453 459
453 461
454 455
454 456
454 457
454 458
454 459
454 460
454 462
454 468
454 469
455 456
455 457
455 458
455 459
455 465
455 462
455 468
456 457
456 458
456 459
456 465
456 460
456 468
456 466
456 461
457 458
457 459
457 466
457 460
457 462
457 461
458 459
458 463
458 461
458 465
459 462
459 464
459 463
460 461
460 462
460 463
460 464
460 465
460 466
460 467
460 468
460 469
460 475
460 473
460 478
461 462
461 463
461 464
461 465
461 466
461 467
461 468
461 469
461 471
461 479
462 463
462 464
462 465
462 466
462 467
462 468
462 469
462 470
462 477
462 479
462 471
462 476
463 464
463 465
463 466
463 467
463 468
463 469
463 474
463 472
464 465
464 466
464 467
464 468
464 469
464 477
464 474
464 479
464 472
465 466
465 467
465 468
465 469
465 471
465 470
465 478
465 474
466 467
466 468
466 469
466 477
466 470
466 479
466 472
466 474
466 475
466 476
467 468
467 469
467 473
467 476
467 471
467 479
468 469
468 475
469 472
469 477
470 471
470 472
470 473
470 474
470 475
470 476
470 477
470 478
470 479
470 489
470 488
470 487
470 483
471 472
471 473
471 474
471 475
471 476
471 477
471 478
471 479
471 487
471 483
471 480
471 486
471 484
471 485
471 481
472 473
472 474
472 475
472 476
472 477
472 478
472 479
472 488
473 474
473 475
473 476
473 477
473 478
473 479
473 483
473 485
474 475
474 476
474 477
474 478
474 479
474 481
474 488
475 476
475 477
475 478
475 479
475 487
475 484
475 486
475 483
476 477
476 478
476 479
476 486
476 481
477 478
477 479
477 489
477 488
478 479
478 481
478 487
478 484
478 483
478 488
479 489
479 484
479 487
479 481
479 480
480 481
480 482
480 483
480 484
480 485
480 486
480 487
480 488
480 489
480 498
480 493
481 482
481 483
481 484
481 485
481 486
481 487
481 488
481 489
481 494
481 497
481 492
482 483
482 484
482 485
482 486
482 487
482 488
482 489
482 494
482 490
483 484
483 485
483 486
483 487
483 488
483 489
483 493
483 497
483 496
484 485
484 486
484 487
484 488
484 489
484 493
485 486
485 487
485 488
485 489
485 490
485 495
485 499
485 491
486 487
486 488
486 489
486 493
486 495
486 498
486 491
486 490
487 488
487 489
487 496
487 491
488 489
488 498
488 493
488 497
489 495
489 492
489 491
489 499
489 490
490 491
490 492
490 493
490 494
490 495
490 496
490 497
490 498
490 499
490 506
490 508
490 502
490 500
490 507
490 501
491 492
491 493
491 494
491 495
491 496
491 497
491 498
491 499
491 502
491 506
491 505
492 493
492 494
492 495
492 496
492 497
492 498
492 499
492 503
492 509
492 505
493 494
493 495
493 496
493 497
493 498
493 499
493 501
493 508
493 500
493 507
494 495
494 496
494 497
494 498
494 499
494 501
494 500
495 496
495 497
495 498
495 499
495 509
496 497
496 498
496 499
496 506
496 503
496 505
496 502
497 498
497 499
497 502
498 499
498 507
498 508
498 503
499 507
499 503
499 506
499 504
499 502
500 501
500 502
500 503
500 504
500 505
500 506
500 507
500 508
500 509
500 519
500 516
500 517
500 513
500 511
501 502
501 503
501 504
501 505
501 506
501 507
501 508
501 509
501 515
502 503
502 504
502 505
502 506
502 507
502 508
502 509
502 517
502 511
502 516
502 513
503 504
503 505
503 506
503 507
503 508
503 509
503 512
503 518
504 505
504 506
504 507
504 508
504 509
504 517
504 516
504 515
505 506
505 507
505 508
505 509
505 510
505 518
505 512
505 516
506 507
506 508
506 509
506 514
506 513
506 515
506 517
506 516
506 519
507 508
507 509
507 512
507 516
507 517
508 509
508 512
508 518
508 514
508 517
509 515
509 513
510 511
510 512
510 513
510 514
510 515
510 516
510 517
510 518
510 519
510 524
511 512
511 513
511 514
511 515
511 516
511 517
511 518
511 519
511 522
511 524
511 520
511 529
512 513
512 514
512 515
512 516
512 517
512 518
512 519
512 528
512 522
512 529
513 514
513 515
513 516
513 517
513 518
513 519
513 520
513 523
513 521
513 526
513 528
513 529
514 515
514 516
514 517
514 518
514 519
514 528
514 529
515 516
515 517
515 518
515 519
515 524
515 521
515 520
516 517
516 518
516 519
516 527
516 524
516 526
516 528
516 523
517 518
517 519
517 529
517 528
517 524
518 519
518 524
518 523
518 521
518 525
519 520
519 525
519 527
519 522
519 528
519 521
520 521
520 522
520 523
520 524
520 525
520 526
520 527
520 528
520 529
520 530
520 533
521 522
521 523
521 524
521 525
521 526
521 527
521 528
521 529
521 533
521 535
521 536
521 532
521 539
521 531
522 523
522 524
522 525
522 526
522 527
522 528
522 529
522 539
522 532
522 536
522 537
522 531
523 524
523 525
523 526
523 527
523 528
523 529
523 535
523 536
523 537
523 538
524 525
524 526
524 527
524 528
524 529
524 534
524 537
524 535
525 526
525 527
525 528
525 529
525 531
525 536
525 534
525 535
525 533
526 527
526 528
526 529
526 531
526 532
527 528
527 529
527 535
527 531
527 537
527 533
527 534
528 529
529 532
529 537
529 536
530 531
530 532
530 533
530 534
530 535
530 536
530 537
530 538
530 539
530 541
530 546
530 545
530 540
531 532
531 533
531 534
531 535
531 536
531 537
531 538
531 539
531 543
532 533
532 534
532 535
532 536
532 537
532 538
532 539
532 541
532 546
532 544
533 534
533 535
533 536
533 537
533 538
533 539
533 540
533 543
533 544
533 549
534 535
534 536
534 537
534 538
534 539
534 543
534 544
534 540
534 545
535 536
535 537
535 538
535 539
535 540
535 546
535 545
535 543
536 537
536 538
536 539
536 540
536 541
536 547
537 538
537 539
537 547
537 541
537 545
538 539
538 549
538 544
538 545
538 543
539 542
539 549
539 540
540 541
540 542
540 543
540 544
540 545
540 546
540 547
540 548
540 549
540 551
541 542
541 543
541 544
541 545
541 546
541 547
541 548
541 549
541 558
541 550
541 556
541 554
542 543
542 544
542 545
542 546
542 547
542 548
542 549
542 554
542 557
542 553
543 544
543 545
543 546
543 547
543 548
543 549
543 557
543 555
543 558
543 551
544 545
544 546
544 547
544 548
544 549
544 552
544 555
544 559
544 556
545 546
545 547
545 548
545 549
545 558
545 559
546 547
546 548
546 549
546 551
546 555
547 548
547 549
547 551
547 552
547 554
547 559
548 549
548 555
548 554
548 552
549 550
549 553
549 559
549 554
549 557
549 552
550 551
550 552
550 553
550 554
550 555
550 556
550 557
550 558
550 559
550 566
550 569
550 568
550 567
551 552
551 553
551 554
551 555
551 556
551 557
551 558
551 559
551 564
551 566
551 565
551 560
552 553
552 554
552 555
552 556
552 557
552 558
552 559
552 566
552 565
553 554
553 555
553 556
553 557
553 558
553 559
553 568
553 569
553 563
554 555
554 556
554 557
554 558
554 559
554 569
554 561
555 556
555 557
555 558
555 559
555 565
555 560
555 561
555 568
556 557
556 558
556 559
556 563
556 565
556 561
556 566
557 558
557 559
557 567
557 566
557 560
558 559
558 564
558 561
558 568
559 566
559 562
559 565
559 561
560 561
560 562
560 563
560 564
560 565
560 566
560 567
560 568
560 569
560 572
560 571
560 576
560 579
560 577
561 562
561 563
561 564
561 565
561 566
561 567
561 568
561 569
561 572
561 570
562 563
562 564
562 565
562 566
562 567
562 568
562 569
562 574
562 577
562 573
563 564
563 565
563 566
563 567
563 568
563 569
563 575
563 576
563 573
564 565
564 566
564 567
564 568
564 569
564 576
564 579
564 573
565 566
565 567
565 568
565 569
565 575
565 579
565 578
566 567
566 568
566 569
566 577
566 571
566 579
567 568
567 569
567 570
567 573
567 579
567 577
568 569
568 572
569 571
569 575
569 570
569 574
569 573
569 577
570 571
570 572
570 573
570 574
570 575
570 576
570 577
570 578
570 579
570 581
571 572
571 573
571 574
571 575
571 576
571 577
571 578
571 579
571 585
571 582
571 584
572 573
572 574
572 575
572 576
572 577
572 578
572 579
572 586
572 585
572 589
572 582
573 574
573 575
573 576
573 577
573 578
573 579
573 586
573 584
574 575
574 576
574 577
574 578
574 579
574 584
574 589
574 585
574 581
575 576
575 577
575 578
575 579
575 582
575 584
575 580
575 585
575 586
575 588
576 577
576 578
576 579
576 585
576 589
576 586
577 578
577 579
577 581
577 583
577 587
578 579
578 581
578 584
578 583
579 584
579 581
579 587
579 583
580 581
580 582
580 583
580 584
580 585
580 586
580 587
580 588
580 589
580 597
580 593
580 598
581 582
581 583
581 584
581 585
581 586
581 587
581 588
581 589
581 597
581 593
581 595
582 583
582 584
582 585
582 586
582 587
582 588
582 589
582 595
582 599
582 590
583 584
583 585
583 586
583 587
583 588
583 589
583 598
583 593
583 592
583 591
583 590
584 585
584 586
584 587
584 588
584 589
584 598
584 597
584 590
584 596
585 586
585 587
585 588
585 589
585 593
585 595
585 591
585 597
586 587
586 588
586 589
586 595
586 590
586 591
586 593
587 588
587 589
587 590
587 599
587 596
587 593
587 592
588 589
588 595
588 593
589 590
589 591
589 599
590 591
590 592
590 593
590 594
590 595
590 596
590 597
590 598
590 599
590 602
590 608
591 592
591 593
591 594
591 595
591 596
591 597
591 598
591 599
591 606
591 603
592 593
592 594
592 595
592 596
592 597
592 598
592 599
592 602
593 594
593 595
593 596
593 597
593 598
593 599
593 603
593 601
593 607
593 608
594 595
594 596
594 597
594 598
594 599
594 604
594 607
594 609
594 603
595 596
595 597
595 598
595 599
595 609
595 608
595 601
596 597
596 598
596 599
596 601
596 605
596 606
596 609
596 608
597 598
597 599
597 601
597 608
597 605
598 599
598 600
598 605
599 600
599 603
599 608
599 605
600 601
600 602
600 603
600 604
600 605
600 606
600 607
600 608
600 609
600 612
600 613
600 618
601 602
601 603
601 604
601 605
601 606
601 607
601 608
601 609
601 619
601 618
602 603
602 604
602 605
602 606
602 607
602 608
602 609
602 617
602 618
603 604
603 605
603 606
603 607
603 608
603 609
603 617
604 605
604 606
604 607
604 608
604 609
604 611
604 617
605 606
605 607
605 608
605 609
605 613
605 610
605 612
605 614
606 607
606 608
606 609
606 618
606 611
607 608
607 609
607 610
607 615
608 609
608 611
608 618
608 610
608 616
608 612
608 614
608 613
608 619
609 611
609 615
609 614
609 617
610 611
610 612
610 613
610 614
610 615
610 616
610 617
610 618
610 619
610 624
610 622
610 621
610 625
611 612
611 613
611 614
611 615
611 616
611 617
611 618
611 619
611 621
611 626
611 620
611 628
612 613
612 614
612 615
612 616
612 617
612 618
612 619
612 621
612 627
612 624
612 626
613 614
613 615
613 616
613 617
613 618
613 619
613 628
613 626
613 624
613 620
613 625
613 621
614 615
614 616
614 617
614 618
614 619
614 626
614 622
614 624
614 625
615 616
615 617
615 618
615 619
615 625
615 622
615 628
616 617
616 618
616 619
616 622
617 618
617 619
617 627
617 620
618 619
618 621
618 622
618 620
619 628
619 622
619 623
619 624
620 621
620 622
620 623
620 624
620 625
620 626
620 627
620 628
620 629
620 632
620 631
620 636
620 639
620 633
621 622
621 623
621 624
621 625
621 626
621 627
621 628
621 629
621 632
621 631
621 630
622 623
622 624
622 625
622 626
622 627
622 628
622 629
622 638
622 635
623 624
623 625
623 626
623 627
623 628
623 629
623 630
623 637
623 639
623 635
623 636
624 625
624 626
624 627
624 628
624 629
624 630
624 634
624 636
624 639
625 626
625 627
625 628
625 629
625 635
625 634
626 627
626 628
626 629
626 632
626 638
626 630
627 628
627 629
627 631
628 629
628 636
628 633
628 634
629 634
629 631
629 630
629 636
630 631
630 632
630 633
630 634
630 635
630 636
630 637
630 638
630 639
630 647
630 643
630 644
630 641
630 645
630 649
630 642
631 632
631 633
631 634
631 635
631 636
631 637
631 638
631 639
631 642
631 647
631 640
631 644
632 633
632 634
632 635
632 636
632 637
632 638
632 639
632 642
632 645
633 634
633 635
633 636
633 637
633 638
633 639
633 649
633 646
634 635
634 636
634 637
634 638
634 639
634 646
634 648
635 636
635 637
635 638
635 639
635 640
635 648
635 644
635 649
636 637
636 638
636 639
636 640
636 647
637 638
637 639
637 648
638 639
638 640
638 648
638 645
639 645
639 643
639 647
639 644
640 641
640 642
640 643
640 644
640 645
640 646
640 647
640 648
640 649
640 654
640 655
640 659
640 657
640 651
641 642
641 643
641 644
641 645
641 646
641 647
641 648
641 649
641 657
641 655
641 656
641 654
642 643
642 644
642 645
642 646
642 647
642 648
642 649
643 644
643 645
643 646
643 647
643 648
643 649
643 651
643 656
643 653
643 655
643 650
643 657
644 645
644 646
644 647
644 648
644 649
644 658
644 656
644 652
645 646
645 647
645 648
645 649
645 655
645 658
645 657
645 651
645 650
645 652
646 647
646 648
646 649
646 654
647 648
647 649
647 658
647 655
647 651
647 659
648 649
648 657
648 654
649 656
649 654
650 651
650 652
650 653
650 654
650 655
650 656
650 657
650 658
650 659
650 669
650 666
650 660
651 652
651 653
651 654
651 655
651 656
651 657
651 658
651 659
651 669
651 661
651 666
652 653
652 654
652 655
652 656
652 657
652 658
652 659
652 669
652 662
653 654
653 655
653 656
653 657
653 658
653 659
653 660
653 663
653 666
653 664
653 665
654 655
654 656
654 657
654 658
654 659
654 662
654 661
654 663
655 656
655 657
655 658
655 659
655 662
655 667
656 657
656 658
656 659
656 666
656 661
656 660
656 662
657 658
657 659
657 669
657 668
658 659
658 661
658 667
659 667
659 663
659 665
659 662
660 661
660 662
660 663
660 664
660 665
660 666
660 667
660 668
660 669
660 672
660 678
660 674
660 673
661 662
661 663
661 664
661 665
661 666
661 667
661 668
661 669
661 675
661 679
662 663
662 664
662 665
662 666
662 667
662 668
662 669
662 675
662 679
662 670
662 674
663 664
663 665
663 666
663 667
663 668
663 669
663 673
663 671
663 674
663 670
664 665
664 666
664 667
664 668
664 669
664 675
664 672
664 677
664 674
664 679
665 666
665 667
665 668
665 669
665 674
665 678
665 679
666 667
666 668
666 669
666 678
666 672
667 668
667 669
667 670
667 676
668 669
668 673
668 677
668 674
668 679
669 671
669 679
669 677
670 671
670 672
670 673
670 674
670 675
670 676
670 677
670 678
670 679
670 689
670 687
670 680
671 672
671 673
671 674
671 675
671 676
671 677
671 678
671 679
672 673
672 674
672 675
672 676
672 677
672 678
672 679
672 684
672 683
672 689
672 681
672 688
672 680
673 674
673 675
673 676
673 677
673 678
673 679
673 688
673 689
673 684
674 675
674 676
674 677
674 678
674 679
674 680
674 687
674 685
674 689
674 684
674 688
675 676
675 677
675 678
675 679
675 682
675 684
676 677
676 678
676 679
676 682
676 686
677 678
677 679
677 688
677 687
677 680
677 681
678 679
678 685
678 683
678 686
678 687
679 682
679 688
679 684
680 681
680 682
680 683
680 684
680 685
680 686
680 687
680 688
680 689
680 698
680 690
680 694
680 692
681 682
681 683
681 684
681 685
681 686
681 687
681 688
681 689
681 698
681 691
681 696
681 694
682 683
682 684
682 685
682 686
682 687
682 688
682 689
682 694
682 695
682 691
682 693
682 698
683 684
683 685
683 686
683 687
683 688
683 689
683 699
683 692
683 695
684 685
684 686
684 687
684 688
684 689
684 695
685 686
685 687
685 688
685 689
685 699
685 695
685 698
685 690
686 687
686 688
686 689
686 691
686 697
686 690
687 688
687 689
687 692
687 699
687 693
687 694
688 689
688 690
688 695
688 694
688 699
688 696
689 691
689 696
690 691
690 692
690 693
690 694
690 695
690 696
690 697
690 698
690 699
690 706
691 692
691 693
691 694
691 695
691 696
691 697
691 698
691 699
691 705
691 706
691 700
692 693
692 694
692 695
692 696
692 697
692 698
692 699
692 701
692 707
693 694
693 695
693 696
693 697
693 698
693 699
693 702
693 701
693 708
694 695
694 696
694 697
694 698
694 699
694 708
694 704
694 705
695 696
695 697
695 698
695 699
695 703
695 709
695 700
695 707
696 697
696 698
696 699
696 701
696 703
696 702
696 700
696 707
696 708
697 698
697 699
697 708
697 707
698 699
698 702
698 703
698 700
698 709
699 700
699 705
699 703
700 701
700 702
700 703
700 704
700 705
700 706
700 707
700 708
700 709
700 718
700 713
700 716
701 702
701 703
701 704
701 705
701 706
701 707
701 708
701 709
701 711
701 714
702 703
702 704
702 705
702 706
702 707
702 708
702 709
702 718
702 711
702 717
702 716
702 715
703 704
703 705
703 706
703 707
703 708
703 709
703 712
703 715
703 713
704 705
704 706
704 707
704 708
704 709
704 717
704 710
704 718
705 706
705 707
705 708
705 709
705 716
705 714
705 717
706 707
706 708
706 709
706 718
706 716
706 719
706 717
706 711
707 708
707 709
707 715
707 717
707 714
707 712
708 709
708 717
708 712
709 715
709 714
709 711
709 712
710 711
710 712
710 713
710 714
710 715
710 716
710 717
710 718
710 719
710 725
711 712
711 713
711 714
711 715
711 716
711 717
711 718
711 719
711 723
712 713
712 714
712 715
712 716
712 717
712 718
712 719
712 723
712 726
713 714
713 715
713 716
713 717
713 718
713 719
713 723
713 721
713 725
713 720
713 727
713 729
714 715
714 716
714 717
714 718
714 719
714 723
714 726
715 716
715 717
715 718
715 719
715 726
715 728
715 725
716 717
716 718
716 719
716 727
716 723
716 724
717 718
717 719
717 729
717 723
717 722
718 719
718 729
718 723
718 725
718 721
719 723
719 724
719 727
719 722
719 725
720 721
720 722
720 723
720 724
720 725
720 726
720 727
720 728
720 729
720 737
720 731
720 734
721 722
721 723
721 724
721 725
721 726
721 727
721 728
721 729
721 739
721 732
721 736
721 735
722 723
722 724
722 725
722 726
722 727
722 728
722 729
722 733
722 738
722 731
722 737
722 736
723 724
723 725
723 726
723 727
723 728
723 729
723 733
723 730
723 734
724 725
724 726
724 727
724 728
724 729
724 733
724 738
725 726
725 727
725 728
725 729
725 738
725 736
725 739
725 733
725 735
725 731
726 727
726 728
726 729
726 738
726 733
726 730
726 734
727 728
727 729
727 731
727 732
728 729
728 731
728 732
728 730
729 730
729 735
729 738
729 737
729 736
730 731
730 732
730 733
730 734
730 735
730 736
730 737
730 738
730 739
730 742
730 745
730 746
730 748
731 732
731 733
731 734
731 735
731 736
731 737
731 738
731 739
731 742
731 749
731 740
731 743
732 733
732 734
732 735
732 736
732 737
732 738
732 739
732 744
732 748
732 749
732 743
732 741
733 734
733 735
733 736
733 737
733 738
733 739
733 740
733 744
733 747
734 735
734 736
734 737
734 738
734 739
735 736
735 737
735 738
735 739
735 744
735 748
735 749
735 740
736 737
736 738
736 739
736 743
736 745
737 738
737 739
737 746
737 740
737 741
738 739
738 740
738 745
738 741
739 744
739 742
740 741
740 742
740 743
740 744
740 745
740 746
740 747
740 748
740 749
740 755
740 757
740 753
741 742
741 743
741 744
741 745
741 746
741 747
741 748
741 749
741 759
741 754
742 743
742 744
742 745
742 746
742 747
742 748
742 749
742 756
742 750
742 755
743 744
743 745
743 746
743 747
743 748
743 749
743 756
743 754
743 757
743 750
743 753
744 745
744 746
744 747
744 748
744 749
744 750
744 756
744 755
745 746
745 747
745 748
745 749
745 756
745 751
746 747
746 748
746 749
746 751
746 757
747 748
747 749
747 754
747 757
747 756
747 755
748 749
748 758
748 756
748 751
748 752
748 759
749 750
749 753
749 754
750 751
750 752
750 753
750 754
750 755
750 756
750 757
750 758
750 759
750 761
751 752
751 753
751 754
751 755
751 756
751 757
751 758
751 759
751 769
751 764
751 760
751 762
752 753
752 754
752 755
752 756
752 757
752 758
752 759
752 761
752 768
752 764
752 760
752 763
752 765
753 754
753 755
753 756
753 757
753 758
753 759
753 769
753 765
753 760
753 764
753 761
753 768
753 762
754 755
754 756
754 757
754 758
754 759
754 768
755 756
755 757
755 758
755 759
755 762
755 765
756 757
756 758
756 759
756 766
756 768
756 765
756 764
757 758
757 759
757 769
757 763
757 767
757 762
758 759
758 760
758 769
759 767
759 761
759 766
760 761
760 762
760 763
760 764
760 765
760 766
760 767
760 768
760 769
760 773
760 771
761 762
761 763
761 764
761 765
761 766
761 767
761 768
761 769
761 776
761 774
762 763
762 764
762 765
762 766
762 767
762 768
762 769
762 777
763 764
763 765
763 766
763 767
763 768
763 769
763 776
763 772
763 775
763 771
764 765
764 766
764 767
764 768
764 769
764 773
764 779
764 778
765 766
765 767
765 768
765 769
765 777
765 775
765 771
766 767
766 768
766 769
766 779
766 770
766 776
766 778
766 774
766 777
767 768
767 769
767 776
767 770
767 775
767 779
767 773
768 769
768 772
768 776
768 773
769 771
769 773
770 771
770 772
770 773
770 774
770 775
770 776
770 777
770 778
770 779
770 787
771 772
771 773
771 774
771 775
771 776
771 777
771 778
771 779
771 784
771 782
772 773
772 774
772 775
772 776
772 777
772 778
772 779
772 785
772 787
772 784
772 782
773 774
773 775
773 776
773 777
773 778
773 779
773 787
773 780
773 788
773 781
773 783
773 784
774 775
774 776
774 777
774 778
774 779
774 780
774 785
774 789
775 776
775 777
775 778
775 779
775 781
775 786
775 782
775 784
776 777
776 778
776 779
776 789
776 787
776 781
776 780
776 786
777 778
777 779
777 781
777 783
777 789
778 779
778 786
778 782
779 786
779 781
779 782
779 780
779 787
780 781
780 782
780 783
780 784
780 785
780 786
780 787
780 788
780 789
780 790
781 782
781 783
781 784
781 785
781 786
781 787
781 788
781 789
781 792
781 798
781 794
782 783
782 784
782 785
782 786
782 787
782 788
782 789
782 796
782 794
783 784
783 785
783 786
783 787
783 788
783 789
783 795
783 796
783 794
784 785
784 786
784 787
784 788
784 789
784 796
784 791
784 798
785 786
785 787
785 788
785 789
785 791
785 797
785 795
785 796
785 792
786 787
786 788
786 789
786 795
786 790
786 798
786 791
787 788
787 789
787 799
787 797
787 791
787 790
788 789
788 792
788 798
788 794
789 797
789 793
789 794
790 791
790 792
790 793
790 794
790 795
790 796
790 797
790 798
790 799
790 808
790 805
790 809
791 792
791 793
791 794
791 795
791 796
791 797
791 798
791 799
791 800
791 809
792 793
792 794
792 795
792 796
792 797
792 798
792 799
792 808
792 800
792 803
792 805
792 806
793 794
793 795
793 796
793 797
793 798
793 799
793 809
793 800
794 795
794 796
794 797
794 798
794 799
794 807
794 809
795 796
795 797
795 798
795 799
795 801
795 807
795 800
796 797
796 798
796 799
796 806
796 803
796 809
796 802
797 798
797 799
797 801
797 802
797 805
798 799
798 809
798 806
798 801
798 808
798 803
798 807
799 807
799 804
799 802
799 808
800 801
800 802
800 803
800 804
800 805
800 806
800 807
800 808
800 809
800 811
800 812
800 813
800 819
800 817
801 802
801 803
801 804
801 805
801 806
801 807
801 808
801 809
801 810
802 803
802 804
802 805
802 806
802 807
802 808
802 809
802 812
802 815
803 804
803 805
803 806
803 807
803 808
803 809
803 814
803 819
803 811
803 815
804 805
804 806
804 807
804 808
804 809
804 818
804 815
804 816
805 806
805 807
805 808
805 809
805 814
805 819
805 811
806 807
806 808
806 809
806 814
806 819
806 812
806 816
807 808
807 809
807 819
807 812
807 814
807 813
808 809
808 815
808 814
808 810
808 813
809 814
810 811
810 812
810 813
810 814
810 815
810 816
810 817
810 818
810 819
810 825
810 829
810 826
810 824
811 812
811 813
811 814
811 815
811 816
811 817
811 818
811 819
811 824
811 825
812 813
812 814
812 815
812 816
812 817
812 818
812 819
812 823
812 826
812 820
813 814
813 815
813 816
813 817
813 818
813 819
813 825
813 824
813 822
813 827
813 829
814 815
814 816
814 817
814 818
814 819
814 824
814 829
814 821
814 823
814 827
815 816
815 817
815 818
815 819
815 828
815 824
815 825
815 820
815 829
815 826
815 822
816 817
816 818
816 819
816 822
817 818
817 819
817 822
817 829
817 821
817 820
817 825
818 819
818 825
818 828
819 823
820 821
820 822
820 823
820 824
820 825
820 826
820 827
820 828
820 829
820 832
820 839
820 833
820 830
821 822
821 823
821 824
821 825
821 826
821 827
821 828
821 829
821 839
821 834
822 823
822 824
822 825
822 826
822 827
822 828
822 829
822 835
822 830
822 836
822 839
822 838
823 824
823 825
823 826
823 827
823 828
823 829
823 837
823 832
823 830
823 833
824 825
824 826
824 827
824 828
824 829
824 837
824 833
824 836
825 826
825 827
825 828
825 829
825 838
825 837
825 836
826 827
826 828
826 829
826 831
826 835
826 839
826 833
827 828
827 829
827 837
827 830
827 838
827 836
827 835
827 832
828 829
828 831
828 835
828 838
829 834
829 839
830 831
830 832
830 833
830 834
830 835
830 836
830 837
830 838
830 839
830 842
830 845
830 841
830 847
831 832
831 833
831 834
831 835
831 836
831 837
831 838
831 839
831 848
831 843
831 849
831 840
832 833
832 834
832 835
832 836
832 837
832 838
832 839
832 840
832 849
833 834
833 835
833 836
833 837
833 838
833 839
833 844
833 842
834 835
834 836
834 837
834 838
834 839
834 844
834 847
834 849
835 836
835 837
835 838
835 839
835 840
835 849
835 848
836 837
836 838
836 839
836 843
836 846
836 840
837 838
837 839
837 846
837 848
837 849
837 843
838 839
838 847
838 845
838 844
838 842
839 847
839 840
839 841
840 841
840 842
840 843
840 844
840 845
840 846
840 847
840 848
840 849
840 857
840 855
840 853
840 852
840 856
841 842
841 843
841 844
841 845
841 846
841 847
841 848
841 849
841 853
841 850
842 843
842 844
842 845
842 846
842 847
842 848
842 849
842 858
842 850
843 844
843 845
843 846
843 847
843 848
843 849
843 852
843 855
843 851
843 857
843 850
844 845
844 846
844 847
844 848
844 849
844 850
844 852
844 855
844 854
844 856
844 857
844 859
844 851
845 846
845 847
845 848
845 849
845 856
845 852
846 847
846 848
846 849
846 858
847 848
847 849
847 851
847 858
848 849
848 850
848 855
848 851
848 853
848 854
849 858
849 852
850 851
850 852
850 853
850 854
850 855
850 856
850 857
850 858
850 859
850 861
850 862
850 866
851 852
851 853
851 854
851 855
851 856
851 857
851 858
851 859
851 860
851 869
851 867
851 864
852 853
852 854
852 855
852 856
852 857
852 858
852 859
852 860
853 854
853 855
853 856
853 857
853 858
853 859
853 866
853 864
853 869
853 860
853 861
854 855
854 856
854 857
854 858
854 859
854 860
854 868
854 864
855 856
855 857
855 858
855 859
855 867
855 862
855 861
855 866
855 869
855 863
856 857
856 858
856 859
856 861
856 868
856 862
857 858
857 859
857 861
857 866
858 859
858 865
858 860
858 864
859 865
859 863
859 862
859 864
860 861
860 862
860 863
860 864
860 865
860 866
860 867
860 868
860 869
860 873
860 877
860 876
861 862
861 863
861 864
861 865
861 866
861 867
861 868
861 869
861 874
861 879
862 863
862 864
862 865
862 866
862 867
862 868
862 869
862 873
862 876
862 879
863 864
863 865
863 866
863 867
863 868
863 869
863 874
863 879
863 877
864 865
864 866
864 867
864 868
864 869
864 873
864 876
864 878
864 877
865 866
865 867
865 868
865 869
865 879
865 872
866 867
866 868
866 869
866 873
866 874
867 868
867 869
867 873
867 872
867 879
868 869
868 875
868 873
868 879
869 876
869 878
869 871
869 877
870 871
870 872
870 873
870 874
870 875
870 876
870 877
870 878
870 879
870 881
870 884
870 886
871 872
871 873
871 874
871 875
871 876
871 877
871 878
871 879
871 884
871 881
871 880
871 888
871 882
872 873
872 874
872 875
872 876
872 877
872 878
872 879
872 886
872 885
873 874
873 875
873 876
873 877
873 878
873 879
873 882
873 888
874 875
874 876
874 877
874 878
874 879
874 880
875 876
875 877
875 878
875 879
875 882
875 885
875 886
875 889
876 877
876 878
876 879
876 884
876 881
877 878
877 879
877 881
877 880
877 883
877 884
878 879
878 887
878 885
878 882
879 886
879 888
879 884
879 881
879 887
879 883
879 889
880 881
880 882
880 883
880 884
880 885
880 886
880 887
880 888
880 889
880 894
881 882
881 883
881 884
881 885
881 886
881 887
881 888
881 889
881 898
881 896
881 895
881 897
882 883
882 884
882 885
882 886
882 887
882 888
882 889
882 894
882 896
882 895
882 898
882 897
883 884
883 885
883 886
883 887
883 888
883 889
883 891
883 898
883 893
883 894
884 885
884 886
884 887
884 888
884 889
884 898
884 895
885 886
885 887
885 888
885 889
885 899
885 895
886 887
886 888
886 889
886 895
886 890
886 897
887 888
887 889
887 891
887 897
887 898
887 896
887 899
887 890
888 889
888 894
888 892
888 899
888 895
888 896
889 894
889 899
890 891
890 892
890 893
890 894
890 895
890 896
890 897
890 898
890 899
890 900
890 908
890 905
891 892
891 893
891 894
891 895
891 896
891 897
891 898
891 899
891 901
892 893
892 894
892 895
892 896
892 897
892 898
892 899
892 903
892 904
892 907
892 906
892 900
892 909
893 894
893 895
893 896
893 897
893 898
893 899
893 904
893 900
893 907
894 895
894 896
894 897
894 898
894 899
894 908
895 896
895 897
895 898
895 899
895 908
895 900
895 909
896 897
896 898
896 899
896 908
896 902
896 909
896 905
896 904
896 907
896 901
897 898
897 899
897 906
897 901
897 907
898 899
898 907
898 905
898 902
898 906
898 901
899 902
899 904
899 905
900 901
900 902
900 903
900 904
900 905
900 906
900 907
900 908
900 909
900 918
900 915
900 913
900 910
900 912
900 917
900 916
900 911
901 902
901 903
901 904
901 905
901 906
901 907
901 908
901 909
901 916
901 917
901 919
901 915
902 903
902 904
902 905
902 906
902 907
902 908
902 909
902 919
902 916
903 904
903 905
903 906
903 907
903 908
903 909
903 918
903 912
903 913
903 915
904 905
904 906
904 907
904 908
904 909
904 910
904 915
904 912
905 906
905 907
905 908
905 909
905 912
905 914
905 917
905 918
906 907
906 908
906 909
906 911
907 908
907 909
907 910
907 911
907 914
908 909
908 915
908 919
908 917
909 912
910 911
910 912
910 913
910 914
910 915
910 916
910 917
910 918
910 919
910 924
910 922
910 923
911 912
911 913
911 914
911 915
911 916
911 917
911 918
911 919
911 923
911 928
911 924
911 927
912 913
912 914
912 915
912 916
912 917
912 918
912 919
912 920
912 921
912 923
912 927
913 914
913 915
913 916
913 917
913 918
913 919
913 922
913 925
913 923
913 929
914 915
914 916
914 917
914 918
914 919
914 921
914 928
914 922
914 927
915 916
915 917
915 918
915 919
915 923
915 921
916 917
916 918
916 919
916 927
916 921
917 918
917 919
917 920
917 928
918 919
918 924
918 920
918 929
918 923
919 924
919 929
919 925
920 921
920 922
920 923
920 924
920 925
920 926
920 927
920 928
920 929
920 933
920 935
921 922
921 923
921 924
921 925
921 926
921 927
921 928
921 929
921 930
922 923
922 924
922 925
922 926
922 927
922 928
922 929
922 932
922 936
923 924
923 925
923 926
923 927
923 928
923 929
923 930
923 939
923 936
924 925
924 926
924 927
924 928
924 929
924 938
924 934
924 936
924 939
924 931
925 926
925 927
925 928
925 929
925 932
925 936
925 935
925 934
925 933
926 927
926 928
926 929
926 936
927 928
927 929
927 932
927 933
928 929
928 939
928 930
928 936
928 937
928 931
929 938
929 932
929 933
929 936
929 930
929 939
930 931
930 932
930 933
930 934
930 935
930 936
930 937
930 938
930 939
930 940
930 949
931 932
931 933
931 934
931 935
931 936
931 937
931 938
931 939
931 946
931 941
931 947
931 943
931 940
932 933
932 934
932 935
932 936
932 937
932 938
932 939
932 946
932 942
932 945
932 944
933 934
933 935
933 936
933 937
933 938
933 939
933 943
933 944
933 940
934 935
934 936
934 937
934 938
934 939
934 943
934 948
935 936
935 937
935 938
935 939
935 943
935 944
935 947
935 948
936 937
936 938
936 939
936 944
936 943
936 941
937 938
937 939
937 946
937 947
937 945
938 939
938 945
938 942
938 943
939 943
939 949
939 942
940 941
940 942
940 943
940 944
940 945
940 946
940 947
940 948
940 949
940 957
940 956
940 958
941 942
941 943
941 944
941 945
941 946
941 947
941 948
941 949
941 958
941 959
941 950
941 956
942 943
942 944
942 945
942 946
942 947
942 948
942 949
942 951
942 957
943 944
943 945
943 946
943 947
943 948
943 949
943 956
943 952
944 945
944 946
944 947
944 948
944 949
944 955
944 950
945 946
945 947
945 948
945 949
945 952
945 958
945 956
945 951
946 947
946 948
946 949
946 956
946 952
946 958
947 948
947 949
947 950
947 951
947 957
947 954
948 949
948 953
948 957
948 955
949 954
949 956
949 955
950 951
950 952
950 953
950 954
950 955
950 956
950 957
950 958
950 959
951 952
951 953
951 954
951 955
951 956
951 957
951 958
951 959
951 965
951 967
951 964
951 969
951 966
952 953
952 954
952 955
952 956
952 957
952 958
952 959
952 964
952 969
953 954
953 955
953 956
953 957
953 958
953 959
953 965
953 964
953 962
954 955
954 956
954 957
954 958
954 959
954 969
955 956
955 957
955 958
955 959
955 969
955 963
955 960
955 968
955 962
956 957
956 958
956 959
956 968
956 964
956 965
956 969
956 966
956 961
957 958
957 959
957 967
957 964
957 962
957 960
958 959
958 961
958 960
958 969
958 965
959 966
959 961
959 964
959 968
959 969
960 961
960 962
960 963
960 964
960 965
960 966
960 967
960 968
960 969
960 978
960 975
960 979
960 971
961 962
961 963
961 964
961 965
961 966
961 967
961 968
961 969
961 972
961 970
961 977
961 975
962 963
962 964
962 965
962 966
962 967
962 968
962 969
962 975
962 979
962 972
963 964
963 965
963 966
963 967
963 968
963 969
963 975
963 973
964 965
964 966
964 967
964 968
964 969
964 976
964 975
964 971
965 966
965 967
965 968
965 969
965 973
965 978
965 974
966 967
966 968
966 969
966 975
966 972
966 971
966 977
967 968
967 969
967 976
967 975
968 969
968 974
968 978
968 977
969 976
969 972
969 978
969 971
969 973
969 977
969 979
970 971
970 972
970 973
970 974
970 975
970 976
970 977
970 978
970 979
970 984
970 982
970 981
970 985
971 972
971 973
971 974
971 975
971 976
971 977
971 978
971 979
971 981
971 982
971 984
971 986
972 973
972 974
972 975
972 976
972 977
972 978
972 979
972 980
972 986
972 983
973 974
973 975
973 976
973 977
973 978
973 979
973 984
973 981
973 985
974 975
974 976
974 977
974 978
974 979
974 986
974 982
974 984
974 981
975 976
975 977
975 978
975 979
975 982
975 980
976 977
976 978
976 979
976 982
976 985
976 980
976 988
977 978
977 979
977 988
977 982
977 986
978 979
978 985
978 984
978 987
978 988
978 981
979 988
979 985
979 982
980 981
980 982
980 983
980 984
980 985
980 986
980 987
980 988
980 989
980 999
980 990
980 994
981 982
981 983
981 984
981 985
981 986
981 987
981 988
981 989
981 991
981 995
982 983
982 984
982 985
982 986
982 987
982 988
982 989
982 998
982 999
982 991
982 993
983 984
983 985
983 986
983 987
983 988
983 989
983 998
983 993
984 985
984 986
984 987
984 988
984 989
984 995
984 996
984 990
984 992
985 986
985 987
985 988
985 989
985 998
985 993
986 987
986 988
986 989
986 992
986 995
986 991
986 998
986 999
986 994
987 988
987 989
987 991
987 994
987 993
988 989
988 995
988 994
989 998
989 996
989 999
989 995
989 994
990 991
990 992
990 993
990 994
990 995
990 996
990 997
990 998
990 999
991 992
991 993
991 994
991 995
991 996
991 997
991 998
991 999
992 993
992 994
992 995
992 996
992 997
992 998
992 999
993 994
993 995
993 996
993 997
993 998
993 999
994 995
994 996
994 997
994 998
994 999
995 996
995 997
995 998
995 999
996 997
996 998
996 999
997 998
997 999
998 999
