0 1
0 2
0 3
0 4
0 5
0 6
0 7
0 8
0 9
0 10
0 17
0 18
0 14
0 19
1 2
1 3
1 4
1 5
1 6
1 7
1 8
1 9
1 19
2 3
2 4
2 5
2 6
2 7
2 8
2 9
2 16
2 15
3 4
3 5
3 6
3 7
3 8
3 9
3 16
4 5
4 6
4 7
4 8
4 9
4 15
4 14
4 17
4 11
5 6
5 7
5 8
5 9
5 18
5 14
5 12
5 19
5 10
6 7
6 8
6 9
6 14
6 17
6 16
6 10
6 11
7 8
7 9
7 16
7 14
8 9
8 10
9 18
9 10
9 12
9 14
9 16
10 11
10 12
10 13
10 14
10 15
10 16
10 17
10 18
10 19
10 22
10 26
10 21
10 25
10 20
10 27
11 12
11 13
11 14
11 15
11 16
11 17
11 18
11 19
11 27
11 21
12 13
12 14
12 15
12 16
12 17
12 18
12 19
12 23
13 14
13 15
13 16
13 17
13 18
13 19
13 27
13 25
13 22
14 15
14 16
14 17
14 18
14 19
14 22
14 27
14 21
15 16
15 17
15 18
15 19
15 20
15 22
15 26
15 23
16 17
16 18
16 19
16 23
16 28
16 22
17 18
17 19
17 25
17 22
17 21
17 27
17 29
17 26
17 24
18 19
18 21
18 23
19 29
19 26
20 21
20 22
20 23
20 24
20 25
20 26
20 27
20 28
20 29
20 36
21 22
21 23
21 24
21 25
21 26
21 27
21 28
21 29
21 39
22 23
22 24
22 25
22 26
22 27
22 28
22 29
22 31
22 33
22 30
22 37
23 24
23 25
23 26
23 27
23 28
23 29
23 30
23 36
23 38
23 34
23 33
24 25
24 26
24 27
24 28
24 29
24 37
24 32
25 26
25 27
25 28
25 29
25 32
25 39
26 27
26 28
26 29
26 34
26 32
26 36
26 33
26 37
26 35
27 28
27 29
27 37
27 34
27 38
27 32
27 39
27 33
28 29
28 39
28 33
28 34
28 36
29 36
29 34
29 32
29 37
30 31
30 32
30 33
30 34
30 35
30 36
30 37
30 38
30 39
30 46
30 49
31 32
31 33
31 34
31 35
31 36
31 37
31 38
31 39
31 45
31 42
31 41
31 43
31 48
32 33
32 34
32 35
32 36
32 37
32 38
32 39
32 46
32 41
32 48
32 47
33 34
33 35
33 36
33 37
33 38
33 39
33 42
33 47
33 46
34 35
34 36
34 37
34 38
34 39
34 42
34 43
34 41
34 48
34 40
35 36
35 37
35 38
35 39
35 46
35 40
36 37
36 38
36 39
36 45
36 46
36 43
37 38
37 39
37 43
37 44
37 49
37 46
38 39
38 48
38 45
39 48
39 46
39 47
40 41
40 42
40 43
40 44
40 45
40 46
40 47
40 48
40 49
40 59
40 56
40 53
40 55
41 42
41 43
41 44
41 45
41 46
41 47
41 48
41 49
41 56
41 53
41 58
42 43
42 44
42 45
42 46
42 47
42 48
42 49
42 59
42 58
42 51
42 54
42 52
43 44
43 45
43 46
43 47
43 48
43 49
43 55
43 51
43 59
43 58
44 45
44 46
44 47
44 48
44 49
44 53
44 58
44 56
45 46
45 47
45 48
45 49
45 54
46 47
46 48
46 49
46 59
47 48
47 49
47 58
47 53
47 50
47 57
47 52
48 49
48 52
48 55
48 54
48 53
48 50
48 57
49 55
50 51
50 52
50 53
50 54
50 55
50 56
50 57
50 58
50 59
50 60
50 67
51 52
51 53
51 54
51 55
51 56
51 57
51 58
51 59
51 64
51 65
51 68
51 66
51 61
52 53
52 54
52 55
52 56
52 57
52 58
52 59
52 60
52 64
52 67
52 62
53 54
53 55
53 56
53 57
53 58
53 59
53 61
53 68
54 55
54 56
54 57
54 58
54 59
54 66
54 62
54 69
54 60
54 63
55 56
55 57
55 58
55 59
55 68
55 66
55 64
56 57
56 58
56 59
56 65
56 69
57 58
57 59
57 69
57 66
57 65
57 63
57 67
58 59
58 67
58 64
58 62
59 61
59 69
59 66
60 61
60 62
60 63
60 64
60 65
60 66
60 67
60 68
60 69
60 75
60 79
61 62
61 63
61 64
61 65
61 66
61 67
61 68
61 69
61 79
61 77
61 73
61 70
62 63
62 64
62 65
62 66
62 67
62 68
62 69
62 74
62 70
62 79
62 73
62 78
63 64
63 65
63 66
63 67
63 68
63 69
63 70
63 72
64 65
64 66
64 67
64 68
64 69
64 72
64 74
64 76
65 66
65 67
65 68
65 69
65 74
65 77
65 78
66 67
66 68
66 69
66 79
66 74
66 78
66 70
67 68
67 69
67 74
67 79
67 71
67 70
68 69
68 77
69 74
69 71
69 72
69 73
69 70
69 77
70 71
70 72
70 73
70 74
70 75
70 76
70 77
70 78
70 79
70 87
70 83
70 82
70 85
71 72
71 73
71 74
71 75
71 76
71 77
71 78
71 79
71 88
71 84
71 83
71 86
71 89
71 87
71 80
72 73
72 74
72 75
72 76
72 77
72 78
72 79
72 81
72 82
72 80
72 84
73 74
73 75
73 76
73 77
73 78
73 79
73 87
73 80
73 81
74 75
74 76
74 77
74 78
74 79
74 85
75 76
75 77
75 78
75 79
75 85
75 86
76 77
76 78
76 79
76 87
76 82
77 78
77 79
77 86
77 85
77 81
77 88
77 89
78 79
78 86
78 81
78 84
79 81
79 88
79 80
79 85
80 81
80 82
80 83
80 84
80 85
80 86
80 87
80 88
80 89
80 96
80 94
80 95
80 91
80 99
80 93
81 82
81 83
81 84
81 85
81 86
81 87
81 88
81 89
81 92
81 98
81 94
81 93
82 83
82 84
82 85
82 86
82 87
82 88
82 89
82 99
83 84
83 85
83 86
83 87
83 88
83 89
83 93
83 90
84 85
84 86
84 87
84 88
84 89
84 94
84 92
85 86
85 87
85 88
85 89
85 96
85 95
85 94
85 90
86 87
86 88
86 89
86 93
87 88
87 89
87 96
87 95
87 98
87 93
88 89
88 90
88 93
89 90
89 95
89 96
89 94
90 91
90 92
90 93
90 94
90 95
90 96
90 97
90 98
90 99
90 108
90 104
90 103
91 92
91 93
91 94
91 95
91 96
91 97
91 98
91 99
91 106
91 107
91 100
91 105
91 102
92 93
92 94
92 95
92 96
92 97
92 98
92 99
92 104
92 107
93 94
93 95
93 96
93 97
93 98
93 99
93 106
94 95
94 96
94 97
94 98
94 99
94 107
94 103
94 100
95 96
95 97
95 98
95 99
95 106
95 105
95 109
96 97
96 98
96 99
96 106
96 103
96 100
97 98
97 99
97 106
97 102
97 107
98 99
98 104
98 101
98 103
99 101
99 106
99 100
99 107
100 101
100 102
100 103
100 104
100 105
100 106
100 107
100 108
100 109
100 116
100 114
100 113
100 110
100 112
101 102
101 103
101 104
101 105
101 106
101 107
101 108
101 109
101 114
101 115
101 113
102 103
102 104
102 105
102 106
102 107
102 108
102 109
102 111
102 115
102 118
103 104
103 105
103 106
103 107
103 108
103 109
103 113
103 111
103 115
103 117
104 105
104 106
104 107
104 108
104 109
104 118
105 106
105 107
105 108
105 109
105 118
105 115
105 116
105 112
105 114
106 107
106 108
106 109
106 114
107 108
107 109
107 115
107 114
107 119
107 116
107 117
107 118
108 109
108 114
109 119
109 114
110 111
110 112
110 113
110 114
110 115
110 116
110 117
110 118
110 119
110 121
110 126
110 124
110 122
110 125
111 112
111 113
111 114
111 115
111 116
111 117
111 118
111 119
111 123
111 127
111 125
112 113
112 114
112 115
112 116
112 117
112 118
112 119
112 125
112 126
113 114
113 115
113 116
113 117
113 118
113 119
113 125
113 123
113 127
114 115
114 116
114 117
114 118
114 119
114 123
114 122
114 128
114 121
114 129
115 116
115 117
115 118
115 119
115 121
115 125
115 127
115 120
116 117
116 118
116 119
116 121
116 124
116 127
116 122
117 118
117 119
117 122
118 119
118 125
118 122
118 127
118 121
118 123
119 123
119 125
119 129
119 124
119 127
120 121
120 122
120 123
120 124
120 125
120 126
120 127
120 128
120 129
120 136
120 135
121 122
121 123
121 124
121 125
121 126
121 127
121 128
121 129
121 139
121 138
121 134
122 123
122 124
122 125
122 126
122 127
122 128
122 129
122 137
122 135
122 133
122 136
122 130
123 124
123 125
123 126
123 127
123 128
123 129
123 133
123 135
123 137
123 136
123 134
124 125
124 126
124 127
124 128
124 129
124 134
124 135
124 132
124 130
124 131
124 138
125 126
125 127
125 128
125 129
125 135
125 139
126 127
126 128
126 129
126 131
126 137
126 133
127 128
127 129
127 135
127 130
127 138
127 133
128 129
129 136
129 131
129 135
129 138
130 131
130 132
130 133
130 134
130 135
130 136
130 137
130 138
130 139
130 143
130 142
130 149
131 132
131 133
131 134
131 135
131 136
131 137
131 138
131 139
131 141
131 142
131 143
132 133
132 134
132 135
132 136
132 137
132 138
132 139
132 147
132 146
132 148
133 134
133 135
133 136
133 137
133 138
133 139
133 145
133 140
133 144
133 147
134 135
134 136
134 137
134 138
134 139
134 145
134 142
134 149
134 144
134 141
135 136
135 137
135 138
135 139
135 143
135 144
135 146
135 145
136 137
136 138
136 139
136 148
136 140
136 142
136 141
137 138
137 139
137 145
137 146
137 142
138 139
138 149
139 147
139 148
140 141
140 142
140 143
140 144
140 145
140 146
140 147
140 148
140 149
140 152
140 153
140 156
140 151
140 158
141 142
141 143
141 144
141 145
141 146
141 147
141 148
141 149
141 153
141 157
141 156
142 143
142 144
142 145
142 146
142 147
142 148
142 149
142 151
142 152
142 158
142 159
143 144
143 145
143 146
143 147
143 148
143 149
143 153
143 152
144 145
144 146
144 147
144 148
144 149
144 151
144 157
144 150
144 155
144 156
145 146
145 147
145 148
145 149
146 147
146 148
146 149
146 157
146 158
146 154
146 152
146 151
146 155
147 148
147 149
147 153
147 158
148 149
148 157
148 155
148 158
149 150
149 152
149 154
149 158
150 151
150 152
150 153
150 154
150 155
150 156
150 157
150 158
150 159
150 165
150 162
150 169
151 152
151 153
151 154
151 155
151 156
151 157
151 158
151 159
151 164
151 161
151 160
151 165
151 162
152 153
152 154
152 155
152 156
152 157
152 158
152 159
152 160
152 169
152 162
153 154
153 155
153 156
153 157
153 158
153 159
153 169
153 168
153 166
154 155
154 156
154 157
154 158
154 159
154 169
154 160
155 156
155 157
155 158
155 159
155 164
155 166
155 168
155 163
156 157
156 158
156 159
156 162
156 160
156 168
156 164
157 158
157 159
157 167
157 164
157 168
157 160
157 163
157 161
158 159
158 161
158 163
159 167
159 168
160 161
160 162
160 163
160 164
160 165
160 166
160 167
160 168
160 169
160 173
160 175
160 179
160 174
161 162
161 163
161 164
161 165
161 166
161 167
161 168
161 169
161 173
161 171
162 163
162 164
162 165
162 166
162 167
162 168
162 169
162 177
162 179
162 172
162 175
162 170
163 164
163 165
163 166
163 167
163 168
163 169
163 173
163 178
164 165
164 166
164 167
164 168
164 169
164 176
164 172
164 173
164 175
164 178
165 166
165 167
165 168
165 169
165 177
165 179
165 178
166 167
166 168
166 169
166 177
166 178
167 168
167 169
167 178
167 170
167 171
167 173
167 177
168 169
168 172
168 171
169 174
169 173
170 171
170 172
170 173
170 174
170 175
170 176
170 177
170 178
170 179
170 189
170 184
170 183
170 186
170 187
171 172
171 173
171 174
171 175
171 176
171 177
171 178
171 179
171 182
171 189
171 186
172 173
172 174
172 175
172 176
172 177
172 178
172 179
172 186
172 185
172 188
172 187
173 174
173 175
173 176
173 177
173 178
173 179
173 181
173 180
173 188
174 175
174 176
174 177
174 178
174 179
174 182
174 180
174 186
174 184
174 188
175 176
175 177
175 178
175 179
175 189
175 187
175 180
175 182
176 177
176 178
176 179
176 182
177 178
177 179
177 181
177 183
178 179
178 181
178 189
178 187
178 185
178 183
179 188
179 184
179 185
179 181
180 181
180 182
180 183
180 184
180 185
180 186
180 187
180 188
180 189
180 196
180 199
181 182
181 183
181 184
181 185
181 186
181 187
181 188
181 189
181 192
181 190
181 197
182 183
182 184
182 185
182 186
182 187
182 188
182 189
182 190
182 196
182 194
183 184
183 185
183 186
183 187
183 188
183 189
183 197
183 194
184 185
184 186
184 187
184 188
184 189
184 197
184 192
185 186
185 187
185 188
185 189
185 193
185 195
185 192
185 199
185 196
186 187
186 188
186 189
186 199
186 192
186 195
187 188
187 189
187 195
187 191
188 189
188 194
188 190
188 192
188 195
189 195
189 193
189 198
189 196
189 192
189 199
189 194
190 191
190 192
190 193
190 194
190 195
190 196
190 197
190 198
190 199
190 206
190 204
190 209
191 192
191 193
191 194
191 195
191 196
191 197
191 198
191 199
191 206
191 202
191 203
192 193
192 194
192 195
192 196
192 197
192 198
192 199
192 207
192 200
193 194
193 195
193 196
193 197
193 198
193 199
193 207
193 208
194 195
194 196
194 197
194 198
194 199
194 202
194 207
194 209
194 204
194 208
194 206
195 196
195 197
195 198
195 199
195 207
195 205
195 208
195 209
196 197
196 198
196 199
196 207
196 204
196 208
197 198
197 199
197 206
197 203
198 199
198 205
198 201
198 208
199 205
199 204
199 203
199 209
199 200
200 201
200 202
200 203
200 204
200 205
200 206
200 207
200 208
200 209
200 215
200 217
201 202
201 203
201 204
201 205
201 206
201 207
201 208
201 209
201 215
201 219
201 213
201 216
201 210
202 203
202 204
202 205
202 206
202 207
202 208
202 209
202 211
202 216
203 204
203 205
203 206
203 207
203 208
203 209
203 215
203 212
203 213
203 210
203 214
204 205
204 206
204 207
204 208
204 209
204 214
204 217
205 206
205 207
205 208
205 209
205 215
205 211
205 218
206 207
206 208
206 209
206 215
206 213
206 217
206 210
207 208
207 209
207 216
207 212
207 214
208 209
208 212
208 213
208 216
208 210
208 219
209 216
209 214
209 218
209 213
210 211
210 212
210 213
210 214
210 215
210 216
210 217
210 218
210 219
210 221
210 225
210 227
211 212
211 213
211 214
211 215
211 216
211 217
211 218
211 219
211 220
211 224
212 213
212 214
212 215
212 216
212 217
212 218
212 219
212 225
212 228
212 221
212 223
212 229
213 214
213 215
213 216
213 217
213 218
213 219
213 221
213 220
213 229
214 215
214 216
214 217
214 218
214 219
214 220
214 223
214 229
214 225
215 216
215 217
215 218
215 219
215 221
215 228
215 220
215 222
216 217
216 218
216 219
216 221
216 226
216 223
217 218
217 219
217 220
217 225
217 229
218 219
218 225
218 222
219 220
219 222
219 227
219 226
219 225
219 221
219 229
220 221
220 222
220 223
220 224
220 225
220 226
220 227
220 228
220 229
220 234
220 231
220 238
220 237
220 230
220 239
221 222
221 223
221 224
221 225
221 226
221 227
221 228
221 229
221 232
221 231
222 223
222 224
222 225
222 226
222 227
222 228
222 229
222 239
222 231
222 233
222 230
223 224
223 225
223 226
223 227
223 228
223 229
223 232
223 239
224 225
224 226
224 227
224 228
224 229
224 236
224 232
224 230
225 226
225 227
225 228
225 229
225 239
225 233
225 236
226 227
226 228
226 229
227 228
227 229
227 239
227 232
227 237
227 238
227 230
228 229
228 234
228 235
229 231
229 236
229 232
229 235
229 237
230 231
230 232
230 233
230 234
230 235
230 236
230 237
230 238
230 239
230 244
230 245
230 242
231 232
231 233
231 234
231 235
231 236
231 237
231 238
231 239
231 240
231 241
232 233
232 234
232 235
232 236
232 237
232 238
232 239
232 241
232 249
232 247
233 234
233 235
233 236
233 237
233 238
233 239
233 245
233 247
233 240
233 242
234 235
234 236
234 237
234 238
234 239
234 240
234 241
234 244
234 242
234 249
235 236
235 237
235 238
235 239
235 244
235 240
235 246
236 237
236 238
236 239
236 245
236 240
236 242
236 246
236 249
236 243
237 238
237 239
237 245
237 242
237 249
238 239
238 240
238 248
238 242
239 240
239 243
239 242
240 241
240 242
240 243
240 244
240 245
240 246
240 247
240 248
240 249
240 257
240 256
240 253
240 255
241 242
241 243
241 244
241 245
241 246
241 247
241 248
241 249
241 254
241 255
241 251
241 258
242 243
242 244
242 245
242 246
242 247
242 248
242 249
242 251
242 259
242 255
242 252
242 256
243 244
243 245
243 246
243 247
243 248
243 249
243 251
243 254
243 252
243 256
243 253
243 258
244 245
244 246
244 247
244 248
244 249
244 250
244 253
244 252
244 259
244 258
244 255
245 246
245 247
245 248
245 249
245 254
245 255
245 251
246 247
246 248
246 249
247 248
247 249
247 252
247 258
248 249
248 258
248 250
248 259
249 250
249 259
250 251
250 252
250 253
250 254
250 255
250 256
250 257
250 258
250 259
250 266
250 260
250 265
251 252
251 253
251 254
251 255
251 256
251 257
251 258
251 259
251 267
251 269
251 265
251 264
252 253
252 254
252 255
252 256
252 257
252 258
252 259
252 260
252 267
252 264
253 254
253 255
253 256
253 257
253 258
253 259
253 266
253 263
253 264
253 265
254 255
254 256
254 257
254 258
254 259
254 266
254 260
254 265
255 256
255 257
255 258
255 259
255 265
255 266
255 269
256 257
256 258
256 259
256 268
257 258
257 259
257 266
257 265
257 268
257 261
258 259
258 262
258 265
258 261
259 260
259 261
259 266
259 264
260 261
260 262
260 263
260 264
260 265
260 266
260 267
260 268
260 269
260 275
260 277
260 279
260 270
260 274
260 271
261 262
261 263
261 264
261 265
261 266
261 267
261 268
261 269
261 274
262 263
262 264
262 265
262 266
262 267
262 268
262 269
262 277
262 274
262 272
262 276
262 275
262 279
262 271
263 264
263 265
263 266
263 267
263 268
263 269
263 275
263 277
264 265
264 266
264 267
264 268
264 269
264 278
265 266
265 267
265 268
265 269
265 274
265 279
265 272
266 267
266 268
266 269
266 273
267 268
267 269
267 274
267 272
267 270
267 277
267 273
268 269
269 270
269 279
269 275
269 271
269 278
269 273
269 274
270 271
270 272
270 273
270 274
270 275
270 276
270 277
270 278
270 279
270 284
270 286
270 285
270 282
271 272
271 273
271 274
271 275
271 276
271 277
271 278
271 279
271 281
271 282
271 284
272 273
272 274
272 275
272 276
272 277
272 278
272 279
272 287
272 282
272 288
272 289
272 281
273 274
273 275
273 276
273 277
273 278
273 279
273 285
273 282
274 275
274 276
274 277
274 278
274 279
274 280
274 283
274 284
274 281
275 276
275 277
275 278
275 279
275 288
275 287
275 283
275 289
276 277
276 278
276 279
276 283
276 289
277 278
277 279
277 283
277 287
278 279
278 288
278 284
278 280
278 282
279 282
279 280
279 287
279 289
280 281
280 282
280 283
280 284
280 285
280 286
280 287
280 288
280 289
280 297
280 293
280 298
281 282
281 283
281 284
281 285
281 286
281 287
281 288
281 289
281 290
281 291
282 283
282 284
282 285
282 286
282 287
282 288
282 289
282 298
282 293
283 284
283 285
283 286
283 287
283 288
283 289
283 290
283 298
283 296
283 299
284 285
284 286
284 287
284 288
284 289
284 295
284 292
284 291
284 290
285 286
285 287
285 288
285 289
285 295
285 293
285 299
285 291
285 297
286 287
286 288
286 289
286 296
287 288
287 289
287 299
287 292
287 295
287 298
288 289
288 292
288 296
288 293
288 294
289 297
289 292
289 296
289 294
289 299
290 291
290 292
290 293
290 294
290 295
290 296
290 297
290 298
290 299
290 300
290 304
290 301
291 292
291 293
291 294
291 295
291 296
291 297
291 298
291 299
291 304
291 309
291 308
291 305
292 293
292 294
292 295
292 296
292 297
292 298
292 299
292 300
292 308
292 303
293 294
293 295
293 296
293 297
293 298
293 299
293 303
293 309
293 302
293 304
293 300
293 301
294 295
294 296
294 297
294 298
294 299
295 296
295 297
295 298
295 299
295 304
295 300
295 302
295 303
296 297
296 298
296 299
296 308
296 305
296 300
296 309
296 301
297 298
297 299
297 309
297 305
297 302
297 307
297 300
298 299
298 303
298 301
298 300
300 301
300 302
300 303
300 304
300 305
300 306
300 307
300 308
300 309
300 319
300 310
300 314
300 311
301 302
301 303
301 304
301 305
301 306
301 307
301 308
301 309
301 312
301 314
301 318
301 319
301 315
302 303
302 304
302 305
302 306
302 307
302 308
302 309
302 317
302 315
303 304
303 305
303 306
303 307
303 308
303 309
303 312
303 313
303 317
303 318
304 305
304 306
304 307
304 308
304 309
304 314
304 316
304 313
305 306
305 307
305 308
305 309
305 314
305 319
305 310
305 315
305 317
305 313
306 307
306 308
306 309
306 314
306 311
307 308
307 309
307 311
307 318
307 317
308 309
308 314
309 310
309 312
309 311
309 317
309 318
310 311
310 312
310 313
310 314
310 315
310 316
310 317
310 318
310 319
310 322
310 327
310 326
311 312
311 313
311 314
311 315
311 316
311 317
311 318
311 319
311 320
311 327
311 324
312 313
312 314
312 315
312 316
312 317
312 318
312 319
312 329
312 323
313 314
313 315
313 316
313 317
313 318
313 319
313 321
314 315
314 316
314 317
314 318
314 319
314 323
314 320
314 325
314 322
314 328
315 316
315 317
315 318
315 319
315 325
315 329
315 321
316 317
316 318
316 319
316 320
316 322
316 324
316 325
316 321
317 318
317 319
317 326
317 322
318 319
318 321
318 329
318 328
318 327
319 329
319 324
319 327
319 320
320 321
320 322
320 323
320 324
320 325
320 326
320 327
320 328
320 329
320 332
320 331
320 338
320 339
320 330
321 322
321 323
321 324
321 325
321 326
321 327
321 328
321 329
321 338
321 332
322 323
322 324
322 325
322 326
322 327
322 328
322 329
322 331
322 339
322 337
322 334
322 336
322 335
323 324
323 325
323 326
323 327
323 328
323 329
324 325
324 326
324 327
324 328
324 329
324 332
324 331
324 334
324 339
325 326
325 327
325 328
325 329
325 332
325 337
325 335
325 336
325 330
325 338
326 327
326 328
326 329
326 339
326 337
326 335
327 328
327 329
327 333
327 335
328 329
328 330
328 338
329 330
330 331
330 332
330 333
330 334
330 335
330 336
330 337
330 338
330 339
330 341
330 340
330 348
331 332
331 333
331 334
331 335
331 336
331 337
331 338
331 339
331 343
331 344
331 346
331 342
332 333
332 334
332 335
332 336
332 337
332 338
332 339
332 346
332 347
332 349
332 348
333 334
333 335
333 336
333 337
333 338
333 339
333 344
333 340
333 341
333 346
333 349
334 335
334 336
334 337
334 338
334 339
334 349
334 344
335 336
335 337
335 338
335 339
335 347
335 342
336 337
336 338
336 339
336 344
336 345
336 347
337 338
337 339
337 344
337 343
337 342
338 339
338 348
338 344
338 346
338 343
338 345
339 343
339 342
340 341
340 342
340 343
340 344
340 345
340 346
340 347
340 348
340 349
340 358
340 351
340 357
340 353
341 342
341 343
341 344
341 345
341 346
341 347
341 348
341 349
341 352
341 354
341 356
342 343
342 344
342 345
342 346
342 347
342 348
342 349
342 356
342 351
342 358
342 359
343 344
343 345
343 346
343 347
343 348
343 349
343 357
343 350
344 345
344 346
344 347
344 348
344 349
344 355
344 358
344 356
345 346
345 347
345 348
345 349
345 350
345 359
345 353
345 358
346 347
346 348
346 349
346 353
346 352
346 357
346 358
347 348
347 349
347 352
347 353
347 350
348 349
348 351
348 353
348 350
348 355
349 352
349 355
350 351
350 352
350 353
350 354
350 355
350 356
350 357
350 358
350 359
350 361
350 364
351 352
351 353
351 354
351 355
351 356
351 357
351 358
351 359
351 367
351 368
352 353
352 354
352 355
352 356
352 357
352 358
352 359
352 367
352 369
352 365
352 364
352 361
353 354
353 355
353 356
353 357
353 358
353 359
353 363
353 364
353 369
353 368
353 360
353 365
354 355
354 356
354 357
354 358
354 359
354 365
354 361
354 363
354 366
355 356
355 357
355 358
355 359
355 369
355 361
355 360
356 357
356 358
356 359
356 367
356 368
357 358
357 359
357 360
357 363
357 364
357 368
357 369
358 359
358 364
359 361
359 365
359 369
359 363
360 361
360 362
360 363
360 364
360 365
360 366
360 367
360 368
360 369
360 375
360 370
360 378
361 362
361 363
361 364
361 365
361 366
361 367
361 368
361 369
361 373
361 370
362 363
362 364
362 365
362 366
362 367
362 368
362 369
362 374
362 378
362 376
362 371
363 364
363 365
363 366
363 367
363 368
363 369
363 373
363 374
363 370
364 365
364 366
364 367
364 368
364 369
364 372
365 366
365 367
365 368
365 369
365 377
365 375
365 372
365 371
366 367
366 368
366 369
366 370
366 378
367 368
367 369
367 370
367 372
367 373
368 369
368 374
368 372
368 373
368 379
368 377
368 375
369 376
369 374
369 373
370 371
370 372
370 373
370 374
370 375
370 376
370 377
370 378
370 379
370 388
371 372
371 373
371 374
371 375
371 376
371 377
371 378
371 379
371 383
371 388
371 382
372 373
372 374
372 375
372 376
372 377
372 378
372 379
372 380
372 383
373 374
373 375
373 376
373 377
373 378
373 379
373 389
373 382
373 384
373 380
373 383
373 385
374 375
374 376
374 377
374 378
374 379
374 382
374 383
374 384
374 387
375 376
375 377
375 378
375 379
375 387
375 380
376 377
376 378
376 379
376 382
376 380
376 385
376 388
376 386
377 378
377 379
377 388
378 379
378 380
378 383
378 388
378 389
379 381
379 382
379 383
380 381
380 382
380 383
380 384
380 385
380 386
380 387
380 388
380 389
380 391
380 395
381 382
381 383
381 384
381 385
381 386
381 387
381 388
381 389
381 392
381 390
382 383
382 384
382 385
382 386
382 387
382 388
382 389
382 390
382 399
382 394
382 391
382 393
383 384
383 385
383 386
383 387
383 388
383 389
383 395
383 399
383 391
383 392
384 385
384 386
384 387
384 388
384 389
384 395
384 392
384 399
384 398
385 386
385 387
385 388
385 389
385 399
385 392
385 393
385 397
385 394
385 391
386 387
386 388
386 389
386 393
386 398
386 396
387 388
387 389
387 395
387 399
387 396
387 392
387 398
388 389
388 392
389 392
390 391
390 392
390 393
390 394
390 395
390 396
390 397
390 398
390 399
390 400
390 408
391 392
391 393
391 394
391 395
391 396
391 397
391 398
391 399
391 407
391 402
392 393
392 394
392 395
392 396
392 397
392 398
392 399
392 405
392 401
392 408
392 406
392 404
393 394
393 395
393 396
393 397
393 398
393 399
393 400
393 409
393 405
393 408
394 395
394 396
394 397
394 398
394 399
394 402
394 405
394 404
394 401
395 396
395 397
395 398
395 399
395 406
395 400
395 407
395 403
396 397
396 398
396 399
396 406
396 404
396 401
396 408
397 398
397 399
397 400
398 399
398 404
398 405
398 402
398 400
399 406
399 400
400 401
400 402
400 403
400 404
400 405
400 406
400 407
400 408
400 409
400 418
400 419
400 411
401 402
401 403
401 404
401 405
401 406
401 407
401 408
401 409
401 415
401 410
401 419
402 403
402 404
402 405
402 406
402 407
402 408
402 409
402 416
402 414
402 411
402 410
403 404
403 405
403 406
403 407
403 408
403 409
403 410
403 412
403 419
404 405
404 406
404 407
404 408
404 409
404 415
404 411
404 418
405 406
405 407
405 408
405 409
405 410
405 418
405 417
406 407
406 408
406 409
406 415
406 414
406 416
406 411
407 408
407 409
407 412
407 414
407 416
407 418
408 409
408 419
408 418
408 417
409 410
409 419
410 411
410 412
410 413
410 414
410 415
410 416
410 417
410 418
410 419
410 424
410 421
410 427
411 412
411 413
411 414
411 415
411 416
411 417
411 418
411 419
411 427
411 421
411 429
411 428
412 413
412 414
412 415
412 416
412 417
412 418
412 419
412 429
412 423
413 414
413 415
413 416
413 417
413 418
413 419
413 420
413 422
413 424
413 421
414 415
414 416
414 417
414 418
414 419
414 421
414 425
415 416
415 417
415 418
415 419
415 426
415 425
415 422
416 417
416 418
416 419
416 422
416 420
416 428
416 427
416 426
417 418
417 419
417 422
417 425
417 427
418 419
418 423
418 426
418 425
418 424
419 424
419 429
419 422
419 420
419 425
420 421
420 422
420 423
420 424
420 425
420 426
420 427
420 428
420 429
420 434
420 439
420 432
421 422
421 423
421 424
421 425
421 426
421 427
421 428
421 429
421 435
421 431
421 433
422 423
422 424
422 425
422 426
422 427
422 428
422 429
422 435
422 432
422 433
422 431
422 434
423 424
423 425
423 426
423 427
423 428
423 429
423 436
423 432
423 438
423 435
424 425
424 426
424 427
424 428
424 429
424 432
424 431
425 426
425 427
425 428
425 429
425 432
425 439
425 430
426 427
426 428
426 429
426 437
426 432
426 434
427 428
427 429
427 435
427 430
427 431
427 436
427 437
428 429
428 431
428 432
428 438
428 430
428 436
429 432
429 431
429 434
430 431
430 432
430 433
430 434
430 435
430 436
430 437
430 438
430 439
430 446
430 447
430 440
430 441
431 432
431 433
431 434
431 435
431 436
431 437
431 438
431 439
431 447
431 448
431 440
432 433
432 434
432 435
432 436
432 437
432 438
432 439
432 441
432 446
432 443
432 448
432 442
432 449
433 434
433 435
433 436
433 437
433 438
433 439
433 449
433 442
433 448
434 435
434 436
434 437
434 438
434 439
434 440
434 447
434 449
434 444
435 436
435 437
435 438
435 439
435 442
435 447
435 445
436 437
436 438
436 439
436 440
436 443
436 448
437 438
437 439
437 446
437 441
437 448
437 444
437 445
438 439
438 447
438 445
438 444
439 448
440 441
440 442
440 443
440 444
440 445
440 446
440 447
440 448
440 449
440 456
440 450
440 455
440 453
440 454
440 459
441 442
441 443
441 444
441 445
441 446
441 447
441 448
441 449
441 455
441 457
442 443
442 444
442 445
442 446
442 447
442 448
442 449
442 452
442 450
442 453
443 444
443 445
443 446
443 447
443 448
443 449
443 459
443 458
443 450
444 445
444 446
444 447
444 448
444 449
444 457
444 456
444 453
445 446
445 447
445 448
445 449
445 456
445 450
445 454
446 447
446 448
446 449
446 452
446 451
446 454
447 448
447 449
447 457
447 455
448 449
448 453
448 459
448 455
448 450
449 453
450 451
450 452
450 453
450 454
450 455
450 456
450 457
450 458
450 459
450 469
450 463
450 468
450 461
451 452
451 453
451 454
451 455
451 456
451 457
451 458
451 459
451 466
451 463
451 465
451 469
451 464
452 453
452 454
452 455
452 456
452 457
452 458
452 459
452 463
453 454
453 455
453 456
453 457
453 458
453 459
453 465
453 461
453 464
453 468
454 455
454 456
454 457
454 458
454 459
454 460
454 468
455 456
455 457
455 458
455 459
455 461
456 457
456 458
456 459
456 462
456 469
456 465
456 461
457 458
457 459
457 463
457 467
457 468
458 459
458 469
458 461
458 467
458 463
458 462
459 463
459 465
459 461
460 461
460 462
460 463
460 464
460 465
460 466
460 467
460 468
460 469
460 475
460 474
460 476
460 470
460 479
460 472
460 478
461 462
461 463
461 464
461 465
461 466
461 467
461 468
461 469
461 473
461 476
461 474
462 463
462 464
462 465
462 466
462 467
462 468
462 469
462 471
463 464
463 465
463 466
463 467
463 468
463 469
463 472
463 477
463 471
464 465
464 466
464 467
464 468
464 469
464 474
464 470
464 479
464 478
465 466
465 467
465 468
465 469
465 477
465 472
465 479
466 467
466 468
466 469
466 476
466 478
466 471
467 468
467 469
467 473
467 477
468 469
468 473
468 478
468 477
468 479
468 470
469 473
469 479
470 471
470 472
470 473
470 474
470 475
470 476
470 477
470 478
470 479
470 489
470 486
470 487
470 488
471 472
471 473
471 474
471 475
471 476
471 477
471 478
471 479
471 481
472 473
472 474
472 475
472 476
472 477
472 478
472 479
472 485
472 482
473 474
473 475
473 476
473 477
473 478
473 479
473 489
473 487
473 486
474 475
474 476
474 477
474 478
474 479
474 488
474 487
474 481
474 483
475 476
475 477
475 478
475 479
475 485
475 486
475 483
476 477
476 478
476 479
476 484
476 483
476 480
476 485
476 482
477 478
477 479
477 486
477 481
477 487
478 479
478 486
478 484
478 482
478 487
478 485
479 489
480 481
480 482
480 483
480 484
480 485
480 486
480 487
480 488
480 489
480 490
480 494
480 499
480 497
481 482
481 483
481 484
481 485
481 486
481 487
481 488
481 489
481 491
481 498
481 492
481 494
482 483
482 484
482 485
482 486
482 487
482 488
482 489
482 498
482 490
482 492
482 494
483 484
483 485
483 486
483 487
483 488
483 489
483 494
483 493
483 496
483 491
484 485
484 486
484 487
484 488
484 489
484 495
484 499
484 498
485 486
485 487
485 488
485 489
485 496
485 499
486 487
486 488
486 489
486 496
486 492
486 491
487 488
487 489
487 498
487 493
488 489
488 493
488 494
488 498
489 491
489 497
489 492
489 493
490 491
490 492
490 493
490 494
490 495
490 496
490 497
490 498
490 499
490 504
490 507
491 492
491 493
491 494
491 495
491 496
491 497
491 498
491 499
491 501
491 503
491 504
491 505
491 506
492 493
492 494
492 495
492 496
492 497
492 498
492 499
492 502
492 506
492 507
493 494
493 495
493 496
493 497
493 498
493 499
493 503
493 502
493 508
493 504
494 495
494 496
494 497
494 498
494 499
494 508
494 506
494 501
494 509
495 496
495 497
495 498
495 499
495 506
495 507
495 503
496 497
496 498
496 499
496 508
496 509
496 504
497 498
497 499
497 507
497 506
497 502
497 509
497 500
497 508
498 499
498 506
498 504
498 502
499 503
499 501
500 501
500 502
500 503
500 504
500 505
500 506
500 507
500 508
500 509
500 516
500 514
500 510
500 513
501 502
501 503
501 504
501 505
501 506
501 507
501 508
501 509
501 516
501 515
502 503
502 504
502 505
502 506
502 507
502 508
502 509
502 519
502 518
502 512
503 504
503 505
503 506
503 507
503 508
503 509
503 518
503 514
503 517
503 513
503 512
503 516
504 505
504 506
504 507
504 508
504 509
504 511
504 513
504 517
505 506
505 507
505 508
505 509
506 507
506 508
506 509
506 519
506 518
506 513
506 511
506 512
506 510
507 508
507 509
507 519
507 516
507 517
507 511
508 509
508 515
508 519
508 518
508 513
508 511
509 518
510 511
510 512
510 513
510 514
510 515
510 516
510 517
510 518
510 519
510 520
510 521
510 522
511 512
511 513
511 514
511 515
511 516
511 517
511 518
511 519
511 523
511 524
512 513
512 514
512 515
512 516
512 517
512 518
512 519
512 524
512 525
512 529
513 514
513 515
513 516
513 517
513 518
513 519
513 521
513 526
513 529
513 523
514 515
514 516
514 517
514 518
514 519
514 521
514 520
514 526
514 525
515 516
515 517
515 518
515 519
515 525
515 526
515 529
515 520
516 517
516 518
516 519
516 521
516 520
516 528
517 518
517 519
517 529
517 526
517 524
517 520
518 519
518 524
518 528
519 520
519 526
519 524
519 529
519 522
520 521
520 522
520 523
520 524
520 525
520 526
520 527
520 528
520 529
520 536
520 534
521 522
521 523
521 524
521 525
521 526
521 527
521 528
521 529
521 536
521 530
521 532
521 538
522 523
522 524
522 525
522 526
522 527
522 528
522 529
522 530
522 533
522 537
523 524
523 525
523 526
523 527
523 528
523 529
523 531
523 537
524 525
524 526
524 527
524 528
524 529
524 535
525 526
525 527
525 528
525 529
525 531
525 538
525 534
526 527
526 528
526 529
526 535
526 539
526 533
526 531
526 532
526 537
526 538
527 528
527 529
527 532
527 530
527 539
527 533
527 538
528 529
528 532
529 536
529 530
529 533
529 534
530 531
530 532
530 533
530 534
530 535
530 536
530 537
530 538
530 539
530 548
530 544
530 541
531 532
531 533
531 534
531 535
531 536
531 537
531 538
531 539
531 542
532 533
532 534
532 535
532 536
532 537
532 538
532 539
532 543
532 540
532 549
533 534
533 535
533 536
533 537
533 538
533 539
533 548
533 546
533 549
533 540
533 545
534 535
534 536
534 537
534 538
534 539
534 544
534 547
534 543
534 546
534 541
534 540
535 536
535 537
535 538
535 539
535 546
535 547
535 544
536 537
536 538
536 539
536 542
536 545
537 538
537 539
537 543
537 544
537 545
537 542
538 539
538 546
538 545
538 544
538 549
538 547
539 548
539 544
539 545
540 541
540 542
540 543
540 544
540 545
540 546
540 547
540 548
540 549
540 552
540 557
540 558
540 550
540 554
541 542
541 543
541 544
541 545
541 546
541 547
541 548
541 549
541 559
541 552
541 551
541 553
542 543
542 544
542 545
542 546
542 547
542 548
542 549
542 555
542 552
542 557
543 544
543 545
543 546
543 547
543 548
543 549
543 550
543 559
543 558
543 555
544 545
544 546
544 547
544 548
544 549
544 550
544 551
544 559
545 546
545 547
545 548
545 549
545 555
545 556
545 557
546 547
546 548
546 549
546 559
546 555
546 556
546 551
547 548
547 549
547 551
547 558
547 555
548 549
548 558
548 554
549 558
549 556
549 559
549 551
549 553
550 551
550 552
550 553
550 554
550 555
550 556
550 557
550 558
550 559
550 560
550 563
550 561
550 568
550 566
550 564
551 552
551 553
551 554
551 555
551 556
551 557
551 558
551 559
551 568
551 569
551 560
552 553
552 554
552 555
552 556
552 557
552 558
552 559
552 565
552 566
552 568
552 560
553 554
553 555
553 556
553 557
553 558
553 559
553 563
553 560
554 555
554 556
554 557
554 558
554 559
554 568
554 563
555 556
555 557
555 558
555 559
555 568
555 563
555 565
556 557
556 558
556 559
556 565
556 561
557 558
557 559
557 561
557 564
558 559
558 563
558 562
558 569
558 568
558 567
558 565
559 561
559 566
559 565
559 560
559 562
560 561
560 562
560 563
560 564
560 565
560 566
560 567
560 568
560 569
560 570
560 575
560 574
560 572
560 579
561 562
561 563
561 564
561 565
561 566
561 567
561 568
561 569
561 572
561 577
561 575
561 573
562 563
562 564
562 565
562 566
562 567
562 568
562 569
562 575
563 564
563 565
563 566
563 567
563 568
563 569
563 576
564 565
564 566
564 567
564 568
564 569
564 579
564 570
564 576
564 573
565 566
565 567
565 568
565 569
565 573
565 579
565 576
565 575
566 567
566 568
566 569
566 578
566 571
566 576
566 572
567 568
567 569
567 570
567 573
567 578
567 577
568 569
568 571
568 578
568 577
568 573
568 570
569 574
569 571
570 571
570 572
570 573
570 574
570 575
570 576
570 577
570 578
570 579
570 581
570 582
571 572
571 573
571 574
571 575
571 576
571 577
571 578
571 579
571 585
571 582
571 587
571 584
572 573
572 574
572 575
572 576
572 577
572 578
572 579
572 589
572 585
573 574
573 575
573 576
573 577
573 578
573 579
573 583
573 589
573 581
573 588
573 586
573 580
573 582
574 575
574 576
574 577
574 578
574 579
574 587
574 588
574 584
574 580
575 576
575 577
575 578
575 579
575 583
575 586
575 580
576 577
576 578
576 579
576 581
576 587
576 589
577 578
577 579
577 582
577 584
577 586
577 588
578 579
578 582
578 583
578 587
578 581
578 586
579 581
579 580
579 583
579 587
579 589
580 581
580 582
580 583
580 584
580 585
580 586
580 587
580 588
580 589
580 592
580 599
580 595
580 596
581 582
581 583
581 584
581 585
581 586
581 587
581 588
581 589
581 591
582 583
582 584
582 585
582 586
582 587
582 588
582 589
582 597
583 584
583 585
583 586
583 587
583 588
583 589
583 591
583 593
583 590
583 596
584 585
584 586
584 587
584 588
584 589
584 590
584 596
584 595
585 586
585 587
585 588
585 589
585 596
585 593
585 599
585 592
586 587
586 588
586 589
586 593
586 598
586 597
586 595
586 590
586 596
587 588
587 589
587 590
587 593
587 594
588 589
588 594
588 598
588 595
588 596
589 597
589 595
589 591
590 591
590 592
590 593
590 594
590 595
590 596
590 597
590 598
590 599
590 609
590 608
590 605
590 602
591 592
591 593
591 594
591 595
591 596
591 597
591 598
591 599
591 608
591 609
591 600
591 606
592 593
592 594
592 595
592 596
592 597
592 598
592 599
592 602
592 604
593 594
593 595
593 596
593 597
593 598
593 599
593 607
593 601
593 603
594 595
594 596
594 597
594 598
594 599
594 608
594 600
594 607
595 596
595 597
595 598
595 599
595 605
595 603
595 601
595 600
596 597
596 598
596 599
596 609
596 608
596 603
596 606
597 598
597 599
597 602
598 599
598 607
598 604
598 603
599 600
599 608
599 604
599 602
599 606
599 603
600 601
600 602
600 603
600 604
600 605
600 606
600 607
600 608
600 609
600 616
600 619
601 602
601 603
601 604
601 605
601 606
601 607
601 608
601 609
601 615
601 616
601 610
602 603
602 604
602 605
602 606
602 607
602 608
602 609
602 619
603 604
603 605
603 606
603 607
603 608
603 609
603 612
603 618
603 614
604 605
604 606
604 607
604 608
604 609
604 619
604 611
604 614
605 606
605 607
605 608
605 609
605 613
605 611
605 617
606 607
606 608
606 609
606 618
606 612
606 617
606 611
606 614
607 608
607 609
607 611
607 610
607 619
608 609
608 615
608 617
608 610
609 617
609 618
609 612
609 615
609 610
610 611
610 612
610 613
610 614
610 615
610 616
610 617
610 618
610 619
610 622
610 623
610 626
610 624
610 627
610 629
611 612
611 613
611 614
611 615
611 616
611 617
611 618
611 619
611 623
611 624
612 613
612 614
612 615
612 616
612 617
612 618
612 619
612 627
612 624
613 614
613 615
613 616
613 617
613 618
613 619
613 628
613 620
613 622
613 629
613 626
614 615
614 616
614 617
614 618
614 619
614 623
614 626
614 621
614 628
614 622
615 616
615 617
615 618
615 619
615 621
616 617
616 618
616 619
616 628
616 625
616 623
617 618
617 619
617 621
617 620
617 628
618 619
618 627
618 628
618 629
619 623
619 621
619 625
619 622
620 621
620 622
620 623
620 624
620 625
620 626
620 627
620 628
620 629
620 639
620 632
620 636
621 622
621 623
621 624
621 625
621 626
621 627
621 628
621 629
621 638
621 633
621 637
622 623
622 624
622 625
622 626
622 627
622 628
622 629
622 636
622 633
622 638
622 639
622 632
623 624
623 625
623 626
623 627
623 628
623 629
623 633
623 632
624 625
624 626
624 627
624 628
624 629
624 636
624 637
625 626
625 627
625 628
625 629
625 635
626 627
626 628
626 629
626 633
626 637
626 630
627 628
627 629
627 631
627 637
627 636
627 633
628 629
628 633
628 631
628 634
628 636
628 635
629 632
629 637
629 631
629 634
630 631
630 632
630 633
630 634
630 635
630 636
630 637
630 638
630 639
630 645
630 646
630 649
630 648
631 632
631 633
631 634
631 635
631 636
631 637
631 638
631 639
631 647
631 641
631 640
631 648
631 645
632 633
632 634
632 635
632 636
632 637
632 638
632 639
632 648
632 643
632 640
633 634
633 635
633 636
633 637
633 638
633 639
633 643
633 644
633 641
633 645
634 635
634 636
634 637
634 638
634 639
634 646
634 642
634 641
634 643
635 636
635 637
635 638
635 639
635 647
635 644
635 642
636 637
636 638
636 639
636 640
636 644
637 638
637 639
637 649
637 642
637 644
638 639
638 643
639 645
640 641
640 642
640 643
640 644
640 645
640 646
640 647
640 648
640 649
640 656
640 652
640 651
640 659
640 655
641 642
641 643
641 644
641 645
641 646
641 647
641 648
641 649
641 655
641 658
641 652
641 656
641 654
642 643
642 644
642 645
642 646
642 647
642 648
642 649
642 651
642 650
643 644
643 645
643 646
643 647
643 648
643 649
643 656
643 657
643 652
644 645
644 646
644 647
644 648
644 649
644 658
645 646
645 647
645 648
645 649
645 658
645 656
645 654
645 659
645 657
646 647
646 648
646 649
646 651
646 653
646 659
647 648
647 649
647 652
647 657
647 650
648 649
648 652
648 654
648 659
648 650
648 653
649 659
649 656
649 651
650 651
650 652
650 653
650 654
650 655
650 656
650 657
650 658
650 659
650 667
650 668
650 665
651 652
651 653
651 654
651 655
651 656
651 657
651 658
651 659
651 667
651 666
651 660
651 662
651 661
652 653
652 654
652 655
652 656
652 657
652 658
652 659
652 664
652 663
653 654
653 655
653 656
653 657
653 658
653 659
653 660
653 665
653 662
654 655
654 656
654 657
654 658
654 659
654 665
654 669
654 660
655 656
655 657
655 658
655 659
655 667
655 660
655 668
656 657
656 658
656 659
656 662
657 658
657 659
657 667
657 663
658 659
658 662
658 664
658 660
658 667
658 668
659 669
659 661
659 662
659 668
659 666
660 661
660 662
660 663
660 664
660 665
660 666
660 667
660 668
660 669
660 673
660 675
660 674
660 670
661 662
661 663
661 664
661 665
661 666
661 667
661 668
661 669
661 679
661 675
661 671
661 674
662 663
662 664
662 665
662 666
662 667
662 668
662 669
662 678
662 675
663 664
663 665
663 666
663 667
663 668
663 669
663 676
663 672
663 677
664 665
664 666
664 667
664 668
664 669
664 676
664 672
664 679
665 666
665 667
665 668
665 669
665 678
665 671
665 670
665 675
666 667
666 668
666 669
667 668
667 669
667 677
667 675
667 679
667 678
668 669
668 674
668 670
668 672
669 677
670 671
670 672
670 673
670 674
670 675
670 676
670 677
670 678
670 679
670 680
670 685
670 684
671 672
671 673
671 674
671 675
671 676
671 677
671 678
671 679
671 687
671 689
672 673
672 674
672 675
672 676
672 677
672 678
672 679
672 686
672 680
673 674
673 675
673 676
673 677
673 678
673 679
673 683
673 688
673 681
673 687
674 675
674 676
674 677
674 678
674 679
675 676
675 677
675 678
675 679
675 681
675 689
675 687
676 677
676 678
676 679
676 688
676 682
676 684
677 678
677 679
677 688
677 687
677 681
677 682
677 686
677 689
678 679
678 682
678 688
678 683
679 689
679 682
679 688
680 681
680 682
680 683
680 684
680 685
680 686
680 687
680 688
680 689
680 697
680 693
680 699
681 682
681 683
681 684
681 685
681 686
681 687
681 688
681 689
681 693
681 692
681 699
681 691
681 695
682 683
682 684
682 685
682 686
682 687
682 688
682 689
682 698
682 690
683 684
683 685
683 686
683 687
683 688
683 689
683 699
683 697
683 696
683 690
683 694
684 685
684 686
684 687
684 688
684 689
684 695
684 693
684 699
685 686
685 687
685 688
685 689
685 691
685 690
686 687
686 688
686 689
686 691
686 698
687 688
687 689
687 690
687 693
687 692
687 695
687 698
688 689
688 697
688 691
688 690
688 698
690 691
690 692
690 693
690 694
690 695
690 696
690 697
690 698
690 699
690 706
690 701
690 708
690 704
691 692
691 693
691 694
691 695
691 696
691 697
691 698
691 699
691 705
691 702
691 703
692 693
692 694
692 695
692 696
692 697
692 698
692 699
692 709
692 702
692 704
693 694
693 695
693 696
693 697
693 698
693 699
693 701
694 695
694 696
694 697
694 698
694 699
694 709
694 703
694 705
694 702
694 704
695 696
695 697
695 698
695 699
695 701
695 702
696 697
696 698
696 699
696 703
696 704
696 705
697 698
697 699
697 703
697 700
697 706
698 699
698 707
698 704
698 703
698 705
698 701
699 709
699 707
699 701
700 701
700 702
700 703
700 704
700 705
700 706
700 707
700 708
700 709
700 710
700 714
700 717
701 702
701 703
701 704
701 705
701 706
701 707
701 708
701 709
701 714
701 713
701 711
701 710
702 703
702 704
702 705
702 706
702 707
702 708
702 709
702 716
702 714
702 713
702 717
702 715
703 704
703 705
703 706
703 707
703 708
703 709
703 717
704 705
704 706
704 707
704 708
704 709
704 710
704 716
705 706
705 707
705 708
705 709
705 715
705 711
705 712
705 710
705 713
706 707
706 708
706 709
706 718
706 714
706 716
706 719
707 708
707 709
707 716
707 711
708 709
708 712
708 716
709 718
709 712
709 719
709 717
709 710
709 716
709 713
710 711
710 712
710 713
710 714
710 715
710 716
710 717
710 718
710 719
710 727
710 726
710 724
711 712
711 713
711 714
711 715
711 716
711 717
711 718
711 719
711 720
712 713
712 714
712 715
712 716
712 717
712 718
712 719
712 726
712 721
712 722
712 729
713 714
713 715
713 716
713 717
713 718
713 719
713 720
713 726
713 727
714 715
714 716
714 717
714 718
714 719
714 720
714 722
714 725
714 728
714 724
715 716
715 717
715 718
715 719
715 721
715 722
715 726
715 727
715 720
716 717
716 718
716 719
716 728
716 721
716 725
716 720
717 718
717 719
717 725
717 726
717 723
717 721
718 719
718 724
718 723
718 727
719 726
719 723
720 721
720 722
720 723
720 724
720 725
720 726
720 727
720 728
720 729
720 732
720 735
720 739
721 722
721 723
721 724
721 725
721 726
721 727
721 728
721 729
721 730
721 733
722 723
722 724
722 725
722 726
722 727
722 728
722 729
722 730
722 733
722 732
723 724
723 725
723 726
723 727
723 728
723 729
723 733
723 737
723 730
723 739
724 725
724 726
724 727
724 728
724 729
724 738
725 726
725 727
725 728
725 729
725 739
725 733
725 734
725 735
726 727
726 728
726 729
726 734
726 732
726 737
726 738
726 730
727 728
727 729
727 736
727 734
727 737
728 729
728 731
728 739
729 732
729 736
730 731
730 732
730 733
730 734
730 735
730 736
730 737
730 738
730 739
730 740
730 749
730 747
730 743
731 732
731 733
731 734
731 735
731 736
731 737
731 738
731 739
731 745
731 742
732 733
732 734
732 735
732 736
732 737
732 738
732 739
732 742
732 744
732 743
732 745
732 749
733 734
733 735
733 736
733 737
733 738
733 739
733 748
733 740
733 747
734 735
734 736
734 737
734 738
734 739
734 744
734 746
734 741
735 736
735 737
735 738
735 739
735 744
735 743
735 745
736 737
736 738
736 739
736 749
736 743
736 746
736 744
736 742
737 738
737 739
737 746
737 743
737 745
738 739
738 741
738 745
738 744
739 745
739 746
739 740
739 743
740 741
740 742
740 743
740 744
740 745
740 746
740 747
740 748
740 749
740 750
740 751
740 757
741 742
741 743
741 744
741 745
741 746
741 747
741 748
741 749
741 758
741 753
741 755
742 743
742 744
742 745
742 746
742 747
742 748
742 749
742 751
742 759
742 758
742 752
743 744
743 745
743 746
743 747
743 748
743 749
743 759
743 752
744 745
744 746
744 747
744 748
744 749
744 750
744 752
744 753
744 751
744 757
745 746
745 747
745 748
745 749
745 756
745 757
746 747
746 748
746 749
746 753
746 750
747 748
747 749
747 752
747 755
747 757
747 758
747 756
748 749
748 754
748 759
748 757
748 751
749 756
750 751
750 752
750 753
750 754
750 755
750 756
750 757
750 758
750 759
750 762
750 765
750 760
750 767
751 752
751 753
751 754
751 755
751 756
751 757
751 758
751 759
751 768
751 763
751 769
751 764
752 753
752 754
752 755
752 756
752 757
752 758
752 759
752 766
752 761
753 754
753 755
753 756
753 757
753 758
753 759
753 763
753 769
753 765
754 755
754 756
754 757
754 758
754 759
754 760
754 761
754 765
755 756
755 757
755 758
755 759
755 768
755 760
755 762
756 757
756 758
756 759
756 767
756 763
756 769
756 761
756 764
757 758
757 759
757 760
757 768
758 759
758 764
758 760
759 765
759 766
759 767
759 760
759 763
760 761
760 762
760 763
760 764
760 765
760 766
760 767
760 768
760 769
760 773
761 762
761 763
761 764
761 765
761 766
761 767
761 768
761 769
761 771
761 777
761 778
762 763
762 764
762 765
762 766
762 767
762 768
762 769
762 774
762 771
763 764
763 765
763 766
763 767
763 768
763 769
763 778
763 771
763 775
764 765
764 766
764 767
764 768
764 769
764 777
764 770
764 778
765 766
765 767
765 768
765 769
765 774
765 770
765 778
766 767
766 768
766 769
766 770
766 777
766 774
766 772
767 768
767 769
767 778
767 774
767 770
768 769
768 771
768 776
768 774
768 778
769 774
769 771
769 777
769 775
769 772
769 770
769 773
770 771
770 772
770 773
770 774
770 775
770 776
770 777
770 778
770 779
770 784
770 788
770 787
770 783
771 772
771 773
771 774
771 775
771 776
771 777
771 778
771 779
771 780
771 782
771 787
771 789
772 773
772 774
772 775
772 776
772 777
772 778
772 779
772 782
772 780
772 784
772 789
773 774
773 775
773 776
773 777
773 778
773 779
773 784
773 786
773 785
773 789
774 775
774 776
774 777
774 778
774 779
774 787
774 789
774 781
775 776
775 777
775 778
775 779
775 780
775 789
775 788
776 777
776 778
776 779
776 788
776 789
776 781
776 783
777 778
777 779
777 789
777 781
777 786
777 787
777 780
778 779
778 788
779 783
779 785
780 781
780 782
780 783
780 784
780 785
780 786
780 787
780 788
780 789
780 797
780 793
781 782
781 783
781 784
781 785
781 786
781 787
781 788
781 789
781 791
781 796
781 792
781 793
782 783
782 784
782 785
782 786
782 787
782 788
782 789
782 790
782 792
782 791
782 795
782 796
782 797
783 784
783 785
783 786
783 787
783 788
783 789
783 793
783 790
784 785
784 786
784 787
784 788
784 789
784 790
784 796
784 799
785 786
785 787
785 788
785 789
785 799
785 794
786 787
786 788
786 789
786 793
786 794
786 795
786 790
787 788
787 789
787 795
787 799
788 789
788 799
788 791
788 793
789 795
789 791
789 796
789 794
790 791
790 792
790 793
790 794
790 795
790 796
790 797
790 798
790 799
790 805
790 806
790 800
791 792
791 793
791 794
791 795
791 796
791 797
791 798
791 799
791 805
791 801
791 804
791 803
791 807
791 806
792 793
792 794
792 795
792 796
792 797
792 798
792 799
792 800
792 808
793 794
793 795
793 796
793 797
793 798
793 799
793 802
793 804
793 809
794 795
794 796
794 797
794 798
794 799
794 805
794 809
794 808
795 796
795 797
795 798
795 799
795 803
795 809
796 797
796 798
796 799
796 807
796 802
796 806
796 801
797 798
797 799
797 807
797 806
797 800
798 799
798 800
798 806
798 809
798 801
798 805
798 803
798 807
799 809
799 808
799 807
800 801
800 802
800 803
800 804
800 805
800 806
800 807
800 808
800 809
800 819
800 817
800 812
800 811
800 810
800 815
801 802
801 803
801 804
801 805
801 806
801 807
801 808
801 809
801 818
801 816
802 803
802 804
802 805
802 806
802 807
802 808
802 809
802 810
802 816
802 819
803 804
803 805
803 806
803 807
803 808
803 809
803 811
803 812
803 810
803 813
803 814
803 815
804 805
804 806
804 807
804 808
804 809
804 815
804 814
805 806
805 807
805 808
805 809
805 816
805 810
805 815
805 813
805 819
806 807
806 808
806 809
806 815
806 817
806 810
806 813
806 814
806 811
806 818
807 808
807 809
808 809
808 811
809 814
809 815
809 818
810 811
810 812
810 813
810 814
810 815
810 816
810 817
810 818
810 819
810 823
810 822
810 827
810 829
811 812
811 813
811 814
811 815
811 816
811 817
811 818
811 819
811 824
811 827
811 820
812 813
812 814
812 815
812 816
812 817
812 818
812 819
812 821
812 826
812 824
813 814
813 815
813 816
813 817
813 818
813 819
813 820
813 821
813 828
814 815
814 816
814 817
814 818
814 819
814 825
815 816
815 817
815 818
815 819
815 822
815 828
815 826
815 827
816 817
816 818
816 819
816 822
816 820
816 825
816 826
817 818
817 819
817 828
817 826
818 819
818 827
818 826
818 825
818 829
819 825
819 821
819 827
819 829
819 820
820 821
820 822
820 823
820 824
820 825
820 826
820 827
820 828
820 829
820 832
820 833
820 831
820 838
821 822
821 823
821 824
821 825
821 826
821 827
821 828
821 829
821 835
821 839
821 838
821 830
822 823
822 824
822 825
822 826
822 827
822 828
822 829
822 833
822 830
822 831
822 838
823 824
823 825
823 826
823 827
823 828
823 829
823 831
823 830
823 839
823 836
823 832
824 825
824 826
824 827
824 828
824 829
824 835
824 834
825 826
825 827
825 828
825 829
825 835
825 836
825 831
826 827
826 828
826 829
826 834
826 836
827 828
827 829
827 838
827 837
827 830
827 832
827 835
828 829
828 835
828 831
830 831
830 832
830 833
830 834
830 835
830 836
830 837
830 838
830 839
830 847
830 842
830 840
831 832
831 833
831 834
831 835
831 836
831 837
831 838
831 839
831 842
832 833
832 834
832 835
832 836
832 837
832 838
832 839
832 845
832 840
832 843
832 847
832 846
832 841
833 834
833 835
833 836
833 837
833 838
833 839
833 847
833 841
833 846
833 844
834 835
834 836
834 837
834 838
834 839
834 840
834 842
834 845
834 849
834 847
835 836
835 837
835 838
835 839
835 845
835 847
836 837
836 838
836 839
836 844
836 849
836 840
837 838
837 839
837 840
837 845
838 839
838 849
838 845
838 840
839 840
840 841
840 842
840 843
840 844
840 845
840 846
840 847
840 848
840 849
840 852
840 855
840 853
840 857
840 854
841 842
841 843
841 844
841 845
841 846
841 847
841 848
841 849
841 853
841 855
841 854
842 843
842 844
842 845
842 846
842 847
842 848
842 849
842 857
842 856
842 859
842 855
842 851
843 844
843 845
843 846
843 847
843 848
843 849
843 853
843 859
843 852
844 845
844 846
844 847
844 848
844 849
844 859
844 850
844 857
844 853
844 855
845 846
845 847
845 848
845 849
845 853
845 857
845 859
845 852
846 847
846 848
846 849
846 859
846 857
847 848
847 849
847 857
847 852
848 849
848 853
848 856
848 854
849 853
849 852
849 850
850 851
850 852
850 853
850 854
850 855
850 856
850 857
850 858
850 859
850 869
851 852
851 853
851 854
851 855
851 856
851 857
851 858
851 859
851 860
851 868
851 862
851 863
851 866
851 864
852 853
852 854
852 855
852 856
852 857
852 858
852 859
852 866
852 861
852 864
852 862
853 854
853 855
853 856
853 857
853 858
853 859
853 868
853 862
854 855
854 856
854 857
854 858
854 859
854 862
854 867
855 856
855 857
855 858
855 859
855 861
855 860
855 868
855 866
856 857
856 858
856 859
856 865
856 866
856 869
856 862
857 858
857 859
857 860
857 867
857 866
858 859
858 864
858 868
858 866
858 865
859 866
859 868
860 861
860 862
860 863
860 864
860 865
860 866
860 867
860 868
860 869
860 876
860 877
860 875
860 870
861 862
861 863
861 864
861 865
861 866
861 867
861 868
861 869
861 870
861 873
861 879
862 863
862 864
862 865
862 866
862 867
862 868
862 869
862 872
862 877
863 864
863 865
863 866
863 867
863 868
863 869
863 878
863 871
863 873
863 874
864 865
864 866
864 867
864 868
864 869
864 873
864 875
864 876
864 870
864 877
865 866
865 867
865 868
865 869
865 874
865 876
865 878
866 867
866 868
866 869
866 874
866 870
866 872
866 873
866 877
867 868
867 869
867 878
868 869
868 871
868 874
869 872
869 874
869 875
869 870
870 871
870 872
870 873
870 874
870 875
870 876
870 877
870 878
870 879
870 886
870 889
871 872
871 873
871 874
871 875
871 876
871 877
871 878
871 879
871 886
871 887
871 885
871 883
871 884
871 881
872 873
872 874
872 875
872 876
872 877
872 878
872 879
872 889
872 886
872 882
872 884
873 874
873 875
873 876
873 877
873 878
873 879
873 888
873 881
873 884
873 889
874 875
874 876
874 877
874 878
874 879
874 887
875 876
875 877
875 878
875 879
875 889
875 884
875 883
875 881
876 877
876 878
876 879
876 888
876 887
877 878
877 879
877 882
877 881
878 879
878 886
879 885
879 886
879 888
879 884
879 883
880 881
880 882
880 883
880 884
880 885
880 886
880 887
880 888
880 889
880 895
880 893
881 882
881 883
881 884
881 885
881 886
881 887
881 888
881 889
881 892
881 895
881 894
881 899
881 897
882 883
882 884
882 885
882 886
882 887
882 888
882 889
882 892
882 891
882 897
883 884
883 885
883 886
883 887
883 888
883 889
883 892
883 890
884 885
884 886
884 887
884 888
884 889
884 895
884 899
884 897
884 898
885 886
885 887
885 888
885 889
885 893
885 892
885 891
885 899
885 898
885 896
886 887
886 888
886 889
886 897
886 892
887 888
887 889
887 895
887 891
887 894
888 889
888 893
888 892
889 894
889 893
890 891
890 892
890 893
890 894
890 895
890 896
890 897
890 898
890 899
890 900
890 901
891 892
891 893
891 894
891 895
891 896
891 897
891 898
891 899
891 900
891 907
891 908
892 893
892 894
892 895
892 896
892 897
892 898
892 899
892 901
892 902
892 908
892 904
892 909
893 894
893 895
893 896
893 897
893 898
893 899
893 905
893 908
893 900
894 895
894 896
894 897
894 898
894 899
894 907
894 904
895 896
895 897
895 898
895 899
895 901
895 909
895 902
896 897
896 898
896 899
896 908
896 900
896 905
897 898
897 899
897 901
897 907
898 899
898 909
898 902
898 903
899 905
899 909
899 906
900 901
900 902
900 903
900 904
900 905
900 906
900 907
900 908
900 909
900 910
901 902
901 903
901 904
901 905
901 906
901 907
901 908
901 909
901 917
901 910
901 918
901 914
901 916
901 915
901 913
901 912
902 903
902 904
902 905
902 906
902 907
902 908
902 909
902 912
902 910
902 913
903 904
903 905
903 906
903 907
903 908
903 909
903 915
903 911
903 910
903 919
904 905
904 906
904 907
904 908
904 909
904 914
905 906
905 907
905 908
905 909
905 917
905 913
906 907
906 908
906 909
906 914
906 915
907 908
907 909
907 911
907 919
907 914
907 916
907 917
908 909
908 911
908 913
908 915
908 912
908 916
908 918
909 919
909 915
909 914
910 911
910 912
910 913
910 914
910 915
910 916
910 917
910 918
910 919
910 922
910 929
910 920
911 912
911 913
911 914
911 915
911 916
911 917
911 918
911 919
911 922
912 913
912 914
912 915
912 916
912 917
912 918
912 919
912 920
912 928
912 929
913 914
913 915
913 916
913 917
913 918
913 919
913 920
913 924
913 925
913 921
913 926
914 915
914 916
914 917
914 918
914 919
914 928
914 924
914 921
914 922
915 916
915 917
915 918
915 919
915 927
915 924
915 923
916 917
916 918
916 919
916 927
916 926
916 925
916 929
916 921
916 924
917 918
917 919
917 924
917 923
918 919
918 920
918 928
918 929
918 927
919 925
919 921
919 923
920 921
920 922
920 923
920 924
920 925
920 926
920 927
920 928
920 929
920 938
921 922
921 923
921 924
921 925
921 926
921 927
921 928
921 929
921 930
921 935
922 923
922 924
922 925
922 926
922 927
922 928
922 929
922 931
922 930
922 934
923 924
923 925
923 926
923 927
923 928
923 929
923 936
923 930
924 925
924 926
924 927
924 928
924 929
924 934
924 932
924 936
925 926
925 927
925 928
925 929
925 933
925 936
926 927
926 928
926 929
926 937
926 935
926 939
926 938
926 934
926 936
927 928
927 929
927 934
927 935
927 930
927 936
927 932
928 929
928 936
928 930
928 931
928 937
928 932
929 937
929 938
929 934
929 932
929 933
930 931
930 932
930 933
930 934
930 935
930 936
930 937
930 938
930 939
930 949
930 947
930 941
930 946
931 932
931 933
931 934
931 935
931 936
931 937
931 938
931 939
931 949
931 944
931 941
931 945
931 940
932 933
932 934
932 935
932 936
932 937
932 938
932 939
932 946
932 942
932 947
932 945
933 934
933 935
933 936
933 937
933 938
933 939
933 947
933 946
934 935
934 936
934 937
934 938
934 939
934 946
934 942
934 943
934 944
935 936
935 937
935 938
935 939
935 949
935 945
935 942
935 941
936 937
936 938
936 939
936 943
936 947
936 946
937 938
937 939
937 947
937 942
937 943
937 941
937 949
938 939
938 948
938 942
938 940
939 949
939 942
940 941
940 942
940 943
940 944
940 945
940 946
940 947
940 948
940 949
940 951
940 954
940 956
941 942
941 943
941 944
941 945
941 946
941 947
941 948
941 949
942 943
942 944
942 945
942 946
942 947
942 948
942 949
942 959
942 955
942 954
942 956
943 944
943 945
943 946
943 947
943 948
943 949
943 954
943 957
943 956
943 955
944 945
944 946
944 947
944 948
944 949
944 950
944 955
944 952
944 957
944 956
945 946
945 947
945 948
945 949
945 951
945 953
945 957
945 959
946 947
946 948
946 949
946 950
946 954
946 958
946 956
947 948
947 949
948 949
948 958
948 956
948 959
948 954
949 950
949 958
949 957
950 951
950 952
950 953
950 954
950 955
950 956
950 957
950 958
950 959
950 962
950 969
951 952
951 953
951 954
951 955
951 956
951 957
951 958
951 959
951 966
951 967
951 969
952 953
952 954
952 955
952 956
952 957
952 958
952 959
952 963
952 962
952 967
952 965
953 954
953 955
953 956
953 957
953 958
953 959
953 962
953 960
953 964
953 966
953 968
953 961
954 955
954 956
954 957
954 958
954 959
955 956
955 957
955 958
955 959
955 961
955 967
955 960
955 963
956 957
956 958
956 959
956 963
956 968
956 969
957 958
957 959
957 961
957 969
957 966
957 960
958 959
958 960
958 962
958 963
959 963
959 966
959 965
959 960
960 961
960 962
960 963
960 964
960 965
960 966
960 967
960 968
960 969
960 970
960 979
960 978
960 972
960 971
961 962
961 963
961 964
961 965
961 966
961 967
961 968
961 969
961 973
961 974
961 970
962 963
962 964
962 965
962 966
962 967
962 968
962 969
962 978
962 973
963 964
963 965
963 966
963 967
963 968
963 969
963 973
963 977
963 971
963 975
963 972
963 970
964 965
964 966
964 967
964 968
964 969
964 975
964 971
964 977
965 966
965 967
965 968
965 969
965 977
965 972
966 967
966 968
966 969
966 974
966 976
966 975
966 978
967 968
967 969
967 971
968 969
968 978
968 975
969 975
969 970
969 979
969 974
969 978
970 971
970 972
970 973
970 974
970 975
970 976
970 977
970 978
970 979
970 988
970 987
970 989
971 972
971 973
971 974
971 975
971 976
971 977
971 978
971 979
971 981
971 982
971 984
972 973
972 974
972 975
972 976
972 977
972 978
972 979
972 983
972 985
972 982
972 987
972 989
973 974
973 975
973 976
973 977
973 978
973 979
973 983
973 987
973 984
974 975
974 976
974 977
974 978
974 979
974 983
974 982
974 986
974 985
975 976
975 977
975 978
975 979
975 980
976 977
976 978
976 979
976 989
976 980
976 984
977 978
977 979
977 981
977 980
977 987
978 979
978 983
979 985
979 980
980 981
980 982
980 983
980 984
980 985
980 986
980 987
980 988
980 989
980 995
980 990
980 991
980 994
981 982
981 983
981 984
981 985
981 986
981 987
981 988
981 989
981 998
981 991
981 992
981 990
981 997
982 983
982 984
982 985
982 986
982 987
982 988
982 989
982 998
982 993
982 999
983 984
983 985
983 986
983 987
983 988
983 989
983 994
984 985
984 986
984 987
984 988
984 989
984 991
984 998
984 990
985 986
985 987
985 988
985 989
985 993
985 997
986 987
986 988
986 989
986 993
986 992
986 998
986 990
987 988
987 989
987 991
987 992
987 990
988 989
988 994
988 992
988 995
988 991
988 998
989 995
989 993
989 997
989 996
989 992
989 994
990 991
990 992
990 993
990 994
990 995
990 996
990 997
990 998
990 999
991 992
991 993
991 994
991 995
991 996
991 997
991 998
991 999
992 993
992 994
992 995
992 996
992 997
992 998
992 999
993 994
993 995
993 996
993 997
993 998
993 999
994 995
994 996
994 997
994 998
994 999
995 996
995 997
995 998
995 999
996 997
996 998
996 999
997 998
997 999
998 999
