0 1
0 2
0 3
0 4
0 5
0 6
0 7
0 8
0 9
1 2
1 3
1 4
1 5
1 6
1 7
1 8
1 9
2 3
2 4
2 5
2 6
2 7
2 8
2 9
3 4
3 5
3 6
3 7
3 8
3 9
3 12
3 18
4 5
4 6
4 7
4 8
4 9
5 6
5 7
5 8
5 9
6 7
6 8
6 9
6 12
7 8
7 9
7 15
8 9
9 15
10 11
10 12
10 13
10 14
10 15
10 16
10 17
10 18
10 19
11 12
11 13
11 14
11 15
11 16
11 17
11 18
11 19
12 13
12 14
12 15
12 16
12 17
12 18
12 19
12 27
13 14
13 15
13 16
13 17
13 18
13 19
13 21
13 25
14 15
14 16
14 17
14 18
14 19
14 23
14 26
15 16
15 17
15 18
15 19
16 17
16 18
16 19
17 18
17 19
18 19
20 21
20 22
20 23
20 24
20 25
20 26
20 27
20 28
20 29
20 39
21 22
21 23
21 24
21 25
21 26
21 27
21 28
21 29
21 36
21 35
22 23
22 24
22 25
22 26
22 27
22 28
22 29
23 24
23 25
23 26
23 27
23 28
23 29
24 25
24 26
24 27
24 28
24 29
25 26
25 27
25 28
25 29
26 27
26 28
26 29
26 34
27 28
27 29
28 29
29 35
30 31
30 32
30 33
30 34
30 35
30 36
30 37
30 38
30 39
30 47
31 32
31 33
31 34
31 35
31 36
31 37
31 38
31 39
32 33
32 34
32 35
32 36
32 37
32 38
32 39
33 34
33 35
33 36
33 37
33 38
33 39
33 47
34 35
34 36
34 37
34 38
34 39
35 36
35 37
35 38
35 39
35 48
36 37
36 38
36 39
37 38
37 39
37 43
37 49
38 39
40 41
40 42
40 43
40 44
40 45
40 46
40 47
40 48
40 49
41 42
41 43
41 44
41 45
41 46
41 47
41 48
41 49
42 43
42 44
42 45
42 46
42 47
42 48
42 49
43 44
43 45
43 46
43 47
43 48
43 49
43 52
43 59
44 45
44 46
44 47
44 48
44 49
45 46
45 47
45 48
45 49
45 52
45 57
46 47
46 48
46 49
47 48
47 49
47 53
48 49
50 51
50 52
50 53
50 54
50 55
50 56
50 57
50 58
50 59
51 52
51 53
51 54
51 55
51 56
51 57
51 58
51 59
51 62
52 53
52 54
52 55
52 56
52 57
52 58
52 59
53 54
53 55
53 56
53 57
53 58
53 59
54 55
54 56
54 57
54 58
54 59
55 56
55 57
55 58
55 59
55 63
56 57
56 58
56 59
56 67
57 58
57 59
57 64
58 59
59 68
60 61
60 62
60 63
60 64
60 65
60 66
60 67
60 68
60 69
60 71
61 62
61 63
61 64
61 65
61 66
61 67
61 68
61 69
62 63
62 64
62 65
62 66
62 67
62 68
62 69
63 64
63 65
63 66
63 67
63 68
63 69
63 74
64 65
64 66
64 67
64 68
64 69
64 77
65 66
65 67
65 68
65 69
66 67
66 68
66 69
67 68
67 69
68 69
68 77
69 79
70 71
70 72
70 73
70 74
70 75
70 76
70 77
70 78
70 79
70 86
71 72
71 73
71 74
71 75
71 76
71 77
71 78
71 79
71 89
72 73
72 74
72 75
72 76
72 77
72 78
72 79
73 74
73 75
73 76
73 77
73 78
73 79
74 75
74 76
74 77
74 78
74 79
74 81
75 76
75 77
75 78
75 79
76 77
76 78
76 79
76 82
77 78
77 79
78 79
78 81
80 81
80 82
80 83
80 84
80 85
80 86
80 87
80 88
80 89
80 96
80 93
81 82
81 83
81 84
81 85
81 86
81 87
81 88
81 89
82 83
82 84
82 85
82 86
82 87
82 88
82 89
83 84
83 85
83 86
83 87
83 88
83 89
84 85
84 86
84 87
84 88
84 89
85 86
85 87
85 88
85 89
86 87
86 88
86 89
86 97
86 94
87 88
87 89
88 89
89 97
90 91
90 92
90 93
90 94
90 95
90 96
90 97
90 98
90 99
91 92
91 93
91 94
91 95
91 96
91 97
91 98
91 99
91 101
92 93
92 94
92 95
92 96
92 97
92 98
92 99
93 94
93 95
93 96
93 97
93 98
93 99
93 108
93 101
93 105
94 95
94 96
94 97
94 98
94 99
95 96
95 97
95 98
95 99
95 104
96 97
96 98
96 99
97 98
97 99
98 99
100 101
100 102
100 103
100 104
100 105
100 106
100 107
100 108
100 109
101 102
101 103
101 104
101 105
101 106
101 107
101 108
101 109
101 110
102 103
102 104
102 105
102 106
102 107
102 108
102 109
102 115
103 104
103 105
103 106
103 107
103 108
103 109
104 105
104 106
104 107
104 108
104 109
105 106
105 107
105 108
105 109
106 107
106 108
106 109
107 108
107 109
108 109
109 110
109 116
109 113
110 111
110 112
110 113
110 114
110 115
110 116
110 117
110 118
110 119
110 122
110 126
111 112
111 113
111 114
111 115
111 116
111 117
111 118
111 119
111 124
111 120
112 113
112 114
112 115
112 116
112 117
112 118
112 119
113 114
113 115
113 116
113 117
113 118
113 119
114 115
114 116
114 117
114 118
114 119
115 116
115 117
115 118
115 119
116 117
116 118
116 119
117 118
117 119
118 119
118 124
120 121
120 122
120 123
120 124
120 125
120 126
120 127
120 128
120 129
120 130
120 139
121 122
121 123
121 124
121 125
121 126
121 127
121 128
121 129
121 130
122 123
122 124
122 125
122 126
122 127
122 128
122 129
123 124
123 125
123 126
123 127
123 128
123 129
124 125
124 126
124 127
124 128
124 129
125 126
125 127
125 128
125 129
126 127
126 128
126 129
126 133
127 128
127 129
127 131
128 129
130 131
130 132
130 133
130 134
130 135
130 136
130 137
130 138
130 139
131 132
131 133
131 134
131 135
131 136
131 137
131 138
131 139
132 133
132 134
132 135
132 136
132 137
132 138
132 139
133 134
133 135
133 136
133 137
133 138
133 139
133 149
133 146
134 135
134 136
134 137
134 138
134 139
135 136
135 137
135 138
135 139
136 137
136 138
136 139
137 138
137 139
137 143
138 139
138 142
139 147
140 141
140 142
140 143
140 144
140 145
140 146
140 147
140 148
140 149
140 150
141 142
141 143
141 144
141 145
141 146
141 147
141 148
141 149
142 143
142 144
142 145
142 146
142 147
142 148
142 149
142 156
143 144
143 145
143 146
143 147
143 148
143 149
143 153
144 145
144 146
144 147
144 148
144 149
145 146
145 147
145 148
145 149
145 154
146 147
146 148
146 149
146 156
147 148
147 149
148 149
150 151
150 152
150 153
150 154
150 155
150 156
150 157
150 158
150 159
151 152
151 153
151 154
151 155
151 156
151 157
151 158
151 159
151 166
152 153
152 154
152 155
152 156
152 157
152 158
152 159
153 154
153 155
153 156
153 157
153 158
153 159
153 169
154 155
154 156
154 157
154 158
154 159
154 165
155 156
155 157
155 158
155 159
155 164
156 157
156 158
156 159
156 162
157 158
157 159
158 159
160 161
160 162
160 163
160 164
160 165
160 166
160 167
160 168
160 169
161 162
161 163
161 164
161 165
161 166
161 167
161 168
161 169
162 163
162 164
162 165
162 166
162 167
162 168
162 169
163 164
163 165
163 166
163 167
163 168
163 169
163 175
163 179
164 165
164 166
164 167
164 168
164 169
165 166
165 167
165 168
165 169
166 167
166 168
166 169
166 174
167 168
167 169
168 169
168 179
170 171
170 172
170 173
170 174
170 175
170 176
170 177
170 178
170 179
171 172
171 173
171 174
171 175
171 176
171 177
171 178
171 179
172 173
172 174
172 175
172 176
172 177
172 178
172 179
172 180
173 174
173 175
173 176
173 177
173 178
173 179
173 183
173 189
174 175
174 176
174 177
174 178
174 179
175 176
175 177
175 178
175 179
176 177
176 178
176 179
177 178
177 179
177 181
178 179
179 183
180 181
180 182
180 183
180 184
180 185
180 186
180 187
180 188
180 189
181 182
181 183
181 184
181 185
181 186
181 187
181 188
181 189
182 183
182 184
182 185
182 186
182 187
182 188
182 189
183 184
183 185
183 186
183 187
183 188
183 189
184 185
184 186
184 187
184 188
184 189
184 195
185 186
185 187
185 188
185 189
185 195
186 187
186 188
186 189
186 194
186 199
187 188
187 189
188 189
189 192
190 191
190 192
190 193
190 194
190 195
190 196
190 197
190 198
190 199
190 200
191 192
191 193
191 194
191 195
191 196
191 197
191 198
191 199
191 201
192 193
192 194
192 195
192 196
192 197
192 198
192 199
192 207
193 194
193 195
193 196
193 197
193 198
193 199
194 195
194 196
194 197
194 198
194 199
195 196
195 197
195 198
195 199
196 197
196 198
196 199
196 204
197 198
197 199
197 203
198 199
200 201
200 202
200 203
200 204
200 205
200 206
200 207
200 208
200 209
201 202
201 203
201 204
201 205
201 206
201 207
201 208
201 209
201 219
202 203
202 204
202 205
202 206
202 207
202 208
202 209
202 212
203 204
203 205
203 206
203 207
203 208
203 209
204 205
204 206
204 207
204 208
204 209
204 215
205 206
205 207
205 208
205 209
206 207
206 208
206 209
207 208
207 209
208 209
209 219
209 212
210 211
210 212
210 213
210 214
210 215
210 216
210 217
210 218
210 219
211 212
211 213
211 214
211 215
211 216
211 217
211 218
211 219
211 220
212 213
212 214
212 215
212 216
212 217
212 218
212 219
213 214
213 215
213 216
213 217
213 218
213 219
213 224
214 215
214 216
214 217
214 218
214 219
215 216
215 217
215 218
215 219
215 226
216 217
216 218
216 219
217 218
217 219
217 225
218 219
219 220
220 221
220 222
220 223
220 224
220 225
220 226
220 227
220 228
220 229
221 222
221 223
221 224
221 225
221 226
221 227
221 228
221 229
222 223
222 224
222 225
222 226
222 227
222 228
222 229
223 224
223 225
223 226
223 227
223 228
223 229
224 225
224 226
224 227
224 228
224 229
224 235
225 226
225 227
225 228
225 229
226 227
226 228
226 229
226 236
227 228
227 229
227 232
227 237
228 229
228 239
230 231
230 232
230 233
230 234
230 235
230 236
230 237
230 238
230 239
230 242
231 232
231 233
231 234
231 235
231 236
231 237
231 238
231 239
232 233
232 234
232 235
232 236
232 237
232 238
232 239
233 234
233 235
233 236
233 237
233 238
233 239
234 235
234 236
234 237
234 238
234 239
234 242
234 247
235 236
235 237
235 238
235 239
236 237
236 238
236 239
236 246
237 238
237 239
238 239
238 249
240 241
240 242
240 243
240 244
240 245
240 246
240 247
240 248
240 249
241 242
241 243
241 244
241 245
241 246
241 247
241 248
241 249
241 253
241 256
242 243
242 244
242 245
242 246
242 247
242 248
242 249
242 254
243 244
243 245
243 246
243 247
243 248
243 249
244 245
244 246
244 247
244 248
244 249
244 257
245 246
245 247
245 248
245 249
246 247
246 248
246 249
247 248
247 249
248 249
249 258
250 251
250 252
250 253
250 254
250 255
250 256
250 257
250 258
250 259
251 252
251 253
251 254
251 255
251 256
251 257
251 258
251 259
251 266
252 253
252 254
252 255
252 256
252 257
252 258
252 259
253 254
253 255
253 256
253 257
253 258
253 259
253 261
254 255
254 256
254 257
254 258
254 259
255 256
255 257
255 258
255 259
255 264
256 257
256 258
256 259
256 264
257 258
257 259
257 267
258 259
260 261
260 262
260 263
260 264
260 265
260 266
260 267
260 268
260 269
261 262
261 263
261 264
261 265
261 266
261 267
261 268
261 269
261 272
262 263
262 264
262 265
262 266
262 267
262 268
262 269
263 264
263 265
263 266
263 267
263 268
263 269
264 265
264 266
264 267
264 268
264 269
265 266
265 267
265 268
265 269
266 267
266 268
266 269
267 268
267 269
267 275
267 277
268 269
268 275
268 277
270 271
270 272
270 273
270 274
270 275
270 276
270 277
270 278
270 279
271 272
271 273
271 274
271 275
271 276
271 277
271 278
271 279
271 283
272 273
272 274
272 275
272 276
272 277
272 278
272 279
272 282
273 274
273 275
273 276
273 277
273 278
273 279
274 275
274 276
274 277
274 278
274 279
275 276
275 277
275 278
275 279
276 277
276 278
276 279
276 282
276 285
277 278
277 279
278 279
278 283
280 281
280 282
280 283
280 284
280 285
280 286
280 287
280 288
280 289
281 282
281 283
281 284
281 285
281 286
281 287
281 288
281 289
282 283
282 284
282 285
282 286
282 287
282 288
282 289
283 284
283 285
283 286
283 287
283 288
283 289
283 299
284 285
284 286
284 287
284 288
284 289
285 286
285 287
285 288
285 289
286 287
286 288
286 289
287 288
287 289
287 296
288 289
288 299
289 296
289 292
290 291
290 292
290 293
290 294
290 295
290 296
290 297
290 298
290 299
291 292
291 293
291 294
291 295
291 296
291 297
291 298
291 299
292 293
292 294
292 295
292 296
292 297
292 298
292 299
293 294
293 295
293 296
293 297
293 298
293 299
293 303
294 295
294 296
294 297
294 298
294 299
295 296
295 297
295 298
295 299
296 297
296 298
296 299
297 298
297 299
297 306
297 300
298 299
298 304
300 301
300 302
300 303
300 304
300 305
300 306
300 307
300 308
300 309
301 302
301 303
301 304
301 305
301 306
301 307
301 308
301 309
301 311
302 303
302 304
302 305
302 306
302 307
302 308
302 309
303 304
303 305
303 306
303 307
303 308
303 309
304 305
304 306
304 307
304 308
304 309
305 306
305 307
305 308
305 309
306 307
306 308
306 309
307 308
307 309
308 309
308 310
309 310
309 311
309 313
310 311
310 312
310 313
310 314
310 315
310 316
310 317
310 318
310 319
311 312
311 313
311 314
311 315
311 316
311 317
311 318
311 319
312 313
312 314
312 315
312 316
312 317
312 318
312 319
313 314
313 315
313 316
313 317
313 318
313 319
314 315
314 316
314 317
314 318
314 319
315 316
315 317
315 318
315 319
315 320
315 328
315 323
316 317
316 318
316 319
317 318
317 319
318 319
318 327
319 324
320 321
320 322
320 323
320 324
320 325
320 326
320 327
320 328
320 329
320 336
321 322
321 323
321 324
321 325
321 326
321 327
321 328
321 329
322 323
322 324
322 325
322 326
322 327
322 328
322 329
322 334
323 324
323 325
323 326
323 327
323 328
323 329
324 325
324 326
324 327
324 328
324 329
325 326
325 327
325 328
325 329
326 327
326 328
326 329
327 328
327 329
327 330
327 339
328 329
328 337
330 331
330 332
330 333
330 334
330 335
330 336
330 337
330 338
330 339
331 332
331 333
331 334
331 335
331 336
331 337
331 338
331 339
332 333
332 334
332 335
332 336
332 337
332 338
332 339
333 334
333 335
333 336
333 337
333 338
333 339
333 345
334 335
334 336
334 337
334 338
334 339
334 344
334 348
335 336
335 337
335 338
335 339
336 337
336 338
336 339
337 338
337 339
338 339
339 345
339 341
340 341
340 342
340 343
340 344
340 345
340 346
340 347
340 348
340 349
340 353
340 358
341 342
341 343
341 344
341 345
341 346
341 347
341 348
341 349
342 343
342 344
342 345
342 346
342 347
342 348
342 349
343 344
343 345
343 346
343 347
343 348
343 349
344 345
344 346
344 347
344 348
344 349
345 346
345 347
345 348
345 349
345 352
346 347
346 348
346 349
347 348
347 349
347 358
348 349
350 351
350 352
350 353
350 354
350 355
350 356
350 357
350 358
350 359
351 352
351 353
351 354
351 355
351 356
351 357
351 358
351 359
351 364
352 353
352 354
352 355
352 356
352 357
352 358
352 359
353 354
353 355
353 356
353 357
353 358
353 359
354 355
354 356
354 357
354 358
354 359
355 356
355 357
355 358
355 359
355 365
355 364
356 357
356 358
356 359
357 358
357 359
357 364
357 362
358 359
360 361
360 362
360 363
360 364
360 365
360 366
360 367
360 368
360 369
361 362
361 363
361 364
361 365
361 366
361 367
361 368
361 369
362 363
362 364
362 365
362 366
362 367
362 368
362 369
363 364
363 365
363 366
363 367
363 368
363 369
364 365
364 366
364 367
364 368
364 369
364 378
364 379
364 373
365 366
365 367
365 368
365 369
366 367
366 368
366 369
367 368
367 369
367 370
367 371
368 369
370 371
370 372
370 373
370 374
370 375
370 376
370 377
370 378
370 379
370 380
371 372
371 373
371 374
371 375
371 376
371 377
371 378
371 379
372 373
372 374
372 375
372 376
372 377
372 378
372 379
373 374
373 375
373 376
373 377
373 378
373 379
373 384
373 389
374 375
374 376
374 377
374 378
374 379
375 376
375 377
375 378
375 379
375 386
376 377
376 378
376 379
377 378
377 379
378 379
378 385
380 381
380 382
380 383
380 384
380 385
380 386
380 387
380 388
380 389
381 382
381 383
381 384
381 385
381 386
381 387
381 388
381 389
381 393
382 383
382 384
382 385
382 386
382 387
382 388
382 389
382 390
383 384
383 385
383 386
383 387
383 388
383 389
384 385
384 386
384 387
384 388
384 389
384 393
384 394
385 386
385 387
385 388
385 389
386 387
386 388
386 389
387 388
387 389
387 391
388 389
390 391
390 392
390 393
390 394
390 395
390 396
390 397
390 398
390 399
391 392
391 393
391 394
391 395
391 396
391 397
391 398
391 399
392 393
392 394
392 395
392 396
392 397
392 398
392 399
393 394
393 395
393 396
393 397
393 398
393 399
394 395
394 396
394 397
394 398
394 399
394 407
395 396
395 397
395 398
395 399
396 397
396 398
396 399
396 401
397 398
397 399
398 399
398 408
399 401
399 407
400 401
400 402
400 403
400 404
400 405
400 406
400 407
400 408
400 409
400 416
401 402
401 403
401 404
401 405
401 406
401 407
401 408
401 409
402 403
402 404
402 405
402 406
402 407
402 408
402 409
403 404
403 405
403 406
403 407
403 408
403 409
403 413
404 405
404 406
404 407
404 408
404 409
405 406
405 407
405 408
405 409
405 419
405 410
406 407
406 408
406 409
407 408
407 409
408 409
410 411
410 412
410 413
410 414
410 415
410 416
410 417
410 418
410 419
411 412
411 413
411 414
411 415
411 416
411 417
411 418
411 419
412 413
412 414
412 415
412 416
412 417
412 418
412 419
412 421
413 414
413 415
413 416
413 417
413 418
413 419
413 421
414 415
414 416
414 417
414 418
414 419
415 416
415 417
415 418
415 419
416 417
416 418
416 419
416 426
416 427
417 418
417 419
418 419
418 426
420 421
420 422
420 423
420 424
420 425
420 426
420 427
420 428
420 429
420 439
421 422
421 423
421 424
421 425
421 426
421 427
421 428
421 429
422 423
422 424
422 425
422 426
422 427
422 428
422 429
423 424
423 425
423 426
423 427
423 428
423 429
423 434
424 425
424 426
424 427
424 428
424 429
425 426
425 427
425 428
425 429
426 427
426 428
426 429
427 428
427 429
427 432
427 437
428 429
428 430
430 431
430 432
430 433
430 434
430 435
430 436
430 437
430 438
430 439
430 446
431 432
431 433
431 434
431 435
431 436
431 437
431 438
431 439
432 433
432 434
432 435
432 436
432 437
432 438
432 439
432 445
433 434
433 435
433 436
433 437
433 438
433 439
433 444
433 441
434 435
434 436
434 437
434 438
434 439
434 445
435 436
435 437
435 438
435 439
436 437
436 438
436 439
437 438
437 439
438 439
440 441
440 442
440 443
440 444
440 445
440 446
440 447
440 448
440 449
441 442
441 443
441 444
441 445
441 446
441 447
441 448
441 449
441 459
442 443
442 444
442 445
442 446
442 447
442 448
442 449
442 450
443 444
443 445
443 446
443 447
443 448
443 449
444 445
444 446
444 447
444 448
444 449
444 459
445 446
445 447
445 448
445 449
445 451
445 458
446 447
446 448
446 449
447 448
447 449
448 449
450 451
450 452
450 453
450 454
450 455
450 456
450 457
450 458
450 459
451 452
451 453
451 454
451 455
451 456
451 457
451 458
451 459
452 453
452 454
452 455
452 456
452 457
452 458
452 459
452 467
453 454
453 455
453 456
453 457
453 458
453 459
453 467
454 455
454 456
454 457
454 458
454 459
454 466
455 456
455 457
455 458
455 459
456 457
456 458
456 459
456 464
457 458
457 459
458 459
458 465
460 461
460 462
460 463
460 464
460 465
460 466
460 467
460 468
460 469
460 478
460 472
461 462
461 463
461 464
461 465
461 466
461 467
461 468
461 469
462 463
462 464
462 465
462 466
462 467
462 468
462 469
463 464
463 465
463 466
463 467
463 468
463 469
463 472
464 465
464 466
464 467
464 468
464 469
464 470
465 466
465 467
465 468
465 469
465 477
466 467
466 468
466 469
467 468
467 469
468 469
470 471
470 472
470 473
470 474
470 475
470 476
470 477
470 478
470 479
471 472
471 473
471 474
471 475
471 476
471 477
471 478
471 479
472 473
472 474
472 475
472 476
472 477
472 478
472 479
473 474
473 475
473 476
473 477
473 478
473 479
473 482
474 475
474 476
474 477
474 478
474 479
474 481
474 480
475 476
475 477
475 478
475 479
476 477
476 478
476 479
476 484
477 478
477 479
477 484
478 479
480 481
480 482
480 483
480 484
480 485
480 486
480 487
480 488
480 489
481 482
481 483
481 484
481 485
481 486
481 487
481 488
481 489
482 483
482 484
482 485
482 486
482 487
482 488
482 489
482 495
483 484
483 485
483 486
483 487
483 488
483 489
484 485
484 486
484 487
484 488
484 489
484 495
485 486
485 487
485 488
485 489
486 487
486 488
486 489
487 488
487 489
487 499
488 489
489 495
490 491
490 492
490 493
490 494
490 495
490 496
490 497
490 498
490 499
490 508
491 492
491 493
491 494
491 495
491 496
491 497
491 498
491 499
492 493
492 494
492 495
492 496
492 497
492 498
492 499
493 494
493 495
493 496
493 497
493 498
493 499
494 495
494 496
494 497
494 498
494 499
495 496
495 497
495 498
495 499
495 505
496 497
496 498
496 499
496 501
496 503
496 509
497 498
497 499
498 499
500 501
500 502
500 503
500 504
500 505
500 506
500 507
500 508
500 509
501 502
501 503
501 504
501 505
501 506
501 507
501 508
501 509
502 503
502 504
502 505
502 506
502 507
502 508
502 509
502 516
503 504
503 505
503 506
503 507
503 508
503 509
504 505
504 506
504 507
504 508
504 509
505 506
505 507
505 508
505 509
505 512
506 507
506 508
506 509
506 516
507 508
507 509
508 509
508 511
509 516
510 511
510 512
510 513
510 514
510 515
510 516
510 517
510 518
510 519
510 528
511 512
511 513
511 514
511 515
511 516
511 517
511 518
511 519
511 522
512 513
512 514
512 515
512 516
512 517
512 518
512 519
512 520
512 521
513 514
513 515
513 516
513 517
513 518
513 519
513 527
514 515
514 516
514 517
514 518
514 519
515 516
515 517
515 518
515 519
516 517
516 518
516 519
517 518
517 519
518 519
520 521
520 522
520 523
520 524
520 525
520 526
520 527
520 528
520 529
520 533
521 522
521 523
521 524
521 525
521 526
521 527
521 528
521 529
521 533
522 523
522 524
522 525
522 526
522 527
522 528
522 529
523 524
523 525
523 526
523 527
523 528
523 529
524 525
524 526
524 527
524 528
524 529
525 526
525 527
525 528
525 529
526 527
526 528
526 529
526 537
527 528
527 529
527 531
528 529
528 536
530 531
530 532
530 533
530 534
530 535
530 536
530 537
530 538
530 539
530 542
531 532
531 533
531 534
531 535
531 536
531 537
531 538
531 539
531 542
532 533
532 534
532 535
532 536
532 537
532 538
532 539
533 534
533 535
533 536
533 537
533 538
533 539
534 535
534 536
534 537
534 538
534 539
534 540
535 536
535 537
535 538
535 539
536 537
536 538
536 539
536 541
537 538
537 539
537 542
538 539
540 541
540 542
540 543
540 544
540 545
540 546
540 547
540 548
540 549
540 557
541 542
541 543
541 544
541 545
541 546
541 547
541 548
541 549
541 550
542 543
542 544
542 545
542 546
542 547
542 548
542 549
543 544
543 545
543 546
543 547
543 548
543 549
543 555
544 545
544 546
544 547
544 548
544 549
544 552
545 546
545 547
545 548
545 549
546 547
546 548
546 549
547 548
547 549
547 558
548 549
550 551
550 552
550 553
550 554
550 555
550 556
550 557
550 558
550 559
550 562
551 552
551 553
551 554
551 555
551 556
551 557
551 558
551 559
552 553
552 554
552 555
552 556
552 557
552 558
552 559
553 554
553 555
553 556
553 557
553 558
553 559
553 561
554 555
554 556
554 557
554 558
554 559
555 556
555 557
555 558
555 559
556 557
556 558
556 559
556 560
557 558
557 559
558 559
559 561
560 561
560 562
560 563
560 564
560 565
560 566
560 567
560 568
560 569
561 562
561 563
561 564
561 565
561 566
561 567
561 568
561 569
561 571
562 563
562 564
562 565
562 566
562 567
562 568
562 569
563 564
563 565
563 566
563 567
563 568
563 569
563 576
564 565
564 566
564 567
564 568
564 569
565 566
565 567
565 568
565 569
566 567
566 568
566 569
567 568
567 569
567 576
567 571
568 569
569 573
570 571
570 572
570 573
570 574
570 575
570 576
570 577
570 578
570 579
571 572
571 573
571 574
571 575
571 576
571 577
571 578
571 579
571 580
572 573
572 574
572 575
572 576
572 577
572 578
572 579
573 574
573 575
573 576
573 577
573 578
573 579
574 575
574 576
574 577
574 578
574 579
575 576
575 577
575 578
575 579
575 584
576 577
576 578
576 579
577 578
577 579
577 584
578 579
578 582
579 580
580 581
580 582
580 583
580 584
580 585
580 586
580 587
580 588
580 589
580 595
581 582
581 583
581 584
581 585
581 586
581 587
581 588
581 589
582 583
582 584
582 585
582 586
582 587
582 588
582 589
583 584
583 585
583 586
583 587
583 588
583 589
584 585
584 586
584 587
584 588
584 589
584 598
585 586
585 587
585 588
585 589
586 587
586 588
586 589
587 588
587 589
587 598
587 597
588 589
588 590
590 591
590 592
590 593
590 594
590 595
590 596
590 597
590 598
590 599
590 606
591 592
591 593
591 594
591 595
591 596
591 597
591 598
591 599
591 608
592 593
592 594
592 595
592 596
592 597
592 598
592 599
593 594
593 595
593 596
593 597
593 598
593 599
594 595
594 596
594 597
594 598
594 599
595 596
595 597
595 598
595 599
595 604
595 603
596 597
596 598
596 599
596 609
597 598
597 599
598 599
600 601
600 602
600 603
600 604
600 605
600 606
600 607
600 608
600 609
601 602
601 603
601 604
601 605
601 606
601 607
601 608
601 609
602 603
602 604
602 605
602 606
602 607
602 608
602 609
602 614
602 610
603 604
603 605
603 606
603 607
603 608
603 609
604 605
604 606
604 607
604 608
604 609
604 610
604 611
605 606
605 607
605 608
605 609
606 607
606 608
606 609
607 608
607 609
608 609
609 616
610 611
610 612
610 613
610 614
610 615
610 616
610 617
610 618
610 619
611 612
611 613
611 614
611 615
611 616
611 617
611 618
611 619
612 613
612 614
612 615
612 616
612 617
612 618
612 619
612 622
612 629
613 614
613 615
613 616
613 617
613 618
613 619
614 615
614 616
614 617
614 618
614 619
614 626
615 616
615 617
615 618
615 619
616 617
616 618
616 619
616 622
617 618
617 619
617 626
618 619
620 621
620 622
620 623
620 624
620 625
620 626
620 627
620 628
620 629
621 622
621 623
621 624
621 625
621 626
621 627
621 628
621 629
622 623
622 624
622 625
622 626
622 627
622 628
622 629
622 634
623 624
623 625
623 626
623 627
623 628
623 629
624 625
624 626
624 627
624 628
624 629
624 632
625 626
625 627
625 628
625 629
626 627
626 628
626 629
626 631
627 628
627 629
627 639
628 629
628 637
630 631
630 632
630 633
630 634
630 635
630 636
630 637
630 638
630 639
630 645
630 648
631 632
631 633
631 634
631 635
631 636
631 637
631 638
631 639
631 648
632 633
632 634
632 635
632 636
632 637
632 638
632 639
632 642
633 634
633 635
633 636
633 637
633 638
633 639
634 635
634 636
634 637
634 638
634 639
635 636
635 637
635 638
635 639
636 637
636 638
636 639
637 638
637 639
638 639
638 643
640 641
640 642
640 643
640 644
640 645
640 646
640 647
640 648
640 649
641 642
641 643
641 644
641 645
641 646
641 647
641 648
641 649
641 654
642 643
642 644
642 645
642 646
642 647
642 648
642 649
643 644
643 645
643 646
643 647
643 648
643 649
643 651
644 645
644 646
644 647
644 648
644 649
645 646
645 647
645 648
645 649
645 656
645 653
646 647
646 648
646 649
646 650
647 648
647 649
648 649
650 651
650 652
650 653
650 654
650 655
650 656
650 657
650 658
650 659
650 662
651 652
651 653
651 654
651 655
651 656
651 657
651 658
651 659
652 653
652 654
652 655
652 656
652 657
652 658
652 659
653 654
653 655
653 656
653 657
653 658
653 659
654 655
654 656
654 657
654 658
654 659
655 656
655 657
655 658
655 659
655 664
655 665
656 657
656 658
656 659
657 658
657 659
657 668
658 659
660 661
660 662
660 663
660 664
660 665
660 666
660 667
660 668
660 669
661 662
661 663
661 664
661 665
661 666
661 667
661 668
661 669
662 663
662 664
662 665
662 666
662 667
662 668
662 669
662 679
663 664
663 665
663 666
663 667
663 668
663 669
663 671
663 678
664 665
664 666
664 667
664 668
664 669
665 666
665 667
665 668
665 669
666 667
666 668
666 669
667 668
667 669
668 669
668 672
668 671
670 671
670 672
670 673
670 674
670 675
670 676
670 677
670 678
670 679
671 672
671 673
671 674
671 675
671 676
671 677
671 678
671 679
671 686
672 673
672 674
672 675
672 676
672 677
672 678
672 679
672 689
673 674
673 675
673 676
673 677
673 678
673 679
674 675
674 676
674 677
674 678
674 679
674 685
675 676
675 677
675 678
675 679
676 677
676 678
676 679
677 678
677 679
678 679
678 689
679 685
680 681
680 682
680 683
680 684
680 685
680 686
680 687
680 688
680 689
680 691
681 682
681 683
681 684
681 685
681 686
681 687
681 688
681 689
681 693
682 683
682 684
682 685
682 686
682 687
682 688
682 689
682 696
683 684
683 685
683 686
683 687
683 688
683 689
683 698
684 685
684 686
684 687
684 688
684 689
685 686
685 687
685 688
685 689
686 687
686 688
686 689
686 691
687 688
687 689
688 689
690 691
690 692
690 693
690 694
690 695
690 696
690 697
690 698
690 699
690 708
691 692
691 693
691 694
691 695
691 696
691 697
691 698
691 699
692 693
692 694
692 695
692 696
692 697
692 698
692 699
692 705
693 694
693 695
693 696
693 697
693 698
693 699
694 695
694 696
694 697
694 698
694 699
695 696
695 697
695 698
695 699
695 708
696 697
696 698
696 699
697 698
697 699
697 708
698 699
698 700
700 701
700 702
700 703
700 704
700 705
700 706
700 707
700 708
700 709
701 702
701 703
701 704
701 705
701 706
701 707
701 708
701 709
702 703
702 704
702 705
702 706
702 707
702 708
702 709
703 704
703 705
703 706
703 707
703 708
703 709
704 705
704 706
704 707
704 708
704 709
704 717
704 710
705 706
705 707
705 708
705 709
705 715
706 707
706 708
706 709
706 711
707 708
707 709
707 711
708 709
710 711
710 712
710 713
710 714
710 715
710 716
710 717
710 718
710 719
710 724
711 712
711 713
711 714
711 715
711 716
711 717
711 718
711 719
712 713
712 714
712 715
712 716
712 717
712 718
712 719
712 722
713 714
713 715
713 716
713 717
713 718
713 719
714 715
714 716
714 717
714 718
714 719
714 723
714 721
714 728
715 716
715 717
715 718
715 719
716 717
716 718
716 719
717 718
717 719
718 719
720 721
720 722
720 723
720 724
720 725
720 726
720 727
720 728
720 729
720 734
721 722
721 723
721 724
721 725
721 726
721 727
721 728
721 729
721 734
721 731
722 723
722 724
722 725
722 726
722 727
722 728
722 729
723 724
723 725
723 726
723 727
723 728
723 729
723 736
724 725
724 726
724 727
724 728
724 729
725 726
725 727
725 728
725 729
725 730
726 727
726 728
726 729
727 728
727 729
728 729
730 731
730 732
730 733
730 734
730 735
730 736
730 737
730 738
730 739
730 742
731 732
731 733
731 734
731 735
731 736
731 737
731 738
731 739
732 733
732 734
732 735
732 736
732 737
732 738
732 739
733 734
733 735
733 736
733 737
733 738
733 739
734 735
734 736
734 737
734 738
734 739
734 747
735 736
735 737
735 738
735 739
736 737
736 738
736 739
737 738
737 739
737 748
738 739
738 744
738 747
740 741
740 742
740 743
740 744
740 745
740 746
740 747
740 748
740 749
741 742
741 743
741 744
741 745
741 746
741 747
741 748
741 749
742 743
742 744
742 745
742 746
742 747
742 748
742 749
743 744
743 745
743 746
743 747
743 748
743 749
743 756
743 757
743 753
744 745
744 746
744 747
744 748
744 749
744 754
745 746
745 747
745 748
745 749
745 750
746 747
746 748
746 749
747 748
747 749
748 749
750 751
750 752
750 753
750 754
750 755
750 756
750 757
750 758
750 759
751 752
751 753
751 754
751 755
751 756
751 757
751 758
751 759
752 753
752 754
752 755
752 756
752 757
752 758
752 759
752 762
753 754
753 755
753 756
753 757
753 758
753 759
754 755
754 756
754 757
754 758
754 759
754 768
755 756
755 757
755 758
755 759
755 769
756 757
756 758
756 759
756 763
757 758
757 759
757 767
758 759
760 761
760 762
760 763
760 764
760 765
760 766
760 767
760 768
760 769
761 762
761 763
761 764
761 765
761 766
761 767
761 768
761 769
761 775
762 763
762 764
762 765
762 766
762 767
762 768
762 769
762 771
763 764
763 765
763 766
763 767
763 768
763 769
764 765
764 766
764 767
764 768
764 769
764 772
765 766
765 767
765 768
765 769
766 767
766 768
766 769
767 768
767 769
768 769
768 779
769 770
770 771
770 772
770 773
770 774
770 775
770 776
770 777
770 778
770 779
770 788
771 772
771 773
771 774
771 775
771 776
771 777
771 778
771 779
772 773
772 774
772 775
772 776
772 777
772 778
772 779
773 774
773 775
773 776
773 777
773 778
773 779
774 775
774 776
774 777
774 778
774 779
774 783
775 776
775 777
775 778
775 779
776 777
776 778
776 779
776 781
777 778
777 779
777 789
778 779
779 781
780 781
780 782
780 783
780 784
780 785
780 786
780 787
780 788
780 789
780 796
781 782
781 783
781 784
781 785
781 786
781 787
781 788
781 789
781 792
782 783
782 784
782 785
782 786
782 787
782 788
782 789
783 784
783 785
783 786
783 787
783 788
783 789
784 785
784 786
784 787
784 788
784 789
785 786
785 787
785 788
785 789
785 793
786 787
786 788
786 789
786 794
787 788
787 789
787 791
788 789
790 791
790 792
790 793
790 794
790 795
790 796
790 797
790 798
790 799
790 808
791 792
791 793
791 794
791 795
791 796
791 797
791 798
791 799
791 809
792 793
792 794
792 795
792 796
792 797
792 798
792 799
792 808
793 794
793 795
793 796
793 797
793 798
793 799
794 795
794 796
794 797
794 798
794 799
795 796
795 797
795 798
795 799
796 797
796 798
796 799
797 798
797 799
798 799
799 802
800 801
800 802
800 803
800 804
800 805
800 806
800 807
800 808
800 809
801 802
801 803
801 804
801 805
801 806
801 807
801 808
801 809
801 814
802 803
802 804
802 805
802 806
802 807
802 808
802 809
803 804
803 805
803 806
803 807
803 808
803 809
803 817
804 805
804 806
804 807
804 808
804 809
805 806
805 807
805 808
805 809
805 811
806 807
806 808
806 809
807 808
807 809
808 809
809 812
809 813
810 811
810 812
810 813
810 814
810 815
810 816
810 817
810 818
810 819
811 812
811 813
811 814
811 815
811 816
811 817
811 818
811 819
811 823
812 813
812 814
812 815
812 816
812 817
812 818
812 819
812 827
813 814
813 815
813 816
813 817
813 818
813 819
813 825
814 815
814 816
814 817
814 818
814 819
814 825
815 816
815 817
815 818
815 819
816 817
816 818
816 819
816 827
817 818
817 819
818 819
820 821
820 822
820 823
820 824
820 825
820 826
820 827
820 828
820 829
821 822
821 823
821 824
821 825
821 826
821 827
821 828
821 829
821 836
822 823
822 824
822 825
822 826
822 827
822 828
822 829
823 824
823 825
823 826
823 827
823 828
823 829
823 830
823 838
824 825
824 826
824 827
824 828
824 829
824 839
825 826
825 827
825 828
825 829
826 827
826 828
826 829
826 833
827 828
827 829
828 829
830 831
830 832
830 833
830 834
830 835
830 836
830 837
830 838
830 839
830 840
830 848
831 832
831 833
831 834
831 835
831 836
831 837
831 838
831 839
831 847
832 833
832 834
832 835
832 836
832 837
832 838
832 839
832 844
833 834
833 835
833 836
833 837
833 838
833 839
834 835
834 836
834 837
834 838
834 839
834 849
835 836
835 837
835 838
835 839
836 837
836 838
836 839
837 838
837 839
838 839
840 841
840 842
840 843
840 844
840 845
840 846
840 847
840 848
840 849
841 842
841 843
841 844
841 845
841 846
841 847
841 848
841 849
842 843
842 844
842 845
842 846
842 847
842 848
842 849
842 853
843 844
843 845
843 846
843 847
843 848
843 849
843 850
844 845
844 846
844 847
844 848
844 849
844 859
845 846
845 847
845 848
845 849
846 847
846 848
846 849
847 848
847 849
847 852
848 849
848 854
850 851
850 852
850 853
850 854
850 855
850 856
850 857
850 858
850 859
851 852
851 853
851 854
851 855
851 856
851 857
851 858
851 859
852 853
852 854
852 855
852 856
852 857
852 858
852 859
852 868
853 854
853 855
853 856
853 857
853 858
853 859
853 861
854 855
854 856
854 857
854 858
854 859
855 856
855 857
855 858
855 859
856 857
856 858
856 859
856 862
857 858
857 859
858 859
858 867
859 862
860 861
860 862
860 863
860 864
860 865
860 866
860 867
860 868
860 869
861 862
861 863
861 864
861 865
861 866
861 867
861 868
861 869
862 863
862 864
862 865
862 866
862 867
862 868
862 869
862 872
863 864
863 865
863 866
863 867
863 868
863 869
863 872
864 865
864 866
864 867
864 868
864 869
864 874
864 875
865 866
865 867
865 868
865 869
866 867
866 868
866 869
867 868
867 869
868 869
869 879
870 871
870 872
870 873
870 874
870 875
870 876
870 877
870 878
870 879
870 881
871 872
871 873
871 874
871 875
871 876
871 877
871 878
871 879
872 873
872 874
872 875
872 876
872 877
872 878
872 879
873 874
873 875
873 876
873 877
873 878
873 879
874 875
874 876
874 877
874 878
874 879
875 876
875 877
875 878
875 879
876 877
876 878
876 879
876 883
877 878
877 879
877 885
878 879
878 889
879 882
880 881
880 882
880 883
880 884
880 885
880 886
880 887
880 888
880 889
880 894
880 893
880 892
881 882
881 883
881 884
881 885
881 886
881 887
881 888
881 889
882 883
882 884
882 885
882 886
882 887
882 888
882 889
882 891
883 884
883 885
883 886
883 887
883 888
883 889
883 899
884 885
884 886
884 887
884 888
884 889
885 886
885 887
885 888
885 889
886 887
886 888
886 889
887 888
887 889
888 889
890 891
890 892
890 893
890 894
890 895
890 896
890 897
890 898
890 899
890 906
891 892
891 893
891 894
891 895
891 896
891 897
891 898
891 899
891 903
892 893
892 894
892 895
892 896
892 897
892 898
892 899
893 894
893 895
893 896
893 897
893 898
893 899
894 895
894 896
894 897
894 898
894 899
895 896
895 897
895 898
895 899
896 897
896 898
896 899
897 898
897 899
897 902
898 899
898 906
899 903
900 901
900 902
900 903
900 904
900 905
900 906
900 907
900 908
900 909
900 917
901 902
901 903
901 904
901 905
901 906
901 907
901 908
901 909
901 913
901 917
902 903
902 904
902 905
902 906
902 907
902 908
902 909
903 904
903 905
903 906
903 907
903 908
903 909
904 905
904 906
904 907
904 908
904 909
904 911
905 906
905 907
905 908
905 909
906 907
906 908
906 909
907 908
907 909
908 909
909 914
910 911
910 912
910 913
910 914
910 915
910 916
910 917
910 918
910 919
911 912
911 913
911 914
911 915
911 916
911 917
911 918
911 919
912 913
912 914
912 915
912 916
912 917
912 918
912 919
913 914
913 915
913 916
913 917
913 918
913 919
913 929
914 915
914 916
914 917
914 918
914 919
914 924
915 916
915 917
915 918
915 919
915 925
916 917
916 918
916 919
917 918
917 919
918 919
918 920
918 926
920 921
920 922
920 923
920 924
920 925
920 926
920 927
920 928
920 929
921 922
921 923
921 924
921 925
921 926
921 927
921 928
921 929
921 936
922 923
922 924
922 925
922 926
922 927
922 928
922 929
923 924
923 925
923 926
923 927
923 928
923 929
924 925
924 926
924 927
924 928
924 929
925 926
925 927
925 928
925 929
926 927
926 928
926 929
927 928
927 929
927 936
927 937
928 929
929 938
930 931
930 932
930 933
930 934
930 935
930 936
930 937
930 938
930 939
931 932
931 933
931 934
931 935
931 936
931 937
931 938
931 939
932 933
932 934
932 935
932 936
932 937
932 938
932 939
932 943
933 934
933 935
933 936
933 937
933 938
933 939
933 944
934 935
934 936
934 937
934 938
934 939
934 940
935 936
935 937
935 938
935 939
935 949
936 937
936 938
936 939
937 938
937 939
938 939
939 945
940 941
940 942
940 943
940 944
940 945
940 946
940 947
940 948
940 949
941 942
941 943
941 944
941 945
941 946
941 947
941 948
941 949
942 943
942 944
942 945
942 946
942 947
942 948
942 949
943 944
943 945
943 946
943 947
943 948
943 949
944 945
944 946
944 947
944 948
944 949
945 946
945 947
945 948
945 949
946 947
946 948
946 949
947 948
947 949
947 952
947 956
948 949
948 950
949 956
950 951
950 952
950 953
950 954
950 955
950 956
950 957
950 958
950 959
951 952
951 953
951 954
951 955
951 956
951 957
951 958
951 959
952 953
952 954
952 955
952 956
952 957
952 958
952 959
952 967
953 954
953 955
953 956
953 957
953 958
953 959
953 966
954 955
954 956
954 957
954 958
954 959
955 956
955 957
955 958
955 959
955 962
956 957
956 958
956 959
957 958
957 959
957 964
958 959
959 964
960 961
960 962
960 963
960 964
960 965
960 966
960 967
960 968
960 969
960 971
961 962
961 963
961 964
961 965
961 966
961 967
961 968
961 969
962 963
962 964
962 965
962 966
962 967
962 968
962 969
962 977
962 976
963 964
963 965
963 966
963 967
963 968
963 969
964 965
964 966
964 967
964 968
964 969
965 966
965 967
965 968
965 969
965 977
966 967
966 968
966 969
967 968
967 969
968 969
968 975
970 971
970 972
970 973
970 974
970 975
970 976
970 977
970 978
970 979
970 986
971 972
971 973
971 974
971 975
971 976
971 977
971 978
971 979
972 973
972 974
972 975
972 976
972 977
972 978
972 979
973 974
973 975
973 976
973 977
973 978
973 979
974 975
974 976
974 977
974 978
974 979
975 976
975 977
975 978
975 979
976 977
976 978
976 979
976 982
977 978
977 979
977 980
977 988
978 979
978 980
980 981
980 982
980 983
980 984
980 985
980 986
980 987
980 988
980 989
981 982
981 983
981 984
981 985
981 986
981 987
981 988
981 989
981 991
982 983
982 984
982 985
982 986
982 987
982 988
982 989
982 990
983 984
983 985
983 986
983 987
983 988
983 989
983 995
984 985
984 986
984 987
984 988
984 989
985 986
985 987
985 988
985 989
985 995
986 987
986 988
986 989
987 988
987 989
988 989
988 994
990 991
990 992
990 993
990 994
990 995
990 996
990 997
990 998
990 999
991 992
991 993
991 994
991 995
991 996
991 997
991 998
991 999
992 993
992 994
992 995
992 996
992 997
992 998
992 999
993 994
993 995
993 996
993 997
993 998
993 999
994 995
994 996
994 997
994 998
994 999
995 996
995 997
995 998
995 999
996 997
996 998
996 999
997 998
997 999
998 999
