0 1
0 2
0 3
0 4
0 5
0 6
0 7
0 8
0 9
0 17
0 15
1 2
1 3
1 4
1 5
1 6
1 7
1 8
1 9
1 16
1 10
1 18
1 12
2 3
2 4
2 5
2 6
2 7
2 8
2 9
2 16
2 11
2 13
2 12
3 4
3 5
3 6
3 7
3 8
3 9
3 15
3 19
4 5
4 6
4 7
4 8
4 9
4 13
5 6
5 7
5 8
5 9
5 19
5 11
6 7
6 8
6 9
6 16
6 19
7 8
7 9
7 18
8 9
8 17
8 11
8 16
8 14
8 12
8 19
9 18
9 10
9 14
9 17
10 11
10 12
10 13
10 14
10 15
10 16
10 17
10 18
10 19
10 29
10 22
10 26
10 27
10 20
10 25
10 23
11 12
11 13
11 14
11 15
11 16
11 17
11 18
11 19
11 21
11 22
11 25
11 26
11 28
12 13
12 14
12 15
12 16
12 17
12 18
12 19
12 28
12 25
12 24
12 22
12 20
13 14
13 15
13 16
13 17
13 18
13 19
13 20
13 28
13 25
14 15
14 16
14 17
14 18
14 19
14 25
15 16
15 17
15 18
15 19
15 22
16 17
16 18
16 19
16 29
16 28
16 21
16 27
17 18
17 19
17 27
17 29
18 19
18 29
18 26
18 22
19 22
19 25
19 21
19 26
19 23
19 27
20 21
20 22
20 23
20 24
20 25
20 26
20 27
20 28
20 29
20 38
20 37
20 33
20 30
21 22
21 23
21 24
21 25
21 26
21 27
21 28
21 29
21 32
21 34
21 37
21 31
22 23
22 24
22 25
22 26
22 27
22 28
22 29
22 37
22 31
22 39
22 32
23 24
23 25
23 26
23 27
23 28
23 29
23 34
23 36
23 32
23 30
24 25
24 26
24 27
24 28
24 29
24 33
24 35
25 26
25 27
25 28
25 29
25 32
25 34
25 31
26 27
26 28
26 29
26 38
26 31
26 36
26 37
26 35
26 33
26 34
27 28
27 29
27 34
27 30
27 38
27 35
28 29
28 32
28 35
28 38
28 36
29 30
29 33
30 31
30 32
30 33
30 34
30 35
30 36
30 37
30 38
30 39
30 40
30 46
30 41
31 32
31 33
31 34
31 35
31 36
31 37
31 38
31 39
31 47
31 46
32 33
32 34
32 35
32 36
32 37
32 38
32 39
32 44
32 43
32 47
33 34
33 35
33 36
33 37
33 38
33 39
33 44
33 46
33 47
33 48
34 35
34 36
34 37
34 38
34 39
34 41
34 46
35 36
35 37
35 38
35 39
35 49
35 42
35 47
35 44
35 41
35 40
36 37
36 38
36 39
36 49
36 45
36 46
36 47
36 40
36 48
36 44
37 38
37 39
37 40
37 43
38 39
38 41
38 40
38 43
40 41
40 42
40 43
40 44
40 45
40 46
40 47
40 48
40 49
40 57
40 56
40 55
41 42
41 43
41 44
41 45
41 46
41 47
41 48
41 49
41 50
41 58
42 43
42 44
42 45
42 46
42 47
42 48
42 49
42 55
42 54
42 59
43 44
43 45
43 46
43 47
43 48
43 49
43 58
43 57
43 52
43 53
44 45
44 46
44 47
44 48
44 49
44 50
45 46
45 47
45 48
45 49
45 56
45 53
46 47
46 48
46 49
46 56
46 58
46 52
46 53
47 48
47 49
47 50
47 53
47 56
47 55
48 49
48 54
48 59
48 50
48 52
49 52
49 58
50 51
50 52
50 53
50 54
50 55
50 56
50 57
50 58
50 59
50 61
51 52
51 53
51 54
51 55
51 56
51 57
51 58
51 59
51 63
51 60
51 62
52 53
52 54
52 55
52 56
52 57
52 58
52 59
52 67
52 65
52 63
53 54
53 55
53 56
53 57
53 58
53 59
53 67
53 60
53 61
53 66
54 55
54 56
54 57
54 58
54 59
54 66
54 60
54 69
55 56
55 57
55 58
55 59
55 68
55 63
55 65
55 69
56 57
56 58
56 59
56 66
56 67
57 58
57 59
57 60
57 62
57 65
57 68
57 63
57 61
57 66
57 67
58 59
58 60
58 61
58 69
59 64
59 68
59 65
59 69
60 61
60 62
60 63
60 64
60 65
60 66
60 67
60 68
60 69
60 70
60 77
61 62
61 63
61 64
61 65
61 66
61 67
61 68
61 69
61 74
61 73
62 63
62 64
62 65
62 66
62 67
62 68
62 69
62 71
62 76
62 74
62 75
63 64
63 65
63 66
63 67
63 68
63 69
63 72
63 79
63 78
63 71
64 65
64 66
64 67
64 68
64 69
64 78
64 74
64 79
64 76
64 72
65 66
65 67
65 68
65 69
65 76
65 72
65 70
65 77
66 67
66 68
66 69
66 77
67 68
67 69
67 74
67 73
67 70
68 69
68 78
68 73
68 70
68 76
68 75
69 73
70 71
70 72
70 73
70 74
70 75
70 76
70 77
70 78
70 79
70 86
70 87
71 72
71 73
71 74
71 75
71 76
71 77
71 78
71 79
71 85
71 80
71 89
72 73
72 74
72 75
72 76
72 77
72 78
72 79
72 81
72 83
72 89
73 74
73 75
73 76
73 77
73 78
73 79
73 87
73 84
74 75
74 76
74 77
74 78
74 79
74 80
74 85
74 83
74 87
74 82
75 76
75 77
75 78
75 79
75 80
75 82
75 85
75 89
76 77
76 78
76 79
76 81
76 82
76 85
76 88
77 78
77 79
77 89
77 87
78 79
78 86
78 82
78 88
79 83
79 82
80 81
80 82
80 83
80 84
80 85
80 86
80 87
80 88
80 89
81 82
81 83
81 84
81 85
81 86
81 87
81 88
81 89
81 92
81 97
81 93
81 95
82 83
82 84
82 85
82 86
82 87
82 88
82 89
82 96
83 84
83 85
83 86
83 87
83 88
83 89
83 95
83 93
83 91
83 99
84 85
84 86
84 87
84 88
84 89
84 90
84 94
84 96
84 91
84 98
85 86
85 87
85 88
85 89
85 95
85 91
86 87
86 88
86 89
86 92
86 90
87 88
87 89
87 96
87 90
87 99
87 94
87 93
87 97
88 89
88 97
88 99
88 96
88 98
88 95
88 94
89 97
89 90
90 91
90 92
90 93
90 94
90 95
90 96
90 97
90 98
90 99
90 109
90 107
90 104
90 101
90 105
91 92
91 93
91 94
91 95
91 96
91 97
91 98
91 99
91 108
91 101
91 105
91 100
92 93
92 94
92 95
92 96
92 97
92 98
92 99
92 105
92 108
92 104
92 106
93 94
93 95
93 96
93 97
93 98
93 99
93 101
93 102
94 95
94 96
94 97
94 98
94 99
94 108
95 96
95 97
95 98
95 99
95 105
95 100
95 108
95 109
95 102
96 97
96 98
96 99
96 103
97 98
97 99
97 109
97 108
97 106
98 99
98 106
98 104
98 101
99 105
99 101
99 109
99 100
99 108
99 104
100 101
100 102
100 103
100 104
100 105
100 106
100 107
100 108
100 109
100 117
100 112
100 113
101 102
101 103
101 104
101 105
101 106
101 107
101 108
101 109
101 111
101 118
101 114
102 103
102 104
102 105
102 106
102 107
102 108
102 109
102 111
102 114
103 104
103 105
103 106
103 107
103 108
103 109
103 119
103 110
103 114
104 105
104 106
104 107
104 108
104 109
104 113
104 114
104 117
104 118
105 106
105 107
105 108
105 109
105 114
105 113
105 117
106 107
106 108
106 109
106 113
106 110
106 114
106 119
106 116
107 108
107 109
107 117
108 109
108 113
108 115
108 117
108 118
108 116
109 119
109 113
109 110
110 111
110 112
110 113
110 114
110 115
110 116
110 117
110 118
110 119
110 122
110 129
110 127
110 123
110 120
110 124
111 112
111 113
111 114
111 115
111 116
111 117
111 118
111 119
111 122
111 123
111 128
111 127
112 113
112 114
112 115
112 116
112 117
112 118
112 119
112 120
112 128
112 129
113 114
113 115
113 116
113 117
113 118
113 119
113 129
113 122
114 115
114 116
114 117
114 118
114 119
114 126
114 129
114 122
115 116
115 117
115 118
115 119
115 123
115 127
116 117
116 118
116 119
116 122
116 124
116 123
117 118
117 119
117 121
117 120
117 129
117 123
118 119
118 128
118 123
118 129
119 120
119 124
119 122
119 127
120 121
120 122
120 123
120 124
120 125
120 126
120 127
120 128
120 129
120 132
121 122
121 123
121 124
121 125
121 126
121 127
121 128
121 129
121 139
122 123
122 124
122 125
122 126
122 127
122 128
122 129
122 136
122 134
122 138
122 132
122 133
122 135
123 124
123 125
123 126
123 127
123 128
123 129
123 138
123 133
123 139
124 125
124 126
124 127
124 128
124 129
124 139
124 132
124 138
124 136
125 126
125 127
125 128
125 129
125 132
125 135
125 130
126 127
126 128
126 129
126 138
126 132
126 135
126 133
126 131
127 128
127 129
127 139
127 134
127 133
128 129
128 136
128 134
129 136
129 137
129 133
129 135
129 134
130 131
130 132
130 133
130 134
130 135
130 136
130 137
130 138
130 139
130 148
130 142
130 144
131 132
131 133
131 134
131 135
131 136
131 137
131 138
131 139
131 146
131 141
131 145
131 144
131 147
132 133
132 134
132 135
132 136
132 137
132 138
132 139
132 143
132 148
133 134
133 135
133 136
133 137
133 138
133 139
133 148
133 144
133 142
133 147
133 140
133 141
133 149
134 135
134 136
134 137
134 138
134 139
134 147
135 136
135 137
135 138
135 139
135 149
135 148
135 145
136 137
136 138
136 139
136 142
136 147
136 140
136 141
137 138
137 139
137 144
137 148
138 139
138 140
139 140
139 142
139 145
140 141
140 142
140 143
140 144
140 145
140 146
140 147
140 148
140 149
140 154
140 150
140 158
141 142
141 143
141 144
141 145
141 146
141 147
141 148
141 149
141 151
141 156
141 152
142 143
142 144
142 145
142 146
142 147
142 148
142 149
142 157
142 158
142 155
143 144
143 145
143 146
143 147
143 148
143 149
144 145
144 146
144 147
144 148
144 149
144 153
144 152
144 155
144 156
144 154
145 146
145 147
145 148
145 149
145 154
145 151
146 147
146 148
146 149
146 151
146 159
146 152
146 156
147 148
147 149
147 157
148 149
148 151
148 156
148 154
148 153
148 157
148 150
149 151
149 158
149 159
149 153
150 151
150 152
150 153
150 154
150 155
150 156
150 157
150 158
150 159
150 162
150 163
150 166
151 152
151 153
151 154
151 155
151 156
151 157
151 158
151 159
151 161
151 163
152 153
152 154
152 155
152 156
152 157
152 158
152 159
152 168
152 162
152 167
152 163
152 164
152 160
152 161
153 154
153 155
153 156
153 157
153 158
153 159
153 169
153 168
153 164
154 155
154 156
154 157
154 158
154 159
154 162
154 167
155 156
155 157
155 158
155 159
155 166
155 169
156 157
156 158
156 159
156 163
156 165
156 166
156 160
156 168
157 158
157 159
157 165
157 169
158 159
158 163
158 164
158 166
159 165
159 160
159 169
160 161
160 162
160 163
160 164
160 165
160 166
160 167
160 168
160 169
160 170
160 176
160 178
161 162
161 163
161 164
161 165
161 166
161 167
161 168
161 169
161 179
161 171
161 176
162 163
162 164
162 165
162 166
162 167
162 168
162 169
162 170
162 179
162 178
162 172
163 164
163 165
163 166
163 167
163 168
163 169
163 176
163 175
163 171
163 170
163 173
164 165
164 166
164 167
164 168
164 169
164 171
164 178
164 179
164 170
165 166
165 167
165 168
165 169
165 174
165 179
165 177
165 175
166 167
166 168
166 169
166 174
167 168
167 169
167 173
167 175
167 177
168 169
168 171
168 176
168 178
169 176
169 177
169 173
169 178
169 175
170 171
170 172
170 173
170 174
170 175
170 176
170 177
170 178
170 179
170 181
170 189
170 180
170 187
171 172
171 173
171 174
171 175
171 176
171 177
171 178
171 179
171 182
171 188
171 180
172 173
172 174
172 175
172 176
172 177
172 178
172 179
172 186
172 181
172 187
172 183
172 188
173 174
173 175
173 176
173 177
173 178
173 179
173 187
173 186
174 175
174 176
174 177
174 178
174 179
174 186
174 185
174 183
175 176
175 177
175 178
175 179
175 181
175 189
175 183
175 186
176 177
176 178
176 179
176 184
176 180
176 181
177 178
177 179
177 189
177 188
177 181
177 183
177 186
178 179
178 183
178 189
178 187
178 180
179 189
179 188
179 181
180 181
180 182
180 183
180 184
180 185
180 186
180 187
180 188
180 189
180 192
180 196
181 182
181 183
181 184
181 185
181 186
181 187
181 188
181 189
181 196
181 199
181 194
181 191
182 183
182 184
182 185
182 186
182 187
182 188
182 189
182 190
182 194
182 193
182 195
183 184
183 185
183 186
183 187
183 188
183 189
183 197
183 192
183 194
183 195
184 185
184 186
184 187
184 188
184 189
184 195
184 190
185 186
185 187
185 188
185 189
185 192
185 195
185 190
185 199
186 187
186 188
186 189
186 192
186 197
186 196
186 194
186 191
186 199
186 193
187 188
187 189
187 196
187 199
188 189
188 193
188 191
188 198
188 199
189 196
189 194
190 191
190 192
190 193
190 194
190 195
190 196
190 197
190 198
190 199
190 201
190 207
190 202
190 208
190 204
191 192
191 193
191 194
191 195
191 196
191 197
191 198
191 199
191 201
191 209
191 207
192 193
192 194
192 195
192 196
192 197
192 198
192 199
192 209
192 208
192 202
192 200
192 206
193 194
193 195
193 196
193 197
193 198
193 199
193 203
193 207
193 202
194 195
194 196
194 197
194 198
194 199
194 205
194 204
194 203
194 209
194 201
194 206
195 196
195 197
195 198
195 199
195 203
196 197
196 198
196 199
196 200
196 201
197 198
197 199
197 207
197 202
197 204
198 199
198 201
198 200
198 207
199 205
199 208
200 201
200 202
200 203
200 204
200 205
200 206
200 207
200 208
200 209
200 211
200 215
200 216
201 202
201 203
201 204
201 205
201 206
201 207
201 208
201 209
201 210
201 217
201 214
201 213
202 203
202 204
202 205
202 206
202 207
202 208
202 209
202 217
203 204
203 205
203 206
203 207
203 208
203 209
203 218
203 219
203 217
203 215
204 205
204 206
204 207
204 208
204 209
204 218
204 216
205 206
205 207
205 208
205 209
205 217
205 212
205 214
205 215
205 218
206 207
206 208
206 209
206 212
207 208
207 209
207 212
207 213
207 211
207 210
208 209
208 219
208 217
208 212
209 211
209 215
209 214
209 216
209 217
210 211
210 212
210 213
210 214
210 215
210 216
210 217
210 218
210 219
210 223
210 228
210 220
211 212
211 213
211 214
211 215
211 216
211 217
211 218
211 219
211 221
211 227
211 228
212 213
212 214
212 215
212 216
212 217
212 218
212 219
212 222
212 221
212 226
212 223
212 229
213 214
213 215
213 216
213 217
213 218
213 219
213 225
213 224
213 226
214 215
214 216
214 217
214 218
214 219
214 228
214 222
215 216
215 217
215 218
215 219
215 221
215 225
215 224
215 226
216 217
216 218
216 219
216 224
216 220
216 228
216 225
217 218
217 219
217 226
217 229
218 219
218 223
218 226
218 225
218 229
219 222
219 221
219 228
219 220
220 221
220 222
220 223
220 224
220 225
220 226
220 227
220 228
220 229
220 236
220 235
220 238
220 232
221 222
221 223
221 224
221 225
221 226
221 227
221 228
221 229
221 239
221 233
221 231
221 237
222 223
222 224
222 225
222 226
222 227
222 228
222 229
222 239
222 233
222 237
222 232
223 224
223 225
223 226
223 227
223 228
223 229
223 236
223 239
223 231
224 225
224 226
224 227
224 228
224 229
224 232
224 238
224 230
224 239
224 231
225 226
225 227
225 228
225 229
225 231
226 227
226 228
226 229
226 237
227 228
227 229
227 230
227 237
227 233
227 235
227 239
228 229
228 237
228 239
229 239
229 235
229 232
229 238
230 231
230 232
230 233
230 234
230 235
230 236
230 237
230 238
230 239
230 249
230 243
230 241
231 232
231 233
231 234
231 235
231 236
231 237
231 238
231 239
231 243
231 244
231 245
231 242
231 248
232 233
232 234
232 235
232 236
232 237
232 238
232 239
232 241
232 243
233 234
233 235
233 236
233 237
233 238
233 239
233 247
233 240
233 242
233 248
233 246
233 245
234 235
234 236
234 237
234 238
234 239
234 241
234 246
234 248
235 236
235 237
235 238
235 239
235 242
235 240
235 246
235 249
236 237
236 238
236 239
236 244
236 249
236 241
237 238
237 239
238 239
238 241
238 248
238 240
239 246
239 240
239 248
239 243
240 241
240 242
240 243
240 244
240 245
240 246
240 247
240 248
240 249
240 250
240 255
240 254
240 257
241 242
241 243
241 244
241 245
241 246
241 247
241 248
241 249
241 259
241 255
241 256
241 251
241 252
242 243
242 244
242 245
242 246
242 247
242 248
242 249
242 255
242 259
242 254
243 244
243 245
243 246
243 247
243 248
243 249
243 251
244 245
244 246
244 247
244 248
244 249
244 253
244 255
244 257
244 250
245 246
245 247
245 248
245 249
245 259
245 251
246 247
246 248
246 249
246 254
246 258
246 259
246 255
246 250
246 257
247 248
247 249
247 251
247 254
247 252
248 249
248 255
248 252
249 255
250 251
250 252
250 253
250 254
250 255
250 256
250 257
250 258
250 259
250 261
250 269
250 268
250 264
251 252
251 253
251 254
251 255
251 256
251 257
251 258
251 259
251 264
251 262
251 261
252 253
252 254
252 255
252 256
252 257
252 258
252 259
252 268
252 261
252 262
253 254
253 255
253 256
253 257
253 258
253 259
253 267
253 265
253 262
254 255
254 256
254 257
254 258
254 259
254 263
254 262
254 265
255 256
255 257
255 258
255 259
255 266
255 262
256 257
256 258
256 259
256 268
256 260
256 264
256 263
256 266
257 258
257 259
257 263
257 262
257 260
257 267
257 269
257 268
258 259
258 265
259 263
259 267
259 269
259 260
259 268
260 261
260 262
260 263
260 264
260 265
260 266
260 267
260 268
260 269
260 275
260 270
260 272
261 262
261 263
261 264
261 265
261 266
261 267
261 268
261 269
261 270
261 279
261 274
261 273
261 278
261 271
261 277
262 263
262 264
262 265
262 266
262 267
262 268
262 269
262 275
262 274
263 264
263 265
263 266
263 267
263 268
263 269
263 277
263 276
263 278
263 279
264 265
264 266
264 267
264 268
264 269
264 277
265 266
265 267
265 268
265 269
265 277
265 271
265 276
266 267
266 268
266 269
266 271
266 275
267 268
267 269
267 271
267 273
267 276
267 270
268 269
268 275
268 271
268 274
268 270
269 270
269 273
269 275
269 271
269 279
270 271
270 272
270 273
270 274
270 275
270 276
270 277
270 278
270 279
270 284
270 281
270 282
270 289
271 272
271 273
271 274
271 275
271 276
271 277
271 278
271 279
271 285
271 281
271 283
271 280
271 289
271 282
272 273
272 274
272 275
272 276
272 277
272 278
272 279
272 289
272 287
272 283
273 274
273 275
273 276
273 277
273 278
273 279
274 275
274 276
274 277
274 278
274 279
274 289
275 276
275 277
275 278
275 279
275 285
275 287
275 282
275 286
276 277
276 278
276 279
276 285
276 289
276 283
276 280
277 278
277 279
277 283
277 284
277 280
277 289
278 279
278 287
278 289
278 288
279 280
279 288
279 285
279 284
280 281
280 282
280 283
280 284
280 285
280 286
280 287
280 288
280 289
280 296
280 297
280 291
280 294
281 282
281 283
281 284
281 285
281 286
281 287
281 288
281 289
281 295
281 292
281 296
281 299
282 283
282 284
282 285
282 286
282 287
282 288
282 289
282 290
283 284
283 285
283 286
283 287
283 288
283 289
283 297
283 295
283 293
283 294
283 298
283 299
284 285
284 286
284 287
284 288
284 289
284 291
284 295
284 293
285 286
285 287
285 288
285 289
285 291
285 299
286 287
286 288
286 289
286 299
286 296
286 294
287 288
287 289
287 292
287 297
288 289
288 298
288 291
288 299
289 295
289 292
289 294
289 298
290 291
290 292
290 293
290 294
290 295
290 296
290 297
290 298
290 299
290 309
290 302
290 300
291 292
291 293
291 294
291 295
291 296
291 297
291 298
291 299
291 309
291 305
292 293
292 294
292 295
292 296
292 297
292 298
292 299
292 306
292 309
292 303
293 294
293 295
293 296
293 297
293 298
293 299
293 306
293 304
293 303
294 295
294 296
294 297
294 298
294 299
294 300
294 304
294 307
294 308
295 296
295 297
295 298
295 299
295 303
295 309
295 300
296 297
296 298
296 299
296 307
296 306
296 300
296 303
296 302
296 308
297 298
297 299
297 303
297 308
298 299
298 303
298 305
299 303
299 307
299 302
299 309
299 304
299 305
300 301
300 302
300 303
300 304
300 305
300 306
300 307
300 308
300 309
300 311
300 312
300 318
300 315
301 302
301 303
301 304
301 305
301 306
301 307
301 308
301 309
301 318
301 316
301 315
301 312
302 303
302 304
302 305
302 306
302 307
302 308
302 309
302 319
302 316
302 318
302 315
303 304
303 305
303 306
303 307
303 308
303 309
303 311
303 319
303 316
303 313
304 305
304 306
304 307
304 308
304 309
304 319
304 315
305 306
305 307
305 308
305 309
305 317
305 313
306 307
306 308
306 309
306 312
306 311
307 308
307 309
307 310
307 319
307 318
307 316
308 309
308 313
308 310
308 314
309 311
309 315
309 317
309 319
309 316
310 311
310 312
310 313
310 314
310 315
310 316
310 317
310 318
310 319
310 325
310 322
310 328
310 326
310 320
311 312
311 313
311 314
311 315
311 316
311 317
311 318
311 319
311 329
311 324
311 325
311 323
312 313
312 314
312 315
312 316
312 317
312 318
312 319
312 324
312 329
313 314
313 315
313 316
313 317
313 318
313 319
313 328
313 321
313 327
313 326
314 315
314 316
314 317
314 318
314 319
314 326
314 329
315 316
315 317
315 318
315 319
315 321
315 326
316 317
316 318
316 319
316 328
316 322
316 323
317 318
317 319
317 321
318 319
318 325
318 323
319 321
319 327
319 323
319 328
319 324
319 326
320 321
320 322
320 323
320 324
320 325
320 326
320 327
320 328
320 329
320 332
320 333
320 339
321 322
321 323
321 324
321 325
321 326
321 327
321 328
321 329
321 335
322 323
322 324
322 325
322 326
322 327
322 328
322 329
322 333
322 338
322 339
322 337
322 336
323 324
323 325
323 326
323 327
323 328
323 329
323 332
323 334
324 325
324 326
324 327
324 328
324 329
324 336
324 335
325 326
325 327
325 328
325 329
325 334
325 339
325 331
326 327
326 328
326 329
326 338
326 332
326 336
327 328
327 329
327 332
327 331
328 329
328 335
328 339
328 333
328 334
329 339
329 335
329 336
329 333
330 331
330 332
330 333
330 334
330 335
330 336
330 337
330 338
330 339
330 349
330 345
330 342
330 346
330 348
330 343
330 344
331 332
331 333
331 334
331 335
331 336
331 337
331 338
331 339
331 346
331 347
332 333
332 334
332 335
332 336
332 337
332 338
332 339
332 343
333 334
333 335
333 336
333 337
333 338
333 339
333 347
333 340
333 346
333 344
334 335
334 336
334 337
334 338
334 339
334 341
334 344
335 336
335 337
335 338
335 339
335 340
335 348
335 344
336 337
336 338
336 339
336 340
337 338
337 339
337 346
337 345
338 339
338 344
339 348
339 341
339 344
340 341
340 342
340 343
340 344
340 345
340 346
340 347
340 348
340 349
340 359
340 352
341 342
341 343
341 344
341 345
341 346
341 347
341 348
341 349
341 358
341 355
341 359
341 352
342 343
342 344
342 345
342 346
342 347
342 348
342 349
342 352
342 357
342 353
342 358
343 344
343 345
343 346
343 347
343 348
343 349
343 353
343 357
343 352
343 359
343 350
344 345
344 346
344 347
344 348
344 349
344 355
344 352
344 357
344 350
345 346
345 347
345 348
345 349
345 351
345 356
345 355
345 350
345 352
346 347
346 348
346 349
346 351
346 358
346 359
347 348
347 349
347 353
347 359
348 349
348 359
348 357
348 355
348 354
349 353
349 352
350 351
350 352
350 353
350 354
350 355
350 356
350 357
350 358
350 359
350 365
350 364
351 352
351 353
351 354
351 355
351 356
351 357
351 358
351 359
351 363
351 365
351 367
351 366
351 364
352 353
352 354
352 355
352 356
352 357
352 358
352 359
352 368
352 364
352 365
352 361
352 366
353 354
353 355
353 356
353 357
353 358
353 359
353 364
353 363
353 367
353 368
353 365
354 355
354 356
354 357
354 358
354 359
354 365
354 369
354 361
354 368
354 360
355 356
355 357
355 358
355 359
355 365
355 360
355 368
355 362
356 357
356 358
356 359
356 367
356 361
356 365
356 368
357 358
357 359
357 360
357 365
357 369
358 359
359 367
359 360
360 361
360 362
360 363
360 364
360 365
360 366
360 367
360 368
360 369
360 376
361 362
361 363
361 364
361 365
361 366
361 367
361 368
361 369
361 378
361 372
361 376
361 370
361 371
362 363
362 364
362 365
362 366
362 367
362 368
362 369
362 374
362 371
362 375
362 376
362 377
362 378
362 373
363 364
363 365
363 366
363 367
363 368
363 369
363 372
363 376
363 375
364 365
364 366
364 367
364 368
364 369
364 374
364 377
364 375
365 366
365 367
365 368
365 369
365 377
365 379
365 374
365 372
366 367
366 368
366 369
366 371
366 372
366 373
367 368
367 369
367 373
368 369
368 376
368 379
369 373
369 372
369 376
369 374
370 371
370 372
370 373
370 374
370 375
370 376
370 377
370 378
370 379
370 389
370 383
370 380
370 388
370 381
370 382
371 372
371 373
371 374
371 375
371 376
371 377
371 378
371 379
371 385
371 383
371 387
372 373
372 374
372 375
372 376
372 377
372 378
372 379
372 383
372 384
373 374
373 375
373 376
373 377
373 378
373 379
373 385
373 387
373 380
374 375
374 376
374 377
374 378
374 379
374 383
374 386
374 382
374 381
374 387
374 384
374 388
375 376
375 377
375 378
375 379
375 387
375 381
375 383
375 382
376 377
376 378
376 379
376 381
377 378
377 379
378 379
378 386
378 383
378 387
378 381
379 383
379 387
380 381
380 382
380 383
380 384
380 385
380 386
380 387
380 388
380 389
380 397
380 398
380 399
380 391
381 382
381 383
381 384
381 385
381 386
381 387
381 388
381 389
381 396
382 383
382 384
382 385
382 386
382 387
382 388
382 389
382 393
382 390
382 392
382 395
382 396
382 394
383 384
383 385
383 386
383 387
383 388
383 389
383 399
383 391
384 385
384 386
384 387
384 388
384 389
384 390
384 396
385 386
385 387
385 388
385 389
385 393
385 392
385 390
385 399
385 398
386 387
386 388
386 389
386 391
386 390
386 396
386 395
387 388
387 389
387 392
387 395
387 394
387 397
388 389
388 393
388 394
388 392
388 390
389 395
389 398
389 392
389 391
390 391
390 392
390 393
390 394
390 395
390 396
390 397
390 398
390 399
390 404
390 405
390 401
390 408
390 403
391 392
391 393
391 394
391 395
391 396
391 397
391 398
391 399
391 404
392 393
392 394
392 395
392 396
392 397
392 398
392 399
392 409
392 408
393 394
393 395
393 396
393 397
393 398
393 399
393 400
393 409
393 401
394 395
394 396
394 397
394 398
394 399
394 405
394 401
394 409
395 396
395 397
395 398
395 399
395 407
395 409
395 400
395 402
395 403
396 397
396 398
396 399
396 405
396 402
397 398
397 399
397 402
397 405
397 406
398 399
398 406
398 403
398 405
399 408
399 403
399 404
399 409
399 407
400 401
400 402
400 403
400 404
400 405
400 406
400 407
400 408
400 409
400 419
400 417
401 402
401 403
401 404
401 405
401 406
401 407
401 408
401 409
401 415
401 417
401 416
401 414
401 412
401 410
402 403
402 404
402 405
402 406
402 407
402 408
402 409
402 415
402 412
403 404
403 405
403 406
403 407
403 408
403 409
403 413
403 411
404 405
404 406
404 407
404 408
404 409
404 411
404 417
404 415
405 406
405 407
405 408
405 409
405 418
405 411
405 412
405 410
406 407
406 408
406 409
406 414
406 412
407 408
407 409
407 412
407 410
407 416
407 419
408 409
408 412
408 417
408 411
409 412
409 418
410 411
410 412
410 413
410 414
410 415
410 416
410 417
410 418
410 419
410 425
410 421
411 412
411 413
411 414
411 415
411 416
411 417
411 418
411 419
411 426
411 420
411 422
412 413
412 414
412 415
412 416
412 417
412 418
412 419
412 428
412 420
412 426
413 414
413 415
413 416
413 417
413 418
413 419
413 421
413 420
413 425
413 424
413 427
414 415
414 416
414 417
414 418
414 419
414 422
414 423
414 427
415 416
415 417
415 418
415 419
415 428
415 422
415 425
415 421
415 426
416 417
416 418
416 419
416 429
416 428
416 427
417 418
417 419
417 426
417 428
417 427
418 419
418 425
418 427
419 422
419 421
419 425
420 421
420 422
420 423
420 424
420 425
420 426
420 427
420 428
420 429
420 439
420 430
421 422
421 423
421 424
421 425
421 426
421 427
421 428
421 429
421 438
421 435
421 433
422 423
422 424
422 425
422 426
422 427
422 428
422 429
422 432
422 434
422 438
422 435
423 424
423 425
423 426
423 427
423 428
423 429
423 434
423 431
423 437
424 425
424 426
424 427
424 428
424 429
424 435
424 431
424 436
425 426
425 427
425 428
425 429
426 427
426 428
426 429
426 431
426 433
426 435
426 434
427 428
427 429
427 435
427 431
427 436
427 437
427 432
427 434
428 429
428 431
428 437
428 436
429 438
429 437
429 430
429 431
430 431
430 432
430 433
430 434
430 435
430 436
430 437
430 438
430 439
431 432
431 433
431 434
431 435
431 436
431 437
431 438
431 439
431 442
431 447
431 444
431 440
432 433
432 434
432 435
432 436
432 437
432 438
432 439
432 448
432 444
432 447
432 443
432 445
433 434
433 435
433 436
433 437
433 438
433 439
433 448
433 443
433 446
433 442
433 440
434 435
434 436
434 437
434 438
434 439
434 444
434 442
434 446
435 436
435 437
435 438
435 439
435 446
435 449
435 444
435 445
436 437
436 438
436 439
436 446
436 441
436 443
436 447
437 438
437 439
437 440
437 448
438 439
438 448
438 441
439 443
439 440
440 441
440 442
440 443
440 444
440 445
440 446
440 447
440 448
440 449
440 457
440 459
440 453
441 442
441 443
441 444
441 445
441 446
441 447
441 448
441 449
441 455
441 452
441 459
442 443
442 444
442 445
442 446
442 447
442 448
442 449
442 457
442 454
442 456
443 444
443 445
443 446
443 447
443 448
443 449
443 451
443 455
444 445
444 446
444 447
444 448
444 449
444 457
444 458
444 456
444 450
444 459
445 446
445 447
445 448
445 449
445 458
445 452
445 454
445 456
445 453
446 447
446 448
446 449
446 459
446 458
447 448
447 449
447 459
447 453
448 449
448 454
448 459
448 450
449 450
449 458
449 457
449 451
450 451
450 452
450 453
450 454
450 455
450 456
450 457
450 458
450 459
450 467
450 463
451 452
451 453
451 454
451 455
451 456
451 457
451 458
451 459
451 463
451 465
451 460
452 453
452 454
452 455
452 456
452 457
452 458
452 459
452 463
452 462
452 464
452 465
452 468
453 454
453 455
453 456
453 457
453 458
453 459
453 462
453 464
453 463
454 455
454 456
454 457
454 458
454 459
454 468
454 460
454 465
454 463
455 456
455 457
455 458
455 459
455 469
455 467
455 460
456 457
456 458
456 459
456 461
456 463
457 458
457 459
457 461
457 460
458 459
458 468
458 463
458 460
458 469
458 462
458 461
458 465
459 468
459 466
460 461
460 462
460 463
460 464
460 465
460 466
460 467
460 468
460 469
460 477
460 479
460 475
461 462
461 463
461 464
461 465
461 466
461 467
461 468
461 469
461 470
461 473
461 476
461 479
461 475
462 463
462 464
462 465
462 466
462 467
462 468
462 469
462 470
462 476
462 473
462 477
463 464
463 465
463 466
463 467
463 468
463 469
463 475
463 470
464 465
464 466
464 467
464 468
464 469
464 472
464 471
464 475
464 476
465 466
465 467
465 468
465 469
465 478
465 472
465 473
465 476
466 467
466 468
466 469
466 472
466 470
466 474
466 471
466 475
467 468
467 469
467 474
467 472
467 478
468 469
468 473
469 473
469 476
469 474
469 472
470 471
470 472
470 473
470 474
470 475
470 476
470 477
470 478
470 479
470 481
470 480
471 472
471 473
471 474
471 475
471 476
471 477
471 478
471 479
471 487
471 488
471 489
472 473
472 474
472 475
472 476
472 477
472 478
472 479
472 483
472 482
472 480
472 487
472 488
473 474
473 475
473 476
473 477
473 478
473 479
473 483
473 489
473 481
473 482
474 475
474 476
474 477
474 478
474 479
474 485
474 484
474 487
474 488
475 476
475 477
475 478
475 479
475 483
475 489
475 482
475 487
476 477
476 478
476 479
476 483
476 485
476 482
477 478
477 479
477 485
477 480
478 479
478 481
478 487
478 488
479 488
480 481
480 482
480 483
480 484
480 485
480 486
480 487
480 488
480 489
480 490
480 496
480 493
480 499
480 492
480 498
480 491
481 482
481 483
481 484
481 485
481 486
481 487
481 488
481 489
481 497
481 499
482 483
482 484
482 485
482 486
482 487
482 488
482 489
482 496
482 490
482 499
482 492
482 498
483 484
483 485
483 486
483 487
483 488
483 489
483 490
483 497
484 485
484 486
484 487
484 488
484 489
484 492
485 486
485 487
485 488
485 489
485 494
485 495
485 491
485 499
485 496
486 487
486 488
486 489
486 494
486 496
486 498
486 491
487 488
487 489
487 490
487 498
487 493
488 489
488 498
488 492
489 495
489 494
489 496
490 491
490 492
490 493
490 494
490 495
490 496
490 497
490 498
490 499
490 503
490 508
490 502
491 492
491 493
491 494
491 495
491 496
491 497
491 498
491 499
491 504
491 506
491 500
492 493
492 494
492 495
492 496
492 497
492 498
492 499
492 506
493 494
493 495
493 496
493 497
493 498
493 499
493 506
493 500
493 502
493 503
493 509
494 495
494 496
494 497
494 498
494 499
494 500
494 508
494 505
494 504
494 502
495 496
495 497
495 498
495 499
495 504
496 497
496 498
496 499
496 502
496 509
496 508
496 506
497 498
497 499
497 507
497 502
497 508
497 501
498 499
498 502
498 500
498 505
498 509
499 506
499 505
500 501
500 502
500 503
500 504
500 505
500 506
500 507
500 508
500 509
500 514
500 511
500 516
501 502
501 503
501 504
501 505
501 506
501 507
501 508
501 509
501 516
501 517
502 503
502 504
502 505
502 506
502 507
502 508
502 509
502 512
503 504
503 505
503 506
503 507
503 508
503 509
503 510
503 516
504 505
504 506
504 507
504 508
504 509
504 519
504 512
504 516
504 515
504 510
504 517
505 506
505 507
505 508
505 509
505 515
505 519
505 513
505 518
506 507
506 508
506 509
506 513
506 515
507 508
507 509
507 518
507 519
507 517
507 515
507 511
508 509
508 517
508 514
509 519
509 518
509 516
509 517
510 511
510 512
510 513
510 514
510 515
510 516
510 517
510 518
510 519
510 528
510 527
510 521
511 512
511 513
511 514
511 515
511 516
511 517
511 518
511 519
511 526
511 524
511 523
512 513
512 514
512 515
512 516
512 517
512 518
512 519
512 524
512 527
512 528
512 522
513 514
513 515
513 516
513 517
513 518
513 519
513 525
514 515
514 516
514 517
514 518
514 519
514 523
514 520
514 529
514 524
515 516
515 517
515 518
515 519
515 521
515 529
515 523
515 528
515 527
516 517
516 518
516 519
516 522
516 528
516 523
516 526
517 518
517 519
517 527
517 525
517 521
517 523
517 520
517 524
518 519
518 529
519 528
519 523
520 521
520 522
520 523
520 524
520 525
520 526
520 527
520 528
520 529
520 537
520 530
521 522
521 523
521 524
521 525
521 526
521 527
521 528
521 529
521 532
521 536
521 538
521 535
522 523
522 524
522 525
522 526
522 527
522 528
522 529
522 537
522 538
522 533
523 524
523 525
523 526
523 527
523 528
523 529
523 535
523 537
524 525
524 526
524 527
524 528
524 529
524 533
524 534
525 526
525 527
525 528
525 529
526 527
526 528
526 529
526 537
526 535
526 538
526 539
527 528
527 529
527 538
527 531
527 532
528 529
528 531
528 535
528 534
528 530
529 539
529 535
529 533
529 531
529 536
530 531
530 532
530 533
530 534
530 535
530 536
530 537
530 538
530 539
530 542
530 541
531 532
531 533
531 534
531 535
531 536
531 537
531 538
531 539
531 542
531 544
531 540
531 548
532 533
532 534
532 535
532 536
532 537
532 538
532 539
532 540
532 542
532 546
533 534
533 535
533 536
533 537
533 538
533 539
533 548
533 544
534 535
534 536
534 537
534 538
534 539
534 545
535 536
535 537
535 538
535 539
535 546
535 542
535 545
536 537
536 538
536 539
536 542
536 548
536 543
536 544
536 541
536 549
536 546
536 540
537 538
537 539
537 540
538 539
538 541
538 544
538 549
539 548
539 547
539 541
539 543
540 541
540 542
540 543
540 544
540 545
540 546
540 547
540 548
540 549
540 550
540 559
540 558
541 542
541 543
541 544
541 545
541 546
541 547
541 548
541 549
541 556
541 552
541 550
542 543
542 544
542 545
542 546
542 547
542 548
542 549
542 552
542 558
542 556
542 555
542 557
543 544
543 545
543 546
543 547
543 548
543 549
543 558
543 554
543 557
543 553
543 559
544 545
544 546
544 547
544 548
544 549
544 552
544 559
544 558
544 551
545 546
545 547
545 548
545 549
545 558
545 559
545 550
546 547
546 548
546 549
547 548
547 549
547 551
547 553
547 555
547 556
548 549
548 553
548 558
549 550
549 558
549 554
549 555
550 551
550 552
550 553
550 554
550 555
550 556
550 557
550 558
550 559
550 568
550 560
550 561
550 565
551 552
551 553
551 554
551 555
551 556
551 557
551 558
551 559
551 560
551 565
551 564
552 553
552 554
552 555
552 556
552 557
552 558
552 559
552 560
552 566
552 564
552 569
552 563
553 554
553 555
553 556
553 557
553 558
553 559
553 561
553 565
553 567
553 560
554 555
554 556
554 557
554 558
554 559
554 561
554 563
554 565
555 556
555 557
555 558
555 559
555 563
555 569
556 557
556 558
556 559
556 569
556 565
557 558
557 559
557 569
557 560
558 559
558 563
559 568
559 561
559 564
560 561
560 562
560 563
560 564
560 565
560 566
560 567
560 568
560 569
560 571
560 577
560 574
561 562
561 563
561 564
561 565
561 566
561 567
561 568
561 569
561 576
561 575
562 563
562 564
562 565
562 566
562 567
562 568
562 569
562 575
562 579
562 578
563 564
563 565
563 566
563 567
563 568
563 569
563 579
563 577
563 574
563 571
563 578
564 565
564 566
564 567
564 568
564 569
564 577
564 573
564 575
565 566
565 567
565 568
565 569
565 574
565 577
566 567
566 568
566 569
566 577
566 572
566 576
566 570
567 568
567 569
567 577
567 574
567 571
567 578
568 569
568 573
568 576
568 571
568 575
568 577
568 578
569 573
569 571
570 571
570 572
570 573
570 574
570 575
570 576
570 577
570 578
570 579
570 587
570 580
570 581
571 572
571 573
571 574
571 575
571 576
571 577
571 578
571 579
571 589
571 582
571 584
572 573
572 574
572 575
572 576
572 577
572 578
572 579
572 584
572 583
572 585
572 587
572 586
573 574
573 575
573 576
573 577
573 578
573 579
573 581
573 587
573 580
574 575
574 576
574 577
574 578
574 579
574 589
574 580
574 581
575 576
575 577
575 578
575 579
575 586
575 581
575 580
576 577
576 578
576 579
576 582
576 580
576 589
577 578
577 579
577 586
577 580
577 587
577 589
578 579
578 587
579 586
579 580
579 584
580 581
580 582
580 583
580 584
580 585
580 586
580 587
580 588
580 589
580 595
580 591
580 597
580 596
581 582
581 583
581 584
581 585
581 586
581 587
581 588
581 589
581 598
581 593
581 594
581 590
582 583
582 584
582 585
582 586
582 587
582 588
582 589
582 592
582 596
582 597
583 584
583 585
583 586
583 587
583 588
583 589
583 591
583 597
584 585
584 586
584 587
584 588
584 589
584 590
584 594
584 592
584 593
585 586
585 587
585 588
585 589
585 590
585 593
585 598
585 595
586 587
586 588
586 589
586 599
586 591
586 595
587 588
587 589
587 597
587 592
588 589
588 597
588 598
588 599
589 598
589 596
590 591
590 592
590 593
590 594
590 595
590 596
590 597
590 598
590 599
590 607
590 601
590 608
591 592
591 593
591 594
591 595
591 596
591 597
591 598
591 599
591 606
591 605
591 602
591 601
591 600
592 593
592 594
592 595
592 596
592 597
592 598
592 599
592 604
593 594
593 595
593 596
593 597
593 598
593 599
593 602
593 604
593 603
593 607
593 600
593 601
594 595
594 596
594 597
594 598
594 599
594 604
595 596
595 597
595 598
595 599
595 604
595 608
595 605
596 597
596 598
596 599
596 601
596 607
596 608
596 605
597 598
597 599
597 605
597 601
597 600
597 607
597 603
597 609
598 599
598 602
598 606
599 609
599 601
599 605
600 601
600 602
600 603
600 604
600 605
600 606
600 607
600 608
600 609
600 611
600 617
601 602
601 603
601 604
601 605
601 606
601 607
601 608
601 609
601 614
601 617
601 618
601 613
602 603
602 604
602 605
602 606
602 607
602 608
602 609
602 617
602 613
602 618
602 610
602 619
603 604
603 605
603 606
603 607
603 608
603 609
603 610
603 615
604 605
604 606
604 607
604 608
604 609
604 615
604 610
604 618
604 613
604 616
605 606
605 607
605 608
605 609
605 612
606 607
606 608
606 609
606 618
606 610
606 619
606 612
606 613
607 608
607 609
607 618
607 610
607 616
607 614
608 609
608 617
608 618
608 615
609 615
609 617
610 611
610 612
610 613
610 614
610 615
610 616
610 617
610 618
610 619
610 628
610 624
610 623
611 612
611 613
611 614
611 615
611 616
611 617
611 618
611 619
611 628
611 622
611 627
612 613
612 614
612 615
612 616
612 617
612 618
612 619
612 623
613 614
613 615
613 616
613 617
613 618
613 619
613 620
613 623
614 615
614 616
614 617
614 618
614 619
614 626
614 625
614 622
614 627
614 621
615 616
615 617
615 618
615 619
615 624
615 629
615 620
616 617
616 618
616 619
616 622
616 626
616 628
616 625
616 623
616 629
617 618
617 619
617 622
617 620
617 624
617 621
617 626
618 619
618 620
618 627
618 628
618 624
619 627
619 621
620 621
620 622
620 623
620 624
620 625
620 626
620 627
620 628
620 629
620 638
620 630
620 639
620 632
620 635
621 622
621 623
621 624
621 625
621 626
621 627
621 628
621 629
621 634
621 637
621 635
621 638
621 630
621 632
622 623
622 624
622 625
622 626
622 627
622 628
622 629
622 637
622 638
622 632
623 624
623 625
623 626
623 627
623 628
623 629
623 630
623 638
624 625
624 626
624 627
624 628
624 629
624 631
624 637
624 639
624 636
624 634
625 626
625 627
625 628
625 629
625 632
625 630
625 631
625 635
626 627
626 628
626 629
626 631
626 637
626 634
626 638
627 628
627 629
627 630
627 637
628 629
628 635
628 636
628 637
628 634
628 638
629 630
630 631
630 632
630 633
630 634
630 635
630 636
630 637
630 638
630 639
630 645
630 642
630 648
630 641
630 649
630 644
630 647
631 632
631 633
631 634
631 635
631 636
631 637
631 638
631 639
631 642
631 647
632 633
632 634
632 635
632 636
632 637
632 638
632 639
632 643
632 645
632 648
633 634
633 635
633 636
633 637
633 638
633 639
633 646
633 642
633 643
633 649
634 635
634 636
634 637
634 638
634 639
634 642
634 646
635 636
635 637
635 638
635 639
635 647
635 645
635 649
635 646
635 648
636 637
636 638
636 639
636 645
636 641
636 648
636 646
636 643
637 638
637 639
637 642
637 646
638 639
638 645
638 644
638 649
639 648
639 645
640 641
640 642
640 643
640 644
640 645
640 646
640 647
640 648
640 649
640 658
640 656
640 654
640 659
640 655
640 653
641 642
641 643
641 644
641 645
641 646
641 647
641 648
641 649
641 653
641 657
641 655
642 643
642 644
642 645
642 646
642 647
642 648
642 649
642 658
642 654
642 651
643 644
643 645
643 646
643 647
643 648
643 649
643 656
643 652
644 645
644 646
644 647
644 648
644 649
644 652
644 657
644 655
645 646
645 647
645 648
645 649
645 656
645 659
645 650
645 655
646 647
646 648
646 649
646 655
646 652
646 659
646 650
646 657
646 658
647 648
647 649
647 658
647 651
647 652
647 657
648 649
648 655
648 656
649 656
649 659
649 657
650 651
650 652
650 653
650 654
650 655
650 656
650 657
650 658
650 659
650 666
650 660
650 669
650 668
651 652
651 653
651 654
651 655
651 656
651 657
651 658
651 659
651 669
651 664
651 663
652 653
652 654
652 655
652 656
652 657
652 658
652 659
652 660
652 662
652 668
653 654
653 655
653 656
653 657
653 658
653 659
653 661
653 662
653 660
653 665
653 667
654 655
654 656
654 657
654 658
654 659
654 661
654 669
654 665
654 662
655 656
655 657
655 658
655 659
655 661
655 660
655 662
656 657
656 658
656 659
656 661
656 665
657 658
657 659
657 664
657 665
657 660
657 667
657 669
657 668
657 663
658 659
658 666
659 662
660 661
660 662
660 663
660 664
660 665
660 666
660 667
660 668
660 669
660 677
660 674
660 671
660 676
660 675
661 662
661 663
661 664
661 665
661 666
661 667
661 668
661 669
661 679
661 678
661 674
662 663
662 664
662 665
662 666
662 667
662 668
662 669
662 673
662 678
662 679
663 664
663 665
663 666
663 667
663 668
663 669
663 678
664 665
664 666
664 667
664 668
664 669
664 670
665 666
665 667
665 668
665 669
665 671
665 670
665 679
666 667
666 668
666 669
666 672
666 671
667 668
667 669
667 675
667 673
667 676
667 677
668 669
668 670
668 673
668 679
668 678
669 679
669 674
669 675
669 678
669 671
669 672
670 671
670 672
670 673
670 674
670 675
670 676
670 677
670 678
670 679
670 685
670 683
670 687
670 680
671 672
671 673
671 674
671 675
671 676
671 677
671 678
671 679
671 684
671 680
672 673
672 674
672 675
672 676
672 677
672 678
672 679
672 684
672 689
672 682
673 674
673 675
673 676
673 677
673 678
673 679
673 680
673 686
674 675
674 676
674 677
674 678
674 679
674 688
674 684
674 682
674 680
674 687
675 676
675 677
675 678
675 679
675 681
675 687
676 677
676 678
676 679
676 680
676 689
676 684
676 682
677 678
677 679
677 684
677 686
677 680
678 679
678 682
678 683
678 685
678 684
678 688
679 686
680 681
680 682
680 683
680 684
680 685
680 686
680 687
680 688
680 689
680 699
680 697
681 682
681 683
681 684
681 685
681 686
681 687
681 688
681 689
681 693
681 696
681 690
681 692
682 683
682 684
682 685
682 686
682 687
682 688
682 689
682 693
682 695
682 690
682 694
683 684
683 685
683 686
683 687
683 688
683 689
683 699
683 690
683 693
683 694
683 696
684 685
684 686
684 687
684 688
684 689
685 686
685 687
685 688
685 689
685 692
685 693
685 699
685 691
686 687
686 688
686 689
686 696
686 694
686 697
686 690
687 688
687 689
687 695
687 691
687 690
687 693
687 694
688 689
688 699
689 694
689 698
689 691
689 692
689 697
690 691
690 692
690 693
690 694
690 695
690 696
690 697
690 698
690 699
690 702
690 705
690 703
690 707
691 692
691 693
691 694
691 695
691 696
691 697
691 698
691 699
691 705
691 704
691 703
691 700
692 693
692 694
692 695
692 696
692 697
692 698
692 699
692 705
692 701
692 703
692 702
692 706
692 707
693 694
693 695
693 696
693 697
693 698
693 699
693 705
693 704
694 695
694 696
694 697
694 698
694 699
694 701
695 696
695 697
695 698
695 699
695 704
695 709
695 701
695 708
695 705
695 700
696 697
696 698
696 699
696 709
696 701
696 706
696 707
697 698
697 699
697 705
697 707
698 699
698 707
698 708
698 704
698 709
699 700
699 707
699 709
700 701
700 702
700 703
700 704
700 705
700 706
700 707
700 708
700 709
700 718
700 717
700 711
701 702
701 703
701 704
701 705
701 706
701 707
701 708
701 709
701 712
701 713
701 710
701 717
702 703
702 704
702 705
702 706
702 707
702 708
702 709
702 718
702 717
702 710
703 704
703 705
703 706
703 707
703 708
703 709
703 713
703 712
703 715
703 714
704 705
704 706
704 707
704 708
704 709
704 713
704 718
704 719
705 706
705 707
705 708
705 709
705 716
705 715
706 707
706 708
706 709
706 716
706 719
706 711
707 708
707 709
707 710
707 712
707 715
707 713
707 711
708 709
708 715
708 713
708 714
709 713
709 718
709 719
709 716
709 714
709 710
710 711
710 712
710 713
710 714
710 715
710 716
710 717
710 718
710 719
710 729
710 728
710 724
710 725
710 727
711 712
711 713
711 714
711 715
711 716
711 717
711 718
711 719
711 726
711 724
711 721
712 713
712 714
712 715
712 716
712 717
712 718
712 719
712 721
712 726
713 714
713 715
713 716
713 717
713 718
713 719
713 726
713 727
713 722
714 715
714 716
714 717
714 718
714 719
714 727
714 720
714 724
715 716
715 717
715 718
715 719
715 728
715 723
715 726
715 725
715 729
716 717
716 718
716 719
716 723
716 729
717 718
717 719
717 728
717 722
718 719
718 728
718 722
718 723
718 729
718 720
719 727
719 720
719 725
719 721
720 721
720 722
720 723
720 724
720 725
720 726
720 727
720 728
720 729
720 738
720 732
721 722
721 723
721 724
721 725
721 726
721 727
721 728
721 729
721 738
721 739
721 736
722 723
722 724
722 725
722 726
722 727
722 728
722 729
722 739
722 731
722 730
722 738
722 736
722 737
723 724
723 725
723 726
723 727
723 728
723 729
723 736
723 734
723 739
723 738
724 725
724 726
724 727
724 728
724 729
724 739
724 730
724 738
724 737
725 726
725 727
725 728
725 729
725 733
725 732
725 734
726 727
726 728
726 729
726 732
726 736
726 733
727 728
727 729
727 738
727 736
728 729
728 733
728 730
728 737
728 736
729 735
729 732
729 733
729 737
730 731
730 732
730 733
730 734
730 735
730 736
730 737
730 738
730 739
730 741
730 743
730 745
731 732
731 733
731 734
731 735
731 736
731 737
731 738
731 739
731 743
731 746
732 733
732 734
732 735
732 736
732 737
732 738
732 739
732 748
732 749
733 734
733 735
733 736
733 737
733 738
733 739
733 741
733 740
733 746
734 735
734 736
734 737
734 738
734 739
734 742
734 749
734 748
735 736
735 737
735 738
735 739
735 744
735 742
735 743
736 737
736 738
736 739
736 745
736 746
736 749
736 747
737 738
737 739
737 749
737 744
737 741
737 745
738 739
738 740
738 744
738 745
738 747
739 740
739 742
739 743
739 747
739 741
740 741
740 742
740 743
740 744
740 745
740 746
740 747
740 748
740 749
740 752
740 759
741 742
741 743
741 744
741 745
741 746
741 747
741 748
741 749
741 751
741 758
741 750
741 753
741 755
742 743
742 744
742 745
742 746
742 747
742 748
742 749
742 754
742 750
742 752
742 757
742 759
742 755
743 744
743 745
743 746
743 747
743 748
743 749
743 752
743 754
743 757
744 745
744 746
744 747
744 748
744 749
744 759
744 750
744 757
744 751
744 754
745 746
745 747
745 748
745 749
745 751
745 755
746 747
746 748
746 749
746 751
746 754
746 755
746 750
747 748
747 749
747 757
748 749
748 750
748 757
748 751
749 755
749 750
750 751
750 752
750 753
750 754
750 755
750 756
750 757
750 758
750 759
750 762
750 765
750 761
750 768
751 752
751 753
751 754
751 755
751 756
751 757
751 758
751 759
751 767
751 764
751 760
751 769
752 753
752 754
752 755
752 756
752 757
752 758
752 759
752 768
752 762
752 760
752 763
752 764
752 766
753 754
753 755
753 756
753 757
753 758
753 759
753 764
753 763
753 768
754 755
754 756
754 757
754 758
754 759
754 768
754 763
755 756
755 757
755 758
755 759
755 769
755 762
755 766
755 767
756 757
756 758
756 759
756 762
756 767
756 761
757 758
757 759
757 768
757 760
757 769
757 761
757 767
757 763
758 759
759 761
759 763
759 762
759 760
759 766
759 769
760 761
760 762
760 763
760 764
760 765
760 766
760 767
760 768
760 769
760 779
760 778
760 770
760 775
761 762
761 763
761 764
761 765
761 766
761 767
761 768
761 769
761 778
761 777
761 774
761 772
761 776
761 775
761 779
762 763
762 764
762 765
762 766
762 767
762 768
762 769
762 776
762 778
762 777
762 779
762 772
762 773
763 764
763 765
763 766
763 767
763 768
763 769
763 770
763 772
764 765
764 766
764 767
764 768
764 769
764 776
765 766
765 767
765 768
765 769
765 776
766 767
766 768
766 769
767 768
767 769
767 777
767 770
767 772
767 779
767 774
767 773
768 769
768 779
768 775
768 774
769 771
769 778
769 773
770 771
770 772
770 773
770 774
770 775
770 776
770 777
770 778
770 779
770 788
770 781
771 772
771 773
771 774
771 775
771 776
771 777
771 778
771 779
771 787
771 782
771 781
772 773
772 774
772 775
772 776
772 777
772 778
772 779
772 784
773 774
773 775
773 776
773 777
773 778
773 779
773 783
773 780
774 775
774 776
774 777
774 778
774 779
774 789
774 782
774 781
774 784
774 788
775 776
775 777
775 778
775 779
775 782
775 786
775 787
776 777
776 778
776 779
776 785
776 786
776 783
776 782
776 788
777 778
777 779
777 788
777 780
777 781
777 786
778 779
778 783
778 780
778 786
779 786
779 784
779 785
779 782
780 781
780 782
780 783
780 784
780 785
780 786
780 787
780 788
780 789
780 799
780 798
780 793
780 796
781 782
781 783
781 784
781 785
781 786
781 787
781 788
781 789
781 792
781 799
781 795
781 790
781 797
781 796
782 783
782 784
782 785
782 786
782 787
782 788
782 789
782 799
782 791
782 792
782 796
782 790
783 784
783 785
783 786
783 787
783 788
783 789
783 797
784 785
784 786
784 787
784 788
784 789
784 795
784 797
784 791
785 786
785 787
785 788
785 789
785 792
785 790
785 796
785 798
786 787
786 788
786 789
786 796
786 791
786 792
786 793
786 790
787 788
787 789
787 799
787 797
787 798
788 789
788 790
788 799
788 794
789 794
789 790
790 791
790 792
790 793
790 794
790 795
790 796
790 797
790 798
790 799
790 807
790 808
790 809
791 792
791 793
791 794
791 795
791 796
791 797
791 798
791 799
791 804
791 803
791 809
791 802
791 805
792 793
792 794
792 795
792 796
792 797
792 798
792 799
792 804
792 809
792 801
793 794
793 795
793 796
793 797
793 798
793 799
793 802
793 803
793 800
794 795
794 796
794 797
794 798
794 799
794 801
794 809
794 803
794 800
795 796
795 797
795 798
795 799
795 802
795 805
795 807
796 797
796 798
796 799
796 803
796 801
796 800
796 806
797 798
797 799
797 805
797 808
798 799
798 805
798 807
798 809
799 803
799 804
799 809
799 807
800 801
800 802
800 803
800 804
800 805
800 806
800 807
800 808
800 809
800 810
800 815
800 816
800 812
800 817
800 818
801 802
801 803
801 804
801 805
801 806
801 807
801 808
801 809
801 810
801 811
802 803
802 804
802 805
802 806
802 807
802 808
802 809
802 813
802 818
803 804
803 805
803 806
803 807
803 808
803 809
803 811
803 818
804 805
804 806
804 807
804 808
804 809
804 812
804 819
804 815
804 811
804 810
805 806
805 807
805 808
805 809
805 815
805 810
805 819
806 807
806 808
806 809
806 818
806 815
807 808
807 809
807 811
807 814
807 816
807 813
808 809
808 813
808 814
808 812
808 815
808 819
808 811
809 815
810 811
810 812
810 813
810 814
810 815
810 816
810 817
810 818
810 819
810 826
810 828
811 812
811 813
811 814
811 815
811 816
811 817
811 818
811 819
811 820
811 821
811 826
812 813
812 814
812 815
812 816
812 817
812 818
812 819
812 826
812 822
812 824
812 823
813 814
813 815
813 816
813 817
813 818
813 819
813 827
813 824
813 828
814 815
814 816
814 817
814 818
814 819
814 827
814 821
814 825
814 820
814 829
815 816
815 817
815 818
815 819
815 827
815 824
815 823
815 828
816 817
816 818
816 819
816 820
816 825
816 823
817 818
817 819
817 821
817 828
817 826
817 827
817 829
818 819
818 829
818 823
819 820
819 825
820 821
820 822
820 823
820 824
820 825
820 826
820 827
820 828
820 829
820 836
820 830
820 833
820 831
821 822
821 823
821 824
821 825
821 826
821 827
821 828
821 829
821 832
821 830
821 835
821 836
821 834
822 823
822 824
822 825
822 826
822 827
822 828
822 829
822 832
822 836
822 833
822 834
823 824
823 825
823 826
823 827
823 828
823 829
823 832
823 833
824 825
824 826
824 827
824 828
824 829
824 836
824 838
825 826
825 827
825 828
825 829
825 833
825 830
826 827
826 828
826 829
826 833
826 838
826 832
826 839
827 828
827 829
827 836
827 833
827 831
827 837
827 830
828 829
828 831
828 838
829 835
829 834
829 831
829 838
829 836
830 831
830 832
830 833
830 834
830 835
830 836
830 837
830 838
830 839
830 841
830 846
830 844
831 832
831 833
831 834
831 835
831 836
831 837
831 838
831 839
831 845
831 849
831 844
832 833
832 834
832 835
832 836
832 837
832 838
832 839
832 840
832 844
833 834
833 835
833 836
833 837
833 838
833 839
833 843
833 840
833 849
834 835
834 836
834 837
834 838
834 839
834 841
834 846
834 842
834 840
835 836
835 837
835 838
835 839
835 847
836 837
836 838
836 839
836 843
836 841
836 849
837 838
837 839
837 847
837 845
837 846
837 844
837 848
838 839
838 847
838 842
838 841
838 846
839 842
839 849
839 845
839 847
840 841
840 842
840 843
840 844
840 845
840 846
840 847
840 848
840 849
840 858
840 855
840 851
840 853
840 859
841 842
841 843
841 844
841 845
841 846
841 847
841 848
841 849
841 851
841 852
841 853
841 855
842 843
842 844
842 845
842 846
842 847
842 848
842 849
842 853
842 850
843 844
843 845
843 846
843 847
843 848
843 849
843 855
843 854
843 856
844 845
844 846
844 847
844 848
844 849
844 850
844 855
844 857
845 846
845 847
845 848
845 849
845 859
845 852
845 853
845 856
845 854
845 850
846 847
846 848
846 849
846 853
846 851
847 848
847 849
847 859
847 857
847 851
847 854
848 849
848 853
849 851
849 858
849 852
850 851
850 852
850 853
850 854
850 855
850 856
850 857
850 858
850 859
850 861
850 865
850 866
850 862
851 852
851 853
851 854
851 855
851 856
851 857
851 858
851 859
851 866
851 868
851 865
851 864
852 853
852 854
852 855
852 856
852 857
852 858
852 859
852 860
852 867
852 866
852 869
853 854
853 855
853 856
853 857
853 858
853 859
853 860
853 863
853 865
854 855
854 856
854 857
854 858
854 859
854 865
854 863
854 866
854 867
854 869
854 868
855 856
855 857
855 858
855 859
855 869
856 857
856 858
856 859
856 869
856 866
857 858
857 859
857 866
857 863
858 859
858 861
858 864
858 865
858 863
859 867
859 866
859 860
859 862
860 861
860 862
860 863
860 864
860 865
860 866
860 867
860 868
860 869
860 877
860 871
860 874
861 862
861 863
861 864
861 865
861 866
861 867
861 868
861 869
861 876
862 863
862 864
862 865
862 866
862 867
862 868
862 869
862 877
862 878
862 874
863 864
863 865
863 866
863 867
863 868
863 869
863 879
863 872
863 877
864 865
864 866
864 867
864 868
864 869
864 876
864 879
864 878
864 877
864 871
864 870
864 874
865 866
865 867
865 868
865 869
865 874
865 879
865 873
866 867
866 868
866 869
866 876
867 868
867 869
867 871
867 872
868 869
868 876
868 879
868 877
868 873
869 877
869 875
869 871
869 872
870 871
870 872
870 873
870 874
870 875
870 876
870 877
870 878
870 879
870 883
870 882
870 884
871 872
871 873
871 874
871 875
871 876
871 877
871 878
871 879
871 884
871 888
871 882
872 873
872 874
872 875
872 876
872 877
872 878
872 879
872 884
873 874
873 875
873 876
873 877
873 878
873 879
873 885
873 881
873 884
873 889
873 887
874 875
874 876
874 877
874 878
874 879
874 882
874 889
874 884
875 876
875 877
875 878
875 879
875 888
875 883
875 882
875 880
875 885
875 884
876 877
876 878
876 879
876 880
877 878
877 879
877 884
877 888
877 883
878 879
878 888
878 880
878 884
878 882
879 886
879 883
879 884
879 887
880 881
880 882
880 883
880 884
880 885
880 886
880 887
880 888
880 889
880 894
880 892
880 893
881 882
881 883
881 884
881 885
881 886
881 887
881 888
881 889
881 892
881 890
882 883
882 884
882 885
882 886
882 887
882 888
882 889
882 898
882 890
882 899
883 884
883 885
883 886
883 887
883 888
883 889
883 893
884 885
884 886
884 887
884 888
884 889
884 891
884 894
884 897
884 890
884 898
885 886
885 887
885 888
885 889
885 891
885 898
885 894
885 892
886 887
886 888
886 889
886 899
886 897
886 892
886 890
886 898
886 891
887 888
887 889
887 894
887 890
887 891
888 889
888 892
888 891
889 895
889 898
889 894
889 891
889 893
890 891
890 892
890 893
890 894
890 895
890 896
890 897
890 898
890 899
890 909
890 904
891 892
891 893
891 894
891 895
891 896
891 897
891 898
891 899
891 906
891 903
891 905
891 904
892 893
892 894
892 895
892 896
892 897
892 898
892 899
892 907
892 901
892 906
893 894
893 895
893 896
893 897
893 898
893 899
893 906
893 901
893 900
893 904
893 908
894 895
894 896
894 897
894 898
894 899
894 904
894 902
894 903
894 909
895 896
895 897
895 898
895 899
895 905
895 900
895 909
895 907
896 897
896 898
896 899
896 903
896 907
896 909
897 898
897 899
897 905
897 900
897 904
898 899
898 906
898 908
898 902
900 901
900 902
900 903
900 904
900 905
900 906
900 907
900 908
900 909
900 911
900 919
901 902
901 903
901 904
901 905
901 906
901 907
901 908
901 909
901 911
901 917
902 903
902 904
902 905
902 906
902 907
902 908
902 909
902 913
902 914
902 910
902 911
902 915
903 904
903 905
903 906
903 907
903 908
903 909
903 913
903 915
903 914
903 912
904 905
904 906
904 907
904 908
904 909
904 915
904 914
904 913
904 912
905 906
905 907
905 908
905 909
905 910
905 919
905 914
906 907
906 908
906 909
906 915
906 918
906 916
906 917
906 911
907 908
907 909
907 913
907 910
907 914
908 909
908 919
909 913
909 910
909 915
909 911
910 911
910 912
910 913
910 914
910 915
910 916
910 917
910 918
910 919
910 928
910 923
910 922
911 912
911 913
911 914
911 915
911 916
911 917
911 918
911 919
911 929
911 921
911 923
912 913
912 914
912 915
912 916
912 917
912 918
912 919
912 922
912 921
913 914
913 915
913 916
913 917
913 918
913 919
913 927
913 929
913 921
914 915
914 916
914 917
914 918
914 919
914 926
914 924
915 916
915 917
915 918
915 919
915 925
915 929
915 927
916 917
916 918
916 919
916 923
916 922
916 924
917 918
917 919
917 926
917 928
918 919
918 920
918 923
918 928
918 922
918 925
918 924
918 929
918 926
919 926
919 924
920 921
920 922
920 923
920 924
920 925
920 926
920 927
920 928
920 929
920 930
921 922
921 923
921 924
921 925
921 926
921 927
921 928
921 929
921 935
921 932
922 923
922 924
922 925
922 926
922 927
922 928
922 929
922 939
922 933
922 935
922 938
922 930
922 937
923 924
923 925
923 926
923 927
923 928
923 929
923 939
923 938
924 925
924 926
924 927
924 928
924 929
924 932
924 937
924 936
925 926
925 927
925 928
925 929
925 934
925 938
925 937
925 931
926 927
926 928
926 929
926 930
926 936
926 933
926 938
926 932
927 928
927 929
927 939
927 930
927 934
927 938
928 929
928 932
928 936
928 938
928 930
929 938
929 939
929 935
929 933
930 931
930 932
930 933
930 934
930 935
930 936
930 937
930 938
930 939
930 946
930 943
930 945
930 947
930 942
931 932
931 933
931 934
931 935
931 936
931 937
931 938
931 939
931 946
931 940
931 948
931 944
932 933
932 934
932 935
932 936
932 937
932 938
932 939
932 945
932 944
932 940
933 934
933 935
933 936
933 937
933 938
933 939
933 943
933 942
933 941
934 935
934 936
934 937
934 938
934 939
935 936
935 937
935 938
935 939
935 948
935 942
935 947
935 946
935 945
936 937
936 938
936 939
936 940
936 947
936 945
937 938
937 939
937 944
937 942
937 940
937 947
937 941
938 939
938 947
939 941
939 948
939 942
939 947
939 940
940 941
940 942
940 943
940 944
940 945
940 946
940 947
940 948
940 949
940 959
940 957
940 950
941 942
941 943
941 944
941 945
941 946
941 947
941 948
941 949
941 958
941 952
941 950
941 959
941 956
942 943
942 944
942 945
942 946
942 947
942 948
942 949
942 952
942 958
942 950
943 944
943 945
943 946
943 947
943 948
943 949
943 953
943 951
944 945
944 946
944 947
944 948
944 949
944 953
944 951
944 952
945 946
945 947
945 948
945 949
945 957
945 954
945 950
945 953
946 947
946 948
946 949
947 948
947 949
947 957
947 959
947 956
948 949
948 952
948 957
948 959
948 958
948 956
949 957
949 951
950 951
950 952
950 953
950 954
950 955
950 956
950 957
950 958
950 959
950 965
950 968
950 961
950 963
951 952
951 953
951 954
951 955
951 956
951 957
951 958
951 959
951 967
951 960
951 963
951 965
951 964
952 953
952 954
952 955
952 956
952 957
952 958
952 959
953 954
953 955
953 956
953 957
953 958
953 959
953 962
953 968
953 960
953 961
953 967
954 955
954 956
954 957
954 958
954 959
954 962
955 956
955 957
955 958
955 959
955 964
955 969
955 961
955 968
955 967
955 965
956 957
956 958
956 959
956 967
956 964
956 962
957 958
957 959
957 969
957 965
957 962
957 961
957 968
958 959
958 967
958 963
958 966
959 968
959 960
959 969
959 967
959 964
960 961
960 962
960 963
960 964
960 965
960 966
960 967
960 968
960 969
960 973
960 976
960 972
961 962
961 963
961 964
961 965
961 966
961 967
961 968
961 969
961 976
961 975
961 979
961 970
961 973
962 963
962 964
962 965
962 966
962 967
962 968
962 969
962 973
962 972
962 978
962 977
963 964
963 965
963 966
963 967
963 968
963 969
963 979
963 970
963 974
964 965
964 966
964 967
964 968
964 969
964 972
964 975
964 977
964 979
964 978
965 966
965 967
965 968
965 969
965 977
965 970
965 972
965 975
965 974
966 967
966 968
966 969
966 976
966 970
966 975
966 977
967 968
967 969
967 978
967 971
967 975
968 969
968 972
969 978
969 979
969 975
970 971
970 972
970 973
970 974
970 975
970 976
970 977
970 978
970 979
971 972
971 973
971 974
971 975
971 976
971 977
971 978
971 979
971 986
971 985
971 989
971 981
971 987
972 973
972 974
972 975
972 976
972 977
972 978
972 979
972 981
972 987
972 989
973 974
973 975
973 976
973 977
973 978
973 979
973 981
973 986
973 980
974 975
974 976
974 977
974 978
974 979
974 985
974 981
974 982
975 976
975 977
975 978
975 979
975 989
975 987
975 982
975 984
975 985
976 977
976 978
976 979
976 981
976 984
977 978
977 979
977 986
977 984
977 988
977 981
977 987
978 979
978 982
978 984
979 989
979 982
979 986
979 985
980 981
980 982
980 983
980 984
980 985
980 986
980 987
980 988
980 989
980 998
980 995
980 999
981 982
981 983
981 984
981 985
981 986
981 987
981 988
981 989
981 996
981 990
982 983
982 984
982 985
982 986
982 987
982 988
982 989
982 994
982 993
982 997
982 998
983 984
983 985
983 986
983 987
983 988
983 989
983 990
983 994
983 991
984 985
984 986
984 987
984 988
984 989
984 995
984 992
985 986
985 987
985 988
985 989
985 997
985 990
985 995
985 999
986 987
986 988
986 989
986 991
986 990
987 988
987 989
987 998
987 994
987 997
987 996
988 989
988 992
988 994
988 993
988 999
988 997
988 991
989 990
989 991
989 999
989 998
990 991
990 992
990 993
990 994
990 995
990 996
990 997
990 998
990 999
991 992
991 993
991 994
991 995
991 996
991 997
991 998
991 999
992 993
992 994
992 995
992 996
992 997
992 998
992 999
993 994
993 995
993 996
993 997
993 998
993 999
994 995
994 996
994 997
994 998
994 999
995 996
995 997
995 998
995 999
996 997
996 998
996 999
997 998
997 999
998 999
